"FSC-A","FSC-H","FSC-W","SSC-A","SSC-H","SSC-W","FITC-A","PE-A","Time"
17213.9,15832,71256.5,16172,15064,70356.5,11242.7,19549.1,0.543275
14197.9,14025,66344.2,5288.08,5325,65081.6,7258,16497.8,0.543275
13226.8,13240,65470.9,7062.68,6936,66733,3230.76,9817.08,0.549357
13571.3,13504,65862.9,5760.04,5936,63593.3,13477.1,18631.1,0.554424
15556.4,15539,65609.6,5782.84,5987,63301.2,2454.8,8622.12,0.554424
16824.6,16888,65290,7198.72,7452,63308.6,6621.12,9583.08,0.555438
7570.55,7837,63307.8,3405.56,3565,62605,5307.84,11208.6,0.560506
9701.9,10025,63423.8,3632.04,3849,61841.9,5829.2,13411.3,0.560506
7081.1,7344,63189.9,3145.64,3312,62244.2,4285.64,9540.18,0.560506
8702.2,8675,65741.5,3926.92,3928,65518,12535.4,17938.4,0.563547
10375.9,10572,64320.7,4986.36,5032,64941.6,4184.56,10887.2,0.563547
8897.2,9184,63489.4,1516.96,1588,62604.2,2586.28,8052.72,0.563547
12268.1,12587,63875.6,5566.24,5759,63342.4,2924.48,8795.28,0.56456
11737,11609,66258.9,5022.08,5021,65550.1,17357.6,20280,0.56456
11948.9,12067,64894.9,4238.52,4291,64734.5,3225.44,9630.66,0.565574
15980.2,16257,64420.3,6313.32,6581,62870.3,7117.4,14807.5,0.566587
15601.9,16045,63726.4,6193.24,6445,62976,2213.88,8304.66,0.568614
5563.35,5947,61308.2,2391.72,2507,62522.4,11043.6,13843.4,0.569628
16088.1,15792,66765,9563.08,9700,64610.9,4826,11147,0.569628
11748.1,12016,64074.9,5263.76,5460,63180.5,3498.28,10355.3,0.570642
37697.4,20397,121123,27887.4,14685,124456,17764.2,28580.8,0.571655
12948,13015,65198.6,7475.36,7671,63864.6,2067.2,6534.84,0.574696
5055.05,5156,64252.9,2132.56,2256,61950.1,4788.76,8916.18,0.574696
19501.9,16845,75873,13238.4,10989,78951.2,9865.56,14848.9,0.57571
14044.5,13576,67797.9,8651.08,8408,67430.7,8676.16,15685,0.57875
11067.5,11221,64639.8,5808.68,5761,66078.4,5241.72,10048,0.582805
18742.8,18613,65992.9,10168,10465,63676.3,4887.56,7580.82,0.584832
14470.9,14312,66263.8,5403.6,5436,65145.4,2802.88,9226.62,0.586859
10517,10532,65442.7,6123.32,6368,63017.9,4580.52,12186.7,0.587872
11050.6,10881,66557.8,5723.56,5873,63868.4,4712.76,10423.1,0.5899
8104.2,7697,69003.1,6582.36,6533,66031.2,19661.2,21758.9,0.59294
7430.8,7504,64896.7,3257.36,3476,61413.8,7417.6,12246.8,0.593954
10812.8,10832,65419.5,4699.08,4784,64372.7,3885.12,8407.62,0.598008
8726.9,8984,63660.5,3579.6,3832,61219.4,5568.52,10881,0.601049
13540.1,13572,65382.2,8847.16,8768,66127.7,3673.08,8585.46,0.602062
11300.9,11637,63643.2,5154.32,5393,62635.6,12400.2,21348.6,0.603076
14138.8,14069,65861.1,9935.48,9781,66571.1,4755.32,9747.66,0.605103
19428.5,16476,77280.1,16169.8,14604,72562.4,2682.04,5319.6,0.60713
11282.7,10923,67694.1,6189.44,6047,67079.7,8559.12,14998.6,0.608144
5419.7,5714,62160.6,2352.96,2482,62128.8,5097.32,7707.96,0.611185
7313.15,7616,62930,3369.84,3524,62669.1,3412.4,7474.74,0.611185
26092.9,18837,90780.3,28615.5,22421,83642.4,32751.4,55300.4,0.614225
16492.4,16373,66014.1,7940.48,8177,63640.4,4060.68,11593.9,0.615239
13817.7,14030,64544.3,5228.8,5438,63014.8,6626.44,14866,0.61828
17297.1,17217,65841.1,11326.3,11393,65152.2,7189.6,12313.9,0.620307
10558.6,10829,63899.6,4409.52,4505,64147,4382.92,8974.68,0.624361
11159.2,10897,67112.9,8962.68,8949,65636.2,13784.1,23952.2,0.625375
15426.4,13752,73515.7,23132.1,21612,70145.6,5688.6,15833.2,0.627402
11594,11888,63915.5,5110.24,5316,62999.4,3749.08,10409.1,0.628415
8493.55,8629,64507.3,3526.4,3649,63334.1,7307.4,13099.3,0.629429
17838.6,14055,83178.3,17385,15555,73246.1,6331.56,16042.3,0.631456
16926,14073,78822,16851.5,15081,73229.8,7857.64,17533.6,0.636524
10868.6,11448,62219.4,6065.56,5944,66876.3,4893.64,10333.4,0.637537
4853.55,5233,60783.9,1298.08,1393,61070.3,3657.12,6807.06,0.638551
17046.3,13844,80695.1,15687.2,13200,77884.4,10374,23939.8,0.638551
18494.4,13684,88574.4,20807.3,16564,82324.7,8271.08,19469.6,0.639565
15059.2,14529,67927.6,7992.16,8069,64911.9,8095.52,15592.2,0.639565
11573.3,11180,67841.2,5061.6,5068,65453.2,2270.12,7607.34,0.640578
13810.5,13649,66311.7,8137.32,8081,65992.8,5204.48,12818.5,0.644632
12239.5,12017,66749.4,3850.92,3877,65095.1,3106.12,8221.98,0.647673
13865.1,14009,64863,9084.28,8857,67217.7,2139.4,3798.6,0.6497
13853.4,14349,63272.7,6636.32,6973,62371.7,4122.24,12428.5,0.650714
9081.15,9397,63333.2,3733.12,3877,63103.9,7431.28,13251.4,0.652741
11099.4,10553,68929.2,7216.2,6717,70406.6,2679.76,8197.8,0.654768
12732.2,13200,63213.4,5775.24,5936,63761.1,9889.12,15166.3,0.654768
15679.3,15785,65097.2,8198.88,8313,64636.3,4439.16,10846.7,0.655782
12171.3,12436,64140.8,6613.52,6612,65551.1,2779.32,5942.82,0.658822
4847.05,5174,61394.7,2109,2242,61648.3,2590.84,6536.4,0.659836
9420.45,9180,67252.6,7431.28,7100,68593.9,4228.64,11266.3,0.659836
10994.8,11428,63051.4,4867.8,4928,64735.4,6239.6,13484.6,0.66389
33491.3,26872,81679.2,23570.6,19496,79232.9,7657,12310.7,0.664904
13467.3,13638,64716,6711.56,6738,65278.8,6055.68,11831,0.664904
9218.95,9281,65097.8,3718.68,3941,61839,7400.12,11756.9,0.679094
15968.5,16142,64831.8,7289.92,7482,63853.5,2581.72,7781.28,0.683148
12279.1,13073,61556.4,6165.12,6385,63279.1,2555.88,6203.34,0.683148
14624.3,14988,63945.9,3743,3816,64282.3,9707.48,16273.1,0.684162
13813.1,12545,72160.9,9547.88,8821,70936.4,9037.92,21384.5,0.687203
11935.9,12348,63349.1,6424.28,6552,64258.5,2631.12,8107.32,0.68923
6244.55,6293,65031.4,3109.92,3185,63991.1,8559.88,13060.3,0.690243
8673.6,9022,63005.2,4752.28,4842,64321.6,4851.84,9785.1,0.691257
8729.5,8969,63786,4042.44,4189,63243.1,3966.44,9813.18,0.694298
13154.7,11668,73886.4,49811.9,44692,73043.8,34858.2,6431.88,0.695311
25119.3,19832,83008,18918.7,15960,77685.1,11645.5,18588.2,0.697338
6451.25,7112,59447.3,2951.84,3064,63137,2134.08,6269.64,0.70342
13622,13281,67218.9,5425.64,5521,64404.1,2310.4,7129.2,0.705447
11776.7,11835,65213.2,4419.4,4571,63362.5,6196.28,12716.3,0.70646
15884.7,15856,65654.6,7062.68,7392,62616.3,4471.84,11309.2,0.708488
6225.05,5837,69892.9,2099.12,2137,64374.3,3026.32,6403.8,0.708488
15033.8,13989,70430.9,12138,11621,68451.4,8952.04,13210.1,0.710515
8190,8589,62491.5,3597.08,3773,62480.3,7066.48,9867,0.710515
12762.8,12809,65299.4,4945.32,5209,62218.6,5704.56,13588.4,0.710515
9517.3,9749,63978.4,4682.36,4913,62459.4,4015.84,10259.3,0.711528
9349.6,9100,67333.6,5574.6,5592,65332.1,6202.36,11049.5,0.713555
12008.8,11352,69327.5,5559.4,5624,64783.2,6711.56,12887.2,0.713555
14805.7,14269,68001,6247.96,6505,62946.4,3329.56,11849,0.714569
14591.8,15014,63693.3,7207.84,7398,63851.4,5083.64,12327.1,0.71761
16769.3,16831,65295.9,7687.4,7967,63236,3721.72,10034.7,0.721664
14905.8,14754,66210.3,7722.36,7574,66819.7,2973.88,7823.4,0.721664
13337.3,13429,65088.7,5675.68,5717,65062.3,5168,11711.7,0.723691
6360.9,6961,59886.2,3522.6,3649,63265.9,5788.92,19056.2,0.725718
22149.4,19000,76399.1,18582.8,17160,70969.7,15034.3,26049.7,0.725718
10916.1,11261,63528.8,3866.12,4073,62207.2,11210.8,16734.9,0.729773
5060.25,5656,58633.1,1969.92,1992,64809.6,2635.68,5406.18,0.730786
6535.75,7210,59407.3,3656.36,3822,62695.8,12392.6,15111.7,0.732813
11518.6,11524,65505.6,5972.84,5888,66480.3,6508.64,13187.5,0.733827
11531.6,11681,64698.1,4493.12,4433,66424.8,2399.32,7262.58,0.73484
8879,9118,63818.2,6838.48,6702,66870.6,25162.8,27715,0.735854
11423.8,11877,63035,4747.72,4913,63331.3,2428.96,8558.94,0.736868
12830.3,13629,61695.6,5359.52,5609,62621.1,4347.2,11916.1,0.737881
6878.3,7293,61809.4,2198.68,2297,62730.8,2285.32,6576.96,0.738895
5852.6,6290,60978.7,2442.64,2594,61712,2379.56,6789.12,0.738895
18310.5,15049,79739.3,15265.4,13785,72573.9,7699.56,15553.2,0.739908
19420.7,14845,85736.3,22390.4,19949,73556.3,5837.56,16002.5,0.740922
6844.5,7005,64034.4,3460.28,3549,63897.7,4769.76,8782.8,0.742949
5028.4,5189,63507.7,2447.96,2513,63839.8,4818.4,7941.96,0.747003
10232.9,9932,67521.8,8094,7864,67452.8,6659.88,13167.2,0.750044
11301.5,11469,64579.2,5574.6,5561,65696.3,2109,6759.48,0.750044
5259.8,5689,60591.7,2755,2861,63107.9,2724.6,7047.3,0.752071
10777.6,11092,63678.7,4161,4288,63595,2609.84,7080.06,0.755112
14409.2,14376,65687.3,6452.4,6600,64070.4,2959.44,9820.98,0.757139
16405.3,14023,76669.8,13958.9,12935,70723.8,14358.7,22333,0.757139
17878.3,14940,78425,17568.9,16220,70986.2,10795,22792.4,0.761193
52867.8,40648,85237.7,40443.4,29644,89411,23721.9,49571.3,0.761193
20678.4,17437,77718.8,17581.1,15853,72679.9,2824.16,7445.88,0.764234
10008,10641,61637.8,4568.36,4709,63578.7,8148.72,14996.3,0.764234
18802.5,15723,78372.1,16719.2,14315,76542.9,5376.24,12100.9,0.766261
16183.7,16345,64889.3,12366.7,12221,66317.4,5600.44,10846.7,0.767275
5716.75,6301,59459.3,3087.88,3261,62056.8,4371.52,9674.34,0.771329
17089.1,15163,73861,14962.1,13371,73334.6,5180.92,14584.4,0.771329
14530.7,14165,67228.2,8861.6,8785,66107.4,2742.08,8878.74,0.773356
12586.6,12628,65321.1,5171.8,5284,64144.4,4389.76,9658.74,0.77437
11363.3,11475,64898.1,4870.08,5015,63642.2,2692.68,7927.92,0.775383
15971.8,16488,63484.2,9743.2,9980,63981,2061.12,4669.08,0.781465
13402.3,13774,63767.7,5408.92,5694,62254.8,2793.76,8367.84,0.781465
9505.6,9928,62747.7,6276.08,6300,65287.2,7596.2,15015.8,0.786533
11571.9,11544,65694.7,6441,6396,65997.1,6319.4,14171.8,0.78856
6866.6,7029,64021.8,2805.92,2945,62441,18691.4,17121.8,0.789573
12442.9,12822,63598.6,4449.04,4674,62381.8,8041.56,13703,0.790587
12934.3,13178,64324.3,5214.36,5354,63826.7,3559.84,10458.2,0.790587
12165.4,12292,64861,8334.16,8176,66803.8,15173.4,20621.6,0.792614
14414.4,14705,64240.9,5084.4,5317,62669,2258.72,7772.7,0.795655
9416.55,10246,60230.6,3771.88,4022,61460.4,2121.92,7092.54,0.798696
12611.3,13121,62990.2,4396.6,4533,63564,5150.52,10739.8,0.798696
13561.6,13459,66035.6,7765.68,7779,65423.8,15007,21520.2,0.80275
14298,14122,66353,5570.8,5690,64163.1,7839.4,15058.7,0.803763
12129,11717,67840.4,10022.1,10049,65360.7,3438.24,8523.06,0.804777
22583.6,19517,75833.3,18256.7,16777,71316.2,21223,28564.4,0.806804
13642.8,13544,66014.3,6227.44,6488,62904.1,8841.84,13125.8,0.807818
32892.6,18220,118312,19765.3,12492,103694,17253.5,30785,0.808831
14366.3,13976,67366.2,4811.56,5020,62814.8,4690.72,11125.9,0.809845
9844.9,9332,69138,6812.64,6628,67361.7,19784.3,21840.8,0.812886
17323.1,17416,65186.6,8755.96,9112,62975.3,3461.8,8307.78,0.813899
8487.05,8653,64279.1,4078.16,4173,64046.6,12872.9,15642.1,0.818967
7798.7,7761,65854.4,3403.28,3557,62703.8,2096.84,6024.72,0.818967
7313.15,7443,64392.7,2765.64,2947,61502.9,3223.92,7940.4,0.820994
9773.4,9429,67929.7,3995.32,4113,63660.9,3467.88,8668.92,0.822008
9737,9432,67655.2,5497.08,5548,64934.5,3235.32,8292.18,0.823021
10132.8,10157,65380.2,6805.04,7001,63701.6,5988.04,13343.5,0.825049
19657.3,17172,75021,16267,15316,69605.4,2762.6,5842.2,0.827076
12463.1,12345,66163,5687.08,5641,66071.3,7795.32,16570.3,0.835184
5792.8,6334,59936.4,3000.48,3098,63473,7877.4,13259.2,0.836198
12797.8,13424,62479.1,3351.6,3408,64451.4,3629,10468.4,0.836198
11843.6,12246,63382.8,4984.08,5010,65196.9,2064.92,6427.2,0.839239
6022.9,6367,61994.2,2835.56,2927,63488.6,3858.52,8612.76,0.839239
12416.3,11789,69023.2,7762.64,7485,67966.9,11931.2,22565.4,0.840252
8340.8,8113,67376.1,4705.16,4741,65040.6,18661,23871.1,0.842279
12256.4,11969,67109.7,6038.2,6229,63528.6,5676.44,11361.5,0.856469
12300.6,12141,66397.5,5985.76,6217,63098.4,2553.6,7525.44,0.857483
14545,14013,68024.3,7362.88,7405,65163.2,6516.24,12274.9,0.857483
94080.3,50085,123104,150371,74673,131972,15812.6,3743.22,0.864578
14811.5,15404,63015.4,9529.64,9672,64571.4,5359.52,9618.96,0.866605
9083.1,9545,62364.6,3547.68,3725,62416.3,3118.28,9321.78,0.867619
10674.3,11201,62454.3,4150.36,4277,63595.5,10938.7,16869.1,0.867619
37531.6,28321,86849.8,42658,30261,92384.2,13733.2,26402.2,0.867619
10881.6,11447,62299.3,3052.92,3143,63657.7,3112.2,7339.8,0.872686
12268.8,13061,61560.7,4772.04,4913,63655.7,11500.3,20035.9,0.8737
10646.3,10799,64609.6,8180.64,7867,68148.8,14254.6,26828.1,0.876741
11521.3,11996,62942.4,5696.96,5944,62812.2,2875.08,7630.74,0.877754
25816.7,23512,71960,19986.5,17944,72995.6,18185.3,31553.3,0.879781
17393.3,17613,64718.7,7713.24,7789,64898.6,4578.24,10310,0.879781
12994.1,13960,61001.8,5526.72,5720,63321.5,3123.6,6385.86,0.880795
11293.1,12196,60684.2,4664.88,4912,62238.9,15257,18776.9,0.880795
11943.8,11605,67449,8700.48,8565,66572.6,11202.4,20698.1,0.884849
12567.8,13047,63128.7,7280.8,7575,62990.7,2444.16,8196.24,0.885863
9970.35,10713,60992.9,6752.6,6749,65571,7117.4,13589.9,0.885863
8965.45,9524,61692.5,3692.08,3968,60978.9,3121.32,9393.54,0.888904
7233.2,7712,61467.2,3854.72,4080,61917.4,4613.96,10055.8,0.889917
13678.6,13848,64734.3,6693.32,6904,63536.1,4094.12,9001.98,0.889917
5253.95,5352,64335.4,2677.48,2764,63484.6,3068.12,6218.16,0.890931
9116.9,9793,61011.4,3741.48,3941,62218.1,11121.1,14273.2,0.890931
5150.6,5652,59722.2,2932.08,3008,63881.9,4555.44,9491.04,0.891944
10251.1,10791,62257.4,4974.96,5015,65012.8,6252.52,10426.3,0.894985
4986.8,5672,57619,2509.52,2620,62772.5,4034.84,6446.7,0.897012
9744.8,10386,61490,4446,4434,65713.4,4006.72,10479.3,0.898026
10997.3,11893,60600.6,5418.8,5605,63358.9,2811.24,6747.78,0.899039
18502.3,15800,76744.5,18095.6,16664,71166.2,6940.32,14621.9,0.899039
11063,11784,61526.2,6120.28,6140,65325.5,6439.48,13742.8,0.900053
4503.85,5202,56740.5,2557.4,2598,64511.8,7721.6,10773.4,0.900053
15425.8,14545,69504.7,9139,8145,73533.9,2161.44,3874.26,0.903094
19183.4,19185,65530.7,12556,12657,65012.8,5734.96,10675.1,0.905121
9250.15,10236,59224.1,4495.4,4760,61893,2093.8,6023.94,0.907148
11269.7,11908,62023.1,5353.44,5652,62074.1,4164.04,10839.7,0.908161
11727.3,12560,61191.1,5778.28,6068,62406.9,5639.96,12489.4,0.911202
9629.1,10255,61536.1,3002.76,3083,63830.3,13735.5,16186.6,0.912216
10281.7,11089,60764.9,3447.36,3717,60781.9,2092.28,7602.66,0.91627
11336,11376,65305.6,8366.08,8244,66506.5,13754.5,16030.6,0.917284
11597.9,12077,62936.4,6331.56,6409,64744.1,2315.72,7429.5,0.917284
35464.6,24593,94507,38620.2,29909,84623.7,7561.24,17029,0.920324
11238.5,11421,64488.8,6146.12,5865,68677.3,6745.76,10445.8,0.921338
12126.4,12704,62556.3,4704.4,4976,61958.9,2674.44,7732.92,0.922351
23764,18249,85341.5,19084.4,15293,81783.3,6854.44,15823.1,0.922351
10721.1,11052,63573.8,8075,8076,65527.9,3049.88,6734.52,0.923365
10706.1,10832,64774.6,4740.88,4820,64460.2,3702.72,9334.26,0.924379
9331.4,9773,62574.7,6128.64,6217,64604.6,10103.4,17539.9,0.925392
5079.1,5517,60334.2,2422.12,2605,60935.1,4778.12,8891.22,0.93046
8472.75,9201,60348.9,4217.24,4453,62066.3,8270.32,13744.4,0.931474
12183.6,12777,62492.3,7822.68,8093,63347,3577.32,10384.1,0.932487
12686,13488,61639.5,6878,7184,62744.5,14927.2,21524.9,0.933501
9673.3,10349,61257.1,4478.68,4669,62864.6,4636,11533.9,0.934514
10312.9,10768,62766.2,9009.04,9012,65514.5,3784.04,8405.28,0.935528
13248.9,13960,62197.9,4949.88,5160,62867.3,8607,14908.9,0.937555
9899.5,9801,66194.6,7000.36,6893,66556.7,6522.32,12085.3,0.938569
12477.4,13228,61817.3,4442.96,4652,62591.1,2274.68,9134.58,0.940596
37460.8,23681,103671,55855.4,42133,86880.6,7998.24,16343.3,0.941609
10322.6,10864,62270.4,7585.56,7568,65688.1,5233.36,14424.5,0.941609
9304.75,9986,61065.1,3886.64,3954,64419.5,8483.88,13904.3,0.943637
15008.5,15788,62300.3,6689.52,6872,63795.8,21315.7,22964.8,0.948704
12273.3,12517,64260,6794.4,6897,64561.1,6687.24,10487.9,0.954786
23010.6,20184,74713.9,10609.6,9064,76711.2,3521.84,10943.4,0.955799
11150.8,11572,63150.3,4354.8,4564,62532,3017.2,9025.38,0.95884
10364.9,10376,65465.9,5507.72,5448,66254.4,4305.4,9870.9,0.95884
9365.2,9724,63117.8,3325,3404,64015,6557.28,12350.5,0.961881
10564.4,10752,64392.8,3994.56,4112,63664.3,4289.44,10406,0.964922
13966.5,14169,64599.6,7502.72,7497,65586,6259.36,12992.5,0.964922
12253.8,12764,62916.4,5258.44,5564,61936.9,2951.08,10320.2,0.966949
18465.8,16360,73971.8,14331.3,13052,71959.6,14265.2,24831.3,0.968976
7025.2,7453,61774.3,2596.92,2765,61552.2,5126.2,11101,0.968976
8152.95,8153,65535.6,5711.4,5497,68092.1,2244.28,6449.82,0.969989
7478.9,7793,62894.5,2549.04,2677,62403.4,2618.96,7147.14,0.971003
10054.8,9360,70401.1,6712.32,6368,69079.6,8036.24,15909.7,0.971003
8758.1,8921,64339.3,3654.08,3869,61895.5,2318.76,7452.9,0.97303
14680.9,14509,66312.5,7147.04,7309,64083.8,2452.52,6878.82,0.976071
8755.5,9100,63055,3614.56,3804,62272.3,3917.8,10037.8,0.980125
11581.7,11485,66087.8,8124.4,8109,65660.5,12470.1,17436.9,0.981139
5078.45,5197,64041,2324.08,2473,61589.5,3575.04,7665.06,0.983166
21674.3,16866,84219.4,22843.3,20930,71527,6434.92,22466.3,0.985193
12210.9,12285,65140.7,5167.24,5389,62839.2,2210.08,8219.64,0.985193
14099.8,13904,66458.9,6070.12,6160,64579.8,8073.48,14621.9,0.992288
11151.4,11217,65152.7,4259.8,4401,63433.4,14747,18656,0.993302
12721.8,13076,63760.8,4765.96,5024,62170,5911.28,14619.5,0.994315
13923,13509,67544.4,10488.8,10305,66704.6,8565.96,12238.2,0.994315
18294.3,15333,78192.9,15132.4,14085,70409.3,6188.68,17852.6,0.995329
7528.3,7807,63196.5,3057.48,3199,62636.8,2552.84,6775.86,1.0004
13334.7,13460,64926.2,5576.12,5696,64156.7,3075.72,9196.2,1.0004
11750.7,11568,66571,5047.16,5204,63560.9,4247.64,9752.34,1.00445
6315.4,6285,65853,2765.64,2941,61628.3,2670.64,7294.56,1.00546
18285.8,17817,67260.4,11032.2,11133,64942.4,7226.84,6974.76,1.00546
11893.7,12369,63017.7,6309.52,6609,62566.3,7285.36,14812.2,1.00749
27292.2,24106,74198.2,15824,14718,70460.6,20820.2,29967.6,1.00749
13445.2,13969,63078.8,5235.64,5601,61261,6482.04,13332.5,1.00851
12032.1,12565,62756.8,4513.64,4817,61408.7,2232.88,7583.16,1.00851
9662.9,10099,62706,3458,3667,61800.8,2511.04,7970.04,1.00952
12927.2,13080,64770.4,4998.52,5324,61529.5,3141.84,9303.06,1.01155
13191.8,13628,63438.1,5088.96,5420,61533.2,10596.7,17449.4,1.01155
15401.7,15801,63880.1,6142.32,6477,62149.6,11186.4,17144.4,1.01256
14930.5,14892,65705.4,9355.6,9548,64215.4,4988.64,10653.2,1.0156
10814.7,11104,63828.5,6709.28,6752,65121.4,3306.76,7631.52,1.01661
26190.4,20311,84506.8,25346,21159,78504.4,21540.7,36468.1,1.02168
15665.6,15564,65964,9830.6,9736,66172.8,9357.88,12293.6,1.0227
11759.8,12357,62368.7,4978,5269,61916.5,11096,19241,1.02472
10185.5,10248,65136.3,4632.96,4524,67114.4,10437.8,20590.4,1.02574
11121.5,11572,62984.7,5726.6,5860,64044.1,6347.52,13536.1,1.02675
10465,11208,61191.5,4143.52,4412,61548,4521.24,10976.2,1.02776
13755.9,14113,63878,5569.28,5685,64202,3258.12,9264.06,1.03283
10993.4,11392,63243.2,5231.84,5412,63354.4,4343.4,11335.7,1.03587
13322.4,13477,64784.2,5492.52,5349,67294.4,19009.1,23479.6,1.03689
12069.8,12517,63194.8,5749.4,5797,64997.9,2094.56,7054.32,1.03891
5042.05,5568,59345.5,2894.84,2928,64793.8,4949.12,8468.46,1.03891
8879,8745,66540.2,7640.28,7497,66788.5,17828.8,23870.3,1.04094
18242.3,14943,80005.6,17046,15355,72753.4,8657.16,20570.9,1.04195
19011.8,16245,76698.1,13472.5,12001,73571.8,5532.8,13330.2,1.04195
5335.2,5936,58902.9,3179.84,3300,63149.7,2119.64,5275.14,1.04499
10719.1,10868,64638.4,4440.68,4400,66141.9,3353.12,10259.3,1.04499
9856.6,10341,62466.1,5703.8,5505,67902.7,6951.72,12968.3,1.04702
11969.8,11029,71126.1,9307.72,8625,70723.6,10291.2,21503,1.04803
11172.8,11709,62535.1,5313.16,5401,64470.2,2422.12,8174.4,1.04803
9851.4,10118,63809.2,4438.4,4518,64381.4,14521.3,20851.7,1.05108
10209.5,10389,64404,5092,5029,66357,2631.12,8530.86,1.05108
11995.1,12193,64472.3,6235.04,6193,65980.9,5500.88,11863,1.05108
11773.4,12100,63767.3,5797.28,5956,63789.5,5185.48,10770.2,1.0531
13394.5,13440,65314.4,5113.28,5156,64993,8510.48,16038.4,1.05513
24958,20697,79028.4,17673.8,14861,77940.3,9835.16,19889.2,1.05513
14312.3,14477,64790.6,6406.04,6537,64223.1,4518.96,11709.4,1.05513
12539.1,12577,65338.8,6381.72,6385,65502.3,2640.24,8313.24,1.05614
9709.7,10155,62662.2,4177.72,4335,63158.3,2254.16,7155.72,1.05817
10732.1,11176,62933.3,4286.4,4472,62816.1,2438.08,7945.86,1.05918
5596.5,5952,61621.7,2523.96,2708,61082.1,5533.56,9064.38,1.0602
5926.7,5977,64984.5,2249.6,2253,65437.1,9517.48,13545.5,1.06324
10029.5,10153,64738.8,3692.84,3917,61785.5,2865.96,8618.22,1.06324
14083.5,14229,64866.1,3931.48,3957,65113.3,9572.96,16546.9,1.06831
9380.15,9774,62895.2,4078.92,4234,63135.6,3849.4,9983.22,1.06831
11204,11634,63114,4344.16,4614,61703.3,14760.7,19881.4,1.07135
13424.4,13053,67401,5140.64,5433,62009.4,10233.4,18745,1.07135
25697.8,18532,90876.7,21579.4,17588,80408.8,21118.9,28788.2,1.07236
10886.2,11012,64787.3,4313,4416,64007.4,5433.24,9017.58,1.07337
4791.8,5135,61155.9,2352.2,2511,61391.4,3152.48,6621.42,1.07439
10439.6,10428,65609.2,5978.92,5900,66412.6,8984.72,15487.7,1.07439
7957.3,8064,64668.9,4129.08,4080,66324.4,4488.56,11049.5,1.0754
9422.4,9435,65448.5,4930.88,5167,62541.2,6669,14333.3,1.07641
14493,14633,64909.2,6632.52,6477,67109.6,5628.56,11383.3,1.07743
12238.8,12285,65289.8,4920.24,5133,62819.6,3965.68,10675.9,1.08351
6773.65,6688,66375.3,3540.84,3600,64459,2821.88,7239.96,1.08554
18032.3,17624,67054.3,6935,7148,63583.1,4982.56,14329.4,1.08655
17856.1,18029,64907.7,8100.84,8317,63832.7,3084.84,6811.74,1.08756
9577.1,9916,63296.2,2720.04,2796,63755.6,5871,12038.5,1.08858
12433.2,12394,65743.3,6073.16,6174,64465.6,7944.28,15157,1.09162
7666.75,7785,64540.5,3875.24,4041,62847.7,5211.32,11049.5,1.09365
12660.7,12708,65292.1,4591.16,4724,63693.1,7244.32,15540.7,1.09871
10010,9990,65667.2,7572.64,7330,67705.4,2709.4,7695.48,1.09973
12149.1,12617,63105.9,2412.24,2489,63514.9,4267.4,10579.9,1.09973
9574.5,9816,63923.6,4435.36,4620,62916.8,8470.96,14862.1,1.10074
10232.9,10052,66715.7,7807.48,7696,66485.3,15307.2,28966.9,1.10074
17637.1,14785,78178.2,16891,15285,72421.9,16054.2,28701.7,1.10074
12485.8,12153,67330.9,5165.72,5337,63432.8,2390.96,7780.5,1.10581
10088,10056,65744.5,4420.16,4444,65184.4,7172.88,10900.5,1.10986
8333,8253,66171.3,5338.24,5357,65306.5,3530.96,9931.74,1.11088
5050.5,5183,63860.6,2672.92,2875,60929.6,5690.88,9631.44,1.11088
10953.1,10357,69308.3,8296.16,7925,68605.3,28862.5,31190.6,1.1129
6378.45,6610,63240.3,3150.2,3266,63212.3,2264.8,6949.8,1.11797
8377.85,8384,65487.9,3249,3380,62996,6824.04,12135.2,1.11797
11763,12097,63726.8,3821.28,4037,62034,8556.84,13564.2,1.12101
13708.5,13905,64609.9,5769.92,5989,63138.7,6181.84,13160.2,1.12203
10405.8,10396,65598.1,5928,6056,64150.8,3106.12,6055.14,1.12608
5557.5,5805,62741.8,3055.2,3181,62944.2,3039.24,7654.14,1.12608
12580.8,12617,65347.7,6093.68,6189,64526.6,6723.72,12598.6,1.13317
16396.3,14460,74311.5,11063.3,10232,70860.6,14187.7,21629.4,1.13419
6184.75,5977,67813.9,2344.6,2473,62133.3,13001.3,14547,1.13622
16157,16225,65261.5,7716.28,8037,62920.8,3959.6,7180.68,1.13723
8130.85,8170,65222,1982.84,2138,60779.9,5607.28,11364.6,1.13723
15676.7,15133,67890.6,7009.48,7353,62474.3,7704.12,12731.2,1.13824
11538.1,11597,65203.4,5849.72,6125,62590.6,5000.8,10257.8,1.13926
16670.5,13688,79816,16262.5,15004,71032.9,9192.2,17759.8,1.1423
16049.8,16013,65686.6,6929.68,7053,64390.1,3435.96,9477,1.14331
13732.5,13113,68632.4,11094.5,11081,65615.7,9581.32,14431.6,1.14534
10019.8,9876,66489.9,4014.32,4240,62047.8,4033.32,11793.6,1.14736
12816.7,12921,65007,5369.4,5613,62691.8,4892.88,10104.9,1.15041
9105.85,8760,68123.4,3655.6,3800,63045.6,2741.32,7564.44,1.15142
30078.1,17896,110147,33988,24184,92103.7,4254.48,5343.78,1.15243
14874.6,14629,66636.3,6105.84,6353,62986.4,8832.72,14989.3,1.15243
13506.3,11547,76656.5,12543,12063,68144,10951.6,15891.7,1.15243
15260.7,14423,69342.4,10070,9667,68268.1,24593.6,35348,1.15345
9482.2,9457,65710.6,2891.8,2961,64004.4,5318.48,10611.1,1.15547
16407.3,16096,66803.5,7018.6,7040,65336.8,3486.88,9451.26,1.1575
9833.2,10055,64090.4,5116.32,5395,62150.7,4902,11859.1,1.1575
24389.3,22521,70972.8,13437.6,12921,68156,20543.6,29831.1,1.1575
11316.5,11496,64512.7,4686.16,5016,61226.5,5967.52,13413.7,1.15851
15989.3,15960,65656.5,7273.96,7480,63730.8,5283.52,11257.7,1.15851
9098.7,8951,66617.4,3906.4,4087,62640,2642.52,6713.46,1.15953
12097.8,12385,64016.3,4244.6,4485,62023.2,8860.08,15502.5,1.16155
8005.4,7880,66578.9,1605.12,1688,62318.2,4278.04,9397.44,1.16662
9664.2,9606,65933.1,4402.68,4470,64549,2568.8,6667.44,1.16966
13070.8,12941,66193.6,6031.36,6153,64240.4,4045.48,11166.5,1.1727
35673.3,29701,78714,17712.6,15125,76747.8,1929.64,67.86,1.1727
8583.25,8540,65867.9,4719.6,5004,61811.3,12679.8,24629.3,1.17473
10596.3,10933,63517.7,6373.36,6741,61961.8,10573.1,17001.7,1.17473
37462.8,30157,81412.6,27822.8,23485,77640.9,26127.3,39137.3,1.17473
17150.3,14073,79866.3,16349.9,13289,80631,3574.28,6589.44,1.17574
11620.7,12057,63164.5,6680.4,6925,63221.2,7214.68,14752.1,1.17574
11703.9,12360,62057.2,4347.96,4604,61891.4,6947.92,12887.9,1.17574
13838.5,13408,67640.2,9788.04,9168,69968.3,6566.4,11493.3,1.17676
8589.1,8624,65270.8,6593,6464,66843.9,8363.04,13944.8,1.17676
9798.1,10124,63426.3,6546.64,6604,64966.8,6915.24,12678.1,1.17676
11860.5,12034,64591.4,6537.52,6962,61540.2,6347.52,12956.6,1.17777
11838.4,12041,64433.6,4885.28,5005,63968.4,3676.88,11139.2,1.17777
10812.1,11249,62990.6,4201.28,4437,62054.3,4269.68,8442.72,1.17777
35233.3,29932,77143.1,27924.7,24728,74008.1,5792.72,12519,1.17879
31424.9,23192,88800.5,23745.4,17880,87034.7,4186.84,10025.3,1.1798
7035.6,6277,73456.3,5822.36,5717,66743.8,8336.44,15958,1.18588
25863.5,20345,83312.4,26475.4,23853,72740.9,28829.8,51344.3,1.18689
15306.8,15005,66854.4,7228.36,7209,65712,7375.04,12178.9,1.18689
9769.5,10205,62739.2,4181.52,4473,61265.4,6922.08,14361.4,1.18993
10774.4,10907,64739.3,5119.36,5211,64383.5,3435.2,9228.18,1.18993
5972.2,6485,60353.8,2874.32,2833,66491.9,9458.96,14299.7,1.19602
10446.8,10956,62490.1,4110.08,4248,63408.2,2726.88,7134.66,1.19602
6192.55,6416,63253.6,2672.92,2640,66353.2,4604.84,7780.5,1.19602
11325.6,11177,66407.3,8036.24,7849,67099.4,5603.48,10929.4,1.19703
15462.8,15336,66078.1,8114.52,8460,62859.7,3815.2,10115,1.19804
14106.3,13932,66355.9,7223.8,7432,63700.1,2459.36,6993.48,1.19906
10455.9,11047,62029.3,4856.4,5059,62911.4,5560.92,11341.2,1.20311
13167.7,13210,65326.1,7405.44,7738,62719.4,4401.92,12178.9,1.20311
19289.4,16042,78802.5,14997.1,13470,72965.8,7932.12,9887.28,1.20514
10535.8,10923,63213.2,5675.68,5839,63702.9,4925.56,9112.74,1.20514
14536.6,14421,66061.3,6261.64,6417,63949.3,5027.4,11738.2,1.20514
7172.1,7592,61911.3,2666.84,2728,64066.7,2514.08,6442.02,1.20919
8984.95,9589,61407.6,4214.2,4517,61142.7,4075.88,11537,1.20919
6067.75,6576,60470.8,3688.28,3888,62169.5,2300.52,6895.98,1.21021
31005,26500,76677.1,18869.3,16596,74513,39221.3,39797.2,1.21122
21807.5,21685,65906.2,8681.48,8901,63919.7,3945.92,6287.58,1.21325
12760.8,12931,64673.4,4950.64,5143,63084.8,4943.04,11306.1,1.21325
5171.4,5021,67499.1,2375.76,2409,64631.7,5463.64,9665.76,1.21426
14001.6,14141,64890.2,7458.64,7785,62788.6,2537.64,7574.58,1.21629
13079.9,13006,65908.6,5152.8,5150,65571.6,2850,8857.68,1.21629
16073.2,15577,67623.6,6563.36,6697,64228.2,2954.12,8347.56,1.21933
8352.5,8372,65383.4,2580.96,2644,63973.4,14483.3,15646.8,1.22034
10344.1,10644,63689.5,3967.96,4112,63240.3,16177.4,22495.2,1.22136
16863.6,16961,65159.7,7519.44,7621,64662.6,9941.56,12465.2,1.22338
15522,16001,63574.1,9147.36,9541,62832.1,2957.92,7665.06,1.22338
8373.95,8508,64503.4,7233.68,7288,65047.5,2331.68,7231.38,1.2244
27458.6,24124,74594.9,15401.4,13596,74238.5,8824.36,19268.3,1.2244
14123.8,14387,64337.3,10683.3,11171,62675,2495.08,4053.66,1.22541
9504.95,9877,63067.4,3201.88,3249,64585.5,6656.84,12905.9,1.23149
14233.7,14461,64505.9,6653.8,6921,63005.8,3907.16,11147.8,1.23859
11367.8,11720,63566.8,4777.36,5000,62617.8,3325.76,10264.8,1.23859
5837,6060,63124.4,3360.72,3468,63508.7,7650.16,11287.4,1.2396
9568,10068,62281.3,4296.28,4544,61963.2,4375.32,11792.8,1.24163
8916.7,9501,61505.6,3949.72,4157,62268.2,3701.96,10238.3,1.24264
12556,12916,63709.6,8182.92,8244,65050.4,3864.6,9795.24,1.24264
8602.1,9445,59687.4,2757.28,2885,62634.7,2118.12,7090.2,1.24365
13889.8,13556,67150,7731.48,7840,64628.9,4405.72,11188.3,1.24669
10502,10803,63710.3,5153.56,5223,64664.7,2913.08,8356.14,1.24974
6596.2,6772,63834.7,2688.12,2836,62118.7,3513.48,8770.32,1.25278
21011.9,17704,77781.1,18109.3,16520,71840.8,5339,8621.34,1.25582
22457.5,15762,93374.9,25361.2,18918,87856.6,7668.4,12080.6,1.25987
11614.2,12106,62873.6,5023.6,5162,63778.9,6980.6,14221,1.25987
13245.7,13945,62249.6,6122.56,6409,62607,2298.24,7005.18,1.26088
7985.25,7984,65546.3,4630.68,4532,66963,6684.96,14606.3,1.2619
17927,17921,65557.9,11235.1,10993,66979.2,9520.52,14206.9,1.2619
10023.6,9753,67354.6,9335.08,8973,68180.5,4920.24,10638.4,1.26291
5510.7,6264,57654.7,2774,2892,62862,8653.36,11102.5,1.26393
8599.5,8849,63688.2,3800,3905,63773.8,4379.12,10292.9,1.26595
5814.9,6076,62719.8,3169.96,3272,63492.2,5298.72,10437.2,1.26595
7365.8,7872,61321.8,3286.24,3392,63492.6,2585.52,7750.08,1.26697
15897.7,15776,66041.6,12755.8,12532,66706.6,7909.32,14234.2,1.26697
12275.9,13045,61672.2,7787.72,8213,62142.5,2172.84,6529.38,1.26899
10882.3,11792,60480.2,5901.4,6048,63947.4,2176.64,6641.7,1.27913
15507,15854,64101.8,6273.04,6490,63345.1,5103.4,13209.3,1.28116
6046.95,6573,60291,2910.8,3049,62565.5,3096.24,5715.06,1.28116
11885.3,12401,62810.4,5185.48,5297,64156.2,2144.72,7207.2,1.28318
10631.4,11041,63104.7,4988.64,5073,64446.2,2947.28,8661.9,1.28521
11976.9,12441,63091.2,6388.56,6541,64008.7,4488.56,11466,1.28521
10414.3,10856,62869.5,7662.32,7692,65283.1,7027.72,12631.3,1.28622
16077.1,16076,65540.5,7791.52,7916,64505.4,3821.28,6636.24,1.28724
9969.05,9856,66287.7,8373.68,8336,65832.2,17402.5,23144.9,1.28926
14985.1,14458,67925.3,12075.6,11418,69310.7,21726.9,22060,1.29028
14690.6,15329,62806.9,5519.12,5697,63489.7,3789.36,8612.76,1.29332
10473.4,11149,61565,5711.4,5897,63473.3,2665.32,9143.16,1.29839
9527.7,9535,65485.8,6108.12,5979,66951.3,9632.24,17389.3,1.2994
14668.5,14075,68299.7,11112,11023,66064.9,3665.48,7173.66,1.2994
9769.5,10328,61992.1,5018.28,5240,62763,13249.8,18920.5,1.30244
14257.1,15080,61959.8,5462.88,5708,62721.7,2806.68,9160.32,1.30345
38666.5,31639,80092.6,20220.6,15351,86325,34212.2,40287,1.30447
10160.1,10577,62953.2,4503.76,4609,64039.6,7641.8,12185.9,1.3065
42047.8,32980,83555.1,39584.6,32368,80147.6,21926,57631.1,1.30751
8000.85,8389,62503.7,3739.2,3889,63011.6,10725.9,14735.8,1.30852
17424.5,17715,64461.5,10658.2,10883,64182.5,5432.48,9526.92,1.30954
8613.8,8888,63514.2,5442.36,5576,63965.3,7501.96,14628.9,1.3146
11841.7,11800,65767.6,6196.28,6200,65496.7,13395.8,18961,1.31562
15354.9,15738,63940.9,7222.28,7530,62857.8,2714.72,7146.36,1.31562
11237.2,11448,64329.2,6162.84,6136,65822.7,3384.28,9455.94,1.31663
5450.9,5740,62235.2,2498.88,2584,63377.2,7422.92,11033.9,1.31663
11547.3,11936,63401.5,4176.2,4308,63531,2975.4,8067.54,1.31866
13057.8,13512,63333.3,5427.16,5436,65429.4,10794.3,17196.7,1.32271
11789,11648,66329.6,4215.72,4228,65345.6,6769.32,11691.4,1.32575
12688.6,13196,63016.3,4388.24,4520,63625.6,2716.24,8794.5,1.32677
14896.7,14748,66196.8,9595.76,9948,63215.5,5298.72,12182,1.32778
12129.6,12947,61398.7,3545.4,3747,62010,9704.44,18251.2,1.32879
6280.3,6485,63467.3,2737.52,2801,64050.7,3544.64,7874.88,1.32879
14905.1,15277,63940.8,7140.2,7193,65054.9,2473.04,8038.68,1.33082
16090.1,16374,64399.7,10412.8,10674,63932,6882.56,12364.6,1.33082
8060,8219,64268.2,4284.88,4367,64303.6,8979.4,13841.9,1.33082
10913.5,11417,62645.8,4842.72,5085,62413.5,8617.64,13834.9,1.33183
11846.3,10984,70680.6,7182,6744,69792.3,20755.6,22293.2,1.33792
12771.8,13468,62148.5,5019.04,5304,62015,5948.52,12203.1,1.33893
5120.7,5484,61194.4,2498.88,2712,60385.9,3092.44,8695.44,1.33994
15574,14909,68459.2,13328.9,12845,68004.8,5860.36,11758.5,1.33994
7727.2,7965,63579.4,3621.4,3677,64545,5885.44,10252.3,1.34096
17190.5,17080,65960.2,10927.3,10888,65772.4,17688.2,20336.9,1.34096
11789.7,12200,63331.9,5368.64,5548,63417.3,2584,7652.58,1.34298
6015.75,6462,61010.2,2904.72,2942,64705.6,7720.08,12441.8,1.34298
12192.7,12737,62735.4,5389.16,5617,62877.7,3804.56,11539.3,1.344
13146.9,13728,62761.9,3789.36,3920,63351.9,2937.4,9966.84,1.34501
12513.1,12868,63728.8,5443.88,5600,63708.9,5326.84,13114.1,1.34907
7012.85,7416,61973.3,4291.72,4524,62171.1,2869.76,9372.48,1.35008
13046.8,12945,66051.4,7223.8,7221,65561.4,5423.36,13583.7,1.35109
14901.2,10896,89626.3,6178.8,4580,88413.5,2998.2,6743.88,1.35515
9463.35,9933,62437.3,3373.64,3597,61466.5,2274.68,7136.22,1.35616
11307.4,11249,65876.2,4873.12,4837,66025.4,3036.2,9843.6,1.36022
12144.6,12022,66204.3,7596.2,7362,67620.8,5327.6,12714.8,1.36224
14939.6,15113,64784.1,7124.24,7197,64873.4,3731.6,8065.98,1.36224
7679.75,7949,63316.2,3090.16,3289,61573.9,10497.1,16754.4,1.36224
8129.55,8643,61642.7,3720.2,3955,61645.3,2105.96,6427.98,1.36326
17546.8,17597,65348.9,9251.48,9577,63308.4,5560.92,10725.8,1.36528
28923,18720,101255,33501.6,24484,89673.2,33527.4,41051.4,1.3663
15612.3,15525,65904.7,9849.6,9937,64959.6,7362.88,11299.1,1.3663
11304.8,11584,63956.4,4902,5188,61923.2,2320.28,7924.8,1.36934
15523.3,14812,68683.2,9030.32,8716,67899.4,12182.8,23857.9,1.36934
8813.35,8953,64513.8,3499.04,3613,63468.9,13581.2,16076.6,1.36934
34732.1,26772,85021.8,26198,19920,86190.2,36585.6,50230.4,1.36934
7742.15,7728,65656,6216.04,6164,66089.3,7668.4,15200.6,1.37035
24972.3,18698,87527.4,29506.2,24606,78587.4,12417.6,10609.6,1.37136
5911.1,6372,60795.6,2923.72,3120,61413.1,3416.96,8312.46,1.37238
21423.3,18488,75941.2,15308.7,14236,70474.1,6873.44,16234.9,1.37238
14909.7,15452,63236,6601.36,6984,61945.4,2846.2,8738.34,1.37339
9941.75,9404,69283.6,7704.88,7660,65920,6996.56,15071.9,1.37339
10637.3,11229,62082.4,3631.28,3917,60755.6,2909.28,9200.1,1.37339
12166,12285,64901.4,4487.8,4685,62777.5,2391.72,8413.86,1.37542
20689.5,17857,75931.4,15420.4,13729,73610,7132.6,18396.3,1.37542
18137.6,16448,72268.1,14867.1,14016,69515.7,7767.2,15275.5,1.37745
12927.8,13268,63855.9,5947,6240,62458.8,2338.52,6739.98,1.37745
13485.5,13580,65080.2,6423.52,6600,63783.6,2461.64,7673.64,1.38049
6854.25,6940,64726.2,10905.2,10860,65809,15627.1,29243,1.38049
10661.9,10512,66470.9,4755.32,4788,65088.7,9031.08,15447.1,1.38251
25464.4,21311,78308.6,18080.4,16015,73988,12693.5,19468.8,1.38454
18708.9,15284,80221.8,14706.8,12580,76615.4,2618.96,6496.62,1.38454
17377.8,16003,71165.9,9810.08,9127,70440.8,4634.48,14646.8,1.38657
13415.3,13102,67103.4,10272.9,10158,66277.4,7809,13333.3,1.38961
11459.5,11332,66273.4,8432.2,8436,65506.5,13797,21124,1.39062
10469.5,10956,62626.2,4184.56,4348,63072.5,9420.96,15260.7,1.39164
9662.9,9841,64349.9,3552.24,3681,63243.6,8249.8,13770.1,1.39366
14986.4,14504,67715.7,10766.2,10540,66942.2,6023.76,12896.5,1.39366
7456.15,7529,64901.9,3674.6,3849,62566.5,3135,8039.46,1.39569
15825.5,15396,67364.5,6408.32,6384,65785.7,7590.12,14768.5,1.39772
13903.5,13940,65364.4,5734.96,5924,63444.7,3842.56,9833.46,1.39873
10496.8,10686,64376,4633.72,4842,62716.9,2105.2,6176.82,1.39974
12114.7,12232,64907.5,4744.68,4892,63562.4,4231.68,11016.7,1.40279
5482.1,6004,59839.3,3008.08,3200,61605.5,3176.8,8005.92,1.4038
16692,17120,63897.6,5628.56,5812,63467.5,12622.8,17493.8,1.40481
15698.8,15013,68529.7,13785.6,13217,68355.6,16945.7,21971,1.40583
5636.15,6205,59527.9,2871.28,2953,63722.4,6567.16,9723.48,1.40583
13508.3,13884,63762.6,5411.2,5512,64337.5,4261.32,11169.6,1.40583
9600.5,10269,61269.7,4532.64,4745,62603,10329.9,16623.4,1.40684
7818.2,8524,60109.5,3828.88,3992,62858.1,4873.88,10794.4,1.40988
8216.65,8742,61597.6,4789.52,4918,63823.9,6376.4,13484.6,1.40988
12197.3,12360,64673.1,6337.64,6280,66137.5,10567,20867.3,1.41089
11291.8,11564,63993.4,5694.68,5832,63992.9,9617.04,15997.8,1.41089
13724.7,14377,62562.8,7221.52,7417,63808.8,2381.84,6409.26,1.41292
8334.3,8872,61564.1,3689.8,3768,64175.9,9597.28,11694.5,1.41393
8115.9,8193,64919.3,4278.8,4353,64418.9,4645.12,9546.42,1.41495
13419.9,13753,63948.7,4940,5085,63667.2,20368.8,23291.6,1.41698
14196,14509,64122.2,4799.4,4793,65623.5,9370.8,14837.9,1.41799
8696.35,9093,62677.2,4132.12,4305,62904.2,2234.4,7005.96,1.419
14104.3,14385,64257.4,8258.92,8385,64550.6,2117.36,7088.64,1.42204
10091.9,10472,63157.3,5523.68,5720,63286.7,5880.88,11921.5,1.42407
10407.8,10952,62279.5,5252.36,5436,63322,3357.68,6723.6,1.42407
12623,12745,64908.7,9158.76,9257,64840.5,9658.84,16912,1.43218
11742.9,12147,63355.8,5422.6,5667,62709.6,4011.28,10535.5,1.43218
13997.1,14253,64359.4,5991.08,6121,64145,5234.88,12801.4,1.43319
14636,14560,65878.3,8220.16,8384,64255.3,8024.08,12757.7,1.43319
13138.4,13256,64954.8,5774.48,5880,64359.9,2524.72,9488.7,1.43522
8789.95,9017,63885.8,3652.56,3805,62910.4,3492.2,7158.84,1.43522
8416.85,8439,65364,5275.92,5203,66454.5,2875.08,9659.52,1.43522
17553.3,17520,65660.4,10299.5,10324,65380.6,4759.88,8014.5,1.43623
6533.15,7040,60817.7,3220.12,3428,61561.8,13632.9,16946.3,1.43725
10075,10600,62290.1,4472.6,4696,62418.3,2523.96,8026.98,1.43725
21565.7,17505,80738.6,19450.7,16693,76362.5,7285.36,14496.3,1.43826
8017.75,8541,61521,3046.84,3181,62772,2425.16,6032.52,1.44637
13699.4,14012,64073.9,5487.2,5660,63535.2,2206.28,7034.82,1.44738
12767.3,12641,66190.8,5293.4,5413,64088,5753.2,13336.4,1.44941
11003.2,11709,61585.6,2955.64,3161,61278.3,8164.68,14234.2,1.45144
22040.2,17720,81513.9,15178.7,13196,75382.9,16302.8,28543.3,1.45144
15207.4,15559,64055,6388.56,6663,62836.7,4186.84,11493.3,1.45245
15288,13745,72893,11670.6,10693,71527.3,9047.04,15397.2,1.45549
22053.2,18657,77465.8,15992.7,14245,73576.4,5546.48,11930.1,1.45549
6869.2,7068,63692.7,4480.2,4456,65891.9,2357.52,8505.9,1.4565
11115,11337,64252.7,4741.64,4713,65934.3,3185.92,9257.82,1.45752
16607.5,16849,64596.7,7700.32,7985,63199.5,5858.84,14250.6,1.45853
14524.9,14359,66293.2,7196.44,7347,64193,9402.72,20916.5,1.46056
11289.8,11465,64534.8,5253.88,5497,62637.5,2561.2,8912.28,1.46157
16633.5,16597,65680.1,9838.2,10181,63329.4,4516.68,12929.3,1.46157
11709.8,11460,66964.2,6637.84,6688,65044.5,7572.64,8810.88,1.46157
13585,13609,65420.4,6434.92,6717,62783.8,2492.04,8654.1,1.46259
37961.3,29408,84597.1,26989.9,21604,81874.1,11669,19226.2,1.4636
6347.25,6471,64282.7,3090.16,3239,62524.5,2484.44,6319.56,1.46765
13391.3,13424,65376.4,5160.4,5284,64003,5296.44,12002.6,1.46867
13618.8,12276,72704.6,10466,9892,69338.6,12310.5,19999.2,1.46867
6937.45,7181,63313.3,2562.72,2713,61905.8,5551.04,9725.82,1.46968
10810.1,10797,65615.8,6584.64,6461,66790.1,16346.8,21017.9,1.46968
13366.6,13347,65632.2,8544.68,8792,63692.5,2514.08,5162.04,1.47475
10925.8,10405,68816.6,7992.92,8001,65469.8,4829.8,10160.3,1.47678
11610.9,11578,65722.5,4387.48,4426,64965.6,7788.48,13367.6,1.47779
16591.3,14459,75200.5,13556.9,12827,69265.1,6908.4,12452.7,1.48387
10104.9,10604,62451.4,3109.92,3352,60803,9264.4,15232.6,1.48691
9009.65,9521,62016.2,3910.96,4133,62015.2,5285.04,11413,1.48691
6405.75,6735,62332.2,2915.36,3035,62952.6,3216.32,7382.7,1.48894
9181.9,9420,63879.5,4275.76,4316,64925,6981.36,12350.5,1.48894
7085.65,7641,60772.8,2834.8,3005,61824.1,4990.92,10097.1,1.49198
6215.95,6581,61900.7,3254.32,3397,62783.4,2387.16,6197.88,1.49299
13324.3,13789,63327.6,5009.16,5229,62780.7,3658.64,10017.5,1.49299
5844.8,6133,62456.3,3650.28,3733,64083.8,6456.96,10283.5,1.49299
7656.35,8217,61064.4,3551.48,3757,61951,5802.6,11033.1,1.49502
12519,12808,64057.2,5126.96,5148,65268.2,9702.92,19765.2,1.49603
11372.4,11672,63853.8,3256.6,3484,61258.5,2886.48,8241.48,1.50313
7408.05,8052,60294.8,3704.24,3856,62956.7,19297.9,21772.1,1.50617
7384,7222,67006.1,6015.4,5858,67296.9,2908.52,8484.06,1.50617
10981.1,11366,63316.7,5462.12,5650,63356.7,6395.4,11552.6,1.50617
5520.45,5871,61622.9,2823.4,2875,64359.8,4544.8,7907.64,1.5082
5437.25,5356,66530.2,2299.76,2408,62590.1,12400.2,12569.7,1.51022
17895.8,17479,67098.8,10198.4,10151,65842.3,2701.04,8482.5,1.51225
10179,10612,62861.9,4614.72,4880,61973.4,2904.72,9735.18,1.51428
8311.55,7778,70031.6,5957.64,5906,66109,18419.4,22914.1,1.51529
11777.3,11799,65415.7,4209.64,4412,62530.1,5675.68,9285.9,1.51833
14508,14509,65531.5,6620.36,6969,62257.4,2451.76,9260.16,1.51833
13651.3,13795,64853.3,5912.04,6167,62826.6,2924.48,8845.2,1.51833
5480.15,5889,60986.1,2354.48,2533,60917.2,4360.88,8635.38,1.51935
11112.4,11574,62922.3,4274.24,4530,61835.9,3111.44,7117.5,1.52036
9604.4,9569,65778.4,6329.28,6049,68572.6,5631.6,12493.3,1.52137
7761.65,7889,64478.1,3092.44,3253,62301.3,4773.56,10955.9,1.52441
10992.1,11236,64113.7,2771.72,2900,62637.1,3793.92,7586.28,1.52543
10433.1,10701,63895.6,5443.12,5673,62880.4,6042,12428.5,1.52644
12965.5,13032,65201.8,5500.12,5512,65394.8,4186.84,12281.1,1.52745
12910.9,12992,65127.2,7296.76,7428,64378.1,2096.84,7045.74,1.52847
8601.45,8572,65761.1,3371.36,3528,62626.3,3518.8,9211.02,1.5305
22512.1,18220,80974.4,24399.8,22572,70842.9,15525.3,27553.5,1.53252
7436.65,7511,64887.3,3147.92,3283,62839.5,2690.4,7980.18,1.53354
14283.7,14457,64750.6,5405.12,5705,62091.1,5009.16,11103.3,1.53556
8379.15,8424,65187.1,2636.44,2796,61796,3050.64,7901.4,1.53658
12758.2,13033,64154.2,5322.28,5577,62542.8,2121.16,8147.1,1.54874
7497.75,7526,65290,4674.76,4802,63799.5,11029.9,13980.7,1.55077
8579.35,8957,62772.8,5294.92,5433,63870.4,3648,8932.56,1.55381
13542.1,13698,64790.1,5200.68,5449,62549.4,4059.92,11633.7,1.55583
8370.05,8713,62956.5,3473.2,3673,61971,11270,15215.5,1.55685
11241.1,11384,64713.3,4729.48,4920,62998.2,5769.92,9498.84,1.56496
10343.4,10248,66146.4,5687.84,5708,65304.5,3614.56,9216.48,1.56597
11573.9,12009,63161.6,4623.08,4905,61769.3,3461.8,11452,1.56597
12853.1,13001,64790.5,4791.8,4861,64603,2437.32,9501.96,1.568
10856.9,11138,63882.3,5713.68,6038,62015.9,7987.6,17046.9,1.568
12736.1,13108,63676.6,5550.28,5860,62072.2,2387.16,5857.8,1.56901
19998.5,18642,70305,15796.6,14790,69996.3,2927.52,9465.3,1.57002
10384.4,10593,64245.4,5665.8,5701,65131.4,5254.64,10640,1.57611
21218.6,14817,93850.5,19564.7,15397,83275.4,14680.2,27557.4,1.57611
11043.5,11089,65267.1,4390.52,4545,63308.5,2646.32,6472.44,1.57611
8394.75,8261,66597.1,4382.16,4325,66402.1,7361.36,12794.3,1.57813
6631.95,6873,63237.5,2730.68,2745,65194.1,2945,7978.62,1.57813
30122.3,26165,75447.9,19443.8,16449,77468,20425,31852.9,1.57813
12290.2,12204,65998.9,8719.48,8940,63919.4,2185.76,5256.42,1.58117
12272,12344,65153.7,6397.68,6504,64464.7,2739.04,8723.52,1.58219
8682.05,8448,67351.7,6624.92,6532,66468.3,3456.48,9258.6,1.58523
7534.8,8237,59949.1,2423.64,2621,60601.2,11304.2,17121.8,1.58624
13674,14220,63019.9,6103.56,6380,62696.4,4788,12497.9,1.58726
7607.6,7958,62650.4,3999.88,4178,62742,3636.6,8856.9,1.5903
5012.15,5252,62543.1,2433.52,2436,65469.3,3243.68,5627.7,1.59334
14263.6,14793,63190.6,5740.28,5997,62730.5,7421.4,13331.8,1.59435
10761.4,11132,63354.2,4514.4,4680,63217,2860.64,9258.6,1.59536
11447.1,11748,63857.7,5633.88,5780,63879.2,8103.12,15171,1.59536
7270.25,7464,63834.8,3448.88,3596,62854.8,2307.36,6030.96,1.59638
11620,12121,62827.5,3973.28,4189,62161.1,2275.44,6707.22,1.59638
9675.25,10148,62483,3968.72,4212,61750.7,7438.88,18756.7,1.59638
9808.5,10080,63770.8,3445.84,3584,63009.6,9791.84,16732.6,1.59739
13130,12933,66534.3,8252.08,8037,67289.8,15479.7,21400.1,1.59739
13818.3,14212,63720.8,4273.48,4468,62682.8,5357.24,13482.3,1.5984
14238.9,14311,65205.8,6814.92,6947,64290,9773.6,16380.8,1.60246
5607.55,5813,63219.7,2124.2,2241,62120.3,6339.16,10692.2,1.60347
8518.25,8885,62830.8,3649.52,3745,63865.1,5821.6,11735.1,1.60651
18192.8,18221,65434.8,11505.6,11501,65562.4,15817.9,19588.9,1.60753
6975.8,7071,64653.7,3205.68,3355,62619.2,2073.28,5396.82,1.61057
16159,15613,67827.8,11749.6,11593,66421.3,2976.16,7096.44,1.61361
10944.7,10956,65468.4,5700.76,5768,64772,3218.6,8583.12,1.61564
13261.3,13456,64587.7,5111,5300,63199,6412.88,11465.2,1.62476
16853.8,16885,65415.1,7565.8,7841,63235.8,3140.32,8098.74,1.62577
14890.2,14736,66221.8,6197.8,6304,64431.9,5218.92,5608.2,1.62577
7299.5,7545,63403.6,3976.32,4201,62031,13588,15724.8,1.6278
13133.9,13548,63532.9,5282,5528,62619.6,6570.2,13813.8,1.62881
11216.4,11129,66050.7,7596.2,7645,65117.7,2512.56,6387.42,1.62983
12435.8,12941,62977.6,4137.44,4429,61221.8,12736.8,22648.9,1.63388
4745,5025,61884.2,2056.56,2229,60466,2587.04,5652.66,1.63489
14515.8,14713,64657.6,7152.36,7401,63334.3,7528.56,16039.1,1.63591
24762.4,20700,78397.5,17801.5,15624,74669.6,3544.64,9903.66,1.63591
13022.1,13392,63725.8,4367.72,4672,61267.7,3509.68,11389.6,1.63793
11467.3,11829,63532.1,4371.52,4565,62758.4,4750,10785.8,1.63793
14906.4,15177,64367.7,6151.44,6329,63697.4,4620.8,9926.28,1.63996
11961.3,9603,81630.3,11072.4,9939,73009.7,26242.8,34642.1,1.63996
9097.4,9302,64094.5,5313.92,5654,61594.1,10140.7,18414.2,1.643
16331.2,15741,67993.4,8968.76,9065,64840.2,2658.48,2999.1,1.64706
14305.8,14349,65338.9,6561.84,6921,62135.1,7999,16793.4,1.6501
5091.45,5433,61416,2292.16,2397,62669.6,3671.56,7947.42,1.65618
4982.9,5384,60653.7,2831.76,2968,62527.7,4254.48,9407.58,1.65821
13548.6,13020,68196.7,5596.64,5676,64619.7,6805.8,14750.6,1.66429
10007.4,9880,66381.1,3744.52,3820,64241.1,2376.52,7360.08,1.67037
12594.4,13157,62733.7,6207.68,6257,65019.4,4049.28,11249.2,1.67341
9752.6,9293,68777.2,10010.7,9693,67684.2,14074.4,22386,1.67442
7402.85,7924,61225.8,3234.56,3360,63089.3,3450.4,9001.2,1.67544
27335.7,23448,76402.1,26062.7,23976,71239.7,3499.04,8711.04,1.68253
5916.3,5876,65985.5,3240.64,3360,63207.9,5727.36,9353.76,1.68456
5965.05,6280,62249.3,2594.64,2712,62700,9254.52,12650.8,1.68861
12028.9,12413,63508.1,5281.24,5561,62239,4821.44,10572.1,1.69469
11869,12169,63920.4,4908.08,5053,63656.4,8721,16023.5,1.69773
26274.9,20011,86050.4,24336.7,18799,84841.3,26179,33849.7,1.69875
10990.8,11493,62672.6,5382.32,5477,64403.1,6986.68,12017.5,1.70078
5822.05,6113,62416.8,1562.56,1669,61356.5,4813.08,9153.3,1.70483
13223.6,13792,62835.1,5907.48,6164,62808.7,16317.2,18997.7,1.70787
5289.7,5302,65384,2215.4,2374,61157.7,3110.68,6216.6,1.71091
15486.2,14948,67895.8,6527.64,6656,64272.1,3058.24,8836.62,1.71294
12651.6,12589,65861.9,5956.12,5981,65263.4,10780.6,18949.3,1.71395
11586.3,12093,62789.8,4810.04,5129,61460.5,4706.68,12516.7,1.71497
7999.55,8420,62263.5,3758.2,3988,61759.6,7643.32,9602.58,1.71497
8615.75,8148,69298.2,6285.2,6160,66868,14993.3,23637.1,1.71598
12825.1,12840,65460.2,8301.48,8376,64952.9,3291.56,7245.42,1.71699
12670.4,12839,64675.6,5437.8,5507,64712.5,3587.96,10260.1,1.71699
6438.25,6869,61426.3,2754.24,2849,63356.2,6228.2,9993.36,1.71699
10777,11102,63617.5,4350.24,4538,62824.4,3480.8,8516.04,1.71699
6249.1,6513,62880.5,3100.04,3233,62840.8,7406.96,11746.8,1.71801
9036.95,9469,62545.7,6493.44,6653,63964.2,7621.28,14011.9,1.72003
5640.7,6061,60991.4,2916.88,3113,61407.2,5415.76,9226.62,1.72307
33613.4,30197,72950.7,19575.3,18737,68468.2,1948.64,200.46,1.72409
9409.4,8896,69318.2,7011,6672,68865.8,8284.76,15587.5,1.72409
11020.8,10506,68747,5658.96,5658,65547.1,12473.1,16858.9,1.7251
29212.3,18053,106046,25851.4,18741,90400.6,24397.5,41005.4,1.72611
7226.7,7193,65843,3517.28,3561,64731.4,6536,11995.6,1.72713
10946,10648,67370.1,4293.24,4376,64296.6,9067.56,15215.5,1.72713
9781.2,9933,64534.4,4863.24,5069,62875.8,2713.96,9070.62,1.72814
22323.6,18442,79329.8,17926.9,16190,72566.8,11210.8,18252,1.72916
16864.9,16612,66533.7,10149.8,10640,62516.7,2225.28,5052.06,1.73017
11454.3,11788,63680.8,5622.48,5948,61949.4,2228.32,7030.92,1.73321
8762.65,9085,63210.7,4120.72,4381,61642.4,5374.72,11945.7,1.73321
7255.3,7708,61687,5333.68,5468,63926.1,12377.4,21592.7,1.73524
6677.45,7183,60923.5,3205.68,3295,63759.5,2972.36,6582.42,1.73524
18065.4,12328,96036.4,7709.44,4504,112177,8991.56,17461.1,1.73524
28158.6,22549,81839.8,18865.5,15873,77891.3,12948.1,20322.1,1.73828
14913.6,14599,66948.3,11613.6,11127,68401.8,13536.4,13469.8,1.73929
7637.5,7845,63802.6,6374.12,6245,66891,3901.08,8073,1.74132
14255.1,13689,68246.4,6821,6765,66078.5,3828.12,11274.1,1.74537
12853.8,13593,61971.9,5358,5533,63463.2,2499.64,7485.66,1.74943
16072.5,17025,61869.6,8528.72,8661,64535.1,9869.36,16493.1,1.75044
9457.5,10397,59614,4080.44,4285,62407.4,4893.64,11811.5,1.75044
11243,11692,63019.5,6734.36,7100,62161,2900.92,7599.54,1.75145
18874.7,19237,64301.7,8721,8789,65029,7039.88,14416.7,1.75652
9527.05,10333,60424.3,3429.12,3593,62546.8,9988.68,15329.3,1.75652
9220.25,9672,62475,4648.16,4728,64429.3,3933,9920.04,1.75754
11292.4,11765,62903.7,4959.76,5125,63423,7780.88,16924.4,1.75754
30614.3,24859,80708.9,25107.4,20907,78702.6,9026.52,14960.4,1.75855
9217,9601,62914.8,4797.88,5093,61738.4,2362.08,8370.18,1.75956
8716.5,9057,63072.2,4968.88,5205,62563,7476.12,14825.5,1.76058
23404.5,19889,77120,14939.3,13185,74255.8,2093.04,4479.54,1.76159
11823.5,12404,62469,5114.04,5376,62342.6,11746.6,17308.2,1.76159
14293.5,14229,65833.1,11242.7,11329,65036.7,17089.4,19790.9,1.76463
10012.6,10017,65507.2,5465.16,5249,68234.9,11649.3,17300.4,1.76666
11797.5,12385,62427.2,5189.28,5349,63579.1,4235.48,10150.9,1.77071
14474.8,14573,65094.6,7493.6,7609,64542.1,4452.84,11061.2,1.77071
12227.8,12725,62975.3,4206.6,4373,63042.2,11611.3,15635.9,1.77274
17132,17420,64452.7,9836.68,9944,64828.7,5993.36,10576.8,1.77477
14259.7,13358,69959.8,10453.8,9742,70324.4,15548.1,16645.2,1.77578
14126.4,14344,64542,5932.56,6232,62387.1,5842.88,12875.5,1.77781
29894.8,26141,74946.9,22553.8,20713,71360.2,9820.72,22176.2,1.77882
7849.4,7833,65673.2,3375.92,3497,63266.9,4431.56,8797.62,1.78085
11831.3,11892,65201.5,6609.72,6432,67346.8,16213.1,26039.5,1.78592
13973,13945,65667.8,8149.48,8169,65379.4,2130.28,6169.8,1.78592
5656.3,5752,64445.6,2368.16,2456,63192.1,6532.96,9026.94,1.78997
13900.2,14133,64456.7,5598.16,5809,63157.3,4088.8,10806.1,1.79605
6833.45,7293,61406.4,3403.28,3593,62075.5,3917.04,9321.78,1.79707
14742.6,15296,63165.2,7205.56,7152,66026.8,5145.2,12527.6,1.80213
8812.7,9237,62525.6,6409.84,6241,67309,3754.4,8338.2,1.80315
14010.1,14722,62366.9,7111.32,7362,63304.5,4341.88,10915.3,1.80416
7871.5,8389,61493.2,3634.32,3813,62464.9,2307.36,6628.44,1.80517
8841.95,9528,60817.2,4226.36,4428,62551.7,12132.6,16644.4,1.80923
17039.1,16976,65779.6,8205.72,8420,63868.2,2732.96,4382.82,1.81024
10348,10884,62308.6,5092,5268,63346.5,6564.12,12167.2,1.81024
5133.7,5208,64601,2990.6,3080,63633.8,2890.28,6276.66,1.81227
14903.2,15161,64421.6,7584.8,7725,64346.6,8403.32,14527.5,1.8143
10312.9,10689,63230.1,7861.44,7969,64651.4,7378.84,14054.8,1.81531
11176.1,11663,62800,5675.68,5759,64587.8,3584.92,9321.78,1.82038
5844.15,6575,58251.3,2794.52,2975,61560.2,5364.84,9954.36,1.82139
10485.1,11444,60045,5038.8,5328,61978.8,2552.84,8206.38,1.82342
11039.6,11809,61266.1,3403.28,3553,62774.4,4703.64,11328.7,1.82342
9833.85,9666,66674,5795.76,5750,66057.5,12628.2,14915.2,1.82342
7885.8,7584,68144,8705.8,5860,97362.3,157502,262143,1.82545
8450,8337,66424.3,3353.12,3493,62911.6,9087.32,13288.1,1.82646
11064.3,11390,63662,4866.28,5098,62557.2,9598.04,16380,1.8295
5126.55,5580,60210.3,3923.88,4076,63090.1,3596.32,8069.1,1.8295
11354.8,11801,63058.3,4852.6,5161,61619.8,6672.04,14500.2,1.83457
15705.9,16193,63564.8,6064.04,6245,63637,4886.04,12309.2,1.83659
10511.8,10728,64215.3,7134.88,7228,64691.7,17667.7,24325.9,1.84065
10060,10628,62033.8,5158.12,5296,63829.8,3760.48,11345.9,1.84268
12864.1,13318,63302.7,5574.6,5762,63404.5,3016.44,8491.86,1.84268
25450.8,22369,74564.8,19512.2,17205,74324.6,33986.4,39822.9,1.84369
9731.15,9869,64620.6,3724.76,4009,60889.5,8702,15274.7,1.8447
15146.3,14666,67682.3,12529.4,12446,65974.9,2718.52,6473.22,1.84572
10423.4,10585,64535.5,4472.6,4781,61308.6,5472.76,13649.2,1.84673
8827,9180,63015.9,3423.8,3608,62190.2,2913.84,8621.34,1.84774
10528.7,10868,63490,4312.24,4468,63251.3,2795.28,8673.6,1.84774
10894.6,10858,65757.2,5258.44,5290,65145,6397.68,14625,1.84876
10421.4,10777,63373.9,4400.4,4489,64242.5,3456.48,8020.74,1.84876
6407.7,6853,61277.5,3541.6,3745,61976.6,3237.6,8862.36,1.84977
4934.15,5545,58316.4,2509.52,2669,61620,2060.36,6511.44,1.85078
5603,6328,58027.5,2758.8,2844,63572.7,2821.88,6484.92,1.85078
19120.4,18746,66844.9,10166.5,10302,64674.1,3326.52,9786.66,1.85484
9150.7,9584,62573.1,7660.8,7668,65474.5,4061.44,9062.82,1.85687
13967.8,12897,70977.5,11232,10629,69254.2,5564.72,13919.1,1.85687
22699.3,19188,77528.7,14754.6,13156,73499.6,9786.52,17154.5,1.85788
16441.1,12456,86503.2,18683.8,15820,77399.8,9484.04,26224.4,1.85889
10256.3,9829,68385.4,6217.56,6049,67362.2,4351,12711.7,1.85889
13258,13300,65329.3,5803.36,5984,63557.7,3934.52,10291.3,1.86092
11291.1,10981,67387,8828.92,8629,67054.4,12219.3,14713.9,1.86092
7569.9,7557,65647.9,3321.2,3381,64376.9,4000.64,9540.96,1.86092
10736,10356,67941.1,8029.4,7924,66407.7,6128.64,10628.3,1.86497
49351.9,30713,105308,64676,44989,94214.3,6479.76,611.52,1.86497
9311.25,9490,64301.6,4637.52,4786,63502.8,2786.16,7386.6,1.86599
11051.3,11392,63576,5080.6,5296,62870.5,6232,12421.5,1.86802
11566.1,12129,62494.5,4148.84,4369,62233.5,3017.96,9035.52,1.86903
44089.5,32404,89169.5,39077.7,31088,82378.9,3597.84,3307.2,1.86903
8966.75,9189,63950.9,7367.44,7089,68110.1,6328.52,13186.7,1.87106
10845.3,11161,63682,4689.2,4797,64063.3,6430.36,11984.7,1.87207
11947,11611,67432.5,8281.72,7999,67852.3,20987.4,24196.4,1.87511
12514.4,12573,65230.8,5474.28,5645,63554,9490.88,15177.2,1.87511
13906.1,14461,63021.2,5073,5241,63435.2,11489.7,17809.7,1.87612
7138.3,7713,60652.9,3309.04,3429,63243.3,11387.1,12268.6,1.87714
11394.5,12150,61460.9,5832.24,6118,62474.9,5545.72,12562.7,1.87714
8569.6,9085,61818.1,3400.24,3593,62020.1,6427.32,13044.7,1.87916
13211.3,13568,63812.8,5747.88,6000,62782.2,2366.64,7725.9,1.88018
14010.1,14648,62682,6319.4,6488,63833,2235.16,7906.86,1.88322
10556,11127,62172.9,5092,5315,62786.3,10716,18723.9,1.88423
13838.5,14307,63389.9,7576.44,7715,64359,3262.68,8118.24,1.88525
10561.8,11272,61407.1,2779.32,2920,62378.6,4753.8,10326.4,1.88626
34418.8,27097,83244.3,24358.8,20541,77716.6,3958.84,9739.08,1.88626
11809.8,12181,63539.1,5559.4,5797,62849.9,3378.96,9140.04,1.88727
7657,8320,60313.6,3635.08,3808,62560,2168.28,6566.82,1.8893
9392.5,9665,63688.2,3700.44,3909,62039.4,3616.84,10497.2,1.89234
13817.7,13739,65911.4,4787.24,4849,64701.3,4566.84,11413.7,1.89335
12063.3,12452,63490.5,7049.76,7268,63568.1,3319.68,8305.44,1.90248
7525.7,7605,64852.6,5682.52,5713,65186.3,10650.6,18708.3,1.9045
6797.7,7128,62499.2,2891.8,3052,62096,8630.56,13577.5,1.90552
6027.45,6028,65530,2694.96,2696,65510.7,5514.56,10638.4,1.90653
16575.6,16224,66956.5,7492.08,7584,64741.7,5517.6,14884.7,1.90754
13471.2,13510,65348,4291.72,4454,63148.2,4677.04,10689.1,1.90754
6202.3,6449,63029,2647.84,2817,61600.6,2910.8,7591.74,1.90856
6282.25,6496,63379.5,2906.24,3088,61678.5,3015.68,7339.8,1.90957
11541.4,11777,64224.9,5091.24,5333,62565.1,2054.28,5426.46,1.91363
16449.5,16608,64910.8,9742.44,10068,63416.8,2090,4080.96,1.91565
9991.8,10148,64527.3,8732.4,8756,65359.4,2979.96,7026.24,1.91667
12250.5,12196,65829.1,7292.96,6932,68948.6,6306.48,10023.8,1.91768
10940.8,11136,64387.2,4917.2,4944,65180.7,7593.92,14770.9,1.91869
7371.65,7573,63793.5,4348.72,4453,64001.3,6584.64,11944.9,1.91971
7875.4,8121,63554,4349.48,4521,63049.7,5947,12541.6,1.91971
12717.9,13112,63566.2,5617.16,5896,62436.6,6831.64,17224,1.92072
8580.65,9216,61017.9,3511.2,3776,60940.1,2240.48,6439.68,1.92072
12297.3,12856,62688.2,4768.24,5020,62249.3,8210.28,13809.1,1.92376
11649.9,12411,61517.3,4779.64,5067,61819.3,5750.16,10934,1.92478
7514.65,7845,62776.3,1937.24,2001,63447.8,5826.92,10259.3,1.9268
12858.9,13062,64517.2,5828.44,6006,63598.5,3736.92,8226.66,1.92782
16200.6,16421,64656.4,5600.44,5809,63183.1,5367.88,12981.5,1.92883
15303.6,15660,64044.5,7131.08,7272,64266,5677.96,11615,1.92984
8172.45,8740,61280.3,4181.52,4464,61388.9,10912.8,15537.6,1.93086
11385.4,11653,64031,5476.56,5729,62648.3,2457.08,8687.64,1.93592
6123.65,6353,63170.1,2853.8,2965,63078.1,10587.6,15790.3,1.93998
12534.6,12533,65544.4,5032.72,5121,64406.2,11638.6,15040,1.94099
7463.95,7798,62728.6,2746.64,2882,62457.9,9770.56,15437.8,1.94302
6578,6876,62695.7,2917.64,3116,61364.1,2231.36,7328.88,1.94403
10433.1,10284,66486.5,6454.68,6520,64879.4,2959.44,10360.7,1.94809
8787.35,8878,64866.8,3570.48,3738,62599,2859.88,8034.78,1.9491
12879.8,13005,64904.8,9799.44,9641,66613,9899,13087.6,1.95011
27254.5,19332,92393.5,27105.4,21264,83539.3,32843.4,52487,1.95011
14261.6,14692,63616.4,5819.32,6000,63562.5,4291.72,9852.18,1.95113
4671.55,5041,60732.9,2267.08,2385,62295.8,2296.72,5980.26,1.95113
21444.8,16853,83392.1,25172.7,20833,79187.8,9291.76,17581.2,1.95316
13296.4,13148,66275.7,7375.8,7448,64900.7,9208.16,19374.4,1.95417
6752.2,7120,62150.6,2732.96,2928,61170.5,5345.08,9893.52,1.95518
11401.6,11460,65202.3,5455.28,5424,65913.9,2562.72,7962.24,1.9562
13416,13244,66387.1,5096.56,5096,65543.2,3201.88,10092.4,1.95822
26298.3,18121,95110,21935.9,17497,82162.1,18553.1,40388.4,1.96025
11064.9,11424,63476.2,5022.08,5108,64433.6,5415,12253,1.96228
16552.3,16697,64967.9,6047.32,6105,64916.8,2698,10145.5,1.96228
14069.2,14285,64546.2,5378.52,5693,61915.8,10646.1,15389.4,1.96329
11555,11806,64143,5260.72,5498,62707.6,2456.32,8243.82,1.9643
10779.6,10621,66514.6,6979.84,7001,65337.9,13005.9,20219.2,1.9643
19484.4,16461,77573,17879.8,15257,76802,8638.16,15196,1.9643
14008.1,14289,64247.9,6589.2,6769,63795.2,2754.24,9439.56,1.96532
13037,13260,64434.1,6157.52,6412,62935,2469.24,8392.8,1.96633
5354.7,5333,65802.7,2926,2981,64326.8,4050.04,8236.8,1.96836
13354.2,13581,64441.8,5795.76,6125,62013.2,3439,10665.7,1.97039
21505.3,17393,81030.8,15809.5,14005,73980.2,5043.36,10696.1,1.97748
12054.3,11872,66542.1,4213.44,4292,64336.4,8299.2,14817.7,1.97748
5513.95,5868,61581.8,2603,2780,61363.4,4612.44,8066.76,1.97849
13855.4,14373,63175.9,4847.28,5121,62033.1,2701.8,8315.58,1.97951
13639.6,13369,66862.5,5827.68,5933,64372.6,2285.32,8433.36,1.98255
9410.05,9613,64152.4,4682.36,4921,62357.9,3542.36,9076.08,1.9866
30084.6,22953,85898.3,27733.9,23193,78367.2,4702.88,13765.4,1.98762
12415,12667,64232.2,5622.48,5707,64565.4,3856.24,10929.4,1.98863
12650.3,12780,64870.9,4470.32,4712,62174.6,8058.28,14692.1,1.98964
19471.4,16828,75830.6,14130.7,12952,71500,5063.88,15012.7,1.99775
24076,20649,76412.6,20577,18617,72435.6,14608,28785.9,1.99775
11072.8,11228,64629.8,4939.24,4888,66223,3375.92,10194.6,1.99877
8698.3,9029,63135.6,3391.12,3621,61375.4,9838.96,15078.2,1.99877
9891.7,9189,70547.6,5586,5425,67480.9,28621.6,26010.7,2.00079
16532.1,16722,64791.8,4652.72,4809,63406.2,5428.68,12955.8,2.00383
5818.8,6168,61825.7,2947.28,3112,62067.1,5273.64,10218,2.00485
11019.4,11075,65207.3,5042.6,5159,64057.3,6904.6,14143,2.00586
16207.7,15680,67741.8,10244.8,10148,66161.1,3608.48,9024.6,2.00586
7547.8,7729,63999.6,2941.2,3045,63302,2663.04,5317.26,2.00586
10058.1,9576,68835.4,4233.96,4264,65074.3,9911.16,17036.8,2.00687
8199.1,7733,69486.1,6361.2,6161,67665.6,2741.32,5733,2.01296
9242.35,9331,64913.4,3016.44,3235,61108.3,4608.64,9791.34,2.016
15538.9,15830,64330.8,6170.44,6498,62232.4,15743.4,21595.1,2.01701
11851.4,11877,65395,4362.4,4545,62903,4062.2,10051.9,2.01701
11935.3,11752,66558.2,8829.68,8844,65429.9,3170.72,7856.94,2.02005
10146.5,10381,64055.6,4327.44,4553,62289.3,9227.16,16674.1,2.02005
8073.65,8344,63412.6,2933.6,3068,62665.1,3230,8417.76,2.02106
28146.3,20448,90209.1,29884,23700,82636.1,20010.8,32384,2.02208
18387.2,18164,66341.3,10827.7,10852,65389.4,2696.48,6213.48,2.02411
23267.4,18697,81556,17144.1,14317,78476.9,21299,38105.3,2.02816
10903.1,9924,72001.8,7186.56,6960,67669.3,13740,17545.3,2.02917
10880.3,11436,62351.8,5247.04,5496,62567.3,5459.08,12716.3,2.03019
15180.7,15184,65522,8277.92,8576,63258.1,5470.48,11771,2.03323
12110.8,10641,74588.2,8415.48,7909,69732.8,3397.2,10600.2,2.03424
6816.55,7008,63745.6,3437.48,3540,63638,5203.72,9296.04,2.03525
12763.4,12289,68065.9,4902.76,4949,64923.7,3692.08,9366.24,2.03525
9372.35,9197,66785.5,3140.32,3305,62270.5,13971.1,16881.5,2.03627
15103.4,15073,65668.2,5856.56,6133,62582,4675.52,12327.1,2.03728
6011.85,6001,65654.5,2591.6,2805,60550.1,2256.44,6889.74,2.04032
13994.5,13811,66406.7,5668.08,5955,62378.4,3498.28,10487.9,2.04032
18474.9,17957,67426.3,8081.84,8357,63378.2,3506.64,9466.08,2.04438
18074.5,18024,65719.8,7606.08,8028,62091.7,3311.32,6598.02,2.0464
10017.1,9493,69154.5,6530.68,6629,64564,19730.4,26467,2.04742
10322,10281,65797.4,4347.2,4537,62794.4,6331.56,11086.1,2.05147
10443.5,10288,66526.9,7793.8,7508,68030.7,10977.4,27179.1,2.05553
16040.7,15773,66648.3,8957.36,8761,67004.9,5281.24,10311.6,2.05654
8702.2,9742,58541.1,3625.96,3898,60962.3,3824.32,9245.34,2.05857
7200.05,7586,62201.8,5282.76,5426,63805.9,11269.3,16887,2.05958
12391.6,13337,60890.4,5812.48,6041,63056.9,6403,13976,2.06059
15105.3,13865,71398.8,14139.8,12877,71962.9,8304.52,15174.1,2.06161
5734.3,6544,57427.1,3774.16,3876,63814.1,9734.84,12543.2,2.06262
11125.4,12121,60153,5784.36,5913,64110.2,2672.16,7654.92,2.06465
11143.6,11857,61592.9,6010.08,6289,62629.5,2211.6,8107.32,2.06972
14017.9,14429,63668.8,8902.64,8862,65836.5,10265.3,17012.6,2.07478
16868.8,17205,64255.4,8290.08,8661,62729.3,3863.08,9849.84,2.0758
12040.6,12973,60825.8,4268.92,4585,61018.1,5662,11094.7,2.0758
15154.1,15797,62868.8,6429.6,6757,62360.6,5920.4,10437.2,2.07782
16703.7,13556,80753.4,18460.4,16480,73411.5,4392.04,11071.3,2.07985
10429.3,11160,61244.7,3322.72,3512,62003.9,5137.6,11856,2.08492
11310.6,11664,63550.6,5605,5568,65971.5,11382.5,20466.4,2.08492
7244.9,7847,60507.4,3983.92,4211,62001.9,4346.44,9111.96,2.08593
15384.8,15812,63765.6,6649.24,6976,62466.3,4445.24,10762.4,2.08897
9574.5,9780,64158.9,7302.84,7476,64018,9228.68,17942.3,2.08999
5275.4,5549,62304.7,2324.08,2505,60802.8,5338.24,7723.56,2.08999
7076.55,7528,61605.8,3638.12,3788,62942.9,3914,8161.92,2.091
5303.35,5855,59361.3,2783.12,3067,59470,6276.84,10266.4,2.09201
11615.5,11963,63632.3,3732.36,3809,64217.4,4988.64,12456.6,2.09404
7564.7,8065,61470.6,3525.64,3729,61962,9587.4,14309.9,2.09506
6936.8,7501,60606.6,3107.64,3289,61922.3,4409.52,9765.6,2.09708
9490,9193,67653.3,5796.52,5725,66354.7,16430.4,25041.9,2.0981
8952.45,9580,61243,4312.24,4508,62690.1,9908.88,13986.2,2.10012
10104.3,10453,63349.5,4005.96,4161,63094.1,7305.88,13344.2,2.10114
12052.9,12232,64576.7,5984.24,6204,63214.6,9702.16,16285.6,2.10925
7797.4,7944,64326.6,3692.08,3852,62815.2,3761.24,9997.26,2.10925
5989.75,6359,61730.5,2603,2739,62281.9,12826.5,15130.4,2.11634
11887.2,12333,63167.1,6080.76,6233,63935.3,4957.48,12099.4,2.11837
11971,12324,63659.1,5674.92,5696,65293.5,7310.44,15589.1,2.11837
5542.55,6089,59654.6,3296.12,3453,62558.5,10842.2,14639.8,2.11938
9711,10060,63262.4,4033.32,4136,63909,9350.28,14788.8,2.11938
19756.1,16452,78697.8,14595.8,12836,74520.9,7556.68,13936.3,2.11938
9690.2,10228,62090,5451.48,5700,62678.6,2162.96,7161.96,2.12749
6295.9,6597,62544.8,5158.88,5185,65205.9,2291.4,7830.42,2.13154
7114.9,7660,60872.3,3799.24,3932,63323.2,2476.84,7144.8,2.13154
9268.35,9584,63377.6,5608.04,5668,64842.7,3289.28,10002.7,2.13357
13092.9,13619,63004.6,5214.36,5511,62008.4,2138.64,8058.96,2.13458
6727.5,7098,62115.2,2836.32,3024,61468.6,6605.16,10484.8,2.13763
11628.5,11900,64040.8,5069.96,5256,63216.3,6968.44,16141.3,2.13763
6733.35,7005,62994.5,2771.72,2905,62529.2,6056.44,10193,2.13763
7937.8,8448,61578.1,3208.72,3376,62288.7,3888.16,8474.7,2.13965
10427.3,10745,63598.3,5769.16,5917,63898.5,2174.36,7280.52,2.14067
9277.45,9713,62597.2,4017.36,4065,64767.9,3150.96,8734.44,2.14675
22077.3,17975,80492.6,18306.1,16323,73498.1,6383.24,15355.1,2.14877
12565.8,13108,62825.2,5270.6,5556,62169.6,4465,12519.8,2.15486
7838.35,8057,63757.5,3261.16,3417,62547.1,9151.16,15250.6,2.15688
7561.45,8044,61604.6,3227.72,3468,60995.3,4154.16,8652.54,2.1579
10635.3,10544,66103.5,6187.16,6352,63835.3,8932.28,15670.2,2.16094
7257.25,7541,63070,3413.92,3601,62131.3,3287,9058.14,2.16296
13312,13332,65437.7,4895.92,5056,63461,4139.72,11093.2,2.17209
11846.3,11848,65526.3,5581.44,5736,63770.1,2529.28,8738.34,2.17209
6029.4,6044,65377.7,3527.16,3624,63784.8,5775.24,10191.5,2.17209
38368.8,29384,85575.2,31623.6,25688,80679.1,2769.44,536.64,2.1731
17511,16781,68386.9,10035.8,10029,65580.4,9348,16049.3,2.17918
23554,18053,85505.9,25073.9,20241,81184,23621.6,37950.9,2.18121
12396.8,12381,65619.6,7191.88,7293,64627.3,3372.88,8647.08,2.18222
8499.4,8380,66469.8,6320.16,6216,66634.2,2995.92,7293.78,2.18222
14948.7,14935,65596.1,7549.08,7815,63306,3133.48,8986.38,2.18425
14495.6,14236,66731.3,4696.04,4920,62552.8,4952.16,10009.7,2.18425
11300.9,11656,63539.4,4887.56,5000,64062.2,3682.2,10237.5,2.18628
15712.4,12473,82556.8,12572.7,11613,70951.8,3499.8,7256.34,2.19033
11265.1,11673,63246.2,4553.92,4745,62896.9,5075.28,12012.8,2.19134
9982.7,9752,67086.4,6571.72,6552,65733.3,4347.96,8669.7,2.19134
13854.1,14096,64411.3,6399.96,6512,64408.4,5782.84,13299.8,2.19236
18868.8,16363,75572.3,12837.9,11505,73128.7,9695.32,20979.7,2.19337
5121.35,5561,60354.8,2769.44,2969,61131,4575.96,9746.88,2.19641
7584.2,7121,69798.9,4395.08,4385,65686.7,10057.8,15610.9,2.19743
14510.6,14481,65670,5911.28,6161,62879.7,3251.28,9591.66,2.19743
9126,9432,63409.8,3632.04,3848,61857.9,3797.72,9922.38,2.19844
7506.2,7632,64455.8,3193.52,3344,62586.9,10597.4,15015.8,2.20452
15931.5,16365,63800,6077.72,6269,63536.4,2526.24,6223.62,2.20756
10120.5,10617,62471.2,5063.12,5181,64044.9,2935.12,9030.06,2.20858
11395.8,10733,69583.1,6023.76,5817,67865.4,19319.2,24753.3,2.2106
10088.6,10048,65801.1,7583.28,7572,65633.6,4758.36,10201.6,2.21263
15297.1,15065,66545.7,10213.6,10349,64678.8,4887.56,10421.6,2.21263
15647.4,15300,67024.3,12035.4,11936,66081.5,7660.8,12963.6,2.21466
10620.3,10668,65243.3,5696.2,5532,67481.2,20008.5,25899.9,2.21668
12242.1,12177,65886.4,5389.16,5505,64156.9,5186.24,11818.6,2.2177
16015.3,15156,69251.9,12698.1,12208,68166.9,11869.7,15414.4,2.21871
14984.4,14224,69039.7,10168.8,9780,68141.4,12721.6,24847.7,2.21973
11543.3,11056,68424.8,4155.68,4208,64721.2,5120.88,11029.2,2.22378
12073.1,12345,64092.6,5464.4,5741,62378.5,10545.8,15370.7,2.22479
14119.9,14707,62920,5294.16,5507,63003.1,7164.52,14700.7,2.22581
13986,11153,82183.3,6954.76,4993,91285.2,6861.28,14888.6,2.22986
12158.3,12257,65008,5424.12,5525,64339.4,5598.92,11808.4,2.23087
10420.1,10417,65555.8,4433.84,4513,64386.5,2402.36,7955.22,2.23087
9640.15,9882,63932.1,4922.52,4878,66134.1,2646.32,7409.22,2.23189
13487.5,13676,64632.7,7710.96,7708,65561.2,3528.68,7509.84,2.23189
10626.2,11062,62954.1,5995.64,6198,63396.3,4005.2,12019.8,2.23493
8710,8986,63523.1,4822.2,4842,65268,4522.76,11025.3,2.23493
4969.25,5048,64513.6,2413.76,2536,62377,6097.48,8776.56,2.23594
11009.7,11120,64885.9,7806.72,7780,65761.1,8260.44,19252.7,2.23898
19059.3,17013,73418.6,14194.5,13201,70468.3,16653.1,27637.7,2.24101
7703.8,8111,62245.9,5182.44,5339,63614.2,4770.52,11786.6,2.24101
11649.3,11909,64106.9,6715.36,7029,62611.7,3287,9476.22,2.24405
9302.15,9313,65459.6,5487.96,5653,63622.7,2781.6,8559.72,2.24506
9594,9935,63286.6,3113.72,3295,61930.4,9311.52,15304.4,2.24608
28292.5,25756,71990.2,15686.4,14764,69630.4,13366.1,31106.4,2.24709
12823.8,13164,63842.6,6388.56,6536,64057.6,2403.12,7788.3,2.24912
10764,11252,62693.7,7033.8,7024,65627.4,5637.68,10264,2.24912
6204.9,6816,59660.3,3501.32,3604,63668.8,6033.64,9108.84,2.25013
15414.7,14993,67379.5,5434.76,5537,64325.9,2963.24,8923.2,2.25621
18337.8,15684,76625,14403.5,13296,70995,8500.6,17752.8,2.25621
11032.4,10992,65777.2,8717.2,8436,67720.5,5540.4,9519.9,2.25723
11765.6,11752,65612.1,4239.28,4504,61684.2,15767.7,18791,2.25824
4817.8,5058,62423.8,2704.08,2770,63976.4,4262.84,7881.9,2.25925
10628.1,10692,65144.6,7121.2,7060,66104.1,7524.76,14132,2.26027
7946.25,8168,63756.8,3737.68,3916,62551.7,12063.5,13140.7,2.26027
19446,15837,80470.8,20461.5,18121,74000.5,13197.4,24077,2.26128
42827.8,34293,81846.6,31758.1,27333,76146.1,14272.8,29170.4,2.2623
10566.4,10823,63982.2,4134.4,4247,63798.5,8747.6,13682,2.26534
22687.6,17420,85353.3,19906.7,16088,81091.8,24052.5,39496.9,2.26534
14047.1,14516,63419.3,8334.92,8576,63693.7,2340.8,6724.38,2.26736
6399.9,6765,61999.1,3819,3865,64756,5136.08,9358.44,2.26736
6503.9,7181,59356.6,2252.64,2285,64607.9,4002.16,6894.42,2.26736
15628.6,16109,63581.6,6827.08,6761,66176.5,2377.28,4319.64,2.26939
14297.4,14608,64142.6,5472.76,5588,64184.5,2111.28,7932.6,2.27142
4996.55,5545,59053.9,2356,2441,63253.9,2271.64,6387.42,2.27547
12762.1,12709,65809.8,9753.84,9733,65676.3,12974,17554.7,2.2775
14417.6,13068,72304.5,14621.6,13192,72638.3,7419.12,16843.3,2.27953
25492.3,19053,87685.2,24450.7,18921,84689.1,15114.9,31237.4,2.28155
12548.3,13307,61799.2,5605.76,5759,63792.2,5897.6,11178.2,2.28155
19505.8,16774,76209.3,13879.9,12418,73251.1,4382.16,8321.82,2.28155
11287.3,11984,61725.7,5316.2,5476,63623.5,7164.52,12009.7,2.28358
7899.45,8297,62395.9,3842.56,3997,63003.8,4017.36,8755.5,2.28561
14457.3,14596,64913.2,5591.32,5796,63221.7,5495.56,12658.6,2.29068
10705.5,11019,63671.4,4664.12,4811,63535.2,3625.2,10005.1,2.29169
10782.8,11135,63463.4,4810.8,4939,63834.9,4847.28,10664.2,2.29169
12516.4,12804,64063.9,7278.52,7252,65775.7,8608.52,13844.2,2.2927
5509.4,5995,60227.5,2849.24,3023,61769,14883.8,19198.9,2.29372
13809.2,14288,63340.1,6576.28,6848,62935.6,2894.08,7739.16,2.29473
12363.6,12556,64532,5680.24,5644,65956.8,4834.36,12770.9,2.29777
11363.3,11912,62517.2,4831.32,5036,62872.4,5050.2,12154.7,2.29777
20847.4,18400,74253.2,14921.8,13680,71485.2,7243.56,16208.4,2.29878
12790.7,12485,67140.7,7997.48,7557,69355.9,16639.4,24524.8,2.30182
9906,10177,63790.9,3447.36,3537,63875.1,7980.76,12887.9,2.30182
9469.85,9923,62543.2,4251.44,4371,63743.4,6441,11653.2,2.30791
7681.7,8073,62359.5,6013.12,5961,66109,2878.12,8613.54,2.30892
12582,12977,63541.4,5830.72,5989,63804,2632.64,7414.68,2.30993
19856.8,14316,90901,9707.48,7128,89252.2,7022.4,17518.8,2.31297
10661.9,11231,62215.4,4643.6,4795,63466.7,3863.08,10662.6,2.31399
15028,15093,65253.8,7509.56,7585,64884.2,3287,10576.8,2.315
21941.4,18413,78094.4,18335.8,16141,74447.2,4128.32,15017.3,2.32108
19358.9,15851,80039.6,16799.8,14715,74821,4474.88,12542.4,2.32311
7612.8,7680,64962.6,3711.08,3856,63073,4093.36,9872.46,2.32311
15211.3,15672,63609.5,6515.48,6860,62244.7,2378.8,6137.82,2.32716
9373.65,9857,62322.4,5995.64,6101,64404.2,9297.84,16212.3,2.32818
17837.3,14860,78666.6,16714.7,14876,73636.3,12392.6,25253.3,2.3302
9054.5,8993,65984.2,5468.2,5413,66204.3,11362,18163.1,2.33122
15172.9,15177,65518.5,9637.56,10013,63078.7,3505.12,10486.3,2.33325
16751.8,16292,67385.6,11297.4,10896,67950.3,7087,12384.8,2.33426
13583.7,13540,65747.5,5209.8,5440,62762.8,2245.04,6724.38,2.3373
12653.5,12705,65270.6,6035.16,6321,62572.4,5125.44,13506.5,2.34034
14638,14530,66023.1,7071.8,7110,65183.9,8814.48,16671.7,2.34642
7437.3,8017,60797.2,2940.44,3093,62303.5,4876.92,9880.26,2.34946
9964.5,9741,67039.7,4285.64,4445,63186.4,5101.12,9191.52,2.3525
5162.3,5440,62190.5,2527.76,2628,63036.3,7608.36,9806.16,2.35554
12408.5,12188,66721.7,4347.96,4412,64584.7,10763.9,18679.4,2.35656
14268.8,12765,73256.6,13058.3,12313,69503,3939.08,8866.26,2.35858
9835.15,9885,65205.5,3825.08,4105,61067.1,3834.2,8299.2,2.35858
13168.3,13217,65294.8,8521.12,8485,65815,5687.08,12538.5,2.36163
33544.5,28569,76949.7,26856.1,23657,74398.4,4198.24,1120.08,2.36264
10758.8,11337,62193.6,4426.24,4713,61548.5,3091.68,10597.9,2.36365
10589.1,10253,67684.6,4533.4,4713,63038.6,14677.9,18184.1,2.36568
5554.9,5812,62636.9,1864.28,1988,61457.5,2168.28,4481.88,2.37176
14937.6,14929,65574,5383.84,5541,63677.2,8137.32,15814.5,2.37176
6116.5,6250,64136.2,2865.96,2926,64191.2,5931.8,11816.2,2.37379
20132.4,16459,80162.9,15102.7,13295,74446.9,15208.4,27470,2.3748
9499.1,9960,62503.3,3690.56,3896,62080.2,3942.12,10767.9,2.37582
4808.7,5077,62072.7,2860.64,2965,63229.3,4276.52,9252.36,2.38088
10178.3,10021,66565.1,5934.08,5585,69632.2,3052.16,9384.18,2.38088
9690.85,9996,63535.4,3071.92,3192,63070.6,3730.84,8286.72,2.3819
13735.8,13753,65454,4574.44,4633,64707.6,8456.52,15910.4,2.38291
6926.4,6735,67398.4,1903.04,1963,63534.2,4123.76,8575.32,2.38595
13440.7,13205,66705.8,6498.76,6577,64756.4,4278.04,9711,2.38696
12300.6,12585,64055,3829.64,4077,61559.8,11729.8,19315.9,2.39203
12484.5,12740,64221.9,5485.68,5523,65093.2,8401.04,13054.1,2.3971
11873.5,12069,64474.7,6657.6,6837,63816.4,6606.68,15350.4,2.39913
11451.7,11729,63986.6,4911.88,5013,64214,12467,16267.7,2.40217
5868.2,5861,65616.5,3374.4,3509,63022.1,2324.84,6188.52,2.40318
7720.7,7964,63533.9,2786.92,2956,61787.4,2998.2,7761.78,2.40521
8548.15,8545,65560.2,4360.88,4597,62169.8,16825.6,17389.3,2.40724
8662.55,9312,60965.3,3011.88,3188,61915.5,6908.4,13618,2.41028
16272.7,16324,65330.2,8396.48,8804,62502.5,9329.76,16501.7,2.41129
14824.5,13981,69490.1,9819.2,9289,69276.7,9658.84,18190.4,2.41129
7003.1,7109,64559.7,2938.92,3025,63671.1,4910.36,9293.7,2.41332
17232.8,17517,64472.7,7872.84,8201,62913.6,2794.52,8079.24,2.41534
14452.1,15097,62736.5,5079.08,5357,62136,2785.4,9653.28,2.41534
6778.85,7345,60484.5,3170.72,3381,61460,6066.32,11264,2.41636
7486.7,7900,62107.4,3207.2,3288,63925.5,2890.28,7132.32,2.41737
9402.9,9896,62270.5,3871.44,4104,61822.3,8179.12,13269.4,2.42143
7175.35,7817,60156.5,3190.48,3353,62359.5,3198.84,8421.66,2.42345
11165.7,11735,62356.6,4587.36,4764,63106,3509.68,9566.7,2.42953
9894.95,10391,62407.4,4351,4567,62436.4,10197.7,16990,2.43055
12619.8,12709,65075.8,5915.84,6209,62441.7,3068.88,10180.6,2.43156
19390.8,19064,66659.4,10123.2,10424,63644.9,11881.1,16657.7,2.43359
6029.4,6001,65846.2,2703.32,2833,62536.1,4417.88,8775.78,2.43359
15807.3,15456,67025.8,6922.08,7008,64732.5,14772.1,18897.8,2.43359
12274.6,12081,66586.2,5250.84,5365,64141.5,2341.56,6851.52,2.43359
16430.7,16105,66861.4,7012.52,6989,65756.6,3707.28,7222.8,2.4346
13544.7,13192,67288.2,10627.1,10120,68819.8,5148.24,9808.5,2.4346
9806.55,10004,64242.5,4186.08,4452,61621.5,2443.4,7890.48,2.43967
11279.4,11280,65532.8,5707.6,5744,65120.7,2807.44,9239.88,2.44068
9625.2,9840,64105.4,3888.16,3968,64217.4,2152.32,7136.22,2.44271
13420.5,14259,61682.4,5903.68,6227,62133.2,2313.44,7673.64,2.44474
13237.3,13575,63905.4,5658.2,5671,65388.1,4248.4,12345.1,2.44778
10559.3,10889,63551.4,5035.76,5229,63114.1,4287.16,10965.2,2.44879
11369.8,11848,62890.9,4832.08,5084,62288.6,4847.28,12203.9,2.44981
24285.3,23066,69000.3,14579.8,13550,70516.9,19440.8,34676.5,2.44981
8460.4,8152,68015.3,7214.68,7132,66295.7,5309.36,10126,2.45082
27493,22016,81839.8,24112.5,22308,70837.3,7130.32,12993.2,2.45285
22787,19128,78072.6,16115,14172,74521.3,6806.56,13985.4,2.4569
6273.8,6630,62015,2963.24,3158,61494.3,4922.52,8409.96,2.46096
10271.3,10144,66358.4,7182.76,7124,66076.5,4623.84,12381.7,2.46096
9787.7,9800,65453.7,4312.24,4376,64581.1,2780.84,7112.04,2.464
15741.7,15990,64518.3,6270,6498,63236.5,10850.5,17277.8,2.46704
8496.15,8984,61977.3,4202.04,4460,61745.5,3033.92,9540.96,2.46906
5501.6,5573,64696.4,3059,3157,63501.6,2226.8,6318,2.46906
11501.1,11388,66186.9,5743.32,5944,63323.4,2729.16,7430.28,2.47312
14853.1,15012,64842.5,5981.2,6020,65113.6,2455.56,8477.82,2.47312
20087.6,14872,88519.4,18173.1,15324,77720.8,11418.2,21184.8,2.47515
29042,25492,74662.5,14396.7,12340,76458.7,43583.7,55904.2,2.47819
10249.2,10530,63788.4,4385.2,4473,64249.6,4060.68,9939.54,2.47819
12454,12264,66551.3,8811.44,8488,68033.3,8054.48,13003.4,2.48325
11967.8,11910,65854,5085.16,5218,63867.6,2567.28,9002.76,2.48629
6570.2,6852,62840.7,3182.88,3344,62378.4,2612.88,7634.64,2.48629
11549.8,11572,65410.6,5487.96,5808,61924.8,6704.72,15366,2.48629
13040.3,13089,65292.2,7144.76,7121,65754.7,17581.8,23520.9,2.48731
15752.7,15774,65447.7,8828.92,8906,64968.8,4664.12,10112.7,2.48934
9120.8,9167,65205.7,5126.2,5004,67136.4,2666.84,6615.18,2.49035
10981.8,11169,64437.3,5980.44,6165,63574.1,3035.44,6814.08,2.49643
17646.8,17613,65661.9,9838.96,10077,63987.9,2251.12,7527,2.49846
10986.9,10313,69818.8,7340.08,7225,66579.9,9864.04,17876.8,2.49846
13884,13412,67842.4,9742.44,9492,67265.1,7407.72,15437.8,2.5015
13687,13947,64314.5,5766.12,6079,62162.9,6803.52,15362.1,2.50251
21717.1,18161,78368.8,18518.2,16433,73851.8,15321.6,25001.3,2.50251
12494.9,12392,66080.5,9455.16,9144,67766.1,3570.48,8169.72,2.50353
9333.35,9483,64501.8,4294.76,4431,63521,2975.4,7792.98,2.50555
12138.1,12472,63781.5,4621.56,4812,62942.3,6969.2,13968.2,2.50657
9056.45,9009,65881.2,4886.8,5073,63130.6,8340.24,14027.5,2.50859
15248.3,13769,72577.2,10114.1,8989,73738.6,2818.08,7099.56,2.50961
5715.45,6020,62220.5,2646.32,2768,62655.1,2854.56,6701.76,2.50961
13536.9,13820,64193.5,4975.72,5192,62806,2932.08,10112.7,2.51163
6256.25,6564,62463.4,2807.44,2964,62074.4,3259.64,6608.94,2.5167
8338.85,8036,68005.8,6954.76,6944,65637.5,10457.6,17106.2,2.5167
19053.4,16325,76489.2,14243.2,12853,72624.3,9484.8,20254.3,2.51873
15697.5,15797,65123.2,6339.16,6437,64539.9,3900.32,9398.22,2.52177
13650.6,13981,63987.5,5130.76,5469,61482.8,2274.68,8087.04,2.52278
10852.4,11373,62536.1,5014.48,5357,61345.7,3927.68,11121.2,2.52481
11644.1,12128,62921.2,5525.2,5760,62864.5,5415.76,11397.4,2.52481
11509.5,11793,63960.8,4090.32,4145,64671.5,6313.32,12977.6,2.52988
4856.8,5220,60976.1,3044.56,3184,62665.9,3486.88,7119.06,2.53292
11200.1,11384,64477.6,5174.08,5416,62608.7,12318.8,16511.8,2.53393
16587.3,16317,66621.8,11196.3,11161,65743.4,6551.96,11324,2.53393
9747.4,9953,64182.2,4350.24,4529,62949.3,4540.24,10387.3,2.53495
16401.4,16516,65081.5,9871.64,10048,64385.7,3483.08,8731.32,2.53697
9734.4,10049,63484.3,3618.36,3733,63523.4,3846.36,9745.32,2.54001
11570.6,12097,62684.5,5035,5265,62673.1,5392.2,13951.9,2.54103
10328.5,10846,62409.1,4563.8,4746,63020.1,8977.88,13665.6,2.54204
6910.8,7451,60784.6,3200.36,3403,61633.5,4243.84,9377.16,2.54812
11187.8,9980,73467.3,8246,7548,71596.4,24447.7,30537.8,2.54914
10502,10733,64125.8,4721.88,4669,66278.2,5680.24,13580.6,2.55015
8416.85,8973,61474.1,3981.64,4109,63504.7,4959,11875.5,2.55015
9980.75,10323,63363.2,4825.24,4935,64078.4,5706.84,11136.8,2.55218
14984.4,15197,64619.4,7720.08,7854,64418.5,2908.52,6529.38,2.55623
10383.1,10788,63076.3,4338.08,4448,63916.5,10815.6,14148.4,2.55927
10357.1,10850,62558.8,4895.16,5010,64033.8,2354.48,7969.26,2.5613
10260.9,10577,63577.4,7308.16,7189,66622.3,5462.88,11146.2,2.56231
20805.2,17113,79675.7,13687.6,12093,74177.7,2979.2,7487.22,2.56434
4874.35,5253,60812,2133.32,2193,63752.5,3540.84,6370.26,2.56434
21268.6,21416,65085.1,12367.5,12184,66522.9,3614.56,8779.68,2.56535
13040.9,13177,64859.4,5769.92,5997,63054.4,6323.96,7597.98,2.56637
5229.9,5155,66488.2,2912.32,2963,64415.1,6013.12,9403.68,2.56738
9647.3,9356,67576.5,7646.36,7388,67827.8,6729.04,13775.6,2.56839
8029.45,7993,65834.9,5899.88,5913,65390.6,5400.56,9155.64,2.57042
6499.35,6929,61472.3,2904.72,3057,62271.4,7112.84,10654.8,2.57143
7863.05,8319,61944.1,3348.56,3579,61316.4,6039.72,10044.1,2.57549
8870.55,9109,63820.4,2783.88,2901,62890.2,3671.56,8759.4,2.5765
5950.75,6301,61893.1,2846.96,3033,61516.1,2662.28,8253.96,2.57853
8782.15,8744,65821.9,7343.12,7448,64613.2,2731.44,7230.6,2.58157
11782.5,11801,65433.5,4908.84,5053,63666.3,5361.8,12152.4,2.58157
22950.2,14457,104037,10980.5,7533,95528.6,15408.2,27614.3,2.58157
8505.25,8701,64061.6,4842.72,5053,62808.7,11623.4,16698.2,2.58258
9926.8,10424,62410.1,4192.16,4412,62270.5,3105.36,9640.8,2.58968
13397.1,13564,64729.8,7457.88,7592,64378.2,4059.92,12518.2,2.58968
7787.65,7532,67760.4,6545.88,6428,66737.8,4162.52,8991.06,2.59069
19765.2,17857,72539.2,12147.8,10933,72818.2,2235.16,5991.18,2.59272
11326.9,11512,64482.3,5238.68,5272,65121.8,5234.12,11850.5,2.59981
13969.8,14364,63737.5,5869.48,5964,64497.4,5993.36,11636,2.60083
7352.15,7546,63852.4,2811.24,2938,62708.5,2831.76,6339.84,2.60083
13205.4,13547,63883.4,6281.4,6507,63263.8,3544.64,9558.12,2.60792
12231.7,12432,64480.1,5022.08,5184,63489,6195.52,12577.5,2.60792
11262.5,11736,62892.2,4485.52,4664,63028.1,2210.84,7758.66,2.60894
10507.3,10844,63500.8,4648.92,4764,63952.9,2180.44,7161.96,2.61096
16833.7,16492,66893.9,13127.5,13112,65613.4,7880.44,12786.5,2.614
13495.9,13385,66079.2,5969.8,6009,65108.5,3713.36,9320.22,2.61502
10418.2,10608,64363.4,4568.36,4752,63003.4,2396.28,8666.58,2.61502
16551.6,16825,64471.1,4811.56,4957,63613.2,14388.3,20311.2,2.61705
10364.9,10665,63691.9,4881.48,4973,64329.9,5118.6,11387.2,2.61705
9302.15,9630,63304.8,4026.48,4094,64455.2,2466.96,7590.96,2.61907
9917.7,9564,67959.7,5909.76,5752,67333.5,10395.3,17114,2.62515
5101.2,5145,64978.1,1565.6,1625,63140.4,3137.28,5311.8,2.62819
15591.5,13429,76089.6,12749.8,11861,70446.7,5143.68,17914.3,2.63225
13367.9,13569,64564.7,6190.96,6321,64187.8,4316.8,10571.3,2.63833
13898.3,13724,66368.3,11736.7,11644,66057.6,10254.7,13705.4,2.64036
5812.95,5904,64525.3,2565.76,2580,65174.3,2810.48,5639.4,2.64137
14251.9,13068,71473.3,13249.8,12696,68394.9,23199.8,22510,2.64137
18129.1,16088,73850.8,13924,12444,73330.2,2428.96,7338.24,2.64239
21481.2,18209,77313,15736.6,14453,71356.2,2311.16,6247.8,2.6434
7153.9,7588,61786.8,4065.24,4192,63554.3,2198.68,5890.56,2.64441
11297.6,11341,65285.5,5879.36,5913,65163.2,2955.64,9360,2.64847
15295.8,15365,65240.8,7049,7169,64439,5083.64,12161,2.65049
12068.5,12312,64240.1,5680.24,5880,63309.6,4707.44,10119.7,2.65151
6147.7,6093,66124.4,3262.68,3289,65011.5,5436.28,11144.6,2.66164
16671.2,14479,75458.5,12035.4,11183,70531.1,7129.56,20042.1,2.6657
6381.7,6040,69243.6,5785.12,5756,65867.6,5366.36,13083.7,2.66671
10214.1,10333,64781.9,5057.04,5097,65022.2,2917.64,7750.08,2.67482
25836.8,20488,82645.6,21858.4,18412,77803,2669.12,4702.62,2.67583
5577.65,5489,66594.4,2038.32,2161,61815.5,2511.04,6199.44,2.67685
9451.65,9580,64658,5965.24,6024,64896.7,8852.48,11851.3,2.67887
11194.3,11280,65038.1,3040,3168,62888.1,5919.64,12973.7,2.67989
11365.9,11453,65037.6,4914.92,5181,62170.3,6813.4,13313.8,2.68191
11155.9,10636,68739.8,6198.56,6152,66032,7935.92,13917.5,2.68496
8047.65,8375,62974.4,2824.92,2963,62481.9,10353.5,14472.9,2.69002
14708.2,13913,69281.7,9662.64,9277,68260.3,9230.96,14462.8,2.69104
13752.7,14122,63822.2,7179.72,7342,64087.5,12021.7,21122.4,2.69205
8828.3,8973,64479.2,3201.12,3293,63707.4,9730.28,12357.5,2.69306
13632.4,14001,63810.9,4919.48,5201,61988.7,5190.04,13502.6,2.69509
13690.3,13356,67176.4,5798.8,5848,64984.6,3409.36,10169.6,2.69509
12789.4,12487,67123.1,5614.88,5399,68156.5,13471.8,19819.8,2.69915
15834.6,16164,64200.7,7197.96,7456,63267.9,2473.8,8304.66,2.70928
10702.9,10816,64850.7,4841.2,4996,63505.4,3270.28,9178.26,2.70928
14074.4,13893,66391.9,5707.6,5713,65474.1,3853.96,9943.44,2.71536
11794.9,11305,68376,4902.76,5065,63436.8,11728.3,16729.4,2.71536
10051.6,9396,70108.7,2933.6,3008,63915,5049.44,10930.1,2.71942
6223.1,6325,64480.2,3021.76,3169,62491,17905.6,19644.3,2.72043
6442.8,6168,68455.8,2489,2584,63126.6,4924.8,8821.02,2.72246
13309.4,13169,66234.7,9391.32,9265,66429.5,5308.6,10350.6,2.7255
26449.8,21460,80774.2,18305.4,15236,78738.5,19678.7,36786.4,2.73057
11123.4,10856,67150.5,5628.56,5820,63380.3,4719.6,9837.36,2.73361
9373,8913,68918.3,4913.4,5089,63274.6,6156.76,14416.7,2.73462
8867.3,8572,67793.7,4205.08,4328,63674.7,13756.8,17309.8,2.73563
14312.3,14084,66598.6,6088.36,6324,63094,4022.68,11002.7,2.73665
14593.1,14368,66563,5765.36,5940,63609.2,2623.52,9767.94,2.73665
12451.4,12118,67339.1,8692.88,8514,66912.9,8926.96,17351.9,2.73766
16285.1,15750,67762.6,9819.96,9826,65495.7,2187.28,4803.24,2.7407
12532,12909,63622.1,6580.84,6809,63340,4330.48,11102.5,2.74577
10598.9,9694,71653.6,7436.6,7038,69247.7,18545.5,25659.7,2.75185
9772.1,10045,63755.5,4714.28,4809,64245.2,13587.3,16504,2.75388
15794.3,15789,65558.2,6760.96,6733,65808.1,2272.4,7826.52,2.75996
4880.85,5412,59104.1,2812,2900,63547.3,4852.6,9812.4,2.75996
12138.8,12362,64352.5,4761.4,4842,64445.1,10895.4,17234.1,2.76097
6186.7,6716,60371,2787.68,2876,63523.4,3790.88,8658.78,2.76097
18110.9,12697,93480.3,8451.96,5369,103168,2147.76,5851.56,2.76401
10461.8,11001,62323.5,3900.32,4057,63005,3619.88,7425.6,2.76503
15136.5,15305,64814.7,7181.24,7481,62910,15893.1,20857.2,2.76604
51715.3,36799,92100.7,47930.9,36395,86308.6,7416.84,14647.6,2.76604
15715.7,15687,65655.9,9621.6,9715,64905.9,10896.1,16993.9,2.76705
10842,11364,62525.6,4428.52,4528,64096.2,2758.04,8674.38,2.77415
14852.5,15141,64287.3,7679.04,7617,66069.8,5320.76,10360,2.77415
26806,24257,72422.7,19478.8,17921,71232.8,7688.16,22261.2,2.77516
28144.3,24757,74502.9,30935.8,28789,70423,18344.9,30527.6,2.77618
6895.2,7413,60958.3,2852.28,3009,62122.6,18610.1,16412.8,2.77922
13949,14121,64737.7,7439.64,7581,64314,5247.04,10597.1,2.77922
9018.1,9100,64946.2,3701.96,3704,65499.9,2590.08,8843.64,2.78023
8539.05,8816,63477.2,3910.2,4064,63055.8,2124.2,7459.14,2.78023
9639.5,9952,63478.1,4692.24,4704,65372.2,5532.04,11508.9,2.78124
11947,11617,67397.7,8490.72,8341,66712.4,14715.9,19474.3,2.78327
9722.05,9988,63791,5945.48,6068,64212.8,10557.9,19427.5,2.78631
7216.95,7693,61480.6,3559.08,3753,62149.7,3211,7906.86,2.78631
21626.8,19640,72165.7,12779.4,11480,72953.9,14870.9,28455.2,2.78733
10574.2,10192,67993.6,6916.76,6752,67135.2,14693.8,20379.1,2.78935
11393.2,11324,65936.5,5286.56,5304,65320.5,6347.52,12502.6,2.78935
18207.1,14760,80841.7,15469,13996,72433.5,8166.2,19726.2,2.79037
9889.1,10229,63358.3,4484,4561,64429.6,9923.32,16717,2.79341
24967.1,19601,83477.7,19693.1,16533,78062.6,2237.44,4839.12,2.79645
10722.4,10845,64795.1,4221.8,4365,63386,9049.32,15848.8,2.79645
16929.9,15480,71674.3,8651.84,8600,65931,2864.44,8260.2,2.79746
28605.2,23076,81239,28723.4,23348,80624.4,13072.8,30966,2.80152
23677.5,19178,80912.1,19149,16366,76680.1,8230.8,15695.9,2.80152
5300.75,5589,62156,2542.2,2705,61591.7,3347.8,8193.9,2.80354
6219.2,6821,59753.9,3201.12,3317,63246.5,7874.36,11859.1,2.80557
14841.4,14986,64903.9,6707.76,6718,65436.1,6385.52,12213.2,2.80557
10802.3,11460,61775.1,6703.96,6788,64724.6,3961.12,11194.6,2.80861
8548.15,9087,61649.8,5857.32,5743,66840.6,6579.32,13496.3,2.80861
14619.1,14853,64504.2,5703.8,5889,63475,6038.2,13454.2,2.81165
9956.05,10076,64755.8,4613.96,4584,65964.3,9511.4,13657,2.81368
11697.4,12063,63549.8,5757,5919,63742.3,4363.16,11849.8,2.81571
8360.95,8592,63773.6,4591.92,4688,64192.8,9056.16,12793.6,2.81672
11206,11445,64167.5,5160.4,5301,63797.8,9202.08,16118.7,2.81773
6105.45,6553,61060.1,2806.68,2893,63580.6,2490.52,6854.64,2.82077
8508.5,9112,61195.5,3682.96,3704,65163.7,11440.3,20035.1,2.82179
7688.2,8043,62645,4113.12,4299,62702.4,5528.24,11140.7,2.82686
15951,13392,78058.9,16770.2,14288,76921.1,15577.7,27319.5,2.82787
11385.4,11983,62267.7,4663.36,4779,63950.2,3562.88,11089.3,2.82888
14345.5,13360,70370.3,9823,9264,69490.5,23939.2,30960.5,2.82888
12925.3,12788,66239.4,5176.36,5220,64988.1,3155.52,9533.94,2.83192
28098.8,23572,78121.8,23838.9,20612,75796,12952.7,18613.9,2.83294
6743.1,7374,59928.9,3599.36,3662,64415,2881.92,7971.6,2.83496
12795.3,13167,63685.7,5878.6,6011,64092.5,2135.6,8031.66,2.83902
10851.1,11597,61320.8,4841.2,5065,62640.2,11460.8,18778.5,2.84206
13115.7,12389,69380.1,9423.24,8725,70780.7,4114.64,14129.7,2.84206
21557.9,19592,72112,13974.9,12712,72046.7,3012.64,7600.32,2.84307
12095.2,12384,64007.7,5872.52,5840,65900.9,4601.04,12395.8,2.84307
5132.4,5712,58886,2633.4,2660,64880.6,2770.96,5830.5,2.84409
27697.1,18953,95771.7,20751,15289,88948.9,15041.2,24907,2.84915
9670.05,10488,60424.9,3016.44,3192,61931.5,6504.08,13207,2.84915
6874.4,7464,60359.1,2871.28,3020,62308.7,7286.12,12971.4,2.85017
11961.3,11917,65779.6,8556.08,8365,67033,4181.52,9760.92,2.85017
8208.85,8853,60767.6,3705.76,3893,62383.9,9620.84,16485.3,2.85219
11955.4,12060,64967.9,4306.16,4456,63332.3,3696.64,10420.8,2.86436
13231.4,13707,63262.1,3995.32,4255,61536.4,3863.08,10384.9,2.8674
22598.5,19072,77654.1,18003.6,16212,72778.6,2850.76,9690.72,2.86943
6068.4,6289,63237.2,3437.48,3633,62009,6053.4,11017.5,2.87145
8107.45,8224,64607.2,3540.84,3588,64674.6,5081.36,9991.8,2.87247
4712.5,5032,61374.9,2642.52,2728,63482.5,4948.36,9386.52,2.87652
32770.4,24898,86257.6,30293.6,23030,86205.9,14950,31091.6,2.87855
10989.5,11357,63415.6,4836.64,4953,63996.4,2967.04,8764.08,2.87956
10061.3,10093,65330.5,5041.08,4909,67299.3,5726.6,11576,2.88057
12060.8,12348,64011.4,5234.88,5448,62972.3,2909.28,8287.5,2.88463
6592.3,6884,62759,2854.56,2964,63116.2,2438.08,6028.62,2.88463
9699.95,10016,63468,4379.12,4576,62716.4,3634.32,8548.8,2.88767
8872.5,9061,64172.6,3752.88,3845,63965.9,3461.04,8257.08,2.88767
15126.8,15289,64840.7,8214.84,8089,66555.5,2690.4,8136.18,2.88767
11832.6,12108,64045.4,4916.44,5244,61442.4,10391.5,18482.9,2.88868
7549.75,7736,63958.2,2701.04,2744,64510,6569.44,10477.7,2.89071
5556.2,5774,63063.9,3078.76,3194,63171.5,3999.12,8083.14,2.89274
12501.4,12756,64228.2,5774.48,6068,62365.9,2787.68,8681.4,2.89274
12688.6,13004,63946.7,6919.8,6952,65232.4,6868.88,15070.4,2.90895
14422.8,14188,66620.8,10145.2,9772,68039.1,7421.4,19337.8,2.91301
6007.95,6473,60827.6,2656.96,2781,62612.9,2682.04,5985.72,2.91301
8474.7,9039,61444.6,3938.32,4127,62539.8,11074,16826.2,2.91301
14748.5,14914,64808.7,7707.16,7938,63630.2,5974.36,11615.8,2.91301
8589.75,8672,64914.4,5413.48,5344,66388.1,14365.5,17481.4,2.91504
6643.65,6740,64599.1,5798.04,5684,66850.9,27974.8,30940.3,2.91504
10312.3,10740,62925.8,4795.6,4948,63517.5,4321.36,11044.8,2.91605
11650.6,11176,68319.1,9084.28,8812,67561,11767.1,19467.2,2.91605
6991.4,7492,61157,3412.4,3540,63173.7,2764.12,7031.7,2.91605
21662.5,16041,88503,19955.3,15705,83272.3,2087.72,429,2.91706
10117.9,10088,65730.2,7751.24,7324,69359,13482.4,19872.1,2.91706
8995.35,9085,64889.3,4509.08,4537,65132.7,10616.4,15547,2.91706
9254.05,9577,63326,6292.8,6173,66807.9,7106,11398.1,2.9272
11232.6,11661,63128.6,5455.28,5353,66788.2,3861.56,9637.68,2.92923
17031.9,15324,72840.4,12109.8,11000,72148.2,4226.36,13098.5,2.93429
14309.1,14598,64239,5218.16,5318,64305.6,5436.28,13008.1,2.93429
9573.2,10033,62532.6,4275.76,4337,64610.6,15549.6,20878.3,2.93632
5482.1,5760,62374.1,2271.64,2336,63730.4,8813.72,10669.6,2.93733
6213.35,6681,60948.7,3752.12,3885,63294.4,2332.44,5462.34,2.93936
14832.3,14665,66283.9,6171.96,6429,62915.8,4503.76,11556.5,2.9424
6952.4,7148,63742.7,3732.36,3884,62977.3,4040.92,10293.7,2.94646
11731.8,11994,64103.6,4724.92,4910,63065.7,2376.52,8514.48,2.94747
33939.8,23257,95639,30004.8,22329,88064.6,2210.08,267.54,2.95254
7384,7316,66145.1,5762.32,5668,66626.6,4928.6,11947.3,2.95355
9855.95,9936,65008,5078.32,5188,64150.5,7408.48,12859.1,2.95457
6669.65,7185,60835.4,3146.4,3285,62770.9,7818.12,11763.2,2.95659
24440,20341,78742.4,14753.9,12869,75134.8,13588.8,24530.2,2.95862
10388.3,10577,64366.8,4624.6,4721,64197.8,7796.08,14296.6,2.95963
10426,10560,64704.4,4311.48,4436,63696.4,2127.24,6622.2,2.95963
11333.4,11585,64112.7,4712,4853,63631.9,8756.72,12894.2,2.96166
10518.3,10452,65951.7,6379.44,6356,65777.7,3670.8,9454.38,2.96267
14099.8,14032,65852.7,5717.48,5728,65415.6,2058.84,4714.32,2.96267
10504.6,10117,68047.1,3692.84,3809,63537.4,5345.08,12287.3,2.9647
5533.45,5573,65070.9,2751.2,2837,63554,10833.8,13482.3,2.97078
9242.35,9353,64760.7,4718.08,4793,64511.6,10595.9,15322.3,2.97585
5240.3,5515,62271.7,1513.92,1567,63316.1,7723.88,9752.34,2.97585
12203.8,11859,67441.2,3986.96,3991,65469.7,5017.52,10120.5,2.97889
10293.4,10616,63544.5,4927.84,5100,63323.7,2960.2,8365.5,2.98092
8630.05,9192,61529.5,3939.84,4124,62609.4,10437.8,16330.9,2.98497
13646.1,13796,64823.9,6475.96,6388,66438.4,4524.28,10363.1,2.99004
10652.2,10864,64258.3,5585.24,5696,64261.6,18443.7,28546.4,2.99409
17046.3,15881,70344.6,9968.92,9373,69702.7,14262.9,23574.7,2.99511
12832.9,12740,66014.1,8450.44,8292,66788.2,7857.64,13873.1,2.99511
5246.15,5541,62048.7,2691.16,2821,62519.6,5335.96,9136.92,2.99714
7001.15,6834,67138.9,2802.12,2818,65166.7,5882.4,10689.9,2.99815
7340.45,7008,68644.9,6042,5796,68317.5,7347.68,13373.9,3.0022
31301.4,26500,77410.1,27757.5,23860,76241.2,11519.3,25605.1,3.00322
7651.8,7596,66017.4,4810.04,4760,66225,9829.84,17784,3.00322
17070.9,14876,75205.8,11868.9,11100,70075.8,24600.4,39282.4,3.00423
10946,9962,72009.3,10201.5,10110,66129,18736.3,32728.8,3.00524
10176.4,10569,63101.6,4639.8,4813,63177.6,5584.48,11607.2,3.00828
6384.95,6368,65710.4,2438.84,2560,62434.3,3179.08,6548.88,3.01335
10306.4,10282,65691.5,3905.64,4046,63262.5,8577.36,13469.8,3.01437
12528.8,12712,64591.3,4858.68,5144,61900.9,10319.3,17466.5,3.01538
11973,12205,64290.3,4927.08,5181,62324.1,3063.56,9126,3.01538
8476,8840,62837.5,3020.24,3160,62637.5,2651.64,7986.42,3.02653
11765.6,11553,66742.3,4931.64,5141,62867.1,8933.8,14735,3.03261
6943.3,7032,64709.3,4702.88,4696,65632,12103.8,15714.7,3.03362
8715.85,8752,65265.3,3420,3568,62817.6,3462.56,8306.22,3.03971
14499.5,14305,66427.3,8124.4,8357,63711.9,6122.56,12490.1,3.03971
5929.95,5965,65150.9,2473.04,2605,62216.2,4015.08,8053.5,3.04477
10268.7,10611,63421.9,4739.36,4919,63142.7,10301.8,15606.2,3.04477
11255.4,9988,73852,7610.64,7204,69235.3,5655.92,12845,3.0468
10087.3,10208,64761.4,4566.08,4724,63345.2,4575.96,8810.1,3.04781
10596.3,10732,64707.3,4230.92,4396,63075,7725.4,15047,3.04984
6716.45,6880,63978.1,3248.24,3456,61596.3,5571.56,9576.84,3.04984
6314.75,6838,60521.1,2269.36,2402,61917.1,6650,10438,3.05187
13900.2,14293,63735.2,9500,9877,63034.5,2397.04,4369.56,3.05187
9292.4,10100,60295.7,3473.2,3728,61056.8,6026.8,12600.9,3.05187
7361.25,8002,60288.3,4196.72,4406,62423.1,7578.72,15109.4,3.0539
9853.35,10561,61144.7,5635.4,5861,63013.4,5908.24,13645.3,3.05694
5727.15,6235,60198,2835.56,2875,64637,2044.4,4812.6,3.05694
11100,11877,61248.9,5893.04,6177,62523.3,3404.8,9540.96,3.05694
9858.55,10605,60923.1,3644.96,3865,61804.9,5691.64,11101.7,3.05795
14496.9,14898,63771.8,5435.52,5702,62473.2,2926.76,8626.8,3.05896
17080.7,17116,65400.8,10656,11016,63394.1,3088.64,7335.12,3.062
41514.2,35640,76337.7,28349.5,24392,76169,17494.4,36607,3.062
7747.35,8073,62892.4,3874.48,4073,62341.7,13848.7,16254.4,3.06504
7547.15,8004,61795.4,3516.52,3680,62624.6,2755.76,7956,3.06504
5150.6,5509,61272.4,2156.12,2277,62056.9,2045.92,5087.16,3.06606
7900.1,8125,63722,2369.68,2457,63206.9,4157.2,9043.32,3.06606
12361.7,12985,62390.2,5033.48,5305,62181.7,5927.24,13362.2,3.07011
7329.4,7680,62544.2,3113.72,3296,61911.6,8135.8,11959.7,3.07214
9368.45,9760,62906.8,4323.64,4452,63646.5,4085.76,10075.3,3.07214
21199.8,17313,80248.8,17506.6,15441,74303,10314,20430.5,3.07822
13475.8,12576,70225,12096.2,11204,70754.6,18328.9,21094.3,3.07822
12990.3,13171,64636.6,6783.76,6903,64404,2266.32,7350.72,3.07822
5953.35,6005,64972.3,3945.16,4069,63541.4,9831.36,15958,3.08025
8489.65,8921,62367.2,3878.28,4093,62098,5069.2,11439.5,3.08329
5124.6,5428,61872.8,3126.64,3184,64355.4,4327.44,8785.92,3.08633
19099.6,15612,80176.2,16799.8,13928,79048.8,16307.3,23531,3.08633
28581.1,22979,81513.3,24538.9,20839,77171.7,4208.88,8703.24,3.08836
12514.4,12608,65049.7,5632.36,5524,66821.6,7524,12911.3,3.0914
12612.6,12997,63597.7,5363.32,5393,65175.3,4734.8,12192.2,3.09444
18774.6,16185,76021.8,15003.9,13597,72317.2,16403.1,27456,3.09444
5796.05,6184,61424.6,2362.08,2428,63756.7,6830.88,10596.3,3.09444
12338.3,13251,61022,5912.8,6263,61871.5,3554.52,10366.2,3.09647
13537.5,13713,64697.5,5462.12,5649,63367.9,2919.92,9297.6,3.09951
9567.35,9993,62744.5,6651.52,6761,64474.8,4607.88,8801.52,3.10052
11793.6,12096,63897.6,5025.88,5168,63733.8,3392.64,9623.64,3.10052
9672.65,10501,60366.3,3789.36,3973,62506.8,2442.64,6024.72,3.10255
10959.6,12013,59789.5,3141.84,3241,63530.9,5021.32,10152.5,3.10255
22802.6,17892,83523.1,17385.8,14404,79102.6,6783,15918.2,3.10457
13005.2,12953,65800.1,5689.36,5741,64946.5,2631.12,8874.06,3.10761
5193.5,5700,59712.5,2739.8,2900,61915.7,5228.04,10147,3.10964
6481.15,6738,63037.8,2923.72,3058,62658.3,2759.56,6828.9,3.11066
14578.2,15077,63367.8,5842.12,6145,62305.8,2524.72,8278.92,3.11167
11663.6,11912,64169.4,5295.68,5544,62600.6,12276.3,16936.1,3.11167
11152.7,11104,65823.4,4761.4,4912,63526.7,7058.88,12848.2,3.11268
11709.8,12156,63130.2,4313.76,4620,61191.9,10453.8,17537.5,3.11268
8332.35,7898,69140.1,6425.8,6270,67164.5,7337.04,14660.1,3.11471
8921.25,9190,63619.5,4255.24,4466,62443.2,10783.6,15022,3.1218
11220.3,11436,64299.9,4332,4520,62810.2,13735.5,20022.6,3.1218
12377.9,13133,61768.2,5577.64,5817,62839.3,4021.16,10083.8,3.12485
11910.6,12361,63148.1,6527.64,6553,65282.4,7454.08,14767,3.12485
4988.1,5249,62278.6,2555.88,2609,64201.7,2486.72,5436.6,3.12687
14183.6,14288,65057.4,9997.04,10100,64867.9,6316.36,10387.3,3.12789
6170.45,5101,79275.9,111136,91881,79270.3,10095.1,831.48,3.1289
14406.6,14557,64858.9,5829.2,5997,63702.3,3521.08,9607.26,3.1289
13182.6,13764,62768,6412.88,6704,62690.1,5878.6,15159.3,3.13093
12734.8,13332,62600.3,4788.76,5012,62616.9,6379.44,12930.8,3.13093
7584.2,7756,64084.3,3426.08,3548,63284,2710.16,6711.9,3.13093
10878.4,10829,65835,8715.68,8265,69109.6,8497.56,14697.5,3.13093
11869.6,12032,64651.7,4994.72,5204,62900.5,8912.52,14481.5,3.13295
10333,10783,62801.3,3909.44,4091,62627.5,8366.84,14993.2,3.13599
9840.35,10221,63095.3,5783.6,5805,65294.4,7872.08,14064.2,3.13904
23232.9,18981,80216.8,16242.7,14113,75425.7,8479.32,20308.9,3.14106
13952.2,14185,64460.7,5806.4,5993,63495.5,19947.7,19195.8,3.14613
13492.7,13943,63419.5,6554.24,6692,64186.9,3827.36,9824.88,3.15018
10812.8,11384,62247.4,3971.76,4120,63178,5396,11144.6,3.15221
11307.4,11840,62588,2865.96,2980,63028,6486.6,12076,3.15424
9425.65,9462,65284.2,7961.76,7814,66775.3,3774.16,8856.12,3.15424
19435.6,18917,67332.8,10665.1,10673,65487.4,7519.44,11701.6,3.15931
11496.5,11808,63807.4,5265.28,5360,64377.9,4761.4,10741.4,3.16336
9597.25,9744,64549,6164.36,6240,64741.6,10028.2,19078.8,3.1664
13209.3,12960,66796.7,8656.4,8484,66867.7,13423.9,22139.5,3.1664
10691.2,11144,62873.2,5030.44,5160,63890.5,3999.88,8524.62,3.17046
6982.95,7187,63675.3,2929.04,3079,62344.1,4653.48,10414.6,3.17654
10502.7,11163,61659.5,3940.6,4155,62154.3,15161.2,17968.9,3.18465
9380.15,9740,63114.7,3734.64,3884,63015.8,3905.64,9495.72,3.18667
11116.9,11756,61973.5,4679.32,4940,62077.7,6083.8,11933.2,3.18769
5210.4,5370,63588.2,2767.92,2858,63470.4,2816.56,5959.98,3.1887
12541.1,12793,64245.6,5475.8,5629,63752.4,14803.3,17658.4,3.18971
5266.95,5672,60855.9,2561.96,2668,62931.3,5142.16,9445.02,3.18971
46913.8,36269,84770.5,31307.4,23721,86495.7,6000.96,18152.9,3.19478
13709.8,13587,66128.3,6102.8,6119,65362.5,5855.8,13524.4,3.1958
5543.2,5840,62205.3,2845.44,3028,61584.8,9755.36,12731.9,3.1958
16274,16793,63510.8,10071.5,10397,63484.4,2783.12,8963.76,3.19681
7650.5,7624,65763.8,5414.24,5388,65855.2,8094.76,15047,3.19884
5043.35,5592,59106,2099.12,2184,62989,3935.28,7365.54,3.20695
8422.05,7809,70680.9,7980,7509,69646.7,18119.2,33178.1,3.20695
8700.9,9153,62298.9,4018.88,4213,62516.3,6194,11233.6,3.21303
12216.1,12753,62776.9,4300.08,4565,61732.8,4926.32,9774.96,3.21809
8784.75,9256,62199.4,4518.2,4700,63001,2840.88,7644,3.22114
12962.9,13225,64237.4,7337.8,7337,65543.1,9397.4,16260.7,3.2262
8828.95,8672,66722.1,7498.92,7268,67618.2,3097.76,7195.5,3.22823
9236.5,9769,61963.7,5457.56,5785,61826.6,6439.48,14837.2,3.23026
11226.1,11672,63032.6,4087.28,4312,62120.6,9298.6,16148.3,3.23127
7263.75,7739,61511.4,2945,3099,62279.3,8579.64,11730.4,3.23533
21833.5,19128,74805.5,17645.7,15768,73340.1,9085.8,18313.6,3.23837
12207,12661,63186,6469.12,6705,63230.5,6261.64,12370.8,3.23837
11217.7,11621,63261.6,4872.36,5141,62111.5,13199.7,14355.1,3.24242
5634.85,6076,60777.7,3116,3356,60849.3,3915.52,7076.94,3.24749
14604.2,15005,63785.5,8061.32,8409,62826.3,6836.96,16130.4,3.24952
6059.3,6552,60607.8,3392.64,3548,62666.3,3971.76,8980.92,3.25053
6735.3,7257,60824.7,2625.8,2797,61524.6,3713.36,7280.52,3.25053
9599.2,10100,62286.5,3754.4,3908,62960.2,6076.2,13086.1,3.25256
8047.65,8177,64499.3,6251,6053,67679.8,3051.4,5301.66,3.25661
8607.3,9153,61628.8,3876,4081,62243.9,4709.72,11086.9,3.25762
22860.5,21164,70789.4,15865.8,15064,69024.1,5386.12,10364.6,3.25864
7566.65,7929,62541,3610.76,3705,63869,9475.68,13659.4,3.26168
14102.4,14184,65159,8940.64,8440,69423.4,9261.36,16568,3.26269
9396.4,10117,60868.1,4018.12,4209,62563.9,5812.48,11422.3,3.26269
6115.2,6669,60093.8,3288.52,3533,61001,3052.16,7994.22,3.26573
10823.1,10644,66639,9310,9088,67136.9,10269.1,19971.9,3.26675
7354.75,7988,60340.6,3620.64,3828,61986,17743,20737.1,3.26776
13205.4,13634,63475.8,6027.56,6246,63244,2922.96,8560.5,3.2708
12679.5,13092,63471.4,6770.08,6944,63894.6,2424.4,17926,3.27181
7519.2,7900,62377,2941.2,3068,62827.4,3420.76,7042.62,3.27181
5456.75,5968,59921.8,2945.76,3156,61170.3,8441.32,13258.4,3.27384
13566.1,12905,68893.5,13531.8,12713,69756.9,26236,23967.8,3.27384
10190,10486,63686.4,5366.36,5490,64060.1,3206.44,9557.34,3.27587
10242,10549,63629.1,5167.24,5205,65060.6,3887.4,7541.82,3.27992
5667.35,5897,62983.8,2396.28,2521,62293.8,2432,6736.08,3.28398
8535.15,9144,61172.3,3116,3292,62032.3,4832.08,9673.56,3.29006
12815.4,13155,63844.2,7037.6,7219,63889.2,4860.2,12409,3.29209
6546.8,7069,60694.7,2730.68,2937,60932.2,6200.08,11621.2,3.2931
10524.1,10988,62769.4,4588.88,4728,63607.6,4900.48,10878.7,3.29411
27283.1,20524,87118.8,30951,26092,77740.5,28862.5,31077.5,3.29918
14475.5,14677,64636.3,6536,6661,64306.2,6064.8,12879.4,3.30019
5443.75,5732,62240.3,2005.64,2112,62235.6,3481.56,7267.26,3.30323
28330.2,20727,89576.5,23624.6,18967,81629.2,3614.56,11114.2,3.30526
7806.5,7641,66955.5,3815.2,3977,62869.7,2301.28,6520.8,3.31033
9944.35,9649,67542,8293.88,8101,67096.4,9916.48,20717.6,3.3154
10721.1,10703,65646.8,4255.24,4395,63452,10793.5,15906.5,3.31641
6648.2,6611,65904.8,3746.04,3847,63816.1,3882.08,7538.7,3.31641
11610.3,11778,64602.9,4591.16,4834,62243.7,2096.08,7229.82,3.32351
14413.1,14486,65206.2,6101.28,6374,62732,2121.16,7523.1,3.32452
12623,12645,65422,7828.76,8049,63742.8,5186.24,12117.3,3.32655
13853.4,14117,64312.5,6247.96,6629,61768.9,4381.4,13274.8,3.32857
10943.4,11056,64868.5,5711.4,5904,63398.1,2443.4,7952.88,3.33161
14003.6,13075,70190.4,9306.2,8647,70532.1,14242.4,31394.2,3.33466
8845.85,9067,63937.5,3733.12,3951,61922,2263.28,7101.9,3.34074
18140.2,17890,66452.6,7698.04,8002,63046.6,4237.76,10332.7,3.34276
17234.8,17097,66064,5865.68,6217,61832.6,5458.32,14057.2,3.34276
9898.2,9967,65083.6,3529.44,3743,61796.8,9177,14252.9,3.34378
10896.6,10840,65878.2,5233.36,5448,62954,2090,6200.22,3.34479
8209.5,8372,64263.9,3169.2,3408,60943.9,2464.68,7032.48,3.34479
11148.8,11097,65841.9,4829.04,4969,63690.1,5022.08,9601.8,3.3458
28126.1,22651,81377.2,23585.8,19803,78054.9,24177.1,32348.2,3.34682
10535.2,10545,65475.1,4848.8,4913,64679.6,2232.88,6937.32,3.34783
12233,12326,65041.5,4961.28,5206,62455.3,2682.8,7706.4,3.34986
8470.8,8717,63685,3327.28,3497,62355.3,5881.64,9493.38,3.34986
15182,14938,66606.7,6491.16,6538,65066.5,2883.44,9515.22,3.35087
6715.15,6852,64227.1,2906.24,2976,63999.8,9926.36,15001,3.35189
11493.9,11660,64602.7,5073.76,5304,62691.2,3226.2,8767.98,3.35999
16754.4,16644,65970.7,10651.4,10480,66607.8,12410,14815.3,3.36101
9925.5,9749,66722.5,18788.7,16369,75223.8,11004.8,34135.1,3.36608
12986.3,13274,64115.8,4840.44,4992,63546.3,13015,16874.5,3.37013
7209.8,7526,62782.5,3240.64,3410,62281.1,4176.96,9182.16,3.37216
9711,9665,65847.9,4797.88,4869,64578.7,4495.4,11309.2,3.37216
11476.4,11546,65140.9,7210.88,7294,64789.2,5832.24,14476,3.37317
5484.7,5632,63822,2894.84,3060,61998.8,6465.32,12273.3,3.37621
6648.85,6710,64938.8,2957.16,3138,61759.2,6746.52,11862.2,3.37723
12616.5,12665,65285,5485.68,5641,63731.5,3040,9978.54,3.37723
12975.3,13057,65125.9,4134.4,4245,63828.5,3005.04,8861.58,3.37824
22376.3,14506,101093,12339.4,6442,125531,6900.04,16956.4,3.38027
33358.6,30893,70766.6,29906.8,28137,69658.1,21539.2,37270,3.38128
15484.3,15644,64867,7183.52,7532,62503.9,3269.52,9940.32,3.38331
15366.6,15514,64913.5,7226.08,7450,63566.2,2133.32,6747,3.3904
18246.1,15534,76978.2,15030.5,13978,70470.8,5182.44,15060.2,3.39243
9767.55,10016,63910.4,3929.2,4048,63612.7,2201.72,7172.88,3.39243
11292.4,11724,63123.7,5677.2,5932,62721,5565.48,11018.3,3.39243
7996.95,8596,60968.8,3393.4,3604,61706.4,8215.6,13487.8,3.39446
11991.8,11908,65997.5,8958.12,8948,65610.1,2533.84,6346.08,3.39446
10851.8,11077,64203.3,5114.04,5333,62845.3,3263.44,8714.94,3.39547
7957.95,8321,62676.6,3255.84,3441,62009.5,9283.4,14171.8,3.39547
20886.4,17573,77893,20074.6,18353,71683.7,12625.1,26084.8,3.39851
20528.9,19169,70185.5,11640.2,10677,71447.9,19065.4,25068.4,3.39851
8770.45,9025,63687.6,4237,4437,62581.9,7375.04,12474.5,3.40155
39618.8,26666,97369.6,34877.2,24990,91465,43261.5,54400.3,3.40459
12875.8,13093,64449.1,7173.64,7121,66020.5,7246.6,14260,3.40561
16479.4,17020,63454.6,5373.96,5720,61571.3,2191.84,8096.4,3.40662
14125.1,14620,63317.8,6358.92,6700,62199.7,3642.68,9980.88,3.40662
6693.05,7152,61330.5,3303.72,3396,63755.2,4624.6,9513.66,3.40763
10100.3,10607,62405.6,6127.12,6267,64073.2,9988.68,19064,3.40966
21768.5,19804,72037,17914.7,17016,68997.4,2461.64,5359.38,3.41067
10730.8,10797,65134.5,6601.36,6413,67460.9,15196.2,17162.3,3.41169
35705.1,27248,85876.9,22851.7,18768,79795.8,7777.08,18446.2,3.41169
15338.7,15760,63784.1,6821.76,7120,62790.9,4794.08,9979.32,3.41371
10918.7,11493,62261.2,4816.12,5057,62414.3,4057.64,10313.9,3.41371
19194.5,15868,79274.7,17709.5,14444,80352.5,14835.2,29825.6,3.41473
14205.7,14453,64414.9,9112.4,8929,66882.1,5798.04,11887.2,3.41878
9842.3,10082,63977.9,5076.8,5110,65110.2,6670.52,12220.3,3.4198
11422.4,11796,63460.6,6166.64,6368,63463.7,2853.04,9200.88,3.42385
12506,12701,64529.8,5344.32,5513,63530.8,5538.12,11889.5,3.42385
12847.9,13498,62379.6,3745.28,3978,61702,3863.84,11111.1,3.42588
11636.3,12001,63544.4,5829.2,6101,62616.4,6495.72,12298.3,3.42588
13141.7,13492,63834.4,5111,5300,63199,6083.8,14242.8,3.42689
14125.1,14596,63421.9,5332.16,5620,62179.4,3413.16,9861.54,3.4279
11952.2,12300,63682.9,4858.68,5064,62878.8,2670.64,8229,3.43094
10793.3,10856,65157.2,5111.76,5176,64722.6,7177.44,21267.5,3.435
5404.75,5451,64979.9,2580.96,2619,64584.1,9506.08,11079.1,3.43703
14183,14144,65716.7,8065.88,8336,63412.4,3433.68,8371.74,3.44209
14469,14425,65735.9,11083.8,10717,67779.3,12333.3,18238.7,3.44209
9354.8,9825,62399.6,5061.6,5202,63767.2,2070.24,5933.46,3.44716
12548.9,13051,63014.7,6197.04,6367,63786.6,4689.96,10971.5,3.44818
12216.1,12465,64227.4,6475.96,6357,66762.4,4543.28,9741.42,3.44919
14368.9,13969,67412.1,9925.6,9253,70299.8,2397.8,4524,3.4502
24394.5,20468,78108.2,16100.6,14004,75347.7,8377.48,16199.8,3.45122
15626.6,15618,65572.3,6712.32,6818,64520.2,3851.68,11386.4,3.45527
14549.6,14505,65737.5,9153.44,9433,63593.8,4576.72,8613.54,3.4573
17222.4,17409,64833.5,6599.84,6801,63597.6,2923.72,6875.7,3.45831
5464.55,5793,61820.3,2527,2705,61223.5,6010.84,11606.4,3.45831
10830.9,11183,63472.9,5314.68,5531,62972.9,4456.64,11896.6,3.45932
13399.7,13668,64249.8,5791.2,5956,63722.6,5687.84,10971.5,3.46135
12721.8,13177,63272.1,6786.8,6973,63786,9636.8,17902.6,3.46135
16261,16236,65637.1,8855.52,9036,64227,9569.92,15373,3.46237
37625.3,30329,81302,30782.3,27129,74361.3,3239.12,3676.92,3.46439
6471.4,6825,62140.6,3253.56,3401,62694.9,8408.64,11958.2,3.46439
10151,10113,65782.6,5245.52,5281,65095.7,10494.8,16816.8,3.46541
9666.15,9777,64793,6309.52,6533,63294.2,3836.48,10530.8,3.46642
11843,11960,64894.9,6158.28,6104,66118.8,2992.88,7590.18,3.46743
8391.5,8645,63614.3,4887.56,5045,63490.8,13293.9,19127.9,3.46946
6520.15,6833,62535.4,3439,3589,62797,4309.96,8861.58,3.46946
11563.5,11548,65624,5292.64,5368,64616,5595.88,12385.6,3.47554
17108,14147,79252.8,5744.84,5159,72978.1,6188.68,12870,3.47858
7469.15,7421,65961.2,2598.44,2729,62400.6,4085,8129.16,3.47858
5515.9,5545,65192.1,2668.36,2761,63337.1,3970.24,8200.92,3.48264
19711.9,16525,78174.8,13343.3,11789,74176.6,14109.4,28811.6,3.4877
9354.15,9365,65460.1,7746.68,7985,63580,5656.68,14228,3.49075
8894.6,8881,65636.4,3753.64,3857,63779.8,6426.56,11710.1,3.49277
5280.6,5341,64794.9,3380.48,3437,64458.3,3413.92,7955.22,3.49277
10262.2,10422,64531.1,6323.96,6262,66184.5,18831.3,23422.6,3.49379
9428.25,9592,64417.2,4769.76,5020,62269.1,11130.2,14943.2,3.49683
12427.3,11712,69538.8,10942.5,10672,67197,24149,30597.1,3.49784
12074.4,11844,66810.9,10289.6,10148,66450.7,7087.76,14021.3,3.49885
7265.7,7269,65506.2,2995.16,3029,64803.8,5019.8,9065.94,3.49987
12072.4,11781,67157.3,5550.28,5477,66412.9,2438.84,7820.28,3.50392
10801.7,10677,66301.4,4329.72,4469,63493.5,15762.4,22637.9,3.50392
15394.6,15576,64772.8,7771.76,7960,63986.2,5660.48,12559.6,3.50595
9268.35,8869,68486.9,3378.96,3393,65264.8,6926.64,12523.7,3.50595
6098.3,6440,62058.7,2918.4,3000,63753.4,9911.16,13362.2,3.50696
10551.4,10745,64355.5,6338.4,6525,63661.8,2261.76,7161.96,3.50899
21810.1,18613,76792.9,14814.7,13297,73016.1,12992.2,26898.3,3.50899
12425.4,12891,63169,6251.76,6415,63868.3,3869.16,10843.6,3.50899
12894,13128,64368.1,7546.8,7640,64736.5,4545.56,13015.1,3.51406
6863.35,7369,61039,2719.28,2829,62994.3,2175.88,6810.18,3.51406
8935.55,8840,66244.4,4503,4472,65990.3,10545,14986.1,3.52419
13254.8,12953,67063,7461.68,7661,63830.9,4319.08,7608.12,3.52622
11139.7,11194,65218.1,4656.52,4890,62406.9,4200.52,10888.8,3.52723
11734.4,11981,64187.4,4917.2,5113,63026.3,2777.8,8922.42,3.52926
11636.9,12103,63012.4,6300.4,6595,62608.5,2662.28,8196.24,3.53534
15076.7,14477,68251,11663,10925,69962.8,3540.84,7754.76,3.53636
5346.25,5268,66509.5,2689.64,2756,63958,6004,9772.62,3.54041
8329.75,8713,62653.3,4493.12,4701,62638,5898.36,11181.3,3.54142
10868.6,11053,64442.9,4496.92,4573,64445.7,8290.08,13025.2,3.54142
8796.45,8069,71444.3,7134.88,6837,68391.3,12706.4,19724.6,3.54244
10562.5,10797,64112.6,5475.8,5593,64162.7,2260.24,7347.6,3.54244
13540.8,13970,63522.5,5572.32,5682,64271,2983.76,9285.9,3.54751
11121.5,11192,65123.2,7294.48,7212,66285.5,11739,20389.2,3.54852
16808.3,16278,67671.2,13145,13314,64703.9,3399.48,4547.4,3.54852
11277.5,11256,65661.2,7005.68,6924,66309.1,3561.36,10191.5,3.55156
10182.9,9947,67090.2,6613.52,6555,66121.1,4200.52,9824.1,3.55257
4765.8,5127,60919,2723.84,2883,61918,7235.96,11013.6,3.55359
27097.8,18413,96447.3,24012.2,17241,91274.5,1935.72,252.72,3.55663
11639.5,11916,64015.6,4311.48,4588,61586.1,5269.84,13146.9,3.55866
34462.3,27252,82875.5,29738,23668,82343.8,49780.8,73114.1,3.56068
11969.1,12113,64757.4,5283.52,5493,63036.7,12397.1,16015,3.56068
12259,12441,64577.3,8410.92,8461,65148.1,12214.7,20174.7,3.5617
28761.2,21260,88659.2,13672.4,9608,93259.2,2755.76,7915.44,3.56676
15151.5,15517,63992.3,6646.2,6893,63189.5,7127.28,14356.7,3.56879
7562.75,8016,61830.4,3234.56,3408,62200.7,3807.6,8448.96,3.5698
13193.7,12868,67194.8,6099,6192,64551.7,7281.56,14828.6,3.57082
27875.2,24244,75351.9,14624.7,13364,71718.3,4769.76,11224.2,3.57487
8490.3,8944,62211.6,5230.32,5472,62641.5,6102.8,12659.4,3.57791
16575.6,9265,117248,8765.84,5013,114598,22318.2,28822.6,3.58197
10032.8,10344,63564,2674.44,2780,63047.5,7690.44,13184.3,3.58906
9982.05,10329,63334.7,4049.28,4169,63654,3773.4,8947.38,3.59312
30247.1,25684,77179.3,28935.5,25392,74681.6,3945.16,6706.44,3.59514
6759.35,6938,63848.5,3368.32,3466,63689,3443.56,8765.64,3.59616
16810.9,16288,67640.1,12562,12768,64478.8,12191.9,14768.5,3.59818
11022,10979,65793,5579.92,5559,65782.6,6721.44,12354.4,3.60122
11614.8,11376,66912,5058.56,5172,64098.6,3784.04,8450.52,3.60731
11386,11728,63625.2,6205.4,6272,64840.1,3074.96,9314.76,3.61035
6957.6,7421,61443.6,3081.04,3225,62610.6,2668.36,7672.08,3.61035
10831.6,10844,65461.1,8926.2,8712,67147.3,4848.8,10491.8,3.61136
6639.1,6803,63957.1,2869,3027,62115.2,3089.4,7802.34,3.61237
10112,10020,66138.1,5706.84,5856,63866.7,2264.8,6424.08,3.6144
8143.2,8227,64868.4,4367.72,4419,64775.5,2558.16,8052.72,3.6144
11063.6,11112,65250.8,4878.44,5000,63942.7,3056.72,8947.38,3.61643
17379.7,14669,77646.5,13436,12409,70960.1,12141,22782.2,3.61846
8509.8,8037,69391.3,3986.96,4209,62078.7,11141.6,12379.4,3.62454
13674,13728,65278.4,5320.76,5472,63724.7,8800.04,14444.8,3.62454
14193.4,14460,64327.7,6504.08,6904,61739.8,8920.12,18224.7,3.62656
13952.9,13653,66975.6,8204.2,8421,63848.8,10728.9,18275.4,3.62656
13473.2,13635,64758.3,5912.04,6099,63527.1,4547.08,10973.8,3.62859
11334.7,11341,65499.6,4588.88,4633,64911.9,4836.64,11409.1,3.63265
14217.4,14337,64989.5,8946.72,9025,64967.6,3659.4,8468.46,3.63265
11310,11888,62349.6,5938.64,6144,63345.5,3556.8,6296.94,3.63569
9252.75,9888,61325.7,4878.44,5120,62444,7733,16859.7,3.63569
9266.4,9633,63041.9,10764.6,10597,66572.8,11358.2,30964.4,3.63569
16781,12625,87109.9,8162.4,7077,75587.3,7689.68,9629.1,3.6367
15921.1,13989,74587.5,13826.7,12517,72393.2,2979.96,5964.66,3.63974
22483.5,18448,79872,15079.2,13492,73245.5,16903.9,28782,3.63974
8570.25,9276,60549.8,3446.6,3528,64023.9,3256.6,9884.94,3.64278
5452.85,6057,58999.2,2716.24,2825,63012.9,7945.8,10267.1,3.64481
10418.8,10849,62937.6,6133.96,6193,64911.2,2377.28,6622.98,3.64582
7658.95,8363,60018.8,3022.52,3119,63508.8,7451.8,12519,3.64684
11893,12533,62189.7,7682.84,7873,63953.1,5192.32,14779.4,3.64988
7153.9,7908,59286.5,3638.12,3732,63887.4,7465.48,12376.3,3.65089
7612.8,8230,60621.2,3622.16,3830,61979.6,5063.88,8381.1,3.65494
10156.9,10650,62501.7,4797.88,4782,65753.6,15011.5,23246.3,3.65697
19977.8,17525,74708.2,18708.2,17109,71661.6,2607.56,8112.78,3.66001
12559.9,12433,66205.2,9963.6,9685,67421.2,11120.3,18017.2,3.66711
11251.5,11412,64614.3,10421.9,9888,69074.5,12303.6,16964.2,3.66913
11915.8,12759,61204.9,5394.48,5671,62340.4,3367.56,10235.9,3.67116
8307,9072,60009.7,3809.12,3904,63943.3,4419.4,11396.6,3.67116
6419.4,6979,60281.1,1808.8,1927,61516.1,5261.48,7059.78,3.67218
7468.5,8329,58765.2,3720.96,3949,61751.5,2356,7089.42,3.67724
17433.6,15281,74768.1,13414.8,12257,71726.3,3207.96,7004.4,3.68028
17148.3,14968,75082.2,16633.4,14568,74827.3,6481.28,16762.2,3.6813
28521.3,24577,76053.8,25250.2,22629,73127.4,8581.16,13743.6,3.6813
13209.3,12476,69388,9106.32,8556,69751.3,8496.8,14078.2,3.68231
15496.6,12120,83794.4,19833,16536,78602.6,5912.8,16594.5,3.68434
6537.05,7278,58864,3237.6,3444,61608.4,2639.48,7741.5,3.68839
8936.2,9706,60338.2,5008.4,5178,63389.4,4534.92,11058.8,3.69245
4725.5,5397,57381.9,2818.08,2981,61954.3,2413,6619.08,3.69751
8821.15,9608,60168.9,4267.4,4392,63676.8,6883.32,12089.2,3.69853
9228.7,9609,62942.2,4510.6,4589,64416.4,2156.12,7615.14,3.69954
28956.2,22893,82893.2,27246.8,22089,80838.6,27836.5,46357.7,3.7036
5489.9,5765,62408.7,3323.48,3381,64421.1,11621.2,13891.8,3.70866
7988.5,8344,62743.8,4087.28,4204,63716.5,4721.88,10117.4,3.70866
7736.3,8317,60960.2,3712.6,3801,64011.8,12065.8,15483.8,3.70866
14264.9,14288,65430,9180.8,9140,65828.5,5865.68,10388.8,3.70968
18967.6,19121,65010.4,8679.96,8789,64722.9,8680.72,12898.9,3.71069
10781.5,11337,62325.1,5348.12,5433,64512.1,3365.28,9997.26,3.7117
9789.65,10361,61922.1,5069.96,5097,65188.3,12345.4,21230.8,3.71272
10554,11208,61712.2,4434.6,4536,64071,2257.2,7188.48,3.71272
12276.5,12961,62075.1,4122.24,4209,64185.1,11336.9,18370.6,3.71475
9540.7,10156,61565.5,4029.52,4044,65301.3,11794.4,19552.3,3.71677
8970.65,9787,60069.5,3512.72,3695,62303,4822.96,9381.06,3.71779
11380.2,12100,61637.4,3788.6,3956,62762.8,8536.32,15635.9,3.71779
14292.2,14456,64793.4,7092.32,7144,65061.9,4375.32,10962.1,3.71981
5989.1,6537,60043.1,2978.44,3065,63685.2,3186.68,7625.28,3.72184
10878.4,11436,62340.6,5353.44,5564,63055.9,7055.08,14598.5,3.72387
20597.8,19648,68704.2,17474.7,16800,68167.9,14755.4,17643.6,3.72589
13338,13627,64146.1,5513.8,5755,62789.3,2140.92,7706.4,3.72894
12918.1,13064,64804.1,7092.32,6952,66858.8,5747.88,11047.1,3.73198
12860.9,12328,68368.9,11610.5,11224,67792.9,7565.04,13307.6,3.73603
25019.1,21045,77911.9,17558.3,15345,74988.6,9766.76,14041.6,3.73704
20016.8,16696,78570.8,11784.6,10264,75244.8,4781.16,12376.3,3.73806
15923.7,15429,67637.3,9051.6,9249,64137.3,2801.36,3544.32,3.73907
9411.35,9401,65608.1,6973,7117,64210,2647.08,8927.88,3.74211
7071.35,7168,64652.3,3877.52,4020,63213.2,8481.6,14162.5,3.74211
26969.1,23309,75826.9,24659.7,20877,77410.5,17444.3,30934,3.74313
12771.8,12848,65147.6,2970.08,3076,63279.3,4019.64,10410.7,3.74313
9393.8,8763,70253.6,6982.88,6955,65798.7,14896,20596.7,3.75123
13687,13804,64980.8,5353.44,5580,62875.1,6448.6,13386.4,3.75123
13991.2,13216,69380.3,3917.04,3920,65486.5,3028.6,8628.36,3.75326
21526,17996,78391.4,15388.5,13720,73505.8,8968.76,21127.9,3.75427
6223.75,6468,63061.2,2540.68,2676,62222,2394.76,5696.34,3.7563
9350.9,9052,67700,3307.52,3560,60888.1,9451.36,15005.6,3.75934
8886.15,8997,64728.5,3544.64,3605,64438.7,3616.08,7975.5,3.7634
19505.2,16345,78207,14845.1,13881,70087.7,12775.6,28352.2,3.76542
8023.6,7993,65786.9,3894.24,3961,64431.4,3033.16,8159.58,3.76542
10086,8977,73632.5,5814,5809,65592.4,5244.76,13099.3,3.76644
10673,10681,65486.9,4302.36,4569,61711.4,7481.44,14833.3,3.76644
14948,13764,71173.7,9144.32,9172,65338.2,6287.48,11900.5,3.76745
7963.15,7456,69993.7,6087.6,6068,65747.7,20443.2,25347.7,3.77049
13087.1,12952,66219.6,7640.28,7644,65504.1,5301,10420.8,3.77049
9610.25,9616,65496.8,5344.32,5220,67096.8,7510.32,14304.4,3.77252
9098.05,9245,64494.3,4971.16,5161,63125.4,8329.6,13321.6,3.77455
26172.3,22488,76272.9,19695.4,17704,72907.7,2834.04,5245.5,3.77759
16959.8,17269,64362.6,6548.92,6753,63555.5,2460.88,8585.46,3.78468
10910.9,11281,63385.9,3484.6,3637,62789.9,7432.04,14940.9,3.78671
29688.7,23028,84492,25401.5,20960,79423.3,9618.56,25212.7,3.78671
5613.4,5800,63427.6,2426.68,2568,61929.5,6763.24,10286.6,3.78874
8543.6,8740,64063.3,6819.48,6820,65531,12100,18307.4,3.78975
10694.4,11252,62288.6,5040.32,5300,62325,2843.16,8668.92,3.79076
11045.4,11544,62705.7,4746.96,4968,62620.1,14766,20527.3,3.79279
28711.8,21504,87502.6,24293.4,19520,81562.1,9517.48,28037.9,3.7938
8841.3,9045,64060.1,3113.72,3169,64392.8,7511.08,12550.2,3.7938
11568,11429,66333.3,7696.52,7425,67932.5,6512.44,15230.3,3.79482
8570.25,9075,61890.9,4030.28,4051,65200.8,2966.28,7813.26,3.79684
9969.05,10510,62162.9,4780.4,4910,63806.2,12796.1,18352.6,3.8009
10017.1,10521,62397.5,3584.92,3769,62335.2,4674,11825.6,3.80191
13535.6,13504,65689.4,6161.32,6196,65169.2,2692.68,9349.08,3.80394
12489.8,12595,64988.4,5187.76,5367,63347.3,3853.2,9737.52,3.80597
5782.4,5911,64110.2,3218.6,3303,63861.4,11227.5,12818.5,3.80901
12991.5,13377,63647.6,5237.92,5553,61817.5,2178.16,7750.86,3.81002
8632.65,8693,65081,3126.64,3233,63380,2492.04,7512.96,3.81914
7508.8,7820,62928,3021.76,3240,61121.6,4101.72,8700.9,3.82421
10033.4,10417,63122.7,4560,4853,61579.3,4001.4,11152.4,3.82421
10908.3,10676,66962,8103.88,7940,66888.6,3765.8,8174.4,3.82624
14230.4,14320,65126.2,6555.76,6672,64394.2,2571.08,7894.38,3.83029
31968.9,25424,82407.1,29181,22560,84769.7,2283.04,153.66,3.83739
20551.7,17205,78284,16119.6,14917,70819.5,11669,23892.2,3.8384
28804.1,19052,99081.8,32772.7,25288,84933.3,26683.6,32901.2,3.84043
12769.9,13009,64331.5,4911.12,5205,61835.8,4366.2,12107.2,3.84246
9784.45,10063,63721.9,3240.64,3471,61186.6,7589.36,13412.9,3.84347
7351.5,7665,62855.6,3024.04,3137,63176.1,3726.28,8714.94,3.8455
8823.75,9000,64252.6,3331.08,3388,64435,2612.12,7308.6,3.84651
10898.5,10505,67991.2,5765.36,5837,64731.6,4859.44,11430.1,3.85462
8510.45,8604,64823.4,3549.96,3800,61223.7,13019.6,16735.7,3.85665
11165,11266,64948.8,3969.48,4166,62444.5,12571.9,19021.9,3.85766
8556.6,8669,64686.3,6464.56,6265,67623.5,10475.1,20074.9,3.86475
5953.35,5656,68981.4,3272.56,3368,63678.9,2956.4,6470.88,3.86779
11344.4,11496,64672.1,5730.4,5832,64394.3,4759.12,11946.5,3.87185
12417.6,12309,66114.2,5908.24,6117,63299.4,3149.44,9821.76,3.87692
7753.2,8000,63514.2,3853.96,3924,64366.2,4053.84,9834.24,3.87692
5439.2,5688,62669.4,3766.56,3836,64349.7,4053.84,8519.94,3.87894
13833.3,14244,63646.4,5373.96,5604,62845.8,3903.36,10877.1,3.88097
14625.6,14900,64329.3,4866.28,5076,62828.3,3916.28,9225.84,3.88705
12021.8,11939,65990.2,7589.36,7379,67404.3,7998.24,12600.1,3.89111
16465.8,16341,66036.5,7809.76,7829,65374.9,3119.04,9632.22,3.89415
7634.9,8062,62064.1,3657.88,3854,62201,4572.16,10234.4,3.89516
28783.3,25306,74541.3,27638.9,24894,72762.3,7044.44,8544.9,3.89719
14805,15644,62021.5,6431.88,6776,62207.7,9587.4,17614,3.8982
12821.3,13357,62907.3,6426.56,6749,62405,3212.52,10292.9,3.90023
23629.4,18437,83993,28681.6,23009,81693.3,11276.9,19938.4,3.90124
7520.5,7597,64876.1,3960.36,4153,62496.1,3906.4,8680.62,3.90124
9901.45,10026,64721.9,7539.2,7568,65286.6,6460,13345.8,3.90428
8490.95,8795,63270.4,3253.56,3307,64477,4530.36,10635.3,3.90428
4550.65,5056,58985.6,2901.68,2976,63899.4,2128.76,6212.7,3.90732
9292.4,9798,62154.2,4098.68,4374,61410.9,11362,15788,3.90834
44660.8,32977,88755.6,28988.7,20501,92668.8,13355.5,25090.3,3.90834
6888.05,7491,60261,2952.6,3091,62601.6,9227.92,12727.3,3.91138
11292.4,12020,61569.2,7235.96,7504,63195.1,8290.84,14212.4,3.91239
12200.5,12508,63924.8,6071.64,6124,64975.7,5060.84,11132.9,3.91442
9740.25,9812,65056.8,6329.28,6244,66431.1,25391.6,25307.1,3.91746
13741,14218,63337.3,5554.84,5774,63048.5,2175.12,5465.46,3.91847
6741.8,7140,61881,3385.8,3472,63908.9,6351.32,11852.1,3.9205
7501,8008,61386.8,3817.48,3976,62923.1,2403.88,7048.86,3.9205
11925.5,12322,63427.4,5253.12,5286,65128.4,4940.76,10495.7,3.9205
10966.8,11685,61507.9,6541.32,6757,63444.1,2808.96,9373.26,3.92456
6849.7,7441,60328.2,6184.12,6133,66082.3,7454.08,14774,3.92557
14528.8,15281,62310,5445.4,5701,62597.7,4676.28,12161.8,3.92658
10960.3,11292,63610.9,7254.96,7048,67460.4,8461.84,19575.7,3.9276
6858.8,7201,62421.7,3602.4,3681,64136.6,13635.9,14368.4,3.92962
14911,15527,62936,6640.12,6931,62785.6,2291.4,7828.08,3.93165
11118.9,10740,67848.1,7613.68,7108,70198.4,16715.4,30000.4,3.93469
6855.55,7066,63584.1,3320.44,3418,63665.4,7430.52,13863.7,3.9357
6793.15,7576,58764,2808.96,2952,62360.4,2219.96,6693.96,3.93875
5439.2,5707,62460.7,3119.8,3195,63993.5,3299.16,6381.96,3.93976
8708.05,8649,65983.4,5463.64,5401,66296.1,4998.52,8014.5,3.94179
5547.75,5821,62459.6,2533.08,2749,60388.5,8719.48,11415.3,3.9428
8884.2,9549,60973.4,4009,4137,63508.3,4173.16,9813.18,3.94483
13351,13579,64435.6,4952.92,5023,64621.7,5028.92,10441.9,3.94483
18861.7,18946,65244.4,10526.8,10738,64246.8,2422.88,8065.98,3.94584
14953.2,14100,69501.9,12230.7,11812,67858.9,8306.8,17461.1,3.94584
4808.05,5177,60865.4,2671.4,2793,62682.7,5628.56,6387.42,3.94685
14682.2,14709,65416.6,7750.48,7969,63738.9,4021.16,10494.9,3.94787
18663.4,15906,76897.3,15939.5,14841,70386.8,12049.8,23067.7,3.94787
9047.35,9277,63913.7,3682.2,3913,61670.5,9742.44,16751.3,3.95091
14483.9,14561,65189.2,5696.96,5873,63571.6,3428.36,9100.26,3.95598
7883.85,7423,69604.7,4282.6,4239,66210.1,6799.72,15249.8,3.95598
13018.8,13013,65565.5,5740.28,5937,63364.5,4176.96,7249.32,3.95598
11459.5,10638,70596.9,8254.36,7706,70199.6,12912.4,24462.4,3.958
5029.05,5472,60231,2313.44,2480,61134.5,2909.28,6612.84,3.958
11047.4,11201,64637.3,4461.96,4549,64282,6143.84,12887.2,3.96104
8120.45,8248,64522.5,4393.56,4508,63872.3,8940.64,11632.9,3.96206
12318.1,12380,65208.6,4735.56,4828,64281.2,10878.6,16375.3,3.96307
14801.8,15565,62322.6,5678.72,6009,61933.9,6235.04,14920.6,3.96712
5949.45,6064,64298,2647.84,2736,63424.3,2603,6263.4,3.97118
12615.2,12693,65134.3,6044.28,5829,67956.4,2739.04,9939.54,3.97523
7846.15,8116,63357,5108.72,5280,63410,8451.96,14674.1,3.97625
29897.4,27065,72394.5,40603,36269,73367.3,18519.7,27379.6,3.97625
11642.1,12307,61995.6,5136.08,5399,62344.5,5390.68,9328.8,3.97726
8932.3,9536,61387.1,3914,4112,62380.3,4343.4,10389.6,3.97827
12218,12631,63393.4,6928.16,6963,65208.1,3521.08,8114.34,3.97929
21067.8,15273,90401.3,24151.3,19261,82175.3,5688.6,13862.2,3.9803
12305.1,11312,71289.8,12926.8,12576,67364.3,8258.92,18383,3.98233
18095.3,14954,79303,17044.5,14858,75180.3,8895.04,15572.7,3.98233
9633,10150,62197.9,3815.96,4022,62178.7,3744.52,9097.14,3.98537
23364.3,19752,77521.2,18126.8,15752,75416.2,2526.24,6123,3.98537
9052.55,9460,62713.3,4531.12,4676,63505.4,6197.04,12964.4,3.9874
11197.5,11872,61812.9,4216.48,4372,63204.8,4128.32,11517.5,3.98841
14567.1,15264,62544.1,5724.32,6052,61987.6,6478.24,12831.8,3.98841
33663.5,26181,84266.1,34636.2,29249,77606.8,4664.88,7691.58,3.99145
21559.8,19678,71803.4,15121.7,14298,69311.6,12467,26736.1,3.99145
11661.6,11976,63815.8,5275.16,5292,65327.5,4133.64,11203.9,3.99348
14192.7,14157,65701.5,7660.8,7769,64623.3,2341.56,4877.34,3.99652
13455,13536,65143.8,5345.84,5344,65558.6,10738.8,16257.5,3.99855
8047,8385,62894.2,2976.92,3121,62510.6,8500.6,12809.2,3.99956
16874.6,16591,66656.4,9154.96,9279,64659.9,4502.24,9323.34,4.0026
12185.5,12563,63567,5064.64,5283,62827.2,10836.1,17448.6,4.01172
12158.3,12713,62676.2,4237.76,4377,63451.2,4927.08,10889.6,4.01274
13848.2,13752,65994.7,5701.52,5976,62525.9,3507.4,10531.6,4.01578
11315.2,10768,68866.4,5249.32,5092,67560.8,21338.5,27324.2,4.01679
12459.8,12547,65080.8,5229.56,5475,62598.1,4126.8,9291.36,4.0178
12897.3,13081,64615.7,4914.92,5177,62218.3,9304.68,17201.3,4.02084
9561.5,9174,68304.2,3362.24,3414,64542.4,7421.4,11108.8,4.02186
11858.6,12179,63811.9,4911.88,5127,62786.2,2400.84,8629.14,4.02693
10264.1,10327,65137.1,6977.56,6931,65976.3,2301.28,6815.64,4.03301
13767.6,14103,63977.6,5350.4,5651,62049.9,14871.7,20329.9,4.03301
8360.3,8277,66195.6,3457.24,3521,64349.2,14740.2,16110.9,4.03503
12866.8,12848,65631.6,5288.84,5488,63157.7,4363.92,10581.5,4.03706
12084.8,11959,66225.4,4598.76,4659,64688.6,11004.8,15665.5,4.03807
9928.1,10027,64889.6,4221.04,4411,62713.7,3128.92,9567.48,4.03807
7459.4,7526,64956,3104.6,3238,62836,5939.4,11147,4.0401
4437.55,5079,57259.2,2539.92,2707,61491,2933.6,6667.44,4.0401
8619.65,8671,65147.9,3416.2,3471,64501.3,4950.64,10622.8,4.04112
6108.7,6453,62039.3,2691.16,2753,64063.9,3936.04,7669.74,4.04112
7317.7,7908,60644,4102.48,4356,61721.8,7336.28,13646.1,4.04213
11943.8,11813,66261.4,7641.04,7409,67588.5,5752.44,12313.1,4.04213
13042.3,13352,64015.6,5377,5660,62259.2,4538.72,12469.9,4.04416
20681,18065,75026.5,15451.6,14161,71508.6,4591.92,10504.3,4.04517
13135.8,13161,65410.8,6202.36,6381,63701.3,4711.24,11120.5,4.04517
9670.05,9833,64450,3966.44,4089,63571.7,2984.52,8722.74,4.04922
7803.25,8157,62693.9,2483.68,2621,62102.4,5031.2,9675.12,4.05733
41075.4,33772,79708.6,37941.5,30172,82411.9,23091.1,41635.6,4.05733
7738.25,7917,64056.3,3318.16,3449,63049.8,2504.96,7934.94,4.06341
14362.4,13816,68127.8,6676.6,6152,71124.5,2605.28,9462.18,4.06646
7604.35,7828,63663.6,3236.84,3424,61953.7,4537.96,8897.46,4.07051
15351,13892,72419.1,11706.3,10832,70825.6,5946.24,12735.1,4.07152
20384,15069,88651.3,22051.4,18857,76637.9,4139.72,8827.26,4.07659
9256.65,9324,65062.6,6126.36,6092,65905.6,6941.08,14962.7,4.08065
19526,17009,75234,15909.8,14337,72725.6,11641.7,21664.5,4.08267
14876.5,14833,65728.4,6055.68,6305,62944.5,6642.4,12338,4.08673
9724.65,10419,61168.5,5465.92,5575,64253.7,6285.2,15128.9,4.08774
26465.4,21557,80458.2,22621.4,19685,75312,6234.28,11918.4,4.08774
13884.6,12800,71089.4,9645.92,9316,67856.9,20046.5,23918.7,4.09179
13596.7,13768,64720.6,5946.24,6120,63675.3,9424.76,15307.5,4.0999
9938.5,10271,63414.4,3594.04,3823,61611,3216.32,9583.86,4.10294
8433.1,8893,62146.8,3930.72,4217,61087,3326.52,8750.82,4.10396
13285.3,13637,63846.1,4855.64,5029,63276.8,4056.12,12549.4,4.10497
13762.4,14356,62826.4,5292.64,5556,62429.5,2829.48,7846.02,4.107
5990.4,6773,57963.5,3755.92,3905,63034.1,2914.6,8067.54,4.107
4897.75,5575,57574.7,2584.76,2739,61845.5,2807.44,6966.96,4.107
12530.7,12913,63595.7,6156,6289,64150,2352.2,6915.48,4.10801
10853,11481,61951.5,6030.6,6205,63694,4398.12,11604.8,4.10801
10410.4,10912,62523.5,4433.08,4660,62344.7,2193.36,8365.5,4.11207
14876.5,12537,77765.8,10998,10013,71982.7,4784.96,11424.7,4.11308
17877.6,17892,65483.3,7022.4,7136,64492.7,6067.08,14047.8,4.11409
12913.5,13032,64940.3,5610.32,5688,64641,2401.6,6504.42,4.11511
34667.8,22612,100477,32452.8,21792,97596.5,13553.1,38003.9,4.12119
8018.4,8765,59953.7,3784.8,3917,63324.1,9164.08,14716.3,4.12322
10858.3,11651,61076.8,3822.8,3971,63090.2,2590.08,8115.12,4.12322
7310.55,7706,62172.9,1930.4,2026,62443.6,14283.4,16232.6,4.12626
14316.9,14668,63967.3,5496.32,5724,62929.2,3446.6,10886.5,4.12727
12956.4,12805,66311.1,4855.64,4897,64982.5,2802.88,5614.44,4.13132
10318.8,10947,61774.9,5079.08,5379,61881.9,10101.2,15769.3,4.13234
17521.4,16713,68705.9,11493.5,11177,67391.7,8738.48,13870.7,4.13335
21344,18232,76722.4,15345.9,13724,73281.1,4892.12,15011.9,4.13741
13859.3,14252,63730.2,6200.08,6376,63727.8,2772.48,8530.86,4.13842
10814.7,11888,59619.1,3862.32,4112,61556.7,2169.8,7483.32,4.14247
23782.8,19936,78181.8,18560.7,16308,74588.9,15062.4,27533.2,4.1445
9309.95,9973,61178.9,4781.92,4881,64205.7,4608.64,10753.1,4.14957
6423.3,6814,61778.3,2806.68,2922,62949.6,6832.4,9893.52,4.14957
20027.1,20319,64594.7,11222.9,11467,64141,3822.04,7737.6,4.14957
9237.15,9214,65700.7,3506.64,3594,63943,4570.64,11104.9,4.15058
6929,7357,61723.4,3331.08,3465,63003.1,9093.4,13748.3,4.1516
12428,12981,62744.1,5302.52,5541,62715.4,5861.12,14696,4.1516
9755.85,9940,64321.9,5993.36,5988,65594.7,10131.6,14777.1,4.15464
17351.8,17870,63635.4,7089.28,7354,63176.9,9889.12,12061.1,4.15464
10641.1,11209,62215.9,4776.6,5005,62545.3,4230.16,10678.2,4.15565
13053.3,13008,65764.2,5567,5796,62946.7,2957.92,9114.3,4.16477
5750.55,5849,64432.9,2972.36,3053,63805,2112.04,5026.32,4.16477
9148.1,9581,62574.9,5121.64,5337,62891.5,5563.96,13164.1,4.17085
23277.8,19697,77450.1,27260.4,24113,74090.3,5778.28,15782.5,4.17288
9864.4,10157,63648.1,4961.28,5097,63790.9,19069.2,21190.3,4.17288
11740.9,12305,62531.9,4922.52,5077,63541.9,2986.8,9549.54,4.17491
13767.6,14176,63648.2,4104.76,4276,62911.5,4920.24,12736.6,4.17693
12401.3,12653,64232.6,6216.8,6249,65198.3,22044.6,31402,4.17693
6431.1,6661,63274.1,2522.44,2629,62879.7,7152.36,9746.88,4.17795
14307.1,14020,66878.3,8339.48,8484,64419.6,2932.84,8389.68,4.17896
11359.4,11712,63563,5606.52,5876,62530.4,2496.6,9195.42,4.17998
13641.5,13876,64428.7,5135.32,5376,62602,2047.44,5861.7,4.182
15345.8,15280,65818.4,8768.12,8852,64915,2513.32,6760.26,4.182
4858.1,5072,62772.2,2653.16,2708,64208.8,7560.48,6901.44,4.182
9809.8,9481,67808.8,8312.88,8297,65661.4,2086.2,5545.8,4.18606
5618.6,5893,62484.4,2751.96,2801,64388.6,7394.8,9887.28,4.1891
33488.6,24369,90061.6,22964.2,16805,89555.4,7055.84,20715.2,4.19112
12962.9,13010,65299,6121.04,6242,64266,3977.84,11023,4.19417
14515.1,14063,67643.1,12169.9,11788,67659.1,12556.7,15267.7,4.19721
8262.15,8537,63426.1,5583.72,5385,67954.4,4554.68,10540.9,4.20227
16932.5,14073,78852.3,15798.9,14265,72582.9,10345.9,18872.1,4.2043
17663.8,17068,67823.5,10717.5,11068,63460.7,2129.52,4929.6,4.20531
13447.2,14024,62840.5,5358.76,5596,62757.6,10703.1,18610,4.20836
13845,13776,65864.2,6551.96,6608,64980.2,9007.52,15999.4,4.20937
17860.7,16328,71687.8,13382.1,12460,70385.9,4912.64,13424.6,4.21038
11380.2,11327,65843.8,4653.48,4827,63180.1,4081.2,9916.14,4.21241
18586.1,17872,68154.6,12595.5,12692,65037.6,2985.28,9491.04,4.21444
7690.15,7889,63884.1,3141.08,3285,62664.8,3641.16,8675.16,4.21444
11267.8,11196,65956,3990.76,4140,63173.5,2322.56,6966.18,4.21545
11743.5,10641,72326.4,8116.04,7685,69211.8,3615.32,7657.26,4.22153
12595.7,12839,64294.1,5119.36,5367,62512.1,2946.52,10440.3,4.22761
6252.35,6550,62557.9,3082.56,3238,62389.9,7432.04,11755.4,4.22964
7358,7481,64458.5,2824.92,2969,62355.7,3844.84,8271.12,4.23268
8144.5,8745,61035.8,2888.76,2957,64023.6,6080.76,10465.3,4.23471
6321.9,6536,63389.2,3313.6,3532,61483.6,2305.84,6947.46,4.23471
33781.8,24997,88567.6,24139.1,19061,82995.7,15868.8,25137.8,4.23572
7952.75,8349,62425.6,3068.12,3245,61963.7,5843.64,10997.2,4.23572
14378,14389,65485.9,9263.64,9489,63979.5,6386.28,12441.8,4.23775
12461.1,12813,63736.4,4781.92,5113,61292.4,2587.04,8713.38,4.23876
7849.4,7979,64471.5,3600.12,3723,63372.9,5083.64,11621.2,4.23876
18287.8,18055,66380.8,10269.1,10211,65909,2625.8,5778.24,4.24282
9976.2,10074,64899.8,5060.84,5130,64652.5,4063.72,8852.22,4.24484
6561.1,6640,64757.3,2547.52,2688,62111,4403.44,8342.1,4.24687
12286.9,12922,62315.2,4854.88,5130,62021.3,6260.88,12840.4,4.24788
14270.1,13387,69859.2,8907.2,8571,68106.7,12948.9,20374.4,4.24788
12475.4,13012,62833.6,6353.6,6596,63127.6,5626.28,12641.5,4.2489
13557.7,14117,62939.5,5525.2,5825,62163,2216.92,7262.58,4.24991
4616.3,5168,58539.8,3408.6,3524,63389.9,3630.52,7268.82,4.24991
23450.7,17060,90085.9,20063.2,16864,77968.7,17553.7,29846.7,4.25093
13767,13693,65890.2,4496.16,4541,64888.9,8527.96,14983.8,4.25093
19966.7,17128,76397.6,16669.8,14568,74991.4,9048.56,14139.1,4.25093
17789.8,15361,75898.4,14921.8,13461,72648.2,9954.48,21932.8,4.25295
11868.3,12169,63916.9,4271.96,4345,64434.3,9588.92,16297.3,4.25903
8532.55,8948,62493.2,4059.92,4240,62752.6,10023.6,15125.8,4.26106
10322.6,10500,64429.1,2680.52,2736,64207.1,3962.64,9527.7,4.26512
23744.5,19560,79556.2,17582.6,15352,75058.2,4794.08,13206.2,4.26613
7926.1,8376,62015.9,6884.84,6940,65015.1,7755.8,15461.2,4.26917
20073.9,15479,84990.4,19565.4,14227,90127.3,24209,34331.7,4.26917
20103.8,17147,76837.1,18089.5,16203,73166.4,7532.36,17934.5,4.2712
20430.8,18170,73690.3,21491.3,19066,73872.5,35542.9,51682.8,4.27525
11556.3,11729,64571.3,9747,9573,66727.2,22220.1,23152.7,4.27525
8925.8,9293,62946.4,5630.84,5689,64866,3694.36,10316.3,4.27626
10212.1,10790,62026.3,4145.8,4230,64231.5,4322.88,10179.8,4.27829
7702.5,7671,65805.1,3450.4,3603,62760.3,2618.2,6766.5,4.27931
13687.7,13024,68875.7,9031.08,8640,68502.4,2435.8,7113.6,4.27931
10797.1,10680,66254.9,5649.84,5500,67321.4,14718.9,19734,4.28235
25769.3,21388,78960.8,14444.6,12540,75489.5,7780.12,10747.6,4.28235
11125.4,10281,70918.6,7896.4,7625,67868.6,16434.2,22329.1,4.28336
34289.4,20817,107950,36393.4,27521,86663.8,17178.3,30128.3,4.28336
10186.8,10729,62224.1,4088.8,4313,62129.3,2071.76,6645.6,4.28437
13520,13626,65026.2,6017.68,6238,63221.3,2996.68,9510.54,4.28437
7105.15,7361,63258.1,2865.2,3093,60709.3,12606.9,14741.2,4.28741
4450.55,5008,58241.1,2561.2,2724,61619.2,2608.32,7352.28,4.28741
7868.9,7961,64777.8,3657.12,3773,63523.2,14098,17656.9,4.28741
10302.5,10501,64297.2,3772.64,3921,63056.3,9284.16,14266.2,4.28843
12701,13156,63269.4,5535.08,5472,66291.5,3582.64,5041.92,4.29045
9488.05,9597,64792,5753.2,5817,64817.2,14767.6,22558.4,4.29451
9403.55,9357,65862,7647.88,7657,65457.9,2231.36,7419.36,4.29958
9611.55,9414,66911.3,6890.16,6626,68148.7,33919.6,34483,4.30059
10879,11148,63954.9,4560,4828,61898.1,3993.8,9771.84,4.30059
16136.9,16409,64449.3,7536.16,7789,63408.6,3485.36,9508.98,4.3016
10702.9,11148,62919.4,3869.92,4136,61319.9,10296.5,17325.4,4.3016
18237,15969,74844,15343.6,13797,72882.6,3397.96,5764.98,4.3016
14619.8,15179,63121.6,7790,8159,62572.1,3052.92,6358.56,4.30363
9092.2,9856,60457.2,3276.36,3492,61489,5822.36,11738.2,4.30465
17103.4,11608,96562,7274.72,4252,112125,7039.12,16158.5,4.30667
16766.8,16580,66274.2,10906,10820,66056.9,4174.68,8167.38,4.30769
10297.3,10665,63276.5,4832.08,4877,64932.4,2691.16,7821.84,4.3087
12610.6,12556,65821.2,4898.96,4940,64991.5,4407.24,10620.5,4.31275
16710.2,16356,66955.2,10378.6,10452,65075.5,6547.4,10677.4,4.31377
6388.85,6943,60305.3,3512.72,3531,65196.7,7928.32,12050.2,4.31883
15847.6,15352,67651.9,10768.4,9944,70969.5,13534.8,18470.4,4.32188
11157.9,11846,61729.2,6331.56,6614,62737.4,3280.92,10063.6,4.3239
12502.8,12660,64722,6028.32,6176,63968.9,4680.84,12636,4.32492
20996.9,17013,80882.6,23300.8,19505,78289.9,10949.3,24904.6,4.33505
10002.2,10413,62950.6,4183.8,4301,63750.2,4075.88,9491.04,4.33607
18242.9,14972,79853.5,14932.5,12908,75814.6,10671.9,16527.4,4.33708
13358.8,13201,66319.4,7118.92,7265,64218.2,2812.76,9309.3,4.34012
9570.6,9664,64902.6,2964.76,3108,62515.6,2592.36,7848.36,4.34113
9958,10433,62552.2,4696.8,4913,62652,7945.04,14781,4.34215
8667.75,8840,64259,5575.36,5564,65669.8,5338.24,12233.5,4.34316
18428.1,18587,64975.9,6076.2,6239,63825.9,7813.56,15305.9,4.34417
9857.25,9701,66591.6,3670.8,3749,64169,3499.04,7769.58,4.34823
8975.85,9324,63088.9,4005.2,4204,62436.9,6691.04,12749.9,4.34823
11451,12012,62475.5,4784.2,5016,62507.4,7564.28,15295,4.35026
15302.3,12977,77279.1,8414.72,6389,86315.1,2401.6,8960.64,4.3533
17733.3,17676,65748.5,7908.56,7900,65607,3233.8,7876.44,4.3533
11668.8,12275,62299.5,5652.12,5907,62708.2,15124.8,19824.5,4.35431
7928.7,8576,60589.5,3020.24,3092,64015,5903.68,10806.9,4.35634
12783.5,13505,62035,5572.32,5685,64237,4754.56,12583,4.35836
12901.8,13029,64896.4,5845.92,6129,62509.1,8356.2,15894.8,4.35938
13759.8,13966,64568.6,4574.44,4766,62901.9,2508.76,8111.22,4.36343
27697.1,21699,83651.8,21285.3,17271,80768.6,9548.64,20382.2,4.36445
23419.5,18612,82464,18753.8,15728,78143.8,5991.84,10679,4.36445
8812.7,8133,71013,7630.4,7109,70342.6,5854.28,14373.8,4.36445
15044.9,15184,64935.6,7324.88,7584,63296.9,5051.72,12020.6,4.36647
10799.8,11004,64319.6,4224.08,4444,62292.8,3892.72,9997.26,4.37357
8503.3,9381,59404.4,3295.36,3457,62471.7,10437.8,15819.2,4.37458
9648.6,10601,59648.2,4428.52,4621,62806.2,2541.44,8462.22,4.3756
9269.65,9084,66875.4,7037.6,6888,66959.4,2197.16,6046.56,4.38066
14568.4,14070,67857.7,12632,12374,66902.2,9686.96,16499.3,4.3837
11921,12609,61960.1,7147.04,7493,62510.1,3092.44,9481.68,4.38472
11157.9,11541,63360.6,4710.48,4837,63821.8,3154.76,8789.82,4.38877
13492,13849,63846.8,5011.44,4985,65883.6,4305.4,11448.1,4.38978
8282.3,8857,61283.6,4208.88,4281,64431.9,10057.8,14660.9,4.38978
11539.4,11917,63459.7,5540.4,5833,62248.5,3379.72,10611.9,4.39992
8761.35,9341,61469.2,3034.68,3145,63237.1,3974.8,8503.56,4.40398
10643.1,11396,61206.2,6089.12,6320,63141.9,7998.24,15603.1,4.40398
7651.15,8218,61015.5,5294.92,5434,63858.6,2748.16,7516.08,4.406
12281.8,11868,67820.8,6002.48,5656,69550.7,14254.6,22436.7,4.406
16996.2,16988,65567.6,6380.2,6408,65251.7,3606.2,12109.5,4.40702
13666.2,13867,64587.2,6254.04,6321,64841.8,2697.24,8760.18,4.4131
11040.9,11445,63222.1,4420.92,4597,63025.8,2497.36,6875.7,4.41411
12539.8,13033,63056,3793.92,4061,61225.9,2820.36,8741.46,4.41512
10537.1,10691,64592.9,5044.88,5239,63107.7,4562.28,9903.66,4.41512
15871.7,14833,70125.2,10337.5,9429,71850.6,10371,21595.1,4.41715
13944.4,13996,65294.6,7289.16,7496,63727.6,6524.6,12366.9,4.42019
6185.4,6722,60304.4,2839.36,2946,63163.7,2846.2,7341.36,4.42425
8260.85,8260,65542.7,4173.16,4384,62384.2,5904.44,12507.3,4.42627
14216.1,13912,66968.8,6450.12,6444,65598.3,2872.04,8181.42,4.42729
9107.15,8546,69839.2,8683.76,8402,67733.8,3812.92,9917.7,4.4283
12296,12469,64627,4824.48,4961,63732.5,7566.56,13498.7,4.4283
13155.3,12757,67582.4,5719.76,5685,65936.7,6245.68,11565.8,4.42931
9469.85,9920,62562.1,4747.72,4816,64606.8,11516.3,16142.1,4.43742
8001.5,8644,60664.8,3815.96,3872,64587.5,4697.56,11363,4.43844
26283.4,21285,80926,21324.1,18545,75357,4845.76,9972.3,4.43945
9822.8,9954,64672.2,5681.76,5654,65857.8,4087.28,9935.64,4.44046
11754.6,11513,66911.3,6092.16,6109,65355.3,2539.92,7443.54,4.44148
20135,16988,77676.6,14608,12824,74652.8,5996.4,12615.7,4.44249
12803.7,12640,66384.8,7283.84,7156,66706.8,11699.4,14575.1,4.44249
10351.9,10508,64562.4,4238.52,4440,62562.1,20783.7,27707.9,4.44249
21584.5,20513,68959.4,11524.6,11025,68506,20895.4,29025.4,4.44249
12127.7,12064,65882,5671.12,5716,65021.4,3426.84,7318.74,4.44452
9647.95,9656,65481.4,6399.96,6360,65947.8,4408.76,10042.5,4.44553
13937.3,14185,64391.6,6628.72,6841,63502.4,5009.92,8933.34,4.44655
11934,12619,61978.5,5375.48,5663,62208.6,4332,13336.4,4.44756
10470.8,9997,68642.4,6961.6,6889,66226.7,20456.9,25445.9,4.44857
6732.05,7023,62821,3551.48,3707,62786.6,2338.52,6471.66,4.44959
6832.8,7420,60349.6,2878.88,3000,62890.1,3903.36,9679.02,4.4506
11810.5,12177,63563.5,4857.92,5057,62956,11777,20352.5,4.45364
12047.1,12307,64152,7346.92,7543,63832.4,3864.6,10263.2,4.45364
9395.1,9704,63449.8,6092.92,6088,65589,3751.36,7722.78,4.45465
11281.4,11339,65203.1,8788.64,8527,67546.9,4650.44,9462.96,4.45769
18476.9,17017,71158.4,11774.7,10857,71075.4,13335,22360.3,4.45769
33945.6,26192,84936.6,21902.4,17076,84059.4,13769.7,18287.1,4.45871
11517.3,11857,63658.7,6178.8,6257,64716.9,2396.28,7520.76,4.45871
10583.3,11049,62773.8,4803.96,4973,63308.3,4890.6,10827.2,4.45972
11935.9,11369,68804.2,8277.16,8073,67193.4,7948.08,17553.9,4.46074
7302.1,7276,65771.1,3313.6,3400,63870.6,10124,14983,4.46175
7270.25,7409,64308.7,4131.36,4257,63601.8,5845.92,11469.1,4.46175
9542.65,9624,64982,3535.52,3772,61427.3,3546.92,10012.9,4.46276
8987.55,9073,64918.8,6070.12,6017,66114.6,11622.7,18908.8,4.46276
13843,14121,64246,7840.16,8221,62500,2748.92,9834.24,4.46378
13812.5,14276,63408.2,6501.8,6740,63219.9,4363.92,11743.7,4.4658
8726.9,9165,62403.3,3905.64,4137,61870.9,6270.76,11513.6,4.46682
23762,23697,65715.9,12725.4,12933,64484.2,4444.48,8188.44,4.46682
11190.4,11388,64398.8,9883.8,9500,68183.7,7473.84,19971.9,4.47087
5845.45,6352,60309.7,3031.64,3184,62400,9230.96,12171.1,4.47391
11726,9537,80578.3,28892.9,24709,76633.1,22962.6,13768.6,4.47493
18050.5,14220,83189.7,15159,12952,76703,2866.72,5559.84,4.47695
12641.8,12544,66047.2,5345.08,5392,64965.7,3788.6,11585.3,4.47898
26933.4,19494,90546.2,24193.1,19746,80295.6,4652.72,13931.6,4.47999
11549.8,11624,65117.9,4914.16,5128,62803.1,2859.88,7879.56,4.48303
17263.3,16133,70127.7,11718.4,10677,71928.4,11323.2,18766,4.48607
12437.1,12408,65689.7,4661.84,4828,63280.5,2365.12,8498.1,4.49013
10494.3,10501,65493.9,7058.12,7045,65658,5130,10676.6,4.49317
16004.3,16005,65533.1,6775.4,6849,64831.7,6053.4,13034.6,4.49317
9756.5,10315,61987.6,4575.96,4795,62542.3,3431.4,10427,4.49621
36645,32688,73469.5,18816.1,16448,74971.5,3935.28,12455,4.49722
15482.3,15784,64283.5,6554.24,6808,63093.2,3470.16,10492.6,4.49925
6100.25,6840,58448.2,2816.56,2984,61858.6,2224.52,6875.7,4.50026
15943.8,15772,66250.1,6951.72,6904,65989,4167.08,12053.3,4.50026
13380.2,13956,62832.3,5512.28,5744,62892.2,2119.64,5892.9,4.50026
5910.45,6242,62055,3695.88,3714,65216.3,2160.68,5033.34,4.50229
5173.35,5729,59179.7,2539.92,2597,64095.6,4131.36,8126.04,4.50533
5900.7,6320,61188,2742.84,2816,63833.4,4664.88,7427.94,4.50635
8710.65,8925,63962,3673.84,3789,63544.1,4094.12,9028.5,4.50939
11054.5,11133,65074.2,4058.4,4169,63797.4,2187.28,7076.94,4.50939
8669.7,7997,71048.8,6843.04,6701,66925.2,13855.6,21740.2,4.51141
4603.95,5016,60152.4,1834.64,1916,62753.1,7200.24,11356,4.51243
11788.4,11974,64520.2,7684.36,7734,65115.4,21827.2,22126.3,4.51344
10904.4,11397,62703.4,8062.08,8033,65773.3,5004.6,9468.42,4.52054
5122,5320,63096.9,2758.8,2780,65036.2,8942.92,12842.7,4.52358
8481.2,8845,62840.5,4064.48,4253,62631,3846.36,9757.02,4.5256
12656.8,13157,63044.5,6386.28,6757,61940.4,3924.64,12137.6,4.52662
10910.9,9236,77420.6,6166.64,5248,77007.8,5027.4,11908.3,4.52662
12640.5,12957,63935.4,7615.2,7721,64638,2822.64,6327.36,4.5327
13543.4,13885,63923.7,6012.36,6009,65572.6,7552.88,13281.8,4.5327
14072.5,14281,64579.2,4709.72,4857,63548.7,2886.48,9053.46,4.53574
23306.4,20147,75813.2,15094.4,13303,74361,6040.48,18189.6,4.53574
18823.3,14854,83048.8,20459.2,17570,76312.7,11457.8,26114.4,4.53675
9463.35,9840,63027.5,4711.24,4864,63477.8,5804.88,12156.3,4.53675
11458.2,11752,63897.6,5763.84,5704,66223.5,9287.96,17633.5,4.53777
6999.2,7133,64306.7,5307.84,5197,66933.7,2781.6,6754.8,4.54081
8625.5,8700,64974.8,3333.36,3436,63578.3,2410.72,6608.94,4.54182
7611.5,7852,63528.7,3195.04,3356,62392.8,4531.12,9507.42,4.54385
9031.1,8447,70067.7,7910.84,7503,69098.3,15799.6,28537.9,4.54486
15475.8,15500,65433.9,4339.6,4364,65169.6,8803.08,14996.3,4.5479
14781.6,15188,63782.6,6412.88,6672,62990.8,3481.56,8904.48,4.5479
9686.3,8651,73379,6602.88,6207,69715.9,9598.04,16572.7,4.54892
11754.6,11960,64410.5,5380.8,5580,63196.4,2852.28,9653.28,4.54993
13151.4,13057,66010.1,4689.2,4721,65094.6,3678.4,9466.86,4.55094
10848.5,10945,64958.2,6944.88,6581,69159.6,10365.6,16128.8,4.55398
20651.8,17412,77730.1,12698.8,11360,73259.8,11880.3,28045.7,4.55601
9841,10117,63748.1,5501.64,5605,64327.5,7467,13277.2,4.55601
10059.4,10585,62281.8,4569.88,4761,62905.2,3192,7627.62,4.55804
11961.9,12368,63384.4,5782.08,5984,63324.6,2900.16,8718.06,4.56007
18469.1,14768,81960.4,16213.8,13796,77021.6,3213.28,5180.76,4.56007
16186.3,16246,65295.2,7110.56,7462,62449.4,2690.4,9791.34,4.56311
11889.1,12417,62750,5092,5269,63334.5,5939.4,12335.7,4.56513
11427.6,11899,62940,4541.76,4639,64162.3,3221.64,9526.92,4.56716
10151.7,10212,65149,3388.84,3456,64262.4,5584.48,8636.16,4.5702
11999.6,11952,65797.3,4338.84,4368,65098.5,2300.52,7925.58,4.5702
12447.5,12641,64532.8,4348.72,4437,64232.1,2248.84,7462.26,4.5702
8877.7,9252,62884.7,4563.04,4768,62718.8,2498.12,7895.94,4.57121
13377.6,13915,63005.2,5389.92,5681,62178.1,3617.6,9568.26,4.57324
10715.9,10964,64053,5430.2,5472,65035.4,8665.52,12054.1,4.57324
6626.75,6381,68060,2425.16,2633,60362.8,4925.56,8746.92,4.57628
12007.4,12347,63733.7,5740.28,5807,64783,6932.72,15322.3,4.57932
12682.1,12854,64659.8,5788.16,5830,65065.7,12300.6,15053.2,4.57932
8845.85,8841,65572,3451.16,3481,64974.2,3193.52,8444.28,4.57932
12519.6,12340,66490.1,7741.36,7940,63896.4,2705.6,5337.54,4.58135
10514.4,10815,63714.4,6399.96,6427,65260.3,2686.6,8124.48,4.58236
7510.1,7617,64616.2,5016,4833,68017.5,8600.92,13146.9,4.58338
11193,11513,63714.4,6383.24,6681,62615.2,3914,11857.6,4.58338
10322,10837,62421.6,4822.2,4945,63908.5,5029.68,12143.8,4.5854
13513.5,13869,63856.1,7118.92,7177,65005.6,5444.64,13334.1,4.5854
10747.8,10776,65364.2,4203.56,4364,63126.6,2245.8,4651.92,4.58845
13674,13885,64540.3,9694.56,9885,64273.4,3085.6,5338.32,4.58845
7711.6,7577,66700.2,4708.96,4905,62916.7,5969.8,13847.3,4.5925
6527.95,6562,65195.9,2476.84,2626,61813.5,2203.24,6572.28,4.5925
8086,8067,65690.3,3400.24,3479,64052.4,3361.48,8093.28,4.59554
10490.3,11076,62070.8,5963.72,5956,65620.9,2188.04,6152.64,4.59858
5679.05,6216,59874.9,3288.52,3388,63611.7,4945.32,8327.28,4.59858
19719,16229,79629.5,20898.5,17685,77444.3,41751.4,48923.2,4.60162
12458.5,12521,65209.1,5871,5929,64894.9,4478.68,11846.6,4.60162
11100,11228,64789.2,3939.84,4200,61476.5,6245.68,11925.4,4.60162
13605.8,13576,65679.9,5364.84,5596,62828.8,9151.16,16514.9,4.60162
10536.5,11025,62632.2,4963.56,5189,62688.7,4668.68,10772.6,4.60264
16716,13222,82854.6,16664.5,14550,75060.2,16396.2,22338.4,4.60365
12499.5,12500,65533.4,5180.16,5424,62589.8,7799.12,14227.2,4.60365
12755.6,12997,64318.8,4502.24,4629,63741.4,3718.68,10610.3,4.60466
12482.6,13029,62787.6,5133.8,5345,62946.4,4093.36,10004.3,4.60669
12110.8,12473,63632.9,4859.44,5129,62091.7,4403.44,11850.5,4.60669
8999.25,8604,68546.6,5835.28,5848,65393.4,6847.6,12879.4,4.60973
11302.2,10784,68685.2,5387.64,5424,65096.7,2929.8,7466.16,4.60973
18572.4,14804,82218.6,15070,12516,78909.4,9618.56,22627,4.6148
9347,9497,64500.9,5311.64,5485,63464.7,6402.24,14002.6,4.61581
74972.9,53472,91887.8,61355.6,46036,87344.6,11814.2,22722.2,4.61784
9172.15,8677,69275.8,7571.88,7393,67121.7,17201.1,23189.4,4.62291
13896.3,13676,66591.9,5321.52,5340,65309.2,2323.32,7688.46,4.62392
17352.4,17584,64672.8,9201.32,9412,64069,10027.4,17837,4.62595
6813.3,6809,65577.4,2811.24,2889,63772,6273.8,17921.3,4.62595
6326.45,6715,61743.9,2885.72,3087,61262.9,8803.08,11856,4.62797
7653.75,7755,64680.4,3212.52,3371,62455,3582.64,6800.04,4.63406
12429.3,12549,64910.9,5772.2,5925,63845.9,2061.12,6399.9,4.63507
15620.1,15700,65202.7,6321.68,6452,64212.3,2740.56,9842.82,4.63507
9294.35,9047,67327.8,4171.64,4275,63951.5,6380.96,11645.4,4.63608
9185.15,9416,63929.3,5408.16,5500,64441.7,4122.24,10409.1,4.63608
10748.4,10828,65054.2,4982.56,5208,62699.1,4067.52,11125.1,4.63912
10910.3,10881,65712.2,4851.84,4981,63836.6,7097.64,12837.2,4.64115
23348,19946,76713.9,16541.4,15102,71782.4,6420.48,19092.8,4.64115
10215.4,10181,65757.4,4136.68,4357,62222.1,5578.4,11382.5,4.64216
12675.6,12572,66076.3,8275.64,8424,64381.8,3886.64,10841.2,4.64216
21370,17208,81387,20453.9,18364,72994.2,3047.6,6756.36,4.64318
10939.5,10736,66778.2,5699.24,5972,62542.8,8294.64,14467.4,4.64521
11020.8,11389,63417,5572.32,5865,62265.6,4857.16,11076,4.64825
8777.6,9237,62276.6,3781.76,3989,62131.2,5395.24,10430.9,4.64926
16407.9,14016,76720.3,15662.8,13828,74232,8147.2,18205.2,4.65433
15583.1,15145,67431.8,9310,9293,65655.9,22151,24995.9,4.65635
9888.45,9601,67498.1,5561.68,5621,64844.4,4378.36,10279.6,4.65635
8635.9,8517,66450.9,4145.04,4417,61500.9,3479.28,8943.48,4.65635
8267.35,8193,66130.7,3990,4101,63762.2,3619.88,8509.02,4.65737
12538.5,12353,66520.1,4671.72,4837,63296.6,6930.44,14044.7,4.65737
7205.25,7056,66922.2,3371.36,3556,62133.1,18509,17437.7,4.65737
38500.1,33945,74330.4,26878.9,23501,74955.8,19087.4,42812.6,4.6594
11872.9,11620,66962.3,8931.52,8976,65211.2,6566.4,10494.9,4.6594
10602.1,11014,63085.4,5364.84,5702,61660.8,2644.8,7382.7,4.66142
10661.3,9957,70171.6,5858.08,5697,67389,5688.6,12143,4.66244
9870.25,10203,63398.7,3736.16,3995,61289.9,5574.6,11671.1,4.66446
17285.4,16756,67606.8,13781.8,13076,69073.6,8792.44,13397.3,4.66649
18175.9,18745,63546.5,9357.12,9801,62567.9,3226.96,10576,4.66649
12272,12591,63875.6,5645.28,5691,65009.5,3362.24,10313.9,4.6675
9623.9,10056,62720,5111.76,5100,65687.1,10048.7,16848,4.66852
7900.1,8334,62123.9,3803.8,3994,62415.1,3207.2,9381.06,4.67156
10982.4,10892,66079.9,5289.6,5388,64339.1,3996.84,10838.9,4.67663
19687.8,15176,85020,19524.4,15932,80313.3,12523.3,28120.6,4.67663
5689.45,5779,64520.5,2506.48,2695,60951.6,9196.76,10122.8,4.67865
10019.1,10639,61717.4,3535.52,3723,62235.8,15531.4,19267.6,4.67967
9893.65,10164,63792.8,5408.92,5588,63435.8,3010.36,7055.88,4.68169
7122.05,7368,63348.4,3125.12,3192,64162.9,8264.24,8413.08,4.68778
12171.9,12593,63344.5,5162.68,5301,63826,2137.12,7354.62,4.68778
9205.95,9931,60751.3,3035.44,3179,62576.5,4790.28,9510.54,4.68778
16718.6,15805,69324.5,12380.4,11725,69199.3,5231.84,10314.7,4.68778
19800.3,18707,69366.1,10645.3,10599,65822.4,2881.92,3971.76,4.69082
7852.65,7640,67360.1,4547.84,4680,63685.3,2912.32,8311.68,4.69183
11902.8,11951,65271.7,5294.16,5615,61791.3,4585.84,10415.3,4.69183
44140.8,35949,80470,39723.7,34217,76083,22825.1,46516.1,4.69284
10983,11029,65263,4676.28,4993,61378.9,8817.52,13709.3,4.69284
6415.5,6392,65776.9,2557.4,2616,64068,2865.96,7406.88,4.69386
12009.4,12272,64133.6,6541.32,6804,63005.9,14161.1,17596.8,4.69588
11304.1,11296,65583.3,4632.96,4852,62577.4,9959.04,17923.6,4.69588
8360.95,8524,64282.4,3733.12,3896,62796.1,4394.32,8532.42,4.6969
13932.1,13792,66201.7,9506.08,9488,65660.9,4696.8,7740.72,4.69893
24527.1,20712,77607.6,17019.4,14664,76062.9,12655.5,23808.7,4.69994
12730.3,12997,64190.9,6896.24,7125,63431.9,2337.76,7192.38,4.69994
10981.1,11446,62874.1,4182.28,4313,63549.7,7535.4,14263.9,4.70095
14737.4,14537,66439.7,9499.24,9529,65331.3,2289.12,3340.74,4.70298
11619.4,11637,65436.9,5204.48,5285,64537.5,2726.88,9072.96,4.70399
12069.8,11880,66583.3,8047.64,8040,65598.3,7102.96,15207.7,4.71007
22181.9,18620,78072.7,25265.4,22600,73265.3,12877.4,29090.9,4.71311
10923.3,11193,63956.6,4153.4,4249,64061.5,7468.52,14345,4.71311
9044.1,9488,62469.9,7536.92,7844,62970.4,6843.8,15040.7,4.71616
7701.2,8053,62673,3306.76,3541,61200.7,4886.8,9991.8,4.71616
12301.3,12552,64226.8,4575.2,4712,63633.3,8847.92,14443.3,4.7192
12658.1,12945,64083.5,10925.8,10913,65612.6,4313,9261.72,4.72021
16777.8,16917,64996.7,8261.96,8501,63693.2,5114.04,8001.24,4.72224
25897.9,20357,83374.2,19402.8,16757,75883.6,14957.6,26153.4,4.72325
6007.3,6287,62620.4,2704.84,2799,63331.3,2622,5743.92,4.72528
13044.8,13273,64409.5,6913.72,7209,62851.7,2414.52,7621.38,4.72528
5207.15,5715,59712.3,2712.44,2871,61916.6,3426.84,7002.06,4.72629
14259.7,14720,63486.7,6089.12,6032,66156.6,5025.12,8061.3,4.72629
5114.2,5630,59531.8,2455.56,2506,64216.9,2739.04,5244.72,4.73237
8853,9350,62052.4,4015.08,4070,64651.7,15606.6,18590.5,4.73339
23600.8,19089,81026,24206,19413,81716.6,25183.4,45472.4,4.73541
6624.15,7452,58255.5,2687.36,2824,62365,8715.68,11512,4.73541
13308.8,12812,68077,8507.44,7928,70325.9,19405.8,24538.8,4.73947
7291.05,7928,60270.7,2812.76,2924,63042.8,4984.84,9776.52,4.74048
20778.5,16777,81167.3,10745.6,8393,83906.4,5639.96,16444,4.74149
10092.5,10861,60899.1,4430.8,4669,62192.5,4095.64,9853.74,4.74149
10614.5,11077,62799.7,6802,7125,62565,4803.96,13932.4,4.74251
7796.1,8466,60350.2,5620.2,5554,66317.1,2468.48,8123.7,4.74251
24993.1,18492,88576.2,28472.6,22904,81469.7,64804.4,77631.8,4.74352
7449,7829,62355,3001.24,3025,65021.3,3756.68,7505.16,4.74352
14575.6,15036,63529.3,4914.16,5164,62365.3,5081.36,11184.4,4.74555
26905.4,21125,83468.7,24668.1,19889,81283.5,7741.36,15053.2,4.74859
8652.8,9417,60217.7,4306.92,4461,63272.4,2208.56,6607.38,4.7496
7104.5,7709,60397,2911.56,2957,64528.9,5781.32,10531.6,4.75062
13096.2,13885,61812.9,5037.28,5245,62940.5,2424.4,7166.64,4.75568
11604.4,12188,62398.2,3832.68,4024,62420.1,9232.48,14092.3,4.7567
12671.1,11830,70195.5,11206.2,10982,66873.9,16672.9,17035.2,4.75873
11982.1,12977,60511.6,5616.4,5921,62164.6,2979.96,7690.02,4.76177
10101.6,10812,61230.3,6136.24,6216,64695.1,6493.44,11721.1,4.76278
5083,5705,58390.8,2489.76,2653,61503.5,2900.92,6797.7,4.76379
6607.25,7357,58857.2,3327.28,3405,64040.1,12945.8,15405,4.76379
19640.4,16264,79141.2,13616.9,12056,74021.1,2467.72,6843.72,4.76481
16350.1,16436,65193.5,8926.2,8960,65288.8,5450.72,11101.7,4.76582
13287.3,13803,63087.5,6038.96,6091,64976.1,8488.44,15507.2,4.76683
4523.35,5192,57096,2875.08,3048,61818,3317.4,7813.26,4.76785
21001.5,18826,73109.2,19477.3,18078,70608.6,24247.8,30365.4,4.76886
7302.75,7949,60207.9,3512.72,3737,61602.8,3752.88,8640.84,4.77089
9309.3,9149,66684.3,6844.56,6541,68577.4,8313.64,16982.9,4.77089
12026.3,12276,64203,7355.28,7264,66359.5,11321,16724,4.77494
35680.4,28928,80833.6,32192.1,26032,81044.1,7959.48,13477.6,4.77697
12253.8,12953,61998.4,6102.04,6493,61589.9,3524.12,9579.18,4.78102
20142.2,20449,64552.8,9764.48,9937,64398.2,2922.2,6793.02,4.78508
11260.6,11750,62806.4,3781.76,3938,62935.9,7207.08,15320,4.78913
17726.1,14340,81011.2,13985.5,12180,75250.8,7336.28,17185.7,4.79116
27153.7,24328,73148.1,17950.4,16956,69379.6,7066.48,16797.3,4.79217
5530.85,6113,59294.9,2422.88,2593,61236.4,2606.04,8067.54,4.79319
9053.2,9548,62139.8,3196.56,3352,62496.9,2780.08,7050.42,4.79521
12433.2,12760,63857.5,4552.4,4764,62625.1,3781.76,8692.32,4.79927
16572.4,16617,65360.1,7321.08,7389,64933.6,7878.92,14291.2,4.79927
26014.3,20908,81541.7,21831,19000,75300.9,9390.56,20513.2,4.80332
17174.3,17290,65097.4,11542.1,11710,64596.4,5509.24,9917.7,4.80434
18811.6,15843,77816.1,16783.1,14743,74604.6,10495.6,15199.1,4.80434
16448.9,16468,65460,10434,10720,63787.8,6624.16,9531.6,4.80738
12134.8,12644,62897,5790.44,6068,62538.3,2565,8915.4,4.81042
9480.9,10221,60790.6,3737.68,3965,61778.7,6079.24,11590.8,4.81143
12806.9,13200,63584.6,5375.48,5664,62197.6,4043.2,11754.6,4.81143
6647.55,7165,60803,2563.48,2717,61833,3398.72,8820.24,4.81549
11853.4,12064,64391.9,6072.4,6176,64436.7,2430.48,8638.5,4.8165
14326.6,14360,65383.8,9256.8,9596,63219.4,2899.4,7974.72,4.81853
12967.5,13137,64690.4,6567.92,6737,63891.2,4129.08,10786.6,4.81853
12642.5,12967,63896,6099.76,6259,63868.6,4468.04,11284.3,4.81853
10708.1,11153,62921.7,5020.56,5285,62256.8,4588.12,10273.4,4.82055
7736.95,7933,63916.4,3834.96,3657,68725.2,6144.6,14330.2,4.82157
6467.5,6949,60995,3403.28,3589,62144.7,2406.92,7612.8,4.82157
8810.75,8747,66013.6,7173.64,6863,68502.4,12138,18939.2,4.82157
12918.8,13117,64545.5,5971.32,6073,64438.7,7068.76,11822.5,4.82765
7486.7,8110,60499.2,3454.96,3662,61830.8,10295,13926.9,4.82765
5794.1,6413,59211.3,2532.32,2697,61534.3,3376.68,7809.36,4.82866
6660.55,7256,60157.9,3348.56,3560,61643.6,2095.32,6998.94,4.82968
19331,16081,78781,16866.7,14545,75996.9,4012.04,11276.5,4.83272
12762.8,13181,63456.5,6127.12,6377,62968,11843.1,18506.3,4.83474
10862.1,11228,63400.6,3829.64,3880,64685.4,3420.76,9597.12,4.83474
19730.8,18464,70032.2,11450.9,10640,70530.8,13502.2,18832.3,4.83576
12795.3,13309,63006.2,5976.64,6237,62800.2,3109.16,9186.06,4.83576
14495.6,14896,63774.6,5744.84,6020,62540.5,3621.4,10736.7,4.83778
13232,13256,65417.6,6081.52,6140,64911.8,3225.44,6782.1,4.83981
5672.55,5884,63180.9,3182.12,3192,65333.2,6152.2,11518.3,4.84083
4587.7,5193,57897.1,2007.16,2169,60646,3141.84,6958.38,4.84387
12991.5,13409,63495.7,6460,6785,62396.8,3019.48,8403.72,4.84589
13167,13174,65501.4,7917.68,7826,66303.7,8849.44,16878.4,4.84691
14241.5,13138,71040.6,10904.5,10038,71193.1,9220.32,23017,4.85096
7060.95,7525,61494.5,5148.24,5221,64622.7,10679.5,17645.9,4.85299
7357.35,7992,60331.7,3107.64,3276,62168,6080,11948.8,4.85299
21563.1,18235,77497.1,13119.9,11115,77357.1,2975.4,6930.3,4.854
6630.65,7034,61778,2882.68,2974,63523.6,2371.2,7106.58,4.854
15078.7,14965,66033.9,7557.44,7653,64717.7,3524.88,9997.26,4.85907
4735.25,5234,59291,2784.64,2950,61862.4,9582.84,13024.4,4.86008
13484.2,13849,63809.9,7083.2,7449,62317.7,3663.96,9618.18,4.86312
11370.4,11676,63821,4877.68,5084,62876.4,4883.76,12740.5,4.86312
10742.5,10660,66043.5,7838.64,7792,65928.3,22223.9,26974.7,4.86515
24495.9,20421,78613.4,18787.2,15921,77334.2,4773.56,14970.5,4.86616
10445.5,10056,68074.4,4750.76,4584,67920.1,12818.9,22598.2,4.86718
10327.2,10030,67477.9,6707.76,6660,66006,2300.52,5962.32,4.87123
6813.95,6760,66059,2288.36,2424,61868.8,5634.64,10861.5,4.87225
9889.75,10185,63636.2,3840.28,4013,62715.3,2358.28,7307.04,4.87326
10484.5,10573,64987.4,4040.16,4185,63267.8,4417.12,9605.7,4.87326
8615.75,8218,68707.9,4402.68,4366,66086.6,14535,21369.7,4.87529
12067.9,12510,63220,4412.56,4718,61293.2,2280.76,9304.62,4.88137
6469.45,6601,64229.9,3842.56,3961,63576.4,12527.8,14931.5,4.88339
8702.85,8856,64402.7,3144.12,3304,62364.7,7767.2,11664.9,4.88441
7161.7,7420,63254.6,3014.92,3196,61822.8,10859.6,12452.7,4.88846
7920.9,8004,64855.6,4083.48,4276,62585.3,11382.5,13845,4.88846
10588.5,10734,64647.7,4782.68,5066,61870.9,2723.84,8128.38,4.89252
6708.65,6892,63792.5,3863.84,4024,62927.6,3328.8,8979.36,4.89353
15092.3,15028,65816.6,6220.6,6224,65500.2,8434.48,15332.5,4.89454
10225.1,10380,64558.3,5153.56,5372,62871.1,4607.88,10987.9,4.89961
36784.8,27485,87710.7,38567.7,30441,83031.9,4714.28,10500.4,4.90164
7418.45,7484,64962,5052.48,5224,63384.3,5530.52,11181.3,4.90772
10379.8,9758,69712.4,8605.48,8218,68626,4342.64,10781.9,4.91178
11306.1,11641,63650.6,5270.6,5465,63204.8,2253.4,7345.26,4.91279
14323.4,14329,65510.4,9577.52,9309,67426.4,8575.84,12934.7,4.91482
22052.5,17845,80988.3,18776.6,16149,76199.2,6159.04,13463.6,4.91583
6223.75,6549,62281.2,2562.72,2609,64373.5,7703.36,11178.2,4.91583
19928.3,16179,80723.4,18021.9,16055,73564.7,6487.36,16305.9,4.91786
14123.8,13873,66721,7775.56,7589,67147.1,9357.88,14709.2,4.92191
4893.2,5157,62183.6,2590.84,2677,63426.7,2821.12,6385.08,4.92292
24434.8,21055,76056,14709,12923,74593.5,6455.44,17131.1,4.92292
9055.8,9549,62151.1,3012.64,3229,61144.7,7505.76,12581.4,4.92394
9224.8,9340,64727.7,5471.24,5544,64675.9,2549.04,6646.38,4.92495
10403.9,10597,64341.8,3710.32,3829,63504.7,9481,11577.5,4.92597
5730.4,6040,62176.7,2945,3132,61623.1,4047.76,7822.62,4.92698
12961.6,13046,65112.3,8207.24,8070,66650.5,14604.9,20643.5,4.92799
8799.7,9004,64049,3679.92,3852,62608.3,3750.6,9441.9,4.92901
10853.7,9811,72501.1,7694.24,7255,69503.8,16495,23946.8,4.93205
9897.55,10037,64625.5,6447.84,6421,65809.9,9023.48,17587.4,4.93306
11638.3,11485,66410.5,6454.68,6429,65797.8,8134.28,16718.5,4.93407
16226.6,16436,64701.1,5433.24,5632,63223.1,2498.12,8349.12,4.93711
11686.3,11445,66918,6226.68,6353,64232.9,7245.08,13835.6,4.94016
11777.3,11753,65671.8,4888.32,5065,63249.9,6621.12,12451.1,4.94016
11664.9,11311,67586.5,6517,6859,62268.3,2346.12,7534.8,4.94016
8104.85,8281,64141.9,2179.68,2333,61229.1,9084.28,13962.8,4.94016
6536.4,6753,63434,3554.52,3797,61350.8,11475.2,12768.6,4.9432
12173.8,12087,66006.9,7242.04,7267,65310.9,2555.12,7720.44,4.94624
6383,6332,66063.8,3772.64,3868,63920.3,5256.16,10387.3,4.94928
8141.25,8356,63851.7,3521.84,3764,61319.7,4601.04,11454.3,4.95739
14511.9,14684,64767.9,6299.64,6572,62820,4047.76,10454.3,4.9584
15878.8,16048,64845.2,6883.32,7236,62341.8,11611.3,17065.6,4.9584
15556.4,15252,66844.2,7315,7396,64818.3,2162.96,7012.2,4.96043
9991.15,10037,65236.6,4242.32,4261,65248.7,4909.6,11043.2,4.96347
12395.5,12368,65681.7,6248.72,6324,64755.9,7334.76,14944,4.96549
7924.8,8017,64782.3,2856.08,2917,64167.3,4412.56,9115.86,4.96752
5534.75,5828,62238.4,2856.84,3056,61265,5146.72,9485.58,4.9736
14394.9,13964,67558.3,7479.92,7196,68121.7,11075.5,21257.3,4.97563
10280.4,10748,62684.8,3913.24,4104,62489.8,5586,11895,4.97563
16888.3,13853,79895.4,15002.4,12925,76069.4,2077.08,5218.2,4.97867
8064.55,8400,62918.9,3816.72,3972,62974,4401.16,9753.12,4.97968
12259,12321,65206.2,4832.84,4993,63433.8,3658.64,8907.6,4.9807
6929.65,7312,62109.1,3395.68,3604,61747.9,2407.68,7154.16,4.98273
5982.6,6180,63442.7,2731.44,2800,63931.3,4633.72,8630.7,4.98374
62885.5,30461,135297,111981,65261,112453,17379.7,2208.96,4.98475
20364.5,17937,74405.3,11523.9,10641,70973.5,3006.56,10478.5,4.98475
11070.1,11216,64683.8,4602.56,4852,62166.8,4514.4,10628.3,4.98577
11322.3,11347,65393.6,6405.28,6403,65559.3,5064.64,11078.3,4.98881
9340.5,9740,62847.9,5019.8,5244,62734.1,5530.52,12950.3,4.99387
10260.9,10900,61693.4,4326.68,4628,61269.1,2419.84,7140.12,4.99387
13393.9,13831,63464.9,6768.56,6887,64408.9,2970.08,6128.46,4.99489
10271.9,10697,62931.9,10280.5,10553,63843.8,11906.2,36766.1,4.9959
10665.2,11283,61947.6,4710.48,4935,62554.4,7182,14065.7,4.99793
18973.5,16014,77647.5,15184,13422,74139.6,2320.28,6560.58,4.99793
6468.8,7096,59743.4,3571.24,3788,61785.9,9801.72,15830.1,4.99793
31281.2,22285,91992.3,28693.8,20889,90022.3,6507.88,18062.5,4.99894
12407.8,12721,63922.7,3667,3653,65787.2,4129.84,10919.2,5.003
11666.2,12001,63707.7,6297.36,6517,63327.3,5741.04,12218.7,5.003
12686.7,13245,62773.5,4335.04,4461,63685.5,4096.4,9989.46,5.01212
8886.15,8416,69197.1,7573.4,7328,67730.7,13066.7,17982.1,5.01516
5082.35,5595,59531.2,2545.24,2687,62078.5,4477.16,9293.7,5.01617
9261.85,9656,62860.9,6201.6,6280,64717.8,4237.76,8900.58,5.01617
11480.3,11724,64173.7,7376.56,7336,65898.3,12453.4,21824.4,5.0182
16741.4,16885,64978.6,8513.52,8661,64420,2168.28,7031.7,5.0182
6692.4,7095,61817.2,2432,2567,62089.4,8622.96,10929.4,5.02023
10512.4,10720,64267.2,4439.16,4548,63967.6,2592.36,7849.92,5.02428
9844.9,10106,63842.8,3991.52,4174,62670.9,12423,18134.2,5.02732
11954.1,12343,63471.4,6132.44,6439,62415.8,3808.36,10143.9,5.03644
5204.55,5565,61291.2,2525.48,2601,63633.2,2793,6529.38,5.03847
13620.1,13712,65096.8,6602.88,6752,64088.6,2913.84,5478.72,5.03949
10104.9,10520,62950.1,7023.16,7240,63573.2,8486.16,15943.2,5.0405
12545.6,12640,65046.8,6168.16,6448,62691.8,6352.08,12491.7,5.04151
11090.3,11330,64149.5,5045.64,5138,64357.9,2109,6067.62,5.04354
7254.65,7751,61339.3,2300.52,2387,63161.7,11001,14546.2,5.04658
13268.4,13676,63583,4930.88,5148,62772,7831.8,13213.2,5.04658
13379.6,13456,65163.9,6051.12,6132,64671.6,2331.68,9133.8,5.04658
13665.6,12355,72488,12517.2,11811,69454.5,8552.28,19027.3,5.04759
14039.3,13064,70428.9,8217.12,7608,70783,18214.2,28265.6,5.04962
8046.35,8380,62926.7,3822.8,3928,63780.8,4397.36,9538.62,5.05063
9717.5,10001,63678.2,3817.48,3937,63546.5,3764.28,7753.2,5.05266
9413.3,9745,63305.3,4423.96,4625,62687.3,4049.28,10926.2,5.05266
10658,9837,71006,7437.36,7149,68179.4,25890.9,29987.9,5.05368
5534.1,5836,62145.8,1990.44,2092,62354.4,7403.16,10670.4,5.0557
13740.3,13527,66569.6,5706.08,5815,64308.5,3306.76,10815.5,5.05672
7155.2,7193,65191.6,3682.96,3689,65428.7,3354.64,9017.58,5.05773
8322.6,8617,63297,3435.96,3609,62393.8,2438.08,7065.24,5.05773
9987.9,10201,64166.9,3506.64,3645,63048.3,5179.4,7728.24,5.05874
9332.7,8605,71078.2,7237.48,7005,67711,17435.2,22234.7,5.05976
13156.6,12928,66695.1,7431.28,7348,66278.8,10327.6,17603,5.06077
11698.7,11697,65545.5,5132.28,5221,64422.4,2850,8471.58,5.06178
9865.7,10057,64289.4,3855.48,3949,63984,8505.16,12755.3,5.06178
25194,20532,80416.6,17897.2,15652,74937,5296.44,13037.7,5.06381
9757.8,9749,65595.2,3302.96,3409,63497.4,9447.56,11540.9,5.06482
5820.75,5923,64404.6,2827.96,3032,61125.7,2248.84,6044.22,5.06685
9948.25,9721,67068.1,5082.12,5081,65550.5,2783.88,6504.42,5.06685
7315.75,7408,64719.9,2879.64,2996,62990.7,7172.88,11764.7,5.06685
15656.5,15379,66718.8,9899.76,10071,64421.7,5763.84,11461.3,5.06989
13963.3,14065,65062.1,5405.88,5745,61667.5,2863.68,8189.22,5.07395
10055.5,10209,64550.6,4237,4417,62865.3,5034.24,11663.3,5.07395
10806.9,10880,65095.7,4891.36,5172,61979.9,2215.4,6862.44,5.07496
11215.1,10344,71055,8337.96,8044,67930.9,6402.24,14905,5.08206
15146.3,15020,66087.1,7925.28,8088,64217.5,2964.76,9082.32,5.08611
29507.4,22459,86103.4,26978.5,22463,78710,10589.1,27516.1,5.08712
9243,9072,66771.3,6866.6,6896,65256.6,4511.36,10202.4,5.08712
12246.6,12372,64872,2793.76,2848,64287.9,2686.6,7842.12,5.09118
12986.3,13262,64173.8,5916.6,6110,63461.6,6536.76,13487,5.09118
9823.45,9888,65108.2,6475.96,6356,66772.9,7581,13440.2,5.09219
8756.15,8825,65024.7,3891.2,3981,64057.7,10003.1,15034.5,5.09219
10970,11260,63848.4,5348.88,5628,62285.8,9335.08,16628.8,5.09219
24070.1,16115,97887.8,28213.5,22631,81702,27034.7,48043.3,5.09422
6745.05,6925,63833,3612.28,3661,64663.9,3218.6,8137.74,5.09827
5165.55,5460,62001.7,2448.72,2576,62297.9,8260.44,11214.1,5.1003
12585.9,12241,67382.8,4835.88,4533,69914.9,9452.88,19272.2,5.10233
12428.6,12429,65534.2,5431.72,5629,63239.1,7106,13913.6,5.10334
9693.45,9206,69006.1,8277.92,8098,66992.1,2043.64,4622.28,5.10334
6758.7,6669,66417.5,3733.88,3849,63575.9,7962.52,13314.6,5.10334
11072.1,10940,66327.3,4759.88,4908,63558.2,2203.24,8023.86,5.10739
18179.2,17628,67585.2,11144.6,11080,65918.3,4940,8980.14,5.10841
6557.2,6529,65819.1,3706.52,3825,63506,8488.44,11749.9,5.11145
14520.3,14552,65393.5,6233.52,6568,62198.5,2264.04,7233.72,5.11145
10245.9,9965,67383.7,7548.32,7689,64336.9,2678.24,8335.08,5.11145
6797.05,6932,64260.2,4205.84,4292,64220.4,9129.12,11662.6,5.11348
10511.1,10408,66185.5,4797.88,4812,65343.7,4033.32,10332.7,5.11348
7056.4,7101,65124.4,3756.68,3769,65321.8,9714.32,18308.9,5.1155
17520.1,17548,65431.8,7041.4,7320,63041.7,4254.48,11799.1,5.1155
10787.4,10908,64811.4,4321.36,4456,63555.8,4094.88,9786.66,5.11753
10946,10790,66483.5,4899.72,4898,65559,2669.12,8253.96,5.11854
9618.05,9780,64450.8,4714.28,4772,64743.3,4467.28,10298.3,5.11854
11974.9,12212,64263.9,4922.52,5044,63957.6,10060.9,23147.3,5.11956
14227.2,14669,63562.2,7026.96,7437,61922.7,11568.7,20280,5.12057
14136.8,13970,66318.7,6871.92,6966,64650.9,3656.36,11354.5,5.12158
12788.1,12552,66768.7,9578.28,9752,64368.6,10918.2,13700.7,5.1226
10943.4,10575,67819.1,7107.52,6971,66819.5,6432.64,11939.5,5.12463
11205.3,11308,64941.1,4503.76,4760,62008.1,7486,13711.6,5.12463
12696.4,12553,66284.9,8175.32,8221,65171.9,2880.4,6488.04,5.12767
9805.9,9820,65441.9,3530.96,3660,63225.4,3513.48,7881.12,5.12767
11858.6,11021,70516.8,9188.4,8861,67957.5,5743.32,9839.7,5.12868
11132.5,11201,65135.5,4565.32,4629,64634.4,3870.68,10335,5.12868
9223.5,8905,67880,5352.68,5261,66678.1,2314.2,7008.3,5.13273
7920.9,7510,69121.7,3452.68,3650,61993.1,7006.44,12558.8,5.13679
37055.8,28852,84170.7,33678.6,27572,80050.9,16697.2,31728.1,5.13679
8659.3,8093,70121.8,3207.2,3353,62686.3,3801.52,8922.42,5.13679
7314.45,7464,64222.9,3661.68,3800,63150.5,5055.52,9579.96,5.1378
12099.8,11970,66246.4,5751.68,5958,63266.5,2312.68,7917,5.13983
19204.3,16096,78191.5,12498.2,11152,73447.1,7069.52,18870.5,5.13983
19216.6,15629,80579.6,16299,14941,71492.5,4018.88,13246.7,5.14287
23506.6,19928,77304.7,19720.5,16988,76077.3,4733.28,8504.34,5.1449
11189.8,10956,66934.2,4358.6,4396,64978.4,8020.28,14489.3,5.14591
5471.7,5448,65821.1,2682.8,2744,64074.3,2694.96,5873.4,5.14692
8767.85,8929,64353.2,2964.76,3105,62576,4859.44,10224.2,5.14895
13967.8,14069,65064.8,7957.2,8049,64788.5,6111.16,12110.3,5.15909
6198.4,6560,61923.5,2668.36,2756,63452,2286.08,5458.44,5.1601
9710.35,9764,65175.9,4683.12,4708,65189.7,5773.72,10484.8,5.1601
12665.9,12704,65339.4,6645.44,6880,63301.7,2974.64,7764.9,5.1601
13238.5,13677,63435.1,5028.16,5261,62635.5,3469.4,11263.2,5.16111
16352,13944,76853.7,14413.4,12824,73658.5,11633.3,27431,5.16213
7389.2,7756,62436.6,4690.72,4840,63514.7,2817.32,8729.76,5.16314
22195.5,19293,75395.6,16232.1,14681,72460,4056.88,12599.3,5.16416
22335.3,13786,106178,9375.36,6174,99517.9,31031.6,39242.6,5.16416
13097.5,13445,63842.2,5971.32,6229,62824.9,6841.52,14451.8,5.16517
14641.2,14917,64324.5,11096.8,11189,64995.7,7501.96,11636.8,5.1672
14750.4,14852,65087.9,5167.24,5444,62204.3,3344,11019.8,5.16922
6023.55,5929,66581.1,2521.68,2697,61275.8,5595.12,9564.36,5.17024
30133.3,21703,90992.9,25865.8,19111,88699.9,12101.5,19780.8,5.17024
12460.5,12704,64279.9,5827.68,6032,63316.1,3690.56,9399.78,5.17834
12374.7,12560,64569.1,5728.88,5796,64777.1,4095.64,9215.7,5.17936
17852.3,15247,76734.1,16805.1,14767,74581.2,10185.5,22734.7,5.17936
12058.1,12597,62732.6,6132.44,6417,62629.8,5682.52,12570.5,5.18037
12346.1,12732,63549.6,6024.52,6296,62710.1,3885.88,10265.6,5.18139
13887.2,14145,64341.8,3875.24,3941,64442.5,6999.6,14423,5.1824
14859,14896,65373.2,5905.2,6128,63153.3,6365,14520.5,5.1824
5649.8,5959,62135.5,2362.08,2435,63573.4,6213,9104.94,5.1824
11904.8,12012,64950.9,5400.56,5500,64351.1,3153.24,9483.24,5.18544
31383.9,26941,76343.8,24070.7,20569,76693,13165.5,23397.7,5.18645
25544.3,20662,81021.9,20178,16374,80761.3,15805,24680,5.18747
9824.75,9885,65136.6,4108.56,4317,62371.7,4750,10177.4,5.18848
9896.25,10165,63803.3,4366.2,4577,62517.7,2602.24,8243.04,5.18848
18356,16003,75172.1,12568.1,11427,72080.5,15247.1,23581,5.19152
7248.8,7193,66044.4,3714.12,3865,62977.6,4088.04,7878,5.19558
6141.2,5929,67881.5,2069.48,2173,62413.9,2055.04,5535.66,5.19659
11010.3,11680,61778.6,5423.36,5556,63971.4,2764.88,8395.14,5.19963
14207,14092,66071,5689.36,5692,65505.6,6868.88,15345.7,5.20267
10353.2,10292,65925.7,9351.8,8868,69111.4,7156.16,12976.1,5.20571
23440.9,19276,79696.3,17136.5,15100,74374.6,9172.44,16978.3,5.20673
7688.85,8512,59198.4,3103.08,3232,62921.9,3714.88,8916.96,5.20673
10466.9,10473,65498.1,8411.68,8313,66314,4100.96,9677.46,5.20774
10358.4,10565,64254.4,3537.8,3617,64101,3204.16,8264.1,5.20875
5365.75,5493,64017.8,2558.16,2709,61886.9,7343.12,8240.7,5.21179
13267.8,13888,62609.3,5276.68,5536,62466.1,2697.24,9510.54,5.21281
14554.1,14948,63809.3,8113,8224,64651.5,10352.7,15738.1,5.21281
4899.7,5029,63851,2026.16,2149,61789.9,2658.48,6251.7,5.21585
26474.5,23305,74449,13038.6,11581,73784.2,18852.6,30320.2,5.21787
14361.1,14636,64305.1,5055.52,5320,62277.9,13061.4,20440.7,5.21787
10840,11150,63714.2,4375.32,4574,62689.3,6620.36,13695.2,5.2199
13250.9,13185,65863.6,5857.32,6017,63796.8,5611.84,12276.4,5.22193
12734.1,13356,62484.7,4812.32,5116,61645.9,2580.2,8284.38,5.22294
8307,8474,64244.5,3293.84,3482,61994.6,10316.2,15711.5,5.22294
7398.3,7656,63330.1,3071.92,3292,61154.7,2822.64,8207.94,5.22396
11475.1,12053,62393.8,5336.72,5493,63671.4,4617.76,10706.3,5.227
16764.1,16838,65248.6,8042.32,8294,63547.3,4784.96,10796.8,5.23105
10512.4,10989,62694,4707.44,5017,61492.3,2825.68,9242.22,5.23206
29339.7,26892,71501.1,19335.2,18184,69684.8,8261.2,23302.5,5.23308
13042.9,13353,64014,6698.64,7085,61962.2,7881.96,16966.6,5.23916
5220.15,5700,60018.9,2934.36,3056,62927.4,8095.52,11413.7,5.2422
12788.8,13104,63959.4,5454.52,5636,63425.7,2779.32,9093.24,5.24321
10298.6,10477,64420.1,5497.84,5593,64421,10514.6,15678.8,5.24423
28797.6,26484,71261.1,20547.4,19044,70709.5,26400.9,36777.8,5.24625
9129.9,9212,64951.9,3269.52,3388,63244.2,9116.96,13056.4,5.2493
11171.5,10540,69462.9,5760.8,5720,66003.5,20101.2,24960,5.25132
6351.8,6420,64839.8,2840.88,3012,61812.7,7945.04,12777.2,5.25234
18857.8,18616,66387.2,11397,11836,63105,3624.44,10765.6,5.25234
12080.3,11957,66211.5,4957.48,5061,64195.5,10386.2,17869.8,5.25335
5458.7,5621,63643.7,3369.08,3617,61044,5358,9134.58,5.25436
14394.2,12609,74814.9,10715.2,9985,70328.9,2338.52,9038.64,5.25538
12803,12980,64642.6,3841.04,3968,63439.1,6953.24,14684.3,5.25943
5240.95,5408,63511.6,2122.68,2240,62103.6,7368.2,10166.5,5.25943
15201.5,14839,67137.2,9989.44,9747,67166.1,8460.32,14297.4,5.26044
16164.8,15660,67648.8,11561.1,12072,62762.6,4584.32,8852.22,5.26957
15550.6,14672,69460.5,10408.2,10292,66275.9,4191.4,9846.72,5.26957
30821,24361,82914.8,22369.8,17869,82043.2,22559.1,34404.2,5.26957
9759.75,9344,68451.9,5805.64,5824,65329.4,8676.16,16043,5.27058
10986.3,10772,66839.8,4563.04,4784,62509.1,11251.8,16796.5,5.27159
10433.1,10448,65442.8,5232.6,5332,64314.3,6838.48,14802.8,5.27463
11266.4,11265,65544.4,4708.96,4965,62156.4,7989.12,13054.9,5.27666
10826.4,10885,65183.2,4740.88,4933,62983.6,3828.88,10295.2,5.27869
31817.5,25546,81625,25679.6,21082,79828.3,5825.4,7768.02,5.2797
7559.5,7917,62576.6,3537.8,3677,63055,8714.92,12802.9,5.29085
12808.3,12852,65312.9,4166.32,4272,63914.8,13465.7,17945.5,5.29085
18508.8,15736,77083.7,15501.7,13912,73024.8,9030.32,19191.9,5.29186
18729.8,12997,94442.8,8730.88,6737,84932,2306.6,6105.06,5.29288
14654.2,15021,63935.9,7425.2,7485,65012.4,2033.76,5437.38,5.29389
6834.1,7285,61479.7,2862.16,3013,62255.1,2723.84,7093.32,5.29592
14911.6,14586,66999.2,10854.3,10922,65129.9,10951.6,13697.6,5.29693
14986.4,14888,65969.1,6532.96,6584,65028,6261.64,12262.4,5.29693
6420.05,6248,67340.6,4930.88,4696,68813.9,2700.28,8032.44,5.29693
13658.4,13229,67663.5,10017.6,9773,67176,9215,14725.6,5.29795
15472.6,15232,66571.2,7371.24,7524,64205.4,2754.24,8278.92,5.29896
20373.6,20072,66520.7,10551.1,10828,63860,2632.64,4947.54,5.30099
5897.45,5812,66499.5,2333.96,2416,63310.6,2222.24,6322.68,5.30301
17276.3,17089,66254.5,7284.6,7605,62775,2165.24,7184.58,5.30403
12888.2,13112,64417.4,5629.32,5916,62360.2,3169.96,9069.06,5.30808
8622.9,8905,63459.9,5729.64,5773,65043.8,9377.64,13756.9,5.31011
7182.5,7116,66148.4,3065.84,3080,65234.7,2558.92,5662.02,5.31112
12837.5,12700,66245.5,5126.96,5160,65116.4,8800.04,14266.2,5.31214
18136.3,18028,65929.7,8227,8600,62693.6,8910.24,15520.4,5.31619
8563.75,8709,64443,4253.72,4465,62434.9,9188.4,16517.3,5.32227
12667.2,12685,65444,5911.28,6029,64256.4,9435.4,15114.8,5.32329
13938.6,14229,64198.5,5228.04,5409,63343.5,2886.48,10195.4,5.3243
9956.05,9384,69531.1,7186.56,6876,68496,3233.8,7229.82,5.3243
38864.1,27261,93430.2,38771.4,27513,92353.5,11535.3,29727.4,5.32734
10382.4,10838,62781.3,4052.32,4290,61905.1,3168.44,8817.9,5.32937
6140.55,6349,63384.3,2945.76,3065,62986.4,3315.12,7899.84,5.32937
6611.15,6757,64121.4,2485.96,2593,62830.6,2677.48,6975.54,5.33241
8086.65,8008,66179.7,3176.04,3212,64802.3,12837.2,18431.4,5.33342
8413.6,8585,64227.6,2944.24,3001,64296.5,2954.12,8377.2,5.33748
9660.95,9792,64658.9,5581.44,5812,62936.2,4200.52,9147.84,5.33849
8975.2,9473,62092.1,3531.72,3729,62068.9,4012.04,10408.3,5.3395
6227,6234,65462.4,3537.04,3594,64497.3,4542.52,8589.36,5.3395
7598.5,8221,60573.6,4902.76,4889,65720.4,14285,17478.2,5.34254
9293.7,9205,66167.5,7444.96,7189,67869.4,12270.2,19384.6,5.34356
15984.8,16126,64962.2,7547.56,7518,65793.7,2992.12,8778.12,5.34457
9751.3,10265,62256.3,4524.28,4713,62911.8,2783.12,8718.06,5.34558
16423.5,16167,66576,10285.1,10420,64687.4,4443.72,10558.1,5.35065
6939.4,7149,63614.6,3848.64,3885,64922.6,8430.68,13210.1,5.35065
10772.4,11026,64029,4080.44,4213,63473.9,2609.84,8431.8,5.35167
12136.8,12342,64446.4,5579.16,5650,64714.3,2895.6,8402.16,5.35268
7092.15,7172,64806.4,5890.76,5872,65745.4,3430.64,7080.06,5.35369
9083.1,9465,62891.7,5432.48,5309,67060.3,9148.12,15664.7,5.35369
35846.8,26172,89762.3,36882.8,28972,83430.6,14126.1,40626.3,5.35673
12273.9,12945,62138.7,8052.2,8385,62934.9,4363.16,10835,5.35977
12740,12908,64683,4949.88,4680,69315.3,12808.3,16930.7,5.35977
10002.8,9937,65970.3,7674.48,7345,68475.8,9255.28,17415.8,5.36079
14903.8,10847,90046.9,5845.16,3723,102892,5228.04,8502.78,5.3618
13553.8,13949,63679.3,7003.4,7309,62795.8,2289.88,7319.52,5.36281
18740.8,16001,76757.5,15744.2,13845,74525.8,7340.84,13925.3,5.36383
20313.1,16804,79221.8,11755.7,10544,73067.2,2145.48,5473.26,5.36484
12689.9,11561,71935.7,9297.08,9069,67184.2,3504.36,12614.2,5.36484
25012.6,20520,79884.5,19959.1,17496,74762.3,18373,28444.3,5.36991
11332.8,11513,64510,3852.44,4137,61028.2,7394.8,14252.9,5.37092
9205.95,9241,65287.4,4628.4,4713,64359.6,5652.88,10931.7,5.37295
8667.1,8246,68882.7,6324.72,6214,66703.7,5931.04,13090,5.37295
11471.2,12216,61540.3,4873.88,5112,62483.3,4461.2,10141.6,5.37599
30809.3,25068,80545.8,21372,17804,78669.5,2451,4422.6,5.38005
9465.3,9961,62274.7,3739.2,3993,61370.4,2424.4,7519.98,5.38005
5910.45,6081,63698,2567.28,2613,64389.3,3253.56,7593.3,5.38106
5879.25,6261,61540.1,3185.16,3265,63933.4,6191.72,10622,5.38106
12366.9,12136,66782.9,8307.56,8008,67987.5,9795.64,14688.2,5.38309
12712.7,12957,64300.3,4090.32,4185,64053.3,4411.8,8715.72,5.38613
9896.25,10281,63083.4,5286.56,5293,65456.3,4280.32,10755.4,5.38613
9845.55,9860,65440,8987.76,8756,67270.6,5752.44,11155.6,5.38917
11303.5,11702,63304.2,7932.12,7842,66289.1,6944.88,15551.6,5.39525
7293.65,7896,60536.6,4161.76,4296,63488.1,7340.84,13668.7,5.39728
5454.15,5837,61237.5,3946.68,4013,64452.9,7804.44,15235.7,5.39728
5515.9,6039,59859.3,2693.44,2743,64351.9,2647.08,6520.02,5.40234
27688,23100,78552.6,15868,13992,74323,2190.32,5322.72,5.4064
10771.8,10435,67651.2,8811.44,8535,67658.6,4738.6,9226.62,5.40843
9781.85,9980,64234.8,6865.08,6604,68126.9,17348.5,22530.3,5.40843
12198.5,12021,66504,8132.76,7937,67152.4,4800.16,9403.68,5.41856
17552.6,15693,73301.9,12730,11785,70791.1,5742.56,14620.3,5.41958
10923.9,10713,66826.2,7394.04,7257,66773.6,9403.48,16939.3,5.42262
6894.55,7400,61059.6,3293.84,3404,63415.1,4090.32,9683.7,5.42363
10982.4,11552,62304.6,4178.48,4400,62236.6,9665.68,15522.8,5.42464
8295.3,8605,63177.3,3557.56,3725,62590.1,3467.88,9390.42,5.42667
11009.7,11401,63286.7,5808.68,5961,63861.4,3154,9197.76,5.4287
10468.3,10412,65890.1,3957.32,4191,61881.9,4352.52,7558.2,5.43275
9098.7,9261,64387.5,3720.96,3837,63554,7442.68,13645.3,5.43376
21498.8,20429,68967.8,11884.9,11117,70062.7,6906.12,15781,5.43579
14258.4,14600,64002.6,6027.56,6424,61491.6,11496.5,18844.8,5.43681
10666.5,10617,65841.5,5867.2,5853,65695,4617.76,8700.12,5.43883
5823.35,5716,66766.8,2788.44,2916,62669.1,11003.3,14638.3,5.43883
12219.3,12664,63234.9,3596.32,3820,61698.5,8849.44,14166.4,5.43985
30184.7,21746,90967.8,26850,20694,85031.6,24773.7,35658.5,5.44289
10892.7,11057,64562.2,3717.92,3745,65062.1,16874.3,16259.9,5.44289
14296.1,14672,63857,6763.24,6688,66273.3,4891.36,12873.1,5.44289
17459.6,14368,79637.8,13344.1,12256,71354.3,4893.64,11318.6,5.44491
15722.8,15248,67576.9,10627.1,10420,66838.4,8711.88,13050.2,5.44694
12309,12280,65691,7214.68,7496,63076.5,2283.8,7722.78,5.44796
14175.2,14332,64819,5749.4,5880,64080.4,2590.84,5454.54,5.44897
4986.8,5244,62321.7,2277.72,2472,60385.4,2494.32,7255.56,5.44998
16010.1,14891,70461.4,8972.56,8683,67721.5,3028.6,8946.6,5.451
12909,13290,63657.2,5258.44,5392,63912.7,3461.04,10370.1,5.45505
5330,5889,59315.1,3320.44,3505,62085.1,9620.08,12964.4,5.45708
19472.7,16694,76444.4,16757.2,14802,74192.9,3662.44,12620.4,5.46012
21791.9,18713,76318.8,17388.8,15469,73669.4,3922.36,9536.28,5.46215
6377.15,6676,62602.3,3496,3604,63572.1,2322.56,6549.66,5.46215
10766.6,11001,64139.6,4804.72,4909,64143.8,8542.4,15930.7,5.46316
7099.3,7261,64076.5,3325.76,3437,63414.9,8404.08,11652.4,5.46417
17209.4,16789,67177,7921.48,7969,65145.2,4343.4,12263.2,5.46519
7853.95,7865,65443.9,3082.56,3225,62641.4,2682.04,7605,5.46519
21783.4,17628,80984.8,17177.5,15244,73848.5,23377.6,29987.9,5.46721
10002.8,9930,66016.8,10824.7,10522,67421.2,4851.08,8010.6,5.47329
13566.1,14713,60427.6,6346,6649,62549.5,4518.96,11812.3,5.47532
4902.95,5512,58294.6,2622.76,2744,62640.4,3670.8,7775.82,5.47634
9122.1,8455,70706.8,8016.48,7911,66409.8,2083.92,6508.32,5.48039
6280.95,6605,62320.7,3502.08,3689,62215.3,12453.4,16068.8,5.48242
12695.8,13013,63938.5,5994.88,6113,64269.7,4541,11372.4,5.48343
14357.2,15077,62407.2,8761.28,8997,63819,4010.52,7882.68,5.48546
11236.5,12203,60345.7,6179.56,6191,65414.9,10288.9,17863.6,5.4885
4195.75,5069,54245.9,3196.56,3341,62702.7,6530.68,9180.6,5.4885
10147.1,10681,62260.4,6271.52,6381,64411.6,2130.28,5458.44,5.49255
9272.25,10192,59621.9,3820.52,4020,62284,7248.12,14051.7,5.49255
12338.3,12504,64667.5,7300.56,6968,68663.8,8677.68,11057.3,5.49357
6003.4,6664,59039.4,3009.6,3144,62734.5,4018.12,7550.4,5.49559
9395.75,10144,60701.9,6238.84,6084,67203.9,3527.92,9973.08,5.49661
10140,11052,60128,3888.92,4108,62041,2647.84,7605.78,5.49965
9402.25,9592,64239.6,6090.64,5836,68395.5,2487.48,7885.8,5.50573
8451.95,9232,59998.6,5482.64,5536,64904.3,5486.44,12900.4,5.50573
13856.7,14362,63230.2,6210.72,6093,66802.2,5586.76,12783.4,5.50978
7198.75,7114,66316.7,6975.28,6862,66617.9,6134.72,15578.9,5.51384
14391.6,14579,64693.8,7775.56,7891,64577.3,2584,7014.54,5.51586
12429.9,12880,63246.1,5476.56,5536,64832.3,3432.92,8721.18,5.52093
8529.3,8926,62623.4,6849.12,6778,66223.7,12296,17936.1,5.52093
13614.9,14205,62813.5,5575.36,5709,64001.9,2987.56,6775.86,5.52195
9154.6,9570,62691.3,6105.84,6166,64896.6,5734.2,13759.2,5.52296
12007.4,12473,63089.9,7668.4,7757,64787.5,3116.76,7590.18,5.52904
9638.2,10129,62360.5,4810.8,4897,64382.4,4952.16,10165.7,5.53005
11300.3,12069,61361.6,3943.64,4081,63330.2,3710.32,9183.72,5.53005
9192.95,9753,61772.7,2359.8,2541,60862.6,2349.92,7792.98,5.53208
14381.2,14259,66097.9,8413.96,8391,65715.3,4743.16,12119.6,5.53208
5649.15,5900,62749.6,2832.52,2956,62798.4,3963.4,8245.38,5.5331
13249.6,12857,67537.2,9458.96,9149,67756.3,5446.16,10494.9,5.5331
9100,8752,68141.9,5212.84,5124,66672.3,6168.16,13403.5,5.53411
6301.75,6837,60405.4,3024.8,3221,61544,4932.4,10087,5.53411
5124.6,5720,58714.3,1209.16,1276,62103.1,4154.92,7647.9,5.53918
9481.55,9909,62708.9,4566.08,4757,62905.7,3543.12,9278.1,5.5412
8550.1,8998,62273.8,3439,3494,64504.4,3917.8,9727.38,5.54424
13295.1,13664,63766.7,7615.96,7876,63372.2,2587.8,8646.3,5.55033
10292.1,10793,62494.5,5177.12,5481,61902.5,7578.72,15713.9,5.55235
5893.55,5697,67797,2763.36,2885,62772.8,2369.68,5112.9,5.55337
10467.6,10810,63460.2,5062.36,5310,62479.6,7119.68,11803.7,5.55337
21120.4,16706,82853.5,9458.2,6630,93492.1,6678.88,14871.5,5.55742
7385.3,7525,64319.3,5569.28,5329,68491,6717.64,14061.1,5.55843
11979.5,11814,66454.1,6458.48,6498,65137.4,6180.32,15005.6,5.55945
7136.35,7325,63848.2,3369.08,3517,62779.7,2959.44,6661.2,5.55945
12861.5,12609,66848.6,5094.28,5157,64738.9,2713.96,7050.42,5.56046
22256.6,19632,74297.7,15487.3,14544,69786.5,14629.2,25188.5,5.5635
11943.1,12296,63655.1,5582.96,5724,63921.2,3218.6,10267.1,5.56452
12192.7,11924,67012.8,5045.64,5344,61877.1,3292.32,9209.46,5.56452
14205.7,13336,69810.1,5909.76,5896,65689,8895.8,15665.5,5.56452
13385.4,12952,67729.2,6263.92,6552,62654.5,2156.88,7212.66,5.56553
10273.3,10629,63342.5,5629.32,5845,63117.7,12558.2,18050.8,5.56553
10377.3,9891,68757.8,5115.56,5347,62699.3,4032.56,10488.7,5.56553
18406,15160,79568.5,14158.8,12968,71553.9,2577.92,9895.08,5.56654
11289.8,11607,63745.3,7325.64,7447,64468,3307.52,7819.5,5.56756
12227.8,12164,65879.7,7191.12,7252,64985.8,5243.24,10792.1,5.56857
6812,6844,65229.6,2743.6,2908,61831,2141.68,6191.64,5.56958
9803.95,10793,59530.4,4041.68,4269,62046.3,2080.88,7177.56,5.56958
14377.3,15359,61347.4,6499.52,6731,63282.2,8214.84,13366.1,5.5706
4345.25,5008,56863.1,3741.48,3888,63066.3,5000.8,9440.34,5.5706
12762.1,12348,67733.8,8843.36,8476,68376.4,2642.52,7204.08,5.5706
9727.9,9855,64690.8,3209.48,3419,61519.9,11157.6,27293,5.57364
44314.4,37100,78280,26369,23324,74091.8,18030.2,36030.5,5.57465
11898.3,12377,63001,6427.32,6473,65073.5,4009.76,6615.18,5.57465
9244.95,9820,61698.3,4449.8,4616,63176.4,9373.84,16557.1,5.57668
16019.9,15380,68262.7,13099.4,12512,68612.5,13375.2,16954.9,5.57769
10673.6,10541,66360.7,6001.72,5769,68179.7,11898.6,19560.1,5.57972
9095.45,9064,65763.4,3543.12,3756,61821.6,10104.2,17855,5.58073
19657.9,15467,83293.7,24149,20673,76555.4,6563.36,13699.1,5.58479
15816.4,12321,84128.5,16501.1,13649,79230.5,28346.5,40283.1,5.58681
10266.1,9791,68716.1,8413.96,8219,67090.6,7041.4,14181.2,5.58884
6219.85,6454,63158.4,3332.6,3478,62796.2,5458.32,8556.6,5.58884
7458.75,7297,66988.7,7400.88,7077,68535.3,12524,22706.6,5.59087
9565.4,10128,61895.5,5034.24,5232,63058.9,6646.2,13682.8,5.59087
9660.95,10143,62421.4,3543.88,3675,63197.7,7119.68,11094.7,5.5929
5466.5,5655,63351.5,2692.68,2723,64806.3,3339.44,7856.16,5.59391
9371.7,9554,64285.5,5040.32,4918,67166,8491.48,14086.8,5.59492
9235.85,9669,62600.1,4577.48,4753,63115.9,5798.8,11916.1,5.59594
10502.7,10957,62818.7,4066.76,4233,62962.2,2992.12,8926.32,5.59796
14083.5,14259,64729.6,6270,6375,64456.6,4259.04,10015.2,5.59898
10247.9,10489,64029.6,4899.72,5097,62999.4,4415.6,9058.92,5.59999
7402.85,7625,63626.6,3156.28,3309,62511.3,12448,14036.9,5.59999
29903.9,23824,82260.8,26802.2,23092,76065.6,2906.24,3659.76,5.59999
23168.6,17890,84873,21448.7,18546,75793.3,5554.84,12728.8,5.601
16126.5,16014,65996.4,10613.4,10618,65507.6,6537.52,14383.2,5.60303
5088.2,5937,56166.5,3043.04,3061,65151.5,2615.92,5502.12,5.60506
11627.8,12152,62709.2,4104,4204,63977.1,2809.72,8512.14,5.60607
5289.7,5864,59117.6,1126.32,1208,61104.7,4770.52,7773.48,5.60709
17980.3,15233,77355.5,16199.4,14405,73699.7,18475.6,32182,5.61215
8159.45,8071,66254.2,4490.84,4615,63772.8,3708.8,9097.14,5.61317
9051.9,8840,67106.9,6911.44,6696,67644.6,6766.28,13777.9,5.61418
6986.2,7576,60433.9,3787.84,3948,62877.4,7628.12,15691.3,5.61722
17301,15252,74340.5,13974.9,12336,74242.7,4200.52,8385.78,5.61722
5768.1,6460,58516.7,3454.96,3644,62136.2,3947.44,8491.86,5.61722
4833.4,5122,61843.4,2800.6,2866,64040.5,3565.16,7699.38,5.61925
20681,16521,82038.2,20271.5,17593,75513.7,2930.56,6036.42,5.62128
10344.8,10333,65610.5,6776.16,6649,66789.4,3126.64,8412.3,5.6233
23637.9,19508,79410.2,16885.7,14756,74994.6,8566.72,11971.4,5.6233
8624.2,9012,62715.9,3978.6,4160,62678.3,5767.64,12157.1,5.62432
13839.1,14107,64291.7,5003.08,5035,65120.5,13034,18509.4,5.62533
9095.45,9765,61042.4,3729.32,3889,62845.1,2326.36,7456.02,5.62533
15598,16013,63837.7,6460.76,6665,63527.7,5148.24,11593.1,5.62736
11012.3,11448,63041.8,4714.28,4856,63623.4,3755.92,10987.9,5.62736
10192.6,9980,66932.4,6884.84,6824,66120.3,2296.72,5158.92,5.62736
9862.45,10437,61928.3,4347.96,4529,62916.3,19651.3,20328.4,5.63243
9893.65,9872,65679.7,5138.36,5312,63393.7,2660.76,9553.44,5.63243
13763.7,13072,69004.1,10681.8,10404,67285.9,5021.32,8853.78,5.63243
5387.2,5529,63855.2,3443.56,3533,63876.9,3112.96,7207.98,5.63648
9308,10169,59987.1,4815.36,5049,62503.4,5643,11447.3,5.63851
13038.3,12605,67789.1,7936.68,8157,63765.9,2785.4,5645.64,5.64053
12110.1,11997,66154.1,5238.68,5465,62822,2772.48,10109.6,5.64053
13983.4,12807,71556.1,10638.5,9795,71179.5,8160.12,15513.4,5.64459
22850.1,18294,81857.7,15792,13318,77710.4,11777,22619.2,5.64459
13576.5,13929,63877.7,5016,5273,62341.9,4722.64,13022.9,5.64662
10645,10245,68095.1,6713.84,6641,66254.8,3039.24,10547.2,5.64662
6092.45,6213,64264.4,2955.64,3105,62383.5,16176.6,15944.8,5.64966
13419.2,13444,65415.3,7421.4,7316,66480.2,3955.8,8357.7,5.65675
10111.4,10404,63692.9,4805.48,5088,61897,3632.04,10831.1,5.65776
13771.5,13972,64595.8,5136.84,5184,64939.8,2265.56,7348.38,5.65878
18671.3,17213,71088.1,14496.2,13389,70955.7,13511.3,20849.4,5.65979
11369.8,11396,65385.3,8498.32,8116,68623.2,26912.4,37605.4,5.65979
6248.45,6177,66294.1,3151.72,3281,62953.7,4579.76,8530.08,5.66081
7796.1,7717,66207.8,3328.8,3425,63695.3,3657.88,7881.12,5.66081
19485,15427,82775.1,15983.6,12647,82825.9,25878,50141.5,5.66283
13460.8,13476,65462.3,5711.4,5956,62844.6,7054.32,14106.3,5.66283
5634.85,5849,63136.5,2670.64,2813,62219.4,6294.32,9657.96,5.66283
14842.1,13729,70849.4,10224.3,9541,70229.4,3725.52,9944.22,5.66689
8760.7,9397,61098.4,5561.68,5749,63400.6,2147.76,7347.6,5.66993
11999.6,11996,65555.9,10042.6,9944,66186.1,8202.68,11611.9,5.67094
13015.6,13625,62604.8,6152.96,6445,62566.4,2088.48,6616.74,5.67195
14209.6,14168,65728.6,6805.8,6904,64603.8,3454.96,10543.3,5.67601
13693.5,13562,66171.7,11280.7,10842,68187.7,7332.48,16229.5,5.67702
12499.5,13083,62613.1,4947.6,5167,62753.2,2105.96,7115.94,5.67702
36996.7,28476,85145.9,32645,26616,80381.2,2724.6,176.28,5.67905
11638.9,12045,63326.4,6988.2,7049,64970.7,5972.08,8129.16,5.67905
14322.7,14709,63815.1,9549.4,9265,67547.7,6518.52,10396.6,5.67905
48485.4,39484,80476.7,27994.6,21800,84158.4,53618,67254.7,5.68209
16422.9,16729,64336.8,5917.36,6153,63026.2,3627.48,9697.74,5.68817
7645.3,8213,61006,2340.8,2433,63052.5,2180.44,6915.48,5.68817
6693.7,6796,64549.5,3452.68,3500,64650,2752.72,6891.3,5.68919
5872.75,6388,60249.9,2825.68,2976,62225.7,4514.4,9462.18,5.6902
5101.2,5304,63030.2,2845.44,2924,63775.2,4475.64,8445.84,5.69121
20357.3,17134,77865,20984.4,18986,72433.9,3701.96,6297.72,5.69121
20720.7,17829,76165.3,14362.5,12993,72443.6,25736.6,33600.8,5.69527
11614.8,11749,64787.7,3812.92,4017,62206.5,11593.8,16963.4,5.69527
15237.3,15316,65199.3,5796.52,6064,62645.2,3440.52,9733.62,5.69628
9221.55,9699,62309.9,3258.12,3379,63191.5,2312.68,6974.76,5.70034
7049.9,7008,65927.8,4283.36,4308,65161.2,12508.1,16826.9,5.70135
14899.3,13505,72302.1,12492.9,11777,69519.7,17880.5,28944.2,5.70338
11359.4,11881,62658.8,6921.32,7053,64312.4,2630.36,9161.1,5.7054
13743.6,14005,64312.8,2761.84,2817,64252.7,4464.24,10689.9,5.70743
5976.1,6221,62956.1,2758.04,2873,62913.6,2109,6502.86,5.70844
12377.3,9785,82898.2,18322.1,15001,80045.1,26879.7,32944.9,5.70844
5290.35,5465,63441.6,2838.6,2877,64661.3,7122.72,12516.7,5.70844
5469.75,5839,61391.6,2637.2,2811,61484,4055.36,9069.06,5.70946
11432.2,11305,66273.4,6672.04,6509,67177.6,4979.52,9778.86,5.71047
5580.9,5828,62757.4,2876.6,2976,63347.1,2338.52,5278.26,5.71452
14418.3,14608,64684.9,6527.64,6816,62763.4,2356.76,8783.58,5.71554
29917.5,22790,86032.3,28274.3,22886,80965.8,39988.9,61060.7,5.71554
11702.6,11526,66540.1,6710.04,6582,66810.9,8939.88,15800.5,5.72061
23842.6,18353,85138.8,11311.8,8581,86392.4,2723.08,10962.9,5.72162
12084.8,12348,64139.1,5107.2,5308,63056.8,3342.48,9034.74,5.72162
8477.3,8901,62416.4,3333.36,3521,62043.5,3665.48,8860.8,5.72263
21000.8,16474,83544.5,19497,15658,81604.2,23336.6,37257.5,5.72263
12075.7,11854,66761.7,6917.52,6922,65493.6,9287.96,14274.8,5.72871
10875.1,10820,65870,4112.36,4256,63324.2,5234.88,10929.4,5.72973
14474.8,14711,64484,5693.16,5875,63507.6,7057.36,12996.4,5.73074
8434.4,8090,68325.9,5756.24,5594,67436.7,15273.7,21145,5.73277
12701.6,12705,65518.7,8184.44,8177,65595.6,2614.4,8843.64,5.73378
10504.6,10456,65840.9,5312.4,5528,62980,11940.4,17618.6,5.7348
13466.7,13522,65268,5642.24,5874,62950.3,2815.04,8758.62,5.7348
10264.8,10365,64902.5,4423.96,4553,63678.6,8164.68,14289.6,5.73581
6589.05,6899,62591.7,1913.68,2003,62613.5,2159.92,6171.36,5.73784
12129,12980,61239.3,5054.76,5268,62883.2,4187.6,12267.1,5.73986
6270.55,6449,63722.6,2476.84,2565,63283.5,12566.6,12810.7,5.7429
4758,5106,61069.4,2441.12,2486,64352.9,2860.64,6400.68,5.74493
11856,12281,63268,4566.84,4813,62184.2,7334,14344.2,5.74696
13125.4,13257,64885.7,5717.48,5805,64547.9,5321.52,11651.6,5.74797
12916.1,13568,62387.4,4091.08,4308,62236.1,3744.52,10200.1,5.74797
9413.95,9904,62293.3,3904.12,4112,62222.9,10706.9,16288.7,5.74797
16161.6,16189,65425.1,8445.88,8553,64715.2,2681.28,9753.9,5.75
4925.7,5327,60599,2375.76,2495,62403.9,9417.92,11547.1,5.75101
11663.6,12209,62608.4,5524.44,5637,64227.4,13474,21670,5.75101
11527.1,11968,63121.7,5278.2,5300,65266.4,9100.24,15117.2,5.75304
9329.45,9819,62268.5,4832.84,4923,64335.8,4490.08,10512.8,5.75304
11397.1,11501,64943.9,6931.96,6713,67673.6,5611.08,13898,5.75405
14704.9,14248,67637.8,10211.4,9580,69855.1,12754.3,17270.8,5.75507
13655.8,14056,63670.3,5510.76,5644,63988.9,13069,14269.3,5.75608
9171.5,9976,60250.9,3079.52,3228,62521.5,3770.36,9024.6,5.75709
14693.9,15098,63781.9,7869.8,7994,64517.8,4780.4,9356.88,5.75709
10256.3,10932,61485.6,4849.56,5040,63059.7,3890.44,9980.88,5.76622
21043.8,15472,89136.7,22901.1,18880,79493.9,9049.32,16602.3,5.76824
14050.4,14100,65305.5,5670.36,5668,65563.3,4540.24,9005.1,5.76926
7030.4,7346,62720.4,2985.28,3110,62907.8,3619.12,7595.64,5.77027
19337.5,16152,78461,13522.7,12056,73508.8,3032.4,5952.96,5.77027
7922.2,8236,63039,5798.04,5916,64229.3,3939.08,11581.4,5.77027
11359.4,11556,64421.1,7073.32,7044,65808.8,12410,15344.9,5.77635
10914.1,11234,63670.1,5883.92,6118,63028.5,2565.76,8714.94,5.77737
13003.3,13625,62545.4,8097.8,8201,64711.3,6273.04,12652.4,5.77838
7018.7,7628,60301.2,3171.48,3288,63213.5,4988.64,9062.82,5.78345
9717.5,9729,65458.5,8359.24,8037,68163.6,3772.64,8891.22,5.78446
12002.9,12401,63432.1,5136.08,5365,62739.6,5123.16,11084.6,5.78446
7112.95,7191,64824.7,7479.92,7475,65579.1,8596.36,16013.4,5.7875
5194.8,5630,60470.1,2520.92,2666,61969.6,7147.04,9554.22,5.7875
9423.7,9591,64392.8,6475.2,6419,66109.8,9166.36,16549.3,5.78852
12700.3,12984,64104.3,4833.6,4968,63763,3044.56,9681.36,5.79156
15390,15413,65438.4,5820.08,5905,64593.5,6524.6,13431.6,5.79358
11909.9,12393,62981.6,7688.16,7785,64720.8,2663.8,7640.88,5.7946
9910.55,10368,62644.5,4060.68,4180,63665.2,4493.12,10237.5,5.7946
12719.8,12592,66201.4,6736.64,6864,64320,2276.96,7044.18,5.7946
9185.8,8885,67754.7,7169.84,7109,66096.9,8257.4,13845.8,5.79662
11144.3,11536,63310.5,6735.12,6900,63970,16976.1,21304.9,5.80068
8345.35,8590,63669.5,4593.44,4634,64962.4,3115.24,8525.4,5.80271
5761.6,6347,59491.4,1950.16,2043,62557.8,6012.36,10905.2,5.8098
12002.9,12088,65074.6,9971.2,9752,67009.1,4632.2,9285.12,5.81183
11027.9,11652,62025.8,5266.8,5536,62349.2,4570.64,11049.5,5.81183
11089,11568,62822.3,4156.44,4340,62764.2,7628.88,13860.6,5.81284
16365,13617,78761.8,19342,16977,74665.6,11315.6,22416.4,5.81284
14008.1,14473,63431.1,7183.52,7485,62896.4,4082.72,11253.1,5.81385
6587.75,6185,69803.5,6065.56,5929,67045.5,22674.6,24208.1,5.81588
14357.2,14437,65173.8,7150.08,7217,64928.3,7263.32,13891,5.8169
11029.2,11416,63315.5,4773.56,4808,65066.6,3584.92,10310,5.81791
8992.1,9752,60429.3,3983.16,4200,62152.5,8724.04,16672.5,5.81892
12847.9,13108,64235.6,9266.68,8912,68144.2,15811.8,19585.8,5.81892
12054.3,12516,63118.2,6244.92,6240,65587.7,4421.68,11472.2,5.82196
12240.1,12588,63725,5123.16,5224,64270.9,15647.6,23032.6,5.82805
12513.8,12964,63260.1,5567.76,5744,63525.2,5308.6,13261.6,5.82805
9815.65,10151,63370.9,5503.92,5699,63292.7,5900.64,13108.7,5.83007
8041.8,8200,64271.6,5438.56,5340,66745.6,5354.2,11308.4,5.83007
11617.4,12160,62611.9,5092.76,5316,62783.9,10643.8,17390.1,5.83311
14534.6,15160,62832.6,4957.48,5096,63754.6,4595.72,12529.9,5.83413
14301.3,14529,64508.9,9336.6,9701,63074.3,2180.44,5233.8,5.83413
21304.4,17725,78770.4,16150.8,13997,75620.2,2692.68,7052.76,5.83717
11212.5,11341,64793.4,7342.36,7433,64736.8,2919.16,9665.76,5.83818
5020.6,5397,60965.4,35793.7,32497,72184.4,11155.3,262143,5.83919
13270.4,13264,65567.6,8892.76,8836,65957,6160.56,11495.6,5.83919
6841.25,7264,61721.9,3178.32,3360,61992.4,3536.28,7772.7,5.84021
9872.85,10433,62017.4,4247.64,4485,62067.6,4952.92,10992.5,5.84021
9130.55,8237,72645.4,7547.56,7277,67972.6,4417.12,9576.84,5.84325
8621.6,8412,67168.9,3108.4,3112,65460.2,3749.84,8604.18,5.84325
13694.2,13285,67554.6,6281.4,6357,64756.6,8386.6,16011.1,5.84426
12691.3,11933,69700.3,9986.4,9721,67325.3,14889.2,25321.9,5.84426
14158.3,14156,65546.6,5632.36,5964,61891.7,4387.48,11286.6,5.8473
15679.9,15344,66970.9,11298.9,11044,67048.7,7748.2,11012,5.84832
20837,17701,77146.9,15931.9,14181,73627.5,3844.08,8194.68,5.84933
12481.3,11424,71601.4,9914.96,9264,70141.1,8693.64,17837.8,5.84933
10173.8,10330,64545,5521.4,5438,66541.1,3391.12,7276.62,5.85034
18996.3,18456,67454.4,9443.76,9276,66721.2,3402.52,9870.12,5.85643
7051.85,7102,65073.2,3026.32,3066,64687.8,7772.52,11968.3,5.85744
9150.05,9018,66495.6,3410.12,3546,63024.7,7137.16,11485.5,5.85744
8561.8,8941,62756.5,3411.64,3565,62716.8,8762.8,13024.4,5.85947
5246.15,5633,61035.3,3024.8,3217,61620.5,4367.72,7987.98,5.86048
15848.3,15833,65599.3,7254.96,7449,63828.8,5327.6,10048.7,5.86149
8906.3,7908,73809.2,6247.96,6096,67169.7,9820.72,18702.8,5.86352
15981.5,15349,68236.8,7448.76,7521,64906.5,2295.96,6693.96,5.86453
14996.1,14768,66548.5,6364.24,6576,63425.6,3048.36,10036.3,5.86453
15827.5,15353,67561.5,6966.16,7017,65061.2,3126.64,6849.18,5.87062
4990.7,5039,64907.8,2042.88,2031,65919.4,2253.4,5419.44,5.87062
22005.8,17996,80138.3,15484.2,13404,75706.9,11577.1,21065.5,5.87264
12858.3,13029,64677.4,5149,5329,63322.4,11243.4,16458.8,5.87264
13077.3,12812,66893.3,9900.52,9736,66643.4,9585.88,15653.8,5.87467
13997.1,13567,67613.6,8865.4,8523,68168.8,12883.5,20520.2,5.87771
22886.5,20968,71532.3,14506.1,13228,71868.2,13866.2,25761.8,5.87872
10508.5,10186,67611.3,5203.72,5326,64031.4,10020.6,16952.5,5.87872
14448.8,14537,65138.6,10929.6,10681,67061.1,5027.4,9547.2,5.88075
12962.3,12742,66669.1,8089.44,7858,67466.2,4721.88,10482.4,5.88176
31498.3,28012,73692.6,25845.3,22684,74669.3,14173.2,32287.3,5.88481
7046,7361,62731.5,2951.08,3109,62207.1,2056.56,5549.7,5.88481
16085.5,16284,64737.3,9473.4,9740,63742.2,2337.76,4641,5.88582
12729.6,12880,64770.7,7293.72,7268,65767.9,4935.44,12022.1,5.88785
17442.1,15693,72840.5,12444.2,11129,73281.1,13200.4,22541.2,5.88785
21862.1,18081,79240.9,17832.6,15717,74357.7,11305.8,24861.7,5.88785
10206.9,10868,61549.8,4535.68,4704,63191,6029.84,13295.9,5.88886
12411.1,12577,64671.5,5199.16,5393,63180.5,7027.72,12866.9,5.88886
12634,12840,64484.8,5617.92,5736,64186.9,8855.52,14797.4,5.88987
12822.5,12595,66720,9037.16,9239,64104.3,2701.04,9002.76,5.89291
12148.5,11829,67306.1,6687.24,6817,64288.5,2690.4,7655.7,5.89393
8169.85,8225,65096.6,3835.72,4021,62516.2,3929.96,9541.74,5.89595
10257,10268,65465.8,4041.68,4248,62353,6051.88,10328,5.89697
50293.8,35368,93193,37268.1,27420,89073.8,14490.2,32185.1,5.89697
17472.6,12656,90477.8,16599.2,14004,77680.8,13463.4,26080.1,5.89798
14541.8,13720,69461.5,8472.48,8024,69199,4814.6,16575,5.90406
12632.1,12584,65786.5,5690.88,5592,66694.8,4375.32,12561.1,5.90406
22605,18280,81041.8,19917.3,17656,73929.6,5794.24,17845.6,5.90508
11370.4,11464,65001.2,7211.64,7100,66566.5,2840.88,8721.18,5.90508
12327.9,12380,65260.2,4834.36,4840,65459.6,6874.2,13458.1,5.90609
8310.25,8672,62802.2,3347.04,3476,63104.6,3952.76,8800.74,5.9071
12078.3,12374,63969.9,5405.12,5638,62829,3399.48,10427,5.9071
6039.8,6342,62413.2,3268,3430,62440.7,4939.24,9030.84,5.9071
8435.7,8680,63691.5,2863.68,3004,62474.7,4348.72,9000.42,5.91014
4896.45,5045,63606.3,2233.64,2325,62960.8,13127.5,12681.2,5.91014
6687.85,6717,65251.6,2685.08,2813,62555.8,3641.16,7804.68,5.91014
12006.1,11941,65893.6,5229.56,5269,65045.4,5247.8,11455.1,5.91116
7432.75,7502,64931,3947.44,4014,64449.3,3015.68,9088.56,5.91521
9283.95,9760,62339.4,3379.72,3536,62639.5,8953.56,11953.5,5.91825
5185.7,5593,60763.5,2823.4,2957,62575,13588,13979.2,5.91927
5681.65,6129,60752.6,2832.52,2949,62947.5,2036.8,5615.22,5.92129
19535.1,16129,79375.8,16110.5,14465,72991.1,20481.2,33698.3,5.92129
11473.1,11345,66276.3,3249,3349,63579.1,7006.44,12494,5.92535
18712.8,14836,82661.5,16709.4,14052,77929.4,3331.84,9003.54,5.9294
9692.15,10173,62438.3,2907.76,3065,62173.9,4680.08,9942.66,5.93447
9658.35,9785,64687.8,3557.56,3625,64316.8,2568.8,7842.12,5.93954
15182,11343,87716.7,7631.92,6303,79353.6,20893.2,37481.3,5.94258
6362.2,6196,67293.9,2388.68,2528,61924.3,5495.56,9262.5,5.94461
7395.05,7521,64438.5,3000.48,3169,62050.9,3021.76,6630,5.94663
22126.6,18233,79531.2,16875.8,14489,76331.9,12211.7,18535.1,5.94663
8821.15,8290,69735,6445.56,6322,66816.9,5395.24,11134.5,5.94663
15120.9,15300,64769.1,6283.68,6336,64994.8,8141.88,15495.5,5.94765
11357.4,11837,62880.9,5946.24,6157,63292.6,3049.88,9937.98,5.94967
21360.9,12094,115753,13775,7258,124381,6914.48,16873,5.95271
14131,14112,65624.2,8392.68,8448,65106.8,5755.48,10933.3,5.9588
10315.5,10752,62875.4,3786.32,3968,62535.4,6936.52,12359.9,5.96589
17295.8,17697,64050.4,9445.28,9637,64232.2,5945.48,14212.4,5.96792
14980.5,15161,64756,6444.04,6617,63823,2433.52,8489.52,5.96893
10439.6,10696,63965.3,7277.76,7160,66613.9,4888.32,9177.48,5.96995
6824.35,6937,64471.8,2767.16,2909,62340.5,3731.6,8421.66,5.97096
13138.4,13209,65186,5583.72,5529,66184.6,2818.08,8468.46,5.97501
7764.9,7815,65115.9,3658.64,3683,65102.5,3511.2,7251.66,5.97603
11352.9,11441,65031.3,4529.6,4645,63907.8,2739.04,8896.68,5.97704
13181.3,13363,64645.1,7495.88,7703,63773.9,3434.44,9170.46,5.97805
53484.6,44393,78957.6,37404.2,31981,76649.2,27749.1,50004.2,5.98109
8650.85,9065,62541.9,4602.56,4717,63946,9751.56,15106.3,5.98109
8518.9,8808,63384.9,3416.96,3548,63115.5,3499.8,8746.92,5.98616
8695.05,8769,64983.3,6662.92,6421,68005.2,5510,12558,5.98616
6600.75,6549,66053.9,3131.2,3221,63708.9,3259.64,7073.04,5.99123
13832,13356,67871.7,8554.56,8124,69009.3,14772.1,21211.3,5.99224
10448.1,10089,67868.6,7933.64,7645,68010.3,2197.92,5598.84,5.99528
5279.3,5285,65465.3,2203.24,2277,63413.1,3202.64,7278.96,5.99528
24893.7,20167,80896.2,17385.8,15779,72209.5,6624.16,10748.4,5.9963
13542.1,13260,66930.2,5613.36,5816,63252.6,3038.48,9483.24,5.99833
10596.3,10809,64246.4,4527.32,4777,62110.6,11166.7,17387,5.99833
23258.3,19382,78642.9,17999.1,15842,74459.5,12810.6,23967.1,5.99833
9248.85,9402,64468.5,3306.76,3418,63403.1,3244.44,9740.64,6.00035
14779,14532,66650.1,5893.8,5940,65026.3,3392.64,8987.94,6.00441
11343.8,11482,64747.2,4428.52,4590,63230.4,15133.1,20531.2,6.00745
10903.1,10793,66204.5,4373.04,4477,64014.2,3775.68,10491,6.00745
10774.4,10842,65127.4,4325.16,4522,62683.3,14582.9,15674.9,6.00846
5817.5,5569,68460.4,3158.56,3297,62784.2,4740.88,10859.9,6.01049
14288.3,14246,65730.6,5427.92,5638,63094,3296.12,9153.3,6.01049
18217.5,17717,67387.5,4675.52,4725,64849.7,5555.6,13361.4,6.0115
8919.95,8211,71194.5,5655.16,5655,65537.9,5890.76,12166.4,6.01252
5621.85,5659,65105.8,2936.64,3023,63663.8,4968.12,9133.02,6.01657
14755,14432,67002.7,5715.96,5652,66277.6,4496.92,10870.9,6.01657
13419.2,13192,66664.9,5533.56,5720,63399.9,12344.7,17772.3,6.01657
20072.6,19812,66398.2,7400.12,7616,63678.3,2317.24,8651.76,6.01657
5152.55,5149,65581.2,2390.96,2489,62954.6,2356.76,5300.1,6.01758
9265.1,9398,64609.2,3999.12,4214,62194.2,4498.44,11619.7,6.01758
14792,14173,68398.5,7977.72,7881,66340.3,5614.12,8807.76,6.01758
8659.95,8924,63596.9,2777.04,2920,62327.4,12189.6,16532.9,6.0186
13339.3,13292,65769.2,6051.12,6168,64294.1,3153.24,9062.82,6.01961
11512.1,11604,65017.3,4094.88,4292,62526.1,4445.24,11366.9,6.02062
15325.7,15487,64853.4,5696.96,5871,63593.3,7279.28,16172.5,6.02265
13332.8,13353,65436.9,3196.56,3309,63309.1,7880.44,14345.8,6.02265
9198.15,9214,65423.3,4170.88,4394,62208.2,7977.72,13850.5,6.02671
5275.4,5596,61781.4,3078.76,3196,63131.9,4594.2,9144.72,6.02975
8481.85,8664,64158.2,3691.32,3880,62349.1,3046.84,8993.4,6.03177
12467,12709,64288.1,5940.16,6181,62982.4,3848.64,10162.6,6.03279
8123.05,8437,63097.3,5790.44,5909,64221.1,4062.2,9577.62,6.0338
6060.6,6473,61360.6,2597.68,2713,62750.3,14206.7,14627.3,6.03583
10421.4,10877,62791.2,4010.52,4217,62327.1,4097.16,9307.74,6.03684
12224.5,12720,62983.3,4769,4964,62961.6,2917.64,9716.46,6.03684
14663.3,14568,65964.9,7540.72,7756,63716.9,2382.6,6339.84,6.03786
15445.3,14704,68840,9287.2,8900,68387.2,4780.4,8464.56,6.03887
14546.3,14629,65165.7,6464.56,6661,63603.3,2210.08,6271.2,6.0409
17186,14660,76828.2,19480.3,17876,71417.7,11896.3,26045,6.0409
11159.8,11236,65091.8,5557.12,5808,62705.1,4481.72,11846.6,6.04191
13328.2,13633,64071,5073.76,5301,62726.6,3580.36,11311.6,6.04191
12860.3,13013,64766.7,4236.24,4405,63025.3,7773.28,13203.1,6.04191
5284.5,5669,61091,2656.96,2785,62523,4402.68,9016.02,6.05002
15838.5,15974,64980.3,7026.2,6978,65988.7,4154.16,11937.9,6.05002
6292.65,7044,58545.6,2713.96,2832,62804.4,6514.72,11114.2,6.05306
17180.8,16940,66467.6,8127.44,8040,66248.8,5113.28,10900.5,6.05407
14911,15048,64939.3,7026.96,7260,63432.3,5658.2,10423.1,6.05509
14329.9,14341,65485.3,5069.96,5137,64680.7,4821.44,11285.8,6.0561
19318.6,18873,67083.5,8588.76,8797,63984.6,5777.52,13070.5,6.05813
6932.25,7290,62319.9,2663.8,2830,61687.2,9357.88,11363,6.05813
12498.8,12477,65650.8,5249.32,5325,64604.6,11413.7,20081.1,6.05914
12221.9,11928,67151,5272.88,5256,65746.5,2612.88,8450.52,6.06117
15849.6,15589,66631.6,8921.64,9233,63326,7092.32,12059.6,6.06319
10472.8,10630,64566.8,4205.84,4262,64672.4,2780.84,8438.82,6.06725
6499.35,7085,60118.8,3258.88,3305,64621.5,3086.36,6914.7,6.06928
5513.3,6093,59300.8,2444.92,2553,62761.6,3003.52,6937.32,6.06928
9118.85,9033,66158.9,4275,4349,64420.9,4461.96,10126,6.07232
13563.5,13365,66509.6,6007.04,6065,64909.7,7213.16,15751.3,6.07232
21607.3,17789,79602.9,18631.4,16189,75423.3,8936.08,16629.6,6.07333
12587.9,12248,67354.7,8246,8264,65393.3,8132.76,13755.3,6.07333
11718.8,11353,67647.9,4941.52,4969,65173.6,4256,10548.7,6.07637
9530.3,9929,62904.4,4186.08,4361,62907.4,10335.2,20138.8,6.08245
7333.3,7675,62618.3,3548.44,3675,63279.1,7925.28,12920.7,6.08245
17516.8,17406,65953.4,10680.3,10766,65014.2,2907.76,4969.38,6.08347
11607.7,11612,65511.7,7942,7708,67525.5,14782,21531.1,6.08347
9348.3,9213,66498.4,4305.4,4349,64879,2422.88,6768.06,6.08347
18071.9,18261,64857.5,7618.24,7905,63158.6,2406.16,9132.24,6.08448
11481.6,11149,67491.1,6339.16,6285,66100.8,9195.24,15809,6.08651
10858.3,10829,65713,4034.84,4169,63427,6896.24,11246,6.08651
12916.8,12585,67263.8,5020.56,5065,64961,7835.6,12664.9,6.08752
10393.5,9881,68935.2,7760.36,7469,68092.5,6780.72,15167.1,6.08955
7031.7,7069,65190.2,3119.8,3245,63007.5,2349.16,7686.12,6.08955
5805.15,5812,65458.8,2814.28,2932,62904.7,2733.72,5520.84,6.09056
17451.2,15324,74633.4,13264.3,12348,70399.1,14646.7,22810.3,6.09157
11756.5,11492,67044.7,5405.88,5648,62726.6,2779.32,9743.76,6.09259
13204.1,13235,65383,5696.2,5751,64911.5,2759.56,8475.48,6.09461
11848.8,11840,65585,8073.48,8192,64587.8,2061.12,5914.74,6.09563
16029.6,15644,67151.6,12847,12860,65470,5804.88,10090.1,6.1007
6539.65,7276,58903.6,3328.8,3464,62978.1,17192,22922.6,6.10272
11183.9,11493,63773.4,7606.84,7317,68132,11837.8,18557,6.10272
10229,10497,63863.1,5921.16,5765,67311.2,6719.92,12496.4,6.10475
12125.8,12153,65389.1,6067.84,6109,65094.4,9131.4,15941.6,6.10475
13108.5,12217,70318.6,11609,10941,69537.3,16744.3,22861.8,6.10576
11233.9,11220,65617.5,6445.56,6564,64353.5,4058.4,10610.3,6.10576
17356.3,17352,65552.2,7546.8,7752,63801.2,2163.72,6916.26,6.10678
16484,16380,65952.1,6982.12,7180,63729.8,2117.36,6378.06,6.10678
12647.7,12796,64776.5,9469.6,9532,65107,4720.36,11200.8,6.10779
9811.1,10241,62784.9,4959,5205,62438.6,3363.76,9118.2,6.10982
9226.75,9392,64382.9,5608.8,5348,68731.9,6817.96,12982.3,6.10982
9577.75,10277,61076.9,4437.64,4577,63540.6,2569.56,8683.74,6.1159
11104.6,11646,62489.4,5579.92,5849,62521.1,4614.72,11068.2,6.11894
6360.9,6917,60267.2,2556.64,2577,65018.2,9758.4,11544.8,6.12097
12956.4,13304,63824,6213.76,6268,64968.9,3717.92,9364.68,6.12299
4815.85,5124,61594.8,1572.44,1616,63769.4,3246.72,5929.56,6.12299
8682.05,9202,61833,6602.12,6466,66915.6,8602.44,15620.3,6.12401
8999.9,9628,61260.6,4052.32,4296,61818.6,8676.16,16238.8,6.12705
9617.4,9813,64229.7,5043.36,5189,63696.6,9572.96,14161.7,6.12806
12449.4,13037,62582.4,7102.2,7309,63681.7,5414.24,10833.4,6.12806
12738,13203,63228.1,4885.28,5015,63840.8,4119.2,9080.76,6.12908
12407.2,12929,62891,4847.28,4965,63982.1,2423.64,7760.22,6.13009
12393.5,12592,64503.2,4965.84,5040,64571.7,2397.8,8101.86,6.13009
14065.3,13953,66063.7,11324.8,10965,67686.2,6010.84,10385.7,6.13516
11759.1,11949,64494.7,7144.76,7053,66388.6,5953.08,11241.4,6.13516
10868,10100,70519.3,10261.5,9540,70492.6,5095.04,10435.6,6.13719
24642.8,20422,79080.9,18497.6,16278,74472.4,5633.88,10721.9,6.14428
7042.75,7395,62414.3,3793.16,3927,63302.4,3784.04,7495.02,6.14631
13295.1,13552,64293.7,5982.72,5972,65653.6,8781.8,17156.9,6.14833
19621.5,16356,78620.6,12828.8,11012,76348.4,8708.08,15827,6.14935
28841.8,25991,72724.3,17306,15283,74210.8,2065.68,3148.08,6.15036
5131.75,5941,56609.1,2777.8,2869,63452.7,3874.48,8404.5,6.15138
8136.7,8689,61370.3,3608.48,3713,63691.2,3236.08,7257.9,6.15746
33881.9,31896,69616.4,21334,19784,70670.4,25716.1,39234.8,6.15746
10260.3,11306,59474.2,5451.48,5678,62921.5,11602.2,14293.5,6.16354
7792.2,8652,59023.3,3649.52,3672,65134.8,4161,9657.96,6.16354
6292.65,7065,58371.6,2799.84,2921,62817.6,14789.6,15032.9,6.16455
15356.9,15737,63953.1,9186.88,9177,65606.6,4164.8,9080.76,6.17165
8975.85,9641,61014.5,3125.12,3229,63427.6,10482.7,15133.6,6.17367
10362.9,10912,62238.5,4640.56,4868,62474.1,5213.6,11683.6,6.17367
11788.4,12121,63737.7,6953.24,6765,67359.6,16745.8,21967.9,6.17671
24034.4,23597,66750.8,12673,12297,67539.9,10271.4,25346.1,6.17773
13335.4,12993,67263,12232.2,11809,67884.6,8537.84,13401.2,6.17773
8905,9528,61250.8,3575.8,3736,62725.8,3193.52,7745.4,6.17773
11856.6,12033,64575.5,4889.08,4993,64172,3525.64,7424.82,6.17976
7539.35,8357,59123.9,3793.92,3973,62582,7890.32,12783.4,6.18178
5176.6,5356,63340.9,3186.68,3224,64777.4,4822.96,6596.46,6.1828
13126.8,13505,63700.5,4680.08,4885,62786.8,2900.16,9321,6.1828
16004.3,16360,64111.1,6897,7148,63234.7,8827.4,14483,6.18584
10602.8,11045,62912.2,4211.92,4241,65086.6,7745.16,11771,6.18584
10897.3,11448,62383.1,4268.16,4472,62548.8,6238.08,13172.6,6.18685
11358.1,11288,65943,4961.28,5064,64206.6,2812,8024.64,6.18888
8966.1,9668,60778.1,5460.6,5620,63677.2,7215.44,16722.4,6.18888
17117.8,14521,77255.6,14409.6,13261,71212.4,6382.48,15309.1,6.18989
7601.75,8069,61741,3344.76,3541,61904,2438.08,6776.64,6.19597
6610.5,7297,59370.4,3461.8,3617,62723.9,10198.4,15788,6.19597
13990.6,13989,65543.5,9728,9381,67960.2,6136.24,9621.3,6.19597
13232.7,13588,63822.4,6425.04,6580,63992.6,3347.04,9062.82,6.19901
10583.3,10533,65849,4804.72,4789,65751.1,4990.92,12466,6.20104
12130.9,11956,66495,3901.84,3936,64967.2,6802.76,10584.6,6.20104
29762.8,24749,78812.8,17921.6,15069,77942,18981.8,32179.7,6.20307
37818.3,33772,73388,23343.4,20344,75198.3,8722.52,13508.8,6.20307
9200.1,9460,63735.5,6550.44,6576,65281.3,7869.04,15355.9,6.20611
25784.2,25056,67440.7,15486.5,15056,67410,12280.8,22739.3,6.20814
12172.5,12689,62868.6,5313.16,5525,63023.2,3161.6,9486.36,6.21422
9474.4,10092,61525.4,4080.44,4184,63913.9,10808,18019.6,6.21726
13602.5,13860,64318.7,5508.48,5684,63512.3,3254.32,8181.42,6.21928
22981.4,18849,79903.9,13414.8,11893,73921.6,20223.6,30267.9,6.22131
13329.5,13205,66154.1,5926.48,6129,63370.5,12160,21699.6,6.22233
12278.5,12288,65485.3,7179.72,7424,63379.6,3086.36,7665.06,6.22334
6448.65,7045,59988.5,4400.4,4529,63675.1,8953.56,14246.7,6.22334
13345.1,13881,63006.1,7120.44,7165,65128.4,3914.76,6115.98,6.22638
10147.8,10654,62422.2,4655,4702,64880.9,2808.2,9378.72,6.22841
9432.15,10284,60107.5,5025.88,5256,62666.7,2180.44,6695.52,6.22942
6829.55,7681,58271.2,3647.24,3841,62230,6375.64,12210.1,6.22942
7121.4,8052,57961.8,3936.04,4080,63223.6,11640.9,16000.9,6.23145
12173.8,13045,61159.5,5515.32,5729,63091.6,2249.6,7008.3,6.23145
7721.35,8469,59750.4,4262.08,4309,64822.4,2569.56,9096.36,6.23246
6238.7,6788,60232.7,3463.32,3536,64189,4396.6,8745.36,6.23347
13752.7,14212,63418,7176.68,6964,67537.5,2333.96,6040.32,6.23347
7001.15,7534,60900.9,3873.72,3998,63498.8,20596.8,16829.3,6.23956
14451.4,13351,70937.8,10066.2,9635,68469,2192.6,6859.32,6.24057
8557.25,9096,61654.3,7195.68,7244,65098.9,4241.56,9613.5,6.24361
11391.3,11341,65826.4,9116.96,8813,67796.3,8553.8,14135.2,6.24462
6843.2,7109,63085.7,5852.76,5969,64259.8,7479.92,16169.4,6.24462
13757.9,14193,63526.9,5462.88,5553,64472.4,3727.8,8766.42,6.24564
8607.95,9292,60711.4,2947.28,3132,61670.8,7757.32,13852.8,6.24665
13726,13900,64715.9,6912.2,6952,65160.8,6029.08,11559.6,6.24766
17061.2,16993,65799,6609.72,6641,65227.3,3844.84,9445.8,6.24969
11961.9,12518,62624.9,6354.36,6610,63001.4,7824.2,13348.1,6.25071
16104.4,16028,65848.4,7540.72,7516,65751.5,2751.2,6410.04,6.25881
10985,11272,63867.4,4726.44,4776,64855.9,9107.08,12850.5,6.26084
13323,13933,62667,5753.2,5881,64111.8,2608.32,8910.72,6.26388
6623.5,7097,61163.5,6244.16,6141,66636.9,15267.6,23202.7,6.26388
13729.9,14509,62017.1,5791.96,6025,63001.1,2547.52,9265.62,6.26591
6358.3,6869,60663.5,2390.2,2449,63962.5,2687.36,5782.92,6.26591
13154,12924,66702.6,10063.2,9500,69421,19158.8,24721.3,6.26692
9228.05,9636,62761.5,3901.84,4052,63107.3,13487,17184.2,6.26895
8594.3,9415,59823.3,2159.16,2311,61230.1,6104.32,12606.4,6.27098
10677.5,11075,63184.1,4926.32,5159,62580.2,9730.28,15850.4,6.27402
10743.8,10984,64103.1,2945.76,2988,64609.5,2589.32,6938.1,6.27402
11082.5,11442,63476.9,4534.16,4710,63089.3,2261,3659.76,6.27604
13969.1,14193,64502.4,4366.96,4385,65266.4,9912.68,16523.5,6.27807
6524.7,6726,63574.6,3003.52,3049,64558.4,2675.96,6814.86,6.28213
31967.6,22825,91786.7,30761,21869,92183.1,8844.88,19583.5,6.28415
11982.8,12289,63902.8,5358,5505,63786,2811.24,10211,6.28517
15327.6,15457,64987.6,7419.88,7653,63539.7,3181.36,10164.2,6.28821
27952.6,26968,67928.7,15231.9,14636,68204.4,4553.92,9597.9,6.28821
4943.9,5169,62682,1815.64,1905,62461.8,3192,7360.86,6.28821
6611.15,6725,64426.5,3034.68,3061,64972.5,3385.8,8069.1,6.28922
14190.8,14552,63909.3,6904.6,7096,63768.3,7136.4,12767.8,6.28922
11135.1,11584,62996.6,5440.84,5728,62250.5,4509.08,11301.4,6.2953
8678.15,8933,63666.3,3201.12,3201,65538.5,14956,19177.1,6.29632
15840.5,14502,71584.8,12364.4,11314,71620.6,17518.8,24556,6.29733
5995.6,6229,63080.4,3397.2,3489,63811.7,5019.04,9656.4,6.29834
15050.7,15408,64016.5,5048.68,5284,62617.4,10794.3,18226.3,6.29834
8664.5,8924,63630.3,3258.88,3352,63715.4,8468.68,14781,6.29936
11015.5,10873,66395.2,5974.36,6109,64091.6,2683.56,9358.44,6.3024
6911.45,6693,67675,3406.32,3429,65102.5,2856.08,5503.68,6.30341
14853.1,14932,65189.9,6057.2,6304,62970.3,2939.68,8853.78,6.30341
9777.95,9772,65575.9,6062.52,6088,65261.7,3286.24,9100.26,6.30442
11066.9,11175,64902,3859.28,4007,63120,6231.24,11678.9,6.30544
13557,13497,65827.6,4579.76,4665,64338.5,5868.72,16029.8,6.30645
13044.8,13083,65344.9,6234.28,6379,64049.2,3448.12,7995.78,6.31051
10834.8,9956,71321.1,8515.04,7972,70000.2,32298.5,38284,6.31253
22406.8,14953,98204.5,19820,14841,87522.8,6558.04,20308.1,6.31456
5804.5,6048,62897.4,3363,3492,63115,5150.52,9934.86,6.31456
10967.4,10788,66626.1,5804.12,5940,64036.8,2185,7459.14,6.31557
5134.35,5438,61876.6,3011.88,3150,62662.4,3123.6,7924.8,6.3176
10807.5,10441,67836.8,6095.96,5817,68678.8,3061.28,7909.2,6.31861
9504.3,9913,62834,4870.84,5033,63424.5,5050.96,10735.9,6.31861
10340.2,9977,67921.7,6883.32,6653,67804.8,2938.92,8923.98,6.32166
8134.1,7700,69230.7,5380.8,5364,65741.3,13042.4,20087.3,6.32166
8415.55,7889,69910.2,6192.48,6165,65828.1,11339.2,19865,6.32267
20622.5,16949,79740.4,17296.1,15169,74725.8,7486.76,17904.9,6.32368
5819.45,5844,65260.7,3168.44,3328,62393.9,8622.2,12231.2,6.32368
10024.9,9354,70236.8,9672.52,9630,65825.4,7188.08,12421.5,6.32368
13398.4,13360,65724.6,5667.32,5888,63079.7,4203.56,10519.9,6.3247
12079.6,12601,62824.3,4529.6,4749,62508.3,3101.56,7309.38,6.3247
11289.8,11135,66447.4,4841.96,4911,64614.7,3107.64,8600.28,6.32672
16953.3,15200,73095.5,13496.8,12756,69342.2,6697.12,16022,6.32774
20454.8,16049,83527.3,18081.2,15861,74709.5,6376.4,15923.7,6.32875
15975,15866,65986.4,5285.04,5274,65673.2,6109.64,12611,6.32976
11742.9,12209,63034,4674,4773,64176.7,2259.48,6378.84,6.3328
11427.6,11745,63765.2,5254.64,5349,64379.9,3236.84,9404.46,6.33483
15328.3,15633,64258.6,5700.76,5825,64138.2,8089.44,15307.5,6.34091
9181.25,9452,63658.7,4653.48,4520,67471.3,2913.08,7397.52,6.34497
21520.2,16976,83078.9,18348.7,15200,79111.8,6789.08,16667.8,6.34497
7273.5,7632,62457.6,2947.28,2964,65166.3,12036.9,15417.5,6.34598
7950.8,8674,60071.9,3395.68,3506,63473.8,2842.4,8484.84,6.34699
5146.05,5536,60919.7,2562.72,2624,64005.5,2722.32,7214.22,6.35004
35032.4,32360,70948.2,22310.6,21272,68735.7,2125.72,397.8,6.35004
10695.1,10913,64227.4,7614.44,7605,65617.4,5101.12,11287.4,6.35105
4929.6,5201,62116.2,2480.64,2533,64181.3,3699.68,6536.4,6.35206
18074.5,12345,95952.5,9880,6953,93124.7,12419.2,21519.4,6.35308
11567.4,12060,62859.1,5795,6024,63044.7,3249.76,10754.6,6.35916
10903.8,11124,64238.4,5171.04,5344,63414.9,4515.92,11495.6,6.3622
11634.3,12063,63207.2,4236.24,4299,64579.3,5357.24,11109.5,6.36423
12704.3,12765,65224.1,7353.76,7065,68214.6,2789.96,8938.8,6.36423
16272.1,14177,75221,12454.9,11121,73396.5,2534.6,5100.42,6.36423
33973.5,28776,77373.2,17035.4,14940,74727.7,6579.32,15539.9,6.36524
6401.85,6509,64457.2,3226.96,3257,64931.5,3181.36,8054.28,6.36625
10695.1,10589,66192.7,5380.8,5325,66222.7,9968.16,15401.1,6.36625
4951.05,5344,60717.1,2495.84,2516,65010.9,3998.36,6278.22,6.36625
11075.3,10773,67375.3,3693.6,3797,63751.3,5776.76,11643.1,6.36929
43967.9,34384,83803,41911,33892,81042,37953.6,56069.5,6.37132
6756.75,6669,66398.3,2460.88,2537,63569.7,2451,6903.78,6.37335
6273.8,6120,67183,2609.08,2652,64475.4,6073.16,11905.1,6.37537
11341.2,11160,66600.1,4557.72,4620,64652.5,9600.32,16876.1,6.37537
17550,17257,66648.7,7370.48,7229,66818.6,5235.64,11783.5,6.3774
13817.7,13791,65662.9,5481.88,5567,64533.9,2149.28,6625.32,6.37842
11954.8,12120,64642.7,7378.84,7452,64892.6,3495.24,9090.9,6.37943
11350.9,11346,65564.6,3902.6,4034,63401.3,4517.44,11322.5,6.38348
13234.6,12218,70989.2,7774.04,7262,70156.9,5322.28,10657.9,6.3845
7261.8,7124,66803.7,5526.72,5360,67574.5,8854.76,17199,6.38551
26607.1,19729,88383.7,21131,16321,84850.4,14649.8,32526.8,6.38551
8071.7,8233,64252,3286.24,3389,63548.8,3604.68,8207.94,6.38652
7595.25,7345,67768.9,3819,3953,63314.4,6532.2,11675,6.38754
17977,16345,72079.8,16796,16381,67196.3,16662.2,19836.2,6.39159
12245.3,11080,72428.8,12473.1,11932,68508.1,15507,23252.6,6.39463
12507.9,12332,66471,6061,6120,64904.2,14151.2,19996.9,6.39463
10744.5,10633,66223.2,7346.92,7017,68617.3,2720.8,6502.86,6.39463
6100.9,6245,64023.8,3198.84,3333,62898,3228.48,8220.42,6.39869
10259.6,10141,66302.4,4607.88,4621,65349.9,7222.28,10264,6.40071
8794.5,8799,65502.5,6860.52,6831,65819.2,14805.6,23123.9,6.40173
8043.75,7713,68346.3,2796.8,2897,63269.3,9239.32,16204.5,6.40173
9532.9,8861,70505.4,6295.08,6205,66487.4,2360.56,6664.32,6.40375
15965.3,15695,66664.7,6858.24,6955,64624.2,10681,17250.5,6.40477
15163.8,12477,79648.8,13168.5,11817,73031.4,6347.52,16306.7,6.41389
16375.4,15617,68718.8,9816.92,9633,66787.3,10977.4,24634,6.4149
32275.1,24188,87447.5,29361.8,24684,77955.7,10854.3,19744.9,6.41592
12380.5,11162,72690.5,9518.24,8734,71420.6,8856.28,13859,6.41693
14424.8,14121,66945.9,5928.76,5997,64790.3,8561.4,14250.6,6.41794
13714.3,13764,65299.6,3867.64,4064,62369.5,4090.32,10592.4,6.42099
6615.05,6789,63856.8,2701.04,2865,61785.5,2508.76,7104.24,6.42605
11761.8,12040,64021.4,3749.84,3928,62563.5,3970.24,9361.56,6.42707
8562.45,8765,64021.5,1922.8,1981,63610.6,6440.24,10024.6,6.42808
11997.7,11660,67434.1,5361.8,5304,66250.2,6031.36,14029.9,6.42808
8206.25,8051,66799.8,3515.76,3655,63039.4,3603.92,10005.1,6.43011
9117.55,9001,66384.6,7078.64,7081,65514.2,12597,21151.3,6.43112
27864.2,22581,80869.2,22225.4,18145,80273.7,25443.3,38443.1,6.43112
14457.3,14188,66779.9,7606.08,7708,64669.4,3272.56,9341.28,6.43213
15461.5,15474,65483.3,9512.92,9414,66224.6,13697.5,20716.8,6.43213
12509.3,12345,66408,9293.28,8905,68393.5,25555.8,20737.1,6.43416
10129.6,10745,61782.5,4784.2,4957,63251.4,10872.6,17816.8,6.43923
11287.9,11568,63949.2,4727.2,4912,63070.4,4693,11270.2,6.44328
6595.55,6906,62589.9,3965.68,4122,63050.7,8238.4,10189.9,6.44328
9891.05,10177,63694.6,5406.64,5233,67710.6,14131.4,21850.9,6.4443
13902.8,14457,63023.9,4996.24,5209,62859.2,4536.44,11960.5,6.44632
11655.1,12072,63273,3936.04,4108,62792.7,2308.88,8044.92,6.44835
8444.15,8793,62935.9,3784.04,3977,62356.3,5287.32,10462.9,6.44937
13202.8,13425,64451.3,5860.36,6097,62992.4,12708,20158.3,6.45038
10893.3,11008,64853.4,5056.28,4928,67242,20119.5,24667.5,6.45139
13039.6,13426,63650.1,5685.56,5990,62205.2,2205.52,9165,6.45342
14741.3,14747,65510.9,6634.8,6687,65024.4,2591.6,8547.24,6.45443
8970,9341,62933.1,6203.12,6201,65558.4,11247.2,18251.2,6.45443
9611.55,9968,63192.5,4556.2,4724,63208.1,12419.9,17355,6.45443
10097.1,10388,63700.8,4697.56,4960,62068.4,8936.84,14823.1,6.45646
5077.8,5320,62552.4,2532.32,2588,64126,3103.08,7509.84,6.4595
13351,13851,63170.3,5856.56,6223,61676.9,9154.2,16210.7,6.46052
10760.1,11035,63903.4,5202.2,5115,66653.3,6428.08,17612.4,6.46153
5738.85,6197,60690.9,2949.56,3057,63232.7,3971,8884.2,6.46356
10121.1,10364,64000.4,4598,4652,64775.3,13577.4,19274.6,6.46457
8218.6,8785,61310.7,3598.6,3653,64560,2517.88,5922.54,6.46761
10019.8,10589,62012.9,5092,5213,64014.8,9470.36,15546.2,6.46761
9588.8,10388,60494,4613.96,4768,63418.7,8668.56,14285.7,6.47673
10723.7,10804,65048.9,8443.6,8068,68587,7984.56,13893.4,6.47673
14117.3,14593,63399.9,9036.4,9045,65473.7,5269.84,7938.06,6.47775
19380.4,16477,77084,17670,16173,71602.1,4366.96,8933.34,6.47876
33804.5,30407,72858.7,24579.9,20647,78019.5,38134.5,63686.2,6.47977
10096.4,10632,62234.9,5200.68,5224,65243.4,10236.4,19666.1,6.48079
5744.05,6489,58012.3,3486.88,3549,64388.9,9875.44,13849.7,6.48281
20547.8,17251,78060.4,19617.1,17619,72968.3,11454,23956.1,6.48383
9810.45,10384,61916.2,5016,5120,64204.8,4694.52,11483.2,6.48484
19455.1,16867,75592.1,12692,11672,71263.1,6008.56,21705.8,6.48889
14686.1,13188,72980.6,12106,10612,74762.7,2986.04,7243.86,6.48889
9725.95,10200,62490.2,3944.4,4040,63985.2,2933.6,7939.62,6.48889
11211.8,11965,61410.8,6003.24,6297,62478.7,2352.2,8353.02,6.48991
10409.8,10793,63208.9,5552.56,5465,66586,11642.4,15875.3,6.49092
28958.1,27069,70109.8,19956.8,18845,69402.6,12341.6,27764.9,6.49092
11292.4,11588,63864.5,3951.24,4048,63969.5,2970.08,7501.26,6.49295
11124.1,11364,64152.5,5468.96,5472,65499.6,7048.24,15263.8,6.49396
9376.25,9544,64384.1,7794.56,7548,67676.8,6104.32,11751.5,6.497
80230.1,47508,110675,78545.2,51460,100030,14952.2,1223.04,6.49802
13367.2,13628,64282.1,4879.96,5004,63911.5,2598.44,7225.92,6.50106
8100.3,8448,62838.7,3642.68,3748,63694.4,6851.4,13196.8,6.50207
11019.4,11425,63209.7,5374.72,5521,63799.6,2305.84,7130.76,6.50308
8350.55,8817,62068.9,3466.36,3589,63296.6,2468.48,7425.6,6.50511
14199.2,14036,66298.2,8308.32,8016,67925.9,7235.96,12212.5,6.50613
9919,10287,63191.6,5113.28,5371,62391.3,2829.48,7048.86,6.50917
5821.4,6000,63585.2,2324.84,2352,64779.2,4086.52,7831.2,6.51018
7211.75,7709,61308.8,2675.2,2873,61024,4856.4,9189.18,6.51119
15821.6,15562,66629.5,9475.68,9402,66049.6,6392.36,14694.4,6.51322
10566.4,10798,64130.4,6319.4,6489,63823.1,2827.96,8548.8,6.51423
13179.4,13369,64606.6,5281.24,5437,63658.5,8266.52,15141.4,6.51626
12976.6,11825,71918.3,6072.4,5617,70849.4,23265.1,31077.5,6.51829
12558.6,12692,64847.4,5344.32,5520,63450.2,3917.04,10974.6,6.51829
9066.85,9291,63954.9,3979.36,4111,63437.4,3958.84,8088.6,6.52336
15284.7,15176,66005.6,11200.9,10840,67717.8,14086.6,13608.7,6.52437
13628.5,13109,68133.4,7490.56,7441,65972.5,3768.08,10076.8,6.52538
11883.9,12015,64821.2,5134.56,5371,62651,4892.88,12067.4,6.5264
13687.7,13525,66324.4,5474.28,5605,64007.6,2772.48,8974.68,6.52842
13802.1,13850,65309.3,6330.8,6446,64364.8,3373.64,9076.86,6.53045
14597,13708,69786.4,8773.44,8460,67964.1,6109.64,11300.6,6.53451
40864.2,32893,81417.8,36537,27209,88003.6,14661.2,30489.4,6.53451
8260.2,8392,64506.7,6589.96,6664,64807.9,4550.12,10495.7,6.53552
19587.1,16818,76326.6,16117.3,14806,71340.3,4561.52,8604.18,6.53653
9066.85,9252,64224.5,5703.04,5828,64130.8,10892.3,17749.7,6.54363
6733.35,6984,63184,3077.24,3100,65054.8,5905.96,11040.9,6.54464
10048.3,10274,64096.6,5129.24,5190,64768.8,4517.44,2480.4,6.54667
14084.8,14092,65502.8,6462.28,6472,65437.6,3858.52,8646.3,6.55072
10175.8,10321,64613.7,5161.16,5397,62672.2,6915.24,13277.9,6.55376
6836.05,7165,62527.2,3607.72,3689,64092,2708.64,7931.04,6.55478
12938.3,12971,65370.5,6142.32,6139,65571.4,8312.12,14517.4,6.5568
9472.45,9676,64157.3,4133.64,4344,62362.4,9812.36,16201.4,6.55883
12859.6,12820,65738.4,4723.4,4900,63174,5071.48,11923.1,6.56086
9108.45,9230,64672.9,4346.44,4478,63610.6,2811.24,9074.52,6.56086
9650.55,9896,63910.5,3763.52,3912,63048.6,5459.08,13157,6.56086
11852.1,12000,64728.3,5457.56,5428,65892.9,5903.68,12196.9,6.56187
6042.4,6348,62381,2172.08,2248,63322.7,3432.16,7641.66,6.56289
8721.7,8767,65197.4,7449.52,7419,65805.6,11675.1,19211.4,6.5639
11913.2,12061,64732.9,4303.88,4493,62777.4,2388.68,8232.9,6.56694
12625.6,12612,65606.7,3601.64,3680,64140.5,2875.84,7806.24,6.56795
15618.8,15328,66779.6,6997.32,6996,65548.4,6690.28,13184.3,6.56795
9404.2,9432,65342.8,6998.84,6796,67492.1,3298.4,8260.98,6.56998
6249.75,6546,62570.1,2432.76,2594,61462.4,3863.84,7990.32,6.56998
9486.1,9592,64812.5,3375.16,3480,63561.6,7736.04,13342.7,6.57302
5133.7,5172,65050.7,2721.56,2800,63700.1,4410.28,8506.68,6.57505
22124,18227,79548,12696.6,11287,73720.4,11857.5,25909.3,6.57505
8973.9,8737,67313,7729.2,7493,67601.9,9069.84,20801,6.57505
21756.1,21869,65197.8,9801.72,9933,64669.8,2305.84,7363.2,6.57809
14002.3,13592,67514.3,9363.2,8988,68271.8,5700.76,10501.1,6.5791
15062.4,14790,66743.3,6337.64,6498,63918.7,5585.24,14288,6.58012
10594.3,10780,64407.4,4370,4588,62422,3087.12,8099.52,6.58214
15064.4,14545,67876.3,8139.6,7793,68450.8,11869.7,13318.5,6.58316
19731.4,16309,79288.6,15377.8,13217,76250.4,2700.28,4334.46,6.5862
11295.7,11188,66166.9,5502.4,5524,65279.7,3176.04,7728.24,6.58822
15158.6,15025,66119,8269.56,8517,63632,3669.28,7203.3,6.58822
7108.4,7085,65752.4,3395.68,3449,64522.8,9405.76,12141.5,6.58822
12439,12201,66814.6,7821.92,7565,67761.7,7289.92,13873.1,6.58924
12801.8,12613,66516.7,8392.68,8177,67264.6,16552.8,18963.4,6.58924
13553.8,13205,67267.1,6139.28,5921,67952,5757,10859.9,6.58924
11048.7,11052,65516.4,4138.2,4204,64510.2,7682.84,15216.2,6.59127
8937.5,9017,64958.2,5257.68,5337,64562,3465.6,8558.16,6.59228
6916,7053,64263,2637.2,2813,61440.3,3584.16,7449.78,6.59329
11552.4,11350,66705,5839.08,5766,66366.6,7548.32,14800.5,6.59633
37137.1,28708,84778.4,28100.2,22084,83389.7,13999.2,31570.5,6.59735
10975.3,10841,66347.6,5352.68,5433,64567.1,16118.8,22252.6,6.59937
7254.65,6769,70238,5910.52,5669,68328.1,7717.04,16707.6,6.59937
19278.3,15540,81301.5,19642.2,16612,77490.4,35818,52673.4,6.60242
6018.35,5985,65901.2,3329.56,3425,63709.8,4406.48,8962.2,6.60546
17012.4,17093,65227.2,9320.64,9521,64156.9,6559.56,11352.9,6.6085
5668.65,5840,63613.1,2757.28,2912,62053.9,4193.68,9014.46,6.6085
11809.8,11901,65034.1,5307.84,5545,62733,2223,7797.66,6.61052
10869.9,11068,64363.3,3511.96,3640,63230.7,8686.8,16084.4,6.61458
7333.95,7479,64265,4028,4151,63594.1,2533.84,7735.26,6.61762
11482.9,11652,64584.9,5602.72,5808,63219.7,2948.04,8488.74,6.61863
6060.6,5933,66945.5,4617.76,4553,66468.2,2710.92,7076.16,6.61863
36063.3,28220,83750.7,25503.3,20300,82334.3,1950.16,171.6,6.61965
14234.3,14276,65344.8,6127.88,6420,62554,3277.12,10803.8,6.61965
10206.9,10429,64140.6,4166.32,4313,63307.2,2250.36,7065.24,6.62066
12407.8,12504,65032.1,5228.8,5404,63411.3,8820.56,15900.3,6.62269
9103.25,9401,63460.3,4112.36,4365,61742.9,9288.72,15753.7,6.62471
20821.4,18294,74590.3,15420.4,13970,72340.1,11931.2,15890.9,6.62674
10323.3,10489,64500.7,4604.08,4717,63967.1,5348.88,12141.5,6.62877
13621.4,13772,64819.3,5488.72,5640,63778.1,6145.36,12068.2,6.62877
11536.2,11908,63489.8,4484,4656,63115,3793.16,10118.2,6.62877
16896.8,14198,77993.1,13940.7,12614,72428.8,5143.68,12654.7,6.62877
33372.3,26929,81216.8,27874.5,22417,81491,2832.52,405.6,6.62978
13341.2,12692,68888.4,10857.4,10576,67279.5,4376.08,9377.16,6.6308
11387.3,11722,63665,6348.28,6510,63908,4958.24,11506.6,6.63181
5289.05,5722,60577.3,1029.8,1088,62030.3,8148.72,11207.8,6.63485
5116.8,5544,60486,2762.6,2904,62345,2568.04,7396.74,6.63789
6895.85,7124,63437.2,3550.72,3588,64855.1,3824.32,8824.92,6.63789
11808.5,11991,64538.8,8138.84,8199,65055.1,3673.84,9679.02,6.6389
12352.6,12740,63543.2,6150.68,6352,63458.9,9367,16724,6.63992
13943.8,13438,68002.8,10394.5,10062,67701.8,8220.92,15163.2,6.64194
9737.65,9893,64506.9,5730.4,5649,66480.4,3312.08,6688.5,6.64498
9596.6,10016,62791.8,4933.16,5124,63095.2,12947.4,19911.1,6.646
12401.3,12816,63415.6,5355.72,5508,63724.1,2504.2,7174.44,6.646
9792.25,10027,64001.7,6325.48,6207,66787,10041.9,19055.4,6.646
9465.95,9749,63633.2,4282.6,4481,62634.3,2520.16,7343.7,6.64803
9735.7,9969,64002.3,4222.56,4353,63572.2,2340.04,6186.18,6.65005
8494.85,8676,64167.6,4043.2,4068,65136.5,5621.72,9803.04,6.65107
5985.85,6208,63190.8,3040.76,3140,63464.7,2286.84,6622.2,6.65309
24402.9,22527,70993.5,20981.3,19599,70158.3,13735.5,24946,6.65309
27870,22604,80803.9,23189.9,19448,78145.4,17578,36820.7,6.65411
9129.25,9144,65430.3,3434.44,3532,63725.8,3464.84,7130.76,6.65816
43009.2,31197,90350.1,31719.4,23689,87752.1,12755.8,27550.4,6.65917
10274.5,10404,64720.6,4784.96,4836,64844.3,3527.92,10622.8,6.66019
11661.6,11549,66175.2,3736.92,3785,64703.5,3288.52,9316.32,6.66627
10194.6,10197,65520.6,4152.64,4229,64352.7,7440.4,13924.6,6.6683
16523.6,15043,71986.6,12636.5,12135,68244.5,27179.9,33454.2,6.67032
13038.3,9256,92316.5,5299.48,4524,76769.8,9440.72,15770,6.67134
20803.3,16204,84137.4,18431.5,15784,76528.6,2405.4,3108.3,6.67134
15453.1,14864,68133.4,11126.4,11188,65175.2,5213.6,8455.98,6.67134
14955.8,14779,66320.2,6579.32,6703,64326.8,4791.04,10530,6.67235
25195.3,20515,80487.4,16655.4,14791,73796.8,3020.24,8143.98,6.67539
7316.4,7261,66036,2889.52,3001,63101.5,9656.56,12474.5,6.67641
12860.9,12692,66408.1,5260.72,5440,63376.2,4392.8,10746.1,6.67641
9141.6,9069,66060.6,3572,3693,63388.7,4769,10389.6,6.67641
16387.8,15840,67802.5,9260.6,9364,64812.3,4617,12363.8,6.67742
15179.4,14965,66475.1,7217.72,7409,63844,4236.24,12533.8,6.67742
12774.4,12612,66380.1,5174.08,5236,64761,5842.12,10564.3,6.67945
15243.1,14849,67275.6,5352.68,5425,64662.4,4743.92,12546.3,6.68147
14203.8,13577,68561.6,7446.48,7373,66189.1,3438.24,7730.58,6.68147
9683.05,9517,66679.5,3331.08,3437,63516.3,7818.12,12229.6,6.68249
12192.7,11904,67125.4,5297.96,5472,63451.6,3801.52,10515.2,6.68654
13586.9,13740,64806,4501.48,4748,62133.3,2343.08,7612.02,6.6906
14229.1,14312,65156.6,6195.52,6408,63362.9,5161.92,12764.7,6.69364
12226.5,12187,65748.4,5186.24,5275,64433.3,4281.08,11363,6.69566
12526.1,12425,66069.5,5282,5437,63667.7,7172.88,14916.7,6.69566
8496.8,8634,64494.6,2591.6,2682,63327,5754.72,10882.6,6.69668
13514.8,13298,66604.4,5475.8,5506,65176.5,5174.84,13526.8,6.69769
5989.1,5773,67989.2,2162.96,2253,62916.9,6431.12,10084.6,6.6987
5322.2,5361,65061.7,2802.12,2965,61935.8,2222.24,5298.54,6.69972
6037.85,6096,64910.8,2915.36,3044,62766.4,5260.72,9842.04,6.70073
18892.3,18660,66351.7,7768.72,7988,63737,3664.72,7555.08,6.70276
12723.1,12757,65361.8,4740.88,4853,64021.9,5156.6,11379.4,6.70276
14377.3,14209,66312.5,6394.64,6661,62915.3,5601.2,11412.2,6.70681
13042.3,13049,65502.1,6370.32,6617,63092.8,2590.08,7399.08,6.70681
12364.9,10460,77471.3,15155.2,14300,69455.1,8499.84,16890.1,6.70681
16474.9,16252,66434.8,12386.5,12684,63998.8,3616.08,6328.92,6.70884
10919.3,10421,68670,7771.76,7409,68744.8,12385.7,18921.2,6.71087
8824.4,8636,66965.7,3657.88,3784,63351.7,2059.6,6327.36,6.71391
17236.7,17208,65645.3,8616.88,8888,63536.9,7853.84,17526.6,6.71492
8141.25,8313,64182,3467.12,3677,61795.3,4566.84,10456.7,6.71492
7192.25,6921,68104.5,4020.4,4125,63874.2,6444.04,10908.3,6.71695
11640.2,11083,68830.8,6828.6,6703,66764,14125.4,24258,6.71695
12163.4,12312,64745.3,4548.6,4840,61590.3,4135.92,9131.46,6.71796
10249.8,10125,66344.1,4848.04,5097,62334.9,3890.44,10813.1,6.71796
25089.3,21040,78149,18389,16720,72077.7,6590.72,11237.5,6.72202
9515.35,9804,63606.5,4477.16,4744,61849.7,4818.4,12802.1,6.72202
33173.4,28416,76508,28006,24496,74926.6,3854.72,10921.6,6.72404
9007.7,9275,63647.3,3920.84,4095,62748.8,5590.56,12019.8,6.72404
16745.3,16733,65584.2,9038.68,9213,64296,4549.36,9040.98,6.72506
20779.8,17406,78239,19098,17134,73048.3,8812.96,19278.5,6.73317
7733.7,7932,63897.6,3708.04,3804,63882.8,5950.8,11059.6,6.73418
12124.4,12177,65253.2,6355.88,6437,64710.1,3199.6,10410.7,6.73418
12821.3,12906,65105.6,6120.28,6126,65474.8,3828.12,9614.28,6.73621
7931.95,8493,61206.7,3620.64,3853,61583.8,2680.52,7211.88,6.73823
7318.35,7512,63846.6,2837.84,2872,64756.5,4455.12,8424,6.73925
5530.2,5957,60840.6,2976.92,3105,62832.7,11309.6,14760.7,6.74229
10443.5,10705,63935.4,4505.28,4497,65656.7,4013.56,10170.4,6.74432
12757.5,13013,64249.5,5196.88,5153,66094.1,2310.4,8063.64,6.74533
10171.8,10433,63895.6,5225.76,5217,65646,14459,18567.1,6.74533
11270.3,11292,65410.3,7946.56,7916,65789,4506.8,7739.94,6.74736
17456.4,13380,85502.4,27464.9,23792,75653.1,8838.04,23322,6.74938
22811.1,17827,83858.7,20951.7,18919,72577.3,10468.2,24197.9,6.7504
17115.1,17213,65163.4,6454.68,6701,63127,5899.12,11771,6.7504
10510.5,10826,63626.1,5901.4,6026,64180.9,3263.44,8741.46,6.75141
12060.1,12092,65363.1,6502.56,6716,63453.2,4244.6,11013.6,6.75344
10174.4,10316,64636.8,3820.52,3916,63938.1,2124.96,7168.98,6.75445
6024.85,6284,62833.3,2783.12,2988,61042.3,4325.16,9693.84,6.75546
9701.9,9892,64276.6,5525.96,5668,63893.7,5511.52,12916,6.75546
8148.4,8128,65700.5,5921.16,5876,66039.7,11896.3,18819.8,6.75749
5741.45,5788,65008.9,4845.76,4968,63923.5,7111.32,11779.6,6.76256
15355.6,15652,64295,5120.88,5236,64095.1,7612.16,16096.1,6.76357
11199.5,10473,70082.2,9281.12,9193,66164.2,4566.84,8700.9,6.76763
7922.85,8309,62490.3,2463.92,2609,61891.7,10478.9,14923,6.76864
16172.6,16324,64928.4,9986.4,10128,64619.7,6317.88,12764.7,6.76864
15324.4,15284,65709.2,8162.4,8420,63531,4360.88,9758.58,6.76864
11529,11706,64545.3,5944.72,6128,63575.9,7361.36,15005.6,6.7727
11588.8,11828,64210.9,5162.68,5264,64274.6,4805.48,11465.2,6.77472
18963.1,15825,78531.8,14623.2,12945,74031.9,13676.2,25675.3,6.77878
5980.65,6189,63329.8,2974.64,2989,65221.1,2634.16,6580.86,6.77979
9651.2,9985,63345.1,4223.32,4337,63818.2,8790.92,15100,6.77979
11583,12024,63132.4,5165.72,5340,63397.1,3198.84,9113.52,6.7808
15176.2,11957,83180.3,15499.4,13617,74595.8,12849.3,22797.1,6.78182
17612.4,14456,79845.5,20630.2,17560,76994.4,9604.12,18649,6.78384
9848.8,10477,61606.5,3778.72,3981,62206,7978.48,13171.1,6.78384
10380.5,10935,62212.8,3103.84,3223,63113,4688.44,10719.5,6.78486
22988.5,16652,90474.3,22727.8,16376,90955.6,15643.1,30381.8,6.78587
23283,20848,73190.5,16004.8,14724,71237,14998.6,22009.3,6.78689
6605.3,7013,61726.1,3084.84,3249,62224.7,11664.5,16272.4,6.78689
11239.8,11569,63671.2,5240.2,5381,63821.2,9192.96,14785.7,6.78689
12246.6,12661,63391.2,3739.2,3777,64880.1,7945.8,15104.7,6.78891
12945.4,13331,63640.4,6497.24,6547,65037.9,5590.56,12671.1,6.78891
14729.6,14033,68789.4,8603.96,8113,69501.9,6124.08,15808.3,6.78993
10267.4,10976,61305.1,5126.2,5264,63820.4,2386.4,7583.94,6.79195
14243.4,14428,64697.7,6890.16,6892,65518.5,3904.88,9477.78,6.79398
9233.9,9451,64030.6,6376.4,6171,67717.4,6196.28,11771.8,6.79499
10499.4,10621,64786,5628.56,5577,66141.9,5987.28,12111.8,6.79601
10359,10688,63519,3530.2,3680,62868.3,9418.68,15939.3,6.80209
9666.8,10029,63169.2,5209.8,5305,64359.9,6225.16,13398.8,6.8031
11343.1,11277,65920.4,7034.56,6857,67233,9071.36,15235,6.80817
6429.8,6581,64030.3,5881.64,5685,67802.8,6042.76,11642.3,6.80918
22284.6,17733,82357.4,21085.4,17697,78084.2,4246.88,7981.74,6.80918
13682.5,13837,64804.2,8309.84,8365,65103.8,2701.04,7956.78,6.80918
7717.45,8028,63000.8,3705,3740,64922.7,3099.28,7110.48,6.81121
10453.3,10701,64019,4956.72,5177,62747.5,3473.96,9542.52,6.81425
8502,8679,64199.5,3333.36,3479,62792.5,5091.24,10786.6,6.81425
13250.3,11654,74512.5,7460.16,6962,70225.4,21913.8,34957.3,6.81628
15956.2,16141,64785.7,7954.16,8297,62828,3736.92,6747.78,6.82135
9023.3,9272,63778.1,3698.92,3912,61966.4,6249.48,11206.3,6.82135
35044.1,29253,78509.9,26378.1,22149,78049.3,8172.28,19063.2,6.82236
6704.1,6797,64640.3,2734.48,2745,65284.8,5211.32,9175.14,6.8254
15759.9,15140,68219.3,6403,6388,65689.9,2083.16,6050.46,6.82844
16898.7,16509,67083,12172.2,12013,66404.3,4292.48,6991.14,6.83047
6422.65,6305,66758.9,3095.48,3157,64258.9,5854.28,9710.22,6.83554
10789.3,11136,63495.9,4284.88,4516,62182,3445.84,9731.28,6.83959
10899.8,11394,62693.8,5491,5650,63691.7,2337,6888.18,6.84365
11455.6,11808,63580.1,4729.48,4964,62439.8,3359.96,7995.78,6.84567
12200.5,12233,65361.9,6444.04,6505,64921.8,2088.48,7306.26,6.84871
11288.5,11361,65118.1,5111.76,5141,65163.3,3197.32,7981.74,6.85175
7365.8,7869,61345.2,3274.84,3469,61867.9,8581.92,13760,6.85175
12973.3,13424,63335.9,5472.76,5780,62052.4,2741.32,8945.82,6.85277
15562.9,15652,65163.1,5922.68,6112,63506,8644.24,14934.7,6.85479
17729.4,14300,81252.7,21068.7,17292,79849.6,10343.6,13455,6.85682
13262.6,13321,65248.7,6310.28,6381,64809.7,11926.7,18751.2,6.85784
7638.8,7869,63618.8,4242.32,4345,63987.3,7387.96,10630.6,6.85885
14849.9,15100,64450.5,5842.88,6092,62856,2968.56,6742.32,6.85885
10432.5,10780,63423.4,3448.12,3548,63691.1,7584.04,13585.3,6.85885
13588.2,13696,65020.4,5978.16,6096,64269.1,2933.6,9382.62,6.85885
10771.1,10589,66663.3,6689.52,6525,67188.4,4943.8,8082.36,6.86088
5482.1,5692,63119.3,2796.04,2952,62073.6,10866.5,12723.4,6.86189
10091.3,10299,64214,6621.12,6587,65875.5,4208.12,12317,6.8629
10222.5,10261,65290.4,4821.44,4945,63898.5,7017.08,15051.7,6.86392
7965.75,8314,62790.9,3508.16,3626,63406.2,3055.96,7587.84,6.86392
16836.9,16922,65206.6,6003.24,6234,63110.1,2419.08,6325.8,6.86493
11096.1,11192,64974.7,5570.8,5516,66187.1,3545.4,9207.12,6.86493
16584.8,11540,94185.3,22562.9,17908,82571,11804.3,26935.7,6.86493
12940.2,13136,64559.1,5112.52,5296,63265.5,5150.52,10867,6.86594
12320.1,12431,64951.3,4368.48,4475,63976,7064.2,11797.5,6.86797
9901.45,10160,63868.3,3916.28,4064,63153.9,2193.36,5560.62,6.86898
10980.4,10649,67575.8,6926.64,6841,66356.4,16843.9,26547.3,6.86898
12480.6,12565,65096.1,5206,5221,65347.7,2252.64,8029.32,6.87
12102.3,12409,63916.5,4417.88,4537,63815.3,3144.12,8611.98,6.87709
7501,7980,61602.2,3882.84,4024,63237,2108.24,6489.6,6.87709
18968.9,16046,77474.1,13677,12170,73651,12831.8,27077.7,6.88013
13878.8,13785,65981.9,7907.8,7625,67966.6,2682.04,5111.34,6.88013
5806.45,5644,67422.3,2489,2620,62259.2,8477.04,13026.8,6.88115
12791.3,12867,65150.7,5029.68,5155,63942.8,6855.96,12224.9,6.88622
7385.95,7684,62994,4458.16,4596,63570.5,7867.52,13923.8,6.88622
7485.4,7799,62900.8,3996.84,4119,63592.4,10260.8,14088.4,6.88926
6477.9,6593,64391.9,2884.96,3029,62419.5,2052.76,6158.1,6.88926
10308.3,10469,64530.3,6039.72,5941,66625,6314.84,13612.6,6.88926
15286.7,14992,66824.3,9633,9728,64896,2359.8,5832.84,6.89331
4994.6,5265,62170.2,2483.68,2513,64771.4,17676.8,16253.6,6.89432
13541.4,13368,66386.3,4680.84,4652,65942.3,3650.28,9516.78,6.89534
11280.1,11045,66931,7185.04,7109,66237,14165.6,20326.8,6.89736
9396.4,9024,68240.5,4442.96,4592,63408.9,2512.56,6518.46,6.89939
8769.15,9157,62760.2,4505.28,4737,62330.2,5215.88,12542.4,6.90041
8919.95,9168,63762.8,3203.4,3348,62705.5,3981.64,8544.9,6.90446
13528.4,13763,64419.1,6498,6595,64572.1,4372.28,9953.58,6.90649
9284.6,9544,63754.8,3617.6,3736,63459.1,3788.6,8218.86,6.91358
15833.3,14625,70950.7,9646.68,9173,68920.2,2691.16,10163.4,6.91561
14470.9,14593,64987.9,6016.92,6225,63345.4,12020.9,18614.7,6.91764
10211.5,10489,63802.2,3879.04,3977,63921.7,2594.64,7761.78,6.92169
12559.3,13016,63236.5,4917.2,5100,63187,4868.56,10258.6,6.9227
9939.15,10068,64697.3,6676.6,6704,65268.2,20114.2,23965.5,6.9227
11718.2,12124,63342.5,5283.52,5528,62637.6,4879.96,11985.5,6.92372
9460.1,9835,63037.8,3778.72,3899,63514.3,3435.2,6845.28,6.92473
7612.8,8214,60739.3,3030.88,3158,62898,7391.76,12771.7,6.92676
13789.1,14056,64291.6,5410.44,5544,63957.2,13458.8,19213,6.93081
14660.7,14865,64635.5,5522.92,5637,64209.7,2921.44,9539.4,6.93183
10835.5,11316,62753.2,4094.88,4336,61891.6,3470.92,8799.96,6.93183
8210.15,8462,63585.5,2718.52,2894,61562.2,3551.48,8870.16,6.93385
11388.6,11714,63715.8,4486.28,4610,63777.2,3814.44,9515.22,6.93385
18979.3,16720,74391.8,11460.8,10388,72304.1,2663.04,5983.38,6.93487
10864.8,10987,64806.8,6173.48,6075,66598.4,2542.96,7884.24,6.93487
13490.1,13924,63493.8,6390.08,6624,63221.7,3834.96,11051.8,6.93689
5910.45,5649,68569.2,2834.8,2929,63428.3,5330.64,9989.46,6.94298
5053.1,5324,62201.3,2599.96,2748,62005.4,16245,12894.2,6.94298
5668,5685,65340,2440.36,2549,62742.8,2178.16,6583.2,6.94602
10315.5,10486,64470.4,4746.96,4866,63932.8,10339,14663.2,6.94703
9081.15,8704,68375.7,3558.32,3572,65285,2362.08,6768.84,6.94703
16679.6,16034,68175,8838.04,8902,65065.1,5538.12,9522.24,6.94703
5877.3,6195,62175.1,2734.48,2899,61816.8,9579.04,12982.3,6.95007
8271.9,8231,65861.6,4077.4,4231,63156.8,10118.6,12692.9,6.95108
12116,12738,62335.9,4582.04,4790,62690.7,3274.08,9510.54,6.9521
5222.1,5834,58662.2,3511.96,3710,62037.7,2707.88,7590.18,6.95311
5544.5,5788,62778.9,2698,2812,62879.1,3099.28,6883.5,6.95412
5530.2,6185,58597.8,3289.28,3437,62719.3,9430.08,13958.9,6.95717
12301.9,13133,61388.7,5405.12,5657,62618,2216.16,8915.4,6.95717
13471.2,13864,63679.4,4784.96,4936,63530.6,3603.92,11044.8,6.95818
5732.35,6049,62105.4,3139.56,3141,65506,6369.56,11091.6,6.95919
8695.7,9391,60683.8,4389.76,4395,65457.9,2715.48,9038.64,6.96021
10598.3,10651,65211.4,4596.48,4609,65358,2911.56,8309.34,6.96122
11268.4,11368,64961.8,4949.88,4972,65244.4,3594.04,8262.54,6.96223
13271,13757,63221,5880.12,6057,63622.2,7494.36,12469.9,6.96223
5333.25,5684,61491.9,2444.16,2516,63664.7,4704.4,9086.22,6.96426
14970.8,15124,64872.1,7783.92,7700,66250.3,2577.92,7162.74,6.96527
10104.9,9745,67956.4,7305.88,7121,67237.5,25159,29426.3,6.96831
13421.8,13398,65652.7,7788.48,7730,66031.8,3080.28,6594.9,6.96831
11644.8,11485,66447.6,7020.12,6777,67887.1,9126.08,13880.1,6.97034
10271.3,10800,62327.8,4887.56,4960,64578.9,8223.2,14529.1,6.97136
5308.55,5641,61673.7,2157.64,2205,64128.4,3404.8,5105.1,6.9744
22051.3,20780,69545.3,11169,10972,66712.4,2539.16,7263.36,6.97642
15878.8,15868,65580.8,9035.64,9208,64309.3,2739.04,8104.98,6.97642
5399.55,5304,66716.6,2608.32,2616,65343.6,2278.48,6212.7,6.97744
10491.6,10724,64116.1,3481.56,3556,64164.1,2906.24,7423.26,6.97744
10822.5,10961,64707.9,3271.04,3349,64010.4,3799.24,8628.36,6.97845
8165.95,8613,62134.4,3888.92,3953,64473.6,12497.4,16508.7,6.97845
14812.8,14044,69123.8,9997.04,9372,69906.8,21304.3,22187.9,6.97946
15470.6,15312,66215,7824.2,7680,66766.5,3283.96,9257.04,6.98149
13338.6,13473,64882.5,5348.12,5477,63993.9,6080,11625.1,6.98251
12017.8,12052,65350.3,4535.68,4756,62500.1,5244,9696.18,6.98352
13365.9,13069,67025.1,10640.8,10585,65881.2,6991.24,10551.1,6.98555
21173.1,16868,82262.3,21798.3,19584,72946,12504.3,27314.8,6.98555
6966.7,7255,62931.7,2827.2,2903,63824.8,6727.52,11404.4,6.98757
12774.4,13262,63126.7,5308.6,5354,64980.3,5665.04,12691.4,6.99163
11138.4,11688,62454.3,4452.08,4460,65419.6,2790.72,9546.42,6.99365
11412.7,11756,63622.2,4892.12,4924,65111.7,2846.2,8307,6.99365
14638,13461,71266.3,7305.88,6885,69542.2,5450.72,15075.8,6.99365
11316.5,11773,62994.8,6411.36,6377,65889.1,3352.36,6821.1,6.99771
5322.2,5545,62902.7,3403.28,3549,62845.1,3781.76,8243.82,6.99872
6074.25,6471,61517.9,5271.36,5255,65740,15773.8,23867.2,6.99872
16465.1,14796,72929.2,10924.2,9880,72462.7,23338.1,37588.2,7.00075
32136,24297,86680,33661.2,27833,79259.1,42645.1,61141.9,7.00278
5609.5,5890,62415,2836.32,2822,65868.6,2090.76,6262.62,7.00278
9628.45,9593,65778.2,3698.92,3693,65641.1,4402.68,10320.2,7.0048
7240.35,7789,60919.7,3363,3405,64727.6,4143.52,8816.34,7.00582
6854.25,7040,63806.8,3074.96,3060,65856.4,3543.12,8051.94,7.00683
11701.9,12258,62563.1,5397.52,5554,63689.6,5513.04,13038.5,7.00683
11244.3,11920,61821.3,4791.04,4944,63508.4,5453,13320.1,7.00683
8613.8,8837,63880.7,3750.6,3873,63464.8,2390.96,7323.42,7.00886
11893.7,12241,63676.6,9127.6,9057,66046.9,7323.36,13688.2,7.00886
9298.25,8956,68040.4,7619,7192,69427,2616.68,6371.82,7.01089
11072.8,11548,62838.9,5081.36,5304,62785.1,10289.6,17750.5,7.01393
11679.8,11692,65467.9,9579.8,9288,67594.9,19705.3,24195.6,7.01595
4982.25,5565,58673.3,2674.44,2765,63389.5,2944.24,5771.22,7.02001
5614.7,5764,63838.5,2872.04,2896,64993.8,12262.6,15680.3,7.02102
7532.2,7969,61943.8,2848.48,2945,63388.1,4063.72,8089.38,7.02102
11143.6,11756,62122.1,4984.84,5100,64056.2,2089.24,7242.3,7.02203
12719.8,13454,61959.9,5145.2,5310,63502,3149.44,9447.36,7.02406
14217.4,14432,64561.7,5354.2,5556,63155.7,2535.36,8899.02,7.02507
9193.6,9544,63129.9,5671.88,5688,65350.3,2489,8792.94,7.0271
12619.1,12764,64792,5899.88,5996,64485.4,4062.2,10750,7.0271
6396.65,6752,62086.9,3571.24,3680,63599.1,11580.1,13140.7,7.02812
15655.9,14062,72964.4,10985,10058,71576.4,13014.2,21159.1,7.02913
6960.2,7564,60304.6,3597.08,3768,62563.2,4417.12,9959.04,7.03014
11515.4,11816,63868.8,5123.16,5404,62130.2,4100.2,10976.9,7.03116
12216.8,12584,63623.4,5644.52,5612,65915.8,5388.4,11369.3,7.03318
7035.6,7449,61898.9,3660.16,3833,62580.8,10757.8,14135.2,7.03927
9545.25,9875,63347.6,3917.04,4007,64064.7,10101.2,16284.1,7.04231
18775.3,18505,66493.1,13614.6,13129,67960.2,14939.3,12656.3,7.0494
19178.3,16429,76502.9,11404.6,10393,71914.7,4639.04,9665.76,7.0494
16785.6,16844,65308.8,5073,5224,63641.7,12327.2,15362.1,7.05143
15408.9,15345,65808.9,7213.92,7317,64612.7,2530.8,8345.22,7.0565
11964.5,12092,64845.3,5573.08,5484,66600.5,7645.6,16258.3,7.05852
12333.8,12776,63267.4,8035.48,8028,65597.1,3258.88,7465.38,7.05954
10583.9,10772,64391.9,6171.96,6052,66835,4593.44,11523.7,7.06055
12138.8,12660,62837.7,6773.12,6740,65858,3823.56,7700.16,7.0646
12847.9,12060,69817.6,8313.64,7996,68139.4,2403.88,7882.68,7.0646
10366.2,10803,62886.2,4318.32,4487,63072.3,5652.12,13174.2,7.06866
10563.8,11005,62908.6,5377.76,5549,63513.6,2827.96,9430.98,7.07069
18510,18680,64939.8,8952.04,9164,64020.2,6615.04,9170.46,7.07575
17331.6,16284,69752.1,12943.6,11964,70901.8,4357.08,11739,7.07981
9556.95,9693,64616.1,3828.12,3997,62767,3974.8,8467.68,7.07981
14802.4,14996,64690.1,6420.48,6512,64614.9,4425.48,8319.48,7.08285
12879.1,12953,65162.1,6477.48,6621,64115.4,2622.76,7888.92,7.08386
11638.9,12046,63321.2,6466.84,6714,63123.4,3255.08,9196.98,7.08589
12335,12277,65845.9,5310.12,5249,66299.1,10722.8,15097.7,7.08589
16634.1,16079,67798.7,10108,9935,66677.2,5253.12,10698.5,7.08792
10218,9956,67260.6,4923.28,4944,65261.3,2564.24,7764.12,7.08893
15925,13624,76604.6,11903.1,10712,72823.3,7090.04,14952.6,7.08893
9093.5,9432,63184,4106.28,4216,63830.4,11741.2,16939.3,7.08893
10262.8,10320,65173.1,4708.2,4688,65818.4,3666.24,9365.46,7.09298
17674.1,14122,82020.5,14991,13230,74259.3,3751.36,7020,7.094
13300.9,13520,64474.2,3977.08,4112,63385.7,2622.76,8535.54,7.094
7959.25,7964,65496.9,3394.92,3516,63279.1,10434.8,15239.6,7.094
29433.3,20317,94942.2,32342.6,24809,85436.8,6439.48,12856,7.09501
10650.3,10185,68529.7,4693.76,4841,63542.7,18544.8,19240.3,7.09602
21720.4,19462,73140.9,15323.9,13485,74472.8,21864.4,29954.3,7.09907
23344.1,18509,82655.9,20099.7,17293,76172.8,3994.56,8250.06,7.09907
11841.7,11740,66103.7,4148.08,4172,65160.3,2636.44,7461.48,7.10413
5233.15,5404,63464,2069.48,2156,62906.1,2107.48,5302.44,7.10819
26130.6,21132,81038.2,21089.2,17528,78851.2,9449.08,23619.2,7.11022
15390.7,14840,67968,9958.28,9368,69665.4,17533.2,19376,7.11123
15620.1,15474,66155,6637.08,6838,63610.4,2990.6,8792.16,7.11123
14670.5,14661,65578.5,7118.16,6949,67131.3,2922.96,8369.4,7.1163
12106.9,12321,64397.2,5722.04,5733,65410.7,2289.12,5589.48,7.1163
11648.6,12029,63463.8,7121.96,7421,62895.1,5070.72,13252.2,7.11731
8295.3,8617,63089.3,5400.56,5725,61822,3508.16,7713.42,7.11832
10695.1,11008,63673.2,3098.52,3156,64342.4,6550.44,13562.6,7.11832
5767.45,6112,61841.6,1197,1216,64512,2936.64,4692.48,7.12339
15141.7,14888,66653,8128.2,8024,66387.1,2132.56,5822.7,7.12441
15347.8,15398,65322.3,8949,9074,64633.2,2891.8,7105.02,7.12542
8808.8,9341,61802.1,4010.52,4217,62327.1,4712,11372.4,7.12542
11503.7,11676,64568.9,5536.6,5404,67144.1,9639.08,15518.9,7.12643
22778.6,17312,86230.3,24319.2,16944,94062,8973.32,23268.2,7.12643
5862.35,6181,62157.4,2809.72,2881,63914.5,11290.6,11778,7.12745
7587.45,7348,67671.6,6164.36,6180,65370.1,16033,23611.4,7.13049
18896.1,15600,79383.2,17955,15828,74342.9,4383.68,10336.6,7.13251
8853.65,9453,61380.8,3215.56,3357,62774.8,7504.24,13894.1,7.13555
6176.95,6477,62500,2590.84,2749,61765.5,15884.8,14517.4,7.13555
6548.1,7048,60887.7,2918.4,3052,62667.2,6089.88,10192.3,7.13657
10466.3,9962,68853.6,7181.24,7082,66454.4,4315.28,8976.24,7.13657
7837.7,7629,67328.8,5124.68,5049,66518.3,12582.6,19589.7,7.13758
10187.4,10393,64239.8,4577.48,4681,64086.7,5221.96,11111.9,7.1386
16362.4,16304,65770.9,9064.52,8992,66064.5,3501.32,7047.3,7.1386
7743.45,8188,61977.9,3350.08,3544,61950,3901.84,8884.98,7.14164
6378.45,6301,66341.5,3076.48,3085,65355,3412.4,7171.32,7.14569
9642.75,9865,64059.5,6776.16,6745,65838.8,8571.28,14312.2,7.14772
12028.9,11328,69590.9,11333.9,10640,69809.9,2409.96,4963.14,7.15481
5580.25,5881,62184.5,2750.44,2713,66440.4,3451.16,7264.92,7.15785
16515.8,13404,80750.7,14958.3,12764,76802.6,29866.5,43498.3,7.15887
10767.9,10755,65614.6,7433.56,7283,66890.8,7608.36,14255.3,7.15887
13299.6,13389,65098.6,4385.96,4521,63578.5,4869.32,12960.5,7.16191
12498.2,12489,65584.3,5538.12,5741,63220,4450.56,10759.3,7.16393
11293.1,11228,65916,3838,3868,65027.7,4718.84,11155.6,7.16596
4915.95,5033,64011.9,2384.12,2521,61977.7,2042.88,4983.42,7.16799
8976.5,9017,65241.6,3648,3821,62568.8,4392.04,9928.62,7.17002
7742.15,7933,63959.4,3659.4,3821,62764.3,8242.2,11682.1,7.17103
29762.8,21100,92442.6,34018.4,25084,88878.5,23226.4,41861.8,7.17204
7588.1,7513,66191.1,3905.64,3965,64554.9,2292.92,7667.4,7.17306
12749.8,12809,65232.9,4726.44,4893,63305.1,3997.6,11078.3,7.17508
13848.2,13756,65975.5,7321.84,7516,63843,4854.88,11480.8,7.1761
13645.4,13365,66911.2,8176.84,8161,65663.2,2476.08,6601.92,7.17711
11151.4,10159,71938,7701.84,7179,70308.9,6508.64,13813,7.17711
8546.85,8693,64434.2,3087.12,3221,62812,4837.4,9515.22,7.17711
7389.2,7450,65001.2,3438.24,3662,61531.5,2262.52,6650.28,7.18218
5415.8,5393,65813.1,2549.04,2641,63254,6994.28,10180.6,7.18421
13475.8,13097,67431.5,5887.72,5865,65789.9,3610.76,6769.62,7.18522
11761.8,11340,67973.4,5408.92,5416,65450.3,2929.8,8703.24,7.18522
11305.4,11113,66670.9,4397.36,4633,62202.8,9868.6,15823.9,7.18725
12972,12589,67530.1,4644.36,4921,61851.8,5689.36,13307.6,7.18725
27270.1,18593,96120.8,27172.3,20609,86407,31327.2,44492.8,7.18725
9656.4,9420,67180.7,3388.84,3548,62596.1,8331.12,11671.1,7.18826
15848.3,15247,68120.6,6526.88,6667,64158.6,8304.52,17474.3,7.18927
6126.9,5845,68696.8,2962.48,3093,62770.5,3673.84,7588.62,7.19029
5448.95,5080,70295.7,2230.6,2280,64116.1,2981.48,5605.86,7.19231
13254.1,13433,64663.4,4742.4,4973,62497.1,3559.08,10110.4,7.20245
11510.2,11705,64445.3,4637.52,4813,63146.6,5850.48,13219.4,7.20346
12311,12516,64462.6,5316.96,5536,62943,3914.76,11428.6,7.20549
55023.1,39441,91427.6,46157.8,31781,95182.7,28787.3,47083.9,7.20549
16604.9,16673,65268.3,8643.48,8769,64597.9,4700.6,7966.14,7.20752
12139.4,12521,63538.7,3723.24,3865,63132.3,3465.6,8955.18,7.20853
15793.7,15432,67072.1,7710.2,7644,66103.6,6849.12,15600.8,7.20853
5110.3,5112,65514.2,2262.52,2360,62829,2590.08,6680.7,7.21157
12361.7,12964,62491.2,4516.68,4784,61874,5751.68,12944.1,7.21259
21003.4,18240,75465,15631.7,14324,71519,7390.24,14825.5,7.21259
19440.2,19148,66536.1,9816.16,9628,66816.8,4370,9388.86,7.2136
9258.6,9384,64660.2,3474.72,3528,64546.3,5643.76,11944.9,7.2136
9900.8,10104,64218,3732.36,3944,62019.3,6024.52,10940.3,7.21461
6298.5,6648,62090.6,3239.88,3436,61795.3,12767.2,15576.6,7.21664
7075.25,7322,63327.4,3228.48,3402,62193.3,2413,6071.52,7.21765
9863.75,10137,63769.4,6035.16,6105,64786.3,2955.64,7138.56,7.22272
9139,9152,65442.9,5231.84,5188,66089.8,2653.16,8182.98,7.22374
5253.3,5452,63147.5,2033.76,2140,62282.5,17238.3,15238.1,7.22374
13010.4,11520,74014.7,12010.3,11140,70655.8,17293.8,21671.5,7.22475
13668.8,13977,64091.1,5943.96,6205,62778.9,4121.48,11040.1,7.22678
11135.8,10341,70573,8920.12,8273,70662.3,4762.16,10878.7,7.22779
12688.6,12576,66123,9895.96,9648,67220.3,7885,11671.9,7.22982
5495.1,5514,65311.4,2983.76,3066,63778.1,7259.52,11735.9,7.23083
10931,11177,64093.9,4931.64,5117,63162,4319.08,10711,7.23387
14616.5,14807,64693.1,6922.08,7123,63687.4,4218.76,11310,7.23488
13336,13432,65067.9,7090.04,7260,64001.8,2891.04,8457.54,7.23691
18376.8,18065,66667.1,8205.72,8257,65129,2103.68,6921.72,7.23995
12918.1,12993,65158.2,5838.32,5921,64620.9,4300.84,9633.78,7.24198
14586.6,14852,64365.1,5681,5968,62384.4,2396.28,9075.3,7.24401
8593,8704,64700.2,3274.08,3300,65021.2,8239.92,12580.6,7.24401
9504.3,9796,63584.5,4766.72,4996,62528.4,10634.7,17493.1,7.24502
10250.5,10273,65392.5,5934.84,6065,64129.5,4280.32,9322.56,7.2511
13555.7,13545,65588,5722.8,5849,64122,12761.9,17975.9,7.25617
10442.9,10112,67680.6,4505.28,4496,65671.3,2106.72,5566.86,7.2582
12243.4,12458,64407.1,4326.68,4574,61992.4,2744.36,8381.88,7.25921
15860,13535,76793.6,11975.3,11231,69879.3,5401.32,15809.8,7.26225
48750,36769,86890.6,46564.4,34181,89279,30444.8,45843.7,7.26428
7413.25,7792,62350.4,3978.6,4112,63409.9,7931.36,15779.4,7.26529
13321.1,13728,63593.5,5188.52,5460,62277.4,3283.96,9168.12,7.26631
8469.5,8494,65347,6235.04,6042,67629.9,5808.68,13963.6,7.26935
10417.5,10424,65495.4,5934.84,5852,66463.7,6500.28,12546.3,7.2734
22159.8,19248,75450.2,14185.4,12436,74755.1,6383.24,10565.9,7.27441
11211.8,11669,62968.5,5342.04,5505,63596,3769.6,10701.6,7.27441
10671.7,10988,63649.5,4884.52,5068,63163.4,7839.4,13294.3,7.27543
11751.3,12217,63038.1,4978.76,5117,63765.5,6183.36,12507.3,7.27543
10010,10216,64214.5,7942,7852,66287.2,3789.36,9386.52,7.27543
9509.5,9685,64348.4,2900.92,2965,64119.6,2964,8092.5,7.27745
15588.3,13996,72991.9,12012.6,10732,73355.9,5658.2,14741.2,7.27948
7361.9,7850,61461.1,2847.72,2928,63739.1,3041.52,7701.72,7.27948
14351.3,14561,64592.4,5647.56,5985,61841,2926,10533.9,7.2805
16807.7,16915,65120.3,6187.16,6451,62855.6,3566.68,9274.98,7.2805
10138.7,10399,63895.5,5956.12,6011,64937.7,8175.32,13636,7.28151
13590.2,13972,63745.2,8925.44,8912,65634.8,8161.64,11575.2,7.28252
12286.3,12650,63651.8,6120.28,6346,63205,5397.52,12612.6,7.28455
20168.8,17681,74757.4,13299.2,12129,71859.1,2703.32,8145.54,7.28962
9295.65,9094,66989.2,6558.04,6226,69031.1,3359.96,8816.34,7.29165
9528.35,10195,61250.6,3767.32,3959,62363,9513.68,14600.8,7.2957
13635.7,13624,65592.3,7679.8,7388,68124.4,9241.6,14554.8,7.29874
8047,8592,61379,4330.48,4512,62899.5,3364.52,9193.08,7.30077
11043.5,11669,62023,5014.48,5253,62560.2,2468.48,8326.5,7.30077
6472.7,7000,60599.3,3110.68,3244,62842.6,4056.88,9952.8,7.30178
16758.9,14324,76676.5,17384.2,15732,72418.9,5253.12,13423.8,7.30381
13336.7,13664,63966.2,6384,6516,64208.4,4765.2,10787.4,7.30482
10231,10149,66065.5,8374.44,8101,67748.1,4553.16,9699.3,7.30583
9071.4,9613,61843.7,4598.76,4777,63090.7,2609.84,7231.38,7.30685
7519.85,8093,60894.7,3498.28,3689,62147.8,7494.36,10937.9,7.30989
9535.5,9797,63786.7,3863.84,3889,65112,4869.32,11607.2,7.31293
6998.55,7397,62005.8,3582.64,3729,62963.8,7017.08,12029.2,7.31293
16868.8,17084,64710.5,10308.6,10312,65514.6,12891.9,17099.9,7.31394
23364.3,21981,69660.1,22031.6,21353,67618.9,4205.84,7401.42,7.31496
5318.95,5834,59750.2,2734.48,2830,63324,8192.04,13838,7.32002
12886.3,13189,64031.6,6640.88,6625,65693.1,4282.6,10012.1,7.32104
12418.9,13009,62563.2,5701.52,5937,62936.6,5598.92,11329.5,7.32104
10669.8,10945,63887.9,5591.32,5329,68762,2384.12,7013.76,7.32307
7377.5,7640,63284.3,5367.88,5276,66677.3,8423.08,13123.5,7.32307
10086.7,10574,62515.8,5158.12,5386,62763.2,2250.36,7505.94,7.32712
12984.4,13389,63555.6,5494.04,5693,63245.6,2508,8125.26,7.32813
9240.4,9360,64698.6,6274.56,6180,66538.8,3251.28,8090.94,7.33117
6578,6869,62759.6,2080.88,2133,63934.6,3996.84,9350.64,7.33219
10474.1,10927,62819.7,4634.48,4847,62662.5,2374.24,7173.66,7.33219
20404.1,17315,77228.2,18667.9,16435,74439.8,30835.5,45301.6,7.33523
12890.1,13125,64363.3,5516.08,5541,65241.3,9860.24,16641.3,7.33523
16522.3,16332,66299.8,8147.2,8200,65114,4608.64,9635.34,7.33523
11685.7,12024,63692.1,5304.8,5528,62889.9,2475.32,8437.26,7.33624
10580.7,10885,63703.9,5057.8,5153,64325.2,7262.56,13516.6,7.33726
11628.5,11961,63714.2,6032.88,6157,64214.8,4722.64,11833.4,7.33827
9360.65,9017,68033.7,5219.68,4989,68566.2,3775.68,9576.84,7.34435
10175.8,10385,64215.5,4560.76,4561,65532.6,3141.84,9559.68,7.34536
12357.8,12757,63485.2,5911.28,5985,64728.8,4117.68,9654.06,7.34536
13164.4,13179,65463.6,5958.4,6031,64747.1,2165.24,8271.9,7.34638
9687.6,10148,62562.7,3075.72,3264,61755.6,3933,10190.7,7.34638
4960.8,5332,60973.6,2605.28,2724,62679.7,2593.88,5417.1,7.34739
11045.4,11424,63364.4,4816.12,5060,62377.3,4508.32,12464.4,7.3484
23946.6,19906,78838.9,17979.3,15330,76861.9,5455.28,10988.6,7.35043
9848.8,10153,63572.4,4305.4,4521,62410.7,2909.28,5701.8,7.35145
13004.5,12528,68028.9,11778.5,11408,67664.3,3848.64,6356.22,7.35246
5242.25,5521,62227.2,2413.76,2533,62450.9,2487.48,5757.96,7.35449
14725.7,13783,70018.6,10050.2,9299,70830.5,7592.4,12912.9,7.35651
14040.6,13957,65928.8,6655.32,6709,65011.6,5416.52,14107.9,7.35651
10103.6,9997,66234.8,3818.24,3709,67466.2,7525.52,12594.7,7.36158
13161.8,12265,70328.2,13084.2,12541,68374.4,5667.32,9595.56,7.3626
6411.6,6453,65115.5,3395.68,3477,64003.2,8722.52,11559.6,7.3626
12242.8,12524,64064.3,5079.08,5340,62333.8,10798.8,18415.8,7.36361
9432.15,9584,64497.6,3820.52,3908,64069,2837.84,7073.04,7.36462
6472.05,6434,65923.6,2970.08,3014,64581,4308.44,8711.04,7.36868
5410.6,5237,67708.4,2680.52,2641,66516.7,2566.52,6998.94,7.36969
10080.8,10016,65960.3,4337.32,4352,65314.9,2117.36,7135.44,7.36969
30052.1,21948,89734.6,25319.4,20076,82652.5,2237.44,290.94,7.36969
6182.8,6116,66251.8,3034.68,3024,65767.5,2603.76,6073.86,7.3707
10697,10614,66048.8,5703.04,5542,67440.4,3449.64,9103.38,7.37172
10840.7,11234,63241.6,3749.08,3910,62838.8,5228.8,9309.3,7.37374
11891.1,11977,65066,3943.64,3965,65182.9,6485.84,11677.4,7.37374
14137.5,14085,65780.3,5663.52,5717,64922.9,2672.16,8339.76,7.3778
11642.8,12004,63564,4930.12,5120,63105.5,2481.4,7917.78,7.37881
15557.7,15626,65249.8,10066.2,10170,64867.1,5924.2,10271.8,7.37881
22577.8,18748,78923.4,17268.7,14940,75751.2,17051.4,26088.7,7.37983
5894.85,6064,63707.9,2529.28,2644,62692.5,10844.4,12859.1,7.38185
11756.5,11873,64893.2,4665.64,4849,63057.8,8836.52,16610.1,7.38185
8157.5,8501,62887.9,2281.52,2405,62171.2,2278.48,6321.9,7.38287
9049.3,9092,65228.2,4483.24,4564,64376.3,3377.44,8927.1,7.38489
8212.1,8317,64709.4,3750.6,3881,63334,4258.28,9981.66,7.39199
12966.2,12265,69282.7,9861,9485,68133.9,9186.12,16806.7,7.39199
8344.7,8361,65408.2,4502.24,4653,63412.6,2311.16,7577.7,7.393
12456.6,12465,65491.8,3987.72,4049,64544.1,8750.64,16454.1,7.39503
16756.3,14332,76621.8,12775.6,11820,70834.3,5134.56,11128.3,7.39503
33548.4,26177,83991,22343.2,18161,80628.1,9595.76,18458.7,7.40212
10212.1,10069,66467.7,3683.72,3633,66451,3469.4,9818.64,7.40314
16389.8,15788,68033.9,7533.12,7368,67004.7,2490.52,9823.32,7.40314
10177,10468,63714.5,4454.36,4612,63296,5967.52,9264.84,7.40516
36392.8,23316,102292,24445.4,18128,88374.6,2891.04,5449.86,7.40719
22969,18504,81350,16610.6,13260,82095.8,2881.92,7050.42,7.40922
20850.7,17507,78052.9,19649.8,16851,76420.9,8983.96,12870,7.41023
12491.7,12084,67747.1,7299.8,7332,65248.2,2884.96,9259.38,7.41023
12980.5,13365,63650.6,3898.04,4149,61571.9,12887.3,18337.8,7.41125
27946.7,21605,84772.9,27657.2,21509,84268.9,16381,33196.8,7.41226
12368.2,12561,64530.1,7148.56,7377,63506.6,3245.96,10874,7.41327
8578.05,8792,63941.2,3611.52,3580,66113,10694.7,14614.1,7.41733
9864.4,9769,66176,8356.2,7977,68651.4,10422.6,13714.7,7.41834
11137.8,10669,68415.4,8292.36,8089,67183.6,5541.92,11154.8,7.42442
13068.9,13276,64513.7,6255.56,6376,64298.1,2280,7565.22,7.42544
13316.5,13028,66987.5,4788.76,4864,64522.2,4931.64,12444.9,7.42746
30397.9,26181,76091.7,29336.8,25861,74344.1,1941.8,107.64,7.43253
10091.3,9803,67463,7408.48,7199,67443,6558.8,13957.3,7.43253
11570.6,11800,64262.2,3722.48,3848,63398.2,3532.48,9206.34,7.43456
11163.1,11148,65624.8,4349.48,4312,66105.6,7055.84,13529.1,7.43861
10565.1,10280,67353.5,3214.04,3340,63064.5,2739.8,7952.1,7.44165
11215.1,11025,66666,4526.56,4501,65908.2,3059.76,7970.04,7.44267
9353.5,9101,67354.3,8173.8,7961,67287.8,7125,13472.9,7.44267
13390,12589,69705.9,9322.92,8781,69580.6,7101.44,14465.9,7.44571
8567.65,8771,64016.6,3196.56,3223,64998.4,4844.24,10906,7.44672
4990.7,5189,63031.5,2325.6,2305,66121.7,2526.24,4777.5,7.44672
10380.5,10089,67429.5,7271.68,7117,66960.3,6553.48,10472.3,7.44773
22966.4,18320,82157.7,17568.9,15184,75829.6,6836.2,13474.5,7.45078
15400.4,15437,65380.8,4401.92,4509,63979.6,7296.76,14582.1,7.45179
11270.3,11184,66042,4986.36,4980,65619.7,3940.6,7636.2,7.4528
11097.4,11048,65829.3,4278.04,4376,64068.9,11537.6,16179.5,7.4528
6626.1,6808,63785,3182.12,3352,62214.6,3587.96,7263.36,7.45584
14263.6,13780,67835.9,6468.36,6500,65217,3372.12,8860.8,7.45686
21514.3,16994,82968.4,14557.8,12829,74367.4,4427,9681.36,7.46091
13469.3,14009,63011.2,5532.8,5869,61781.8,2425.16,9718.8,7.46395
10576.8,10904,63569.4,5167.24,5064,66872.1,6925.12,15976.7,7.46395
19501.9,17661,72367.4,14138.3,13149,70466.7,12929.9,21701.2,7.46497
10775,11200,63049.4,5132.28,5376,62564.9,5417.28,10400.5,7.46497
15335.4,15152,66329.5,7482.96,7508,65317.4,6322.44,10620.5,7.46497
13709.8,13564,66240.5,8645.76,8460,66975,5230.32,10574.5,7.46699
9958.65,10268,63561.6,4389.76,4520,63647.6,16892.5,22644.2,7.46801
14955.8,14544,67391.8,11631,11456,66537.3,3999.88,10936.4,7.46801
9610.9,9892,63673.7,4751.52,4980,62529.2,4908.84,12037,7.46902
6416.15,6776,62055.6,3163.12,3240,63980.9,5912.04,11248.4,7.46902
14964.3,14887,65876.3,6559.56,6579,65342.4,7425.96,14749.8,7.47206
7183.15,7441,63265,3628.24,3733,63696.8,6062.52,8487.96,7.47713
11587.5,11768,64531.1,4964.32,5100,63792.5,7839.4,14087.6,7.47916
17440.8,16837,67886.2,12400.9,11729,69290.4,3173.76,8782.02,7.47916
12095.2,12304,64423.8,5626.28,5696,64733.8,3163.12,10091.6,7.48017
15588.9,16036,63709,3755.92,3952,62284.4,2518.64,7332,7.48118
6022.9,6516,60576.5,2592.36,2720,62460.6,3289.28,6550.44,7.48321
8442.85,8834,62634.2,3388.08,3442,64509.4,19475.8,23654.3,7.48422
9830.6,9958,64697.5,5978.92,5702,68718.8,10293.4,20224.6,7.48422
5332.6,5725,61044.1,1741.16,1769,64504.6,3064.32,6289.92,7.48524
15359.5,14851,67780,7691.2,7528,66956.8,3239.12,9391.2,7.48828
21227,16952,82063.2,19650.6,16700,77114.9,3491.44,8203.26,7.48828
6329.7,6557,63264.2,3348.56,3369,65138.4,3849.4,8931,7.48828
5686.85,5893,63243.4,2574.88,2677,63036,8189.76,12366.1,7.4903
6589.7,6965,62004.7,3307.52,3381,64111.7,7524.76,12539.3,7.49132
30391.4,27201,73222.7,25505.6,22597,73971.5,9196,19261.3,7.49335
8316.75,8512,64032.7,4043.96,4064,65212.8,10357.3,16407.3,7.49335
20558.2,20364,66161,9150.4,9256,64788.3,3050.64,7378.02,7.49436
11696.8,11968,64050.7,5868.72,5956,64575.6,3049.88,9450.48,7.49436
9113,9421,63393.4,3899.56,4061,62930.7,8621.44,14104.7,7.49537
31079.7,24400,83477.1,22157,18164,79943,4183.04,9344.4,7.49537
12569.7,12837,64171.4,4659.56,4821,63341.4,4771.28,10310,7.49841
6701.5,6952,63174.6,3372.88,3484,63445.8,3796.2,7839,7.49943
14095.2,12985,71139.5,10605,9881,70338.2,24256.2,25857.8,7.50247
11948.9,12320,63562.2,4876.92,4992,64025.2,6779.96,13416.8,7.50652
14230.4,14240,65492,5589.04,5648,64851.9,8272.6,15547,7.50855
11549.2,12077,62671.9,4846.52,5053,62858,3608.48,10962.1,7.51058
13397.8,13709,64048.3,6273.8,6377,64475.4,8688.32,19718.4,7.51159
15540.8,15343,66381.1,7738.32,7531,67340.1,11046.6,28595.6,7.51463
6916,7365,61540.7,3119.04,3317,61624.8,4839.68,10115.8,7.51564
9493.25,9403,66165,6856.72,6703,67038.9,5562.44,14795,7.51767
46491.3,24101,126420,46733.9,25717,119095,4240.8,3819.66,7.52274
7105.8,7497,62116.3,3239.12,3405,62343.3,4723.4,8135.4,7.52375
15527.8,14861,68476.8,9114.68,8605,69417.7,21501.2,27532.4,7.52375
10167.9,10274,64859.5,4224.84,4226,65518,8176.84,13950.3,7.52477
8181.55,8562,62623.9,3769.6,3897,63393.5,3163.12,7462.26,7.52882
11303.5,11558,64092.9,2590.84,2610,65054.9,3923.88,11031.5,7.52983
8500.7,8880,62736.7,4864,5024,63448.9,2675.2,9183.72,7.53085
11562.8,11644,65079.3,6000.2,6056,64932.1,3738.44,9451.26,7.53186
10697,10628,65961.8,6935,6916,65716,2963.24,6483.36,7.53693
13819,13956,64892.7,10468.2,10592,64770.3,4056.88,10845.9,7.53794
25101,20336,80892.1,19686.3,17092,75483.3,5399.04,11139.2,7.53794
9493.25,9733,63921.7,4205.08,4357,63250.9,6880.28,11895.8,7.54301
5443.75,5673,62887.6,2532.32,2669,62179.9,4765.96,9169.68,7.54504
12678.3,12328,67397.9,11754.2,11708,65794.4,6384,12185.2,7.54605
22859.2,19436,77078.6,15091.3,13640,72509.1,14959.8,15569.6,7.54605
8524.1,8789,63560.7,3630.52,3765,63195.2,3914.76,7234.5,7.54605
11402.3,11542,64742.8,5352.68,5426,64650.4,4266.64,10117.4,7.54706
8574.15,8961,62706.8,3530.2,3729,62042.2,8233.84,12698.4,7.54808
10426.6,10532,64880.4,5134.56,5172,65061.6,3090.92,10402.1,7.54909
19124.9,19145,65467.4,7986.08,8125,64415.5,3812.16,8214.18,7.54909
7051.2,7333,63017.5,3400.24,3493,63795.6,16502.6,18052.3,7.55619
5133.7,5357,62804.2,2573.36,2669,63187.6,4718.08,8949.72,7.5572
12610.6,12660,65280.5,4809.28,4948,63698.7,6067.08,13044.7,7.5572
12996.8,12825,66413.6,5339.76,5389,64937.2,2526.24,8504.34,7.56227
12071.8,12276,64445.9,6061.76,6292,63137.9,15829.3,18618.6,7.56328
22045.4,18969,76164.6,18626.8,16205,75330.4,14671,19918.9,7.56328
8583.9,8492,66245.2,7533.88,7612,64863.4,11141.6,19454,7.56531
13375.7,13481,65024.1,4991.68,5017,65205.3,5533.56,10839.7,7.56632
21471.4,17584,80024.6,15272.2,13088,76473,5256.92,15421.4,7.56632
5291,5509,62942.6,2387.16,2469,63363.7,2126.48,5525.52,7.57038
7123.35,7495,62286.3,3196.56,3324,63023.4,6250.24,10636.9,7.57342
22331.4,21435,68276.7,15915.2,16127,64675.1,5407.4,12320.9,7.57545
7510.75,7608,64698.3,4292.48,4300,65421.4,12069.6,13189.8,7.57747
4858.1,5197,61262.4,2226.8,2381,61291.7,4153.4,7469.28,7.57747
22772.1,17848,83616.8,22033.9,19548,73870.2,2159.16,3618.42,7.57849
5275.4,5645,61245.1,3320.44,3421,63609.6,8537.84,13357.5,7.58051
21131.5,16665,83100.8,20316.3,15245,87336.9,2276.96,92.82,7.58659
24589.5,19016,84744.3,21517.9,17864,78940.6,11330.8,20974.2,7.58761
28244.4,22280,83080.3,26042.9,19784,86269.1,10768.4,25997.4,7.58761
20196.1,16720,79161.2,15216.7,13072,76288.5,15556.4,23708.1,7.59166
11779.9,12468,61919.4,4419.4,4640,62420.2,9483.28,14681.2,7.59166
22822.8,18993,78750.9,13531.8,11633,76233.1,4728.72,9416.94,7.59572
10316.1,10856,62277,4721.12,4956,62430.1,7625.08,19070.2,7.59572
5911.75,6493,59669.3,2837.08,2937,63306.4,4840.44,8423.22,7.59673
10626.2,10624,65549.6,6128.64,5860,68540.4,8942.92,13106.3,7.59673
10388.9,10640,63989.7,4594.96,4612,65293.9,2375.76,7023.9,7.59977
9616.1,9876,63811.3,6403.76,6196,67733.5,11465.4,20422.7,7.60078
13066.3,13452,63656.9,5950.8,6060,64355.1,2719.28,7213.44,7.60383
11464,11480,65444.9,5291.12,5100,67991.9,3994.56,9221.16,7.60484
11490.7,11621,64801.2,4617.76,4581,66061.9,4513.64,9303.84,7.60484
6936.8,7368,61700.6,3252.8,3288,64834.4,7889.56,11860.7,7.60687
8425.95,8996,61383.2,3173.76,3300,63028.9,4373.8,9491.82,7.60687
12783.5,12610,66438,7938.96,7602,68440.9,2781.6,9410.7,7.60889
11233.3,11576,63595.8,5336.72,5352,65348.9,3160.84,6711.12,7.60889
10936.9,11209,63945.1,6488.12,6509,65325.8,7864.48,18692.7,7.617
13814.4,14233,63608.8,6679.64,6685,65483.5,4794.08,12753,7.61903
12768.6,12720,65786.4,9325.2,9296,65741.9,3200.36,6538.74,7.62207
7845.5,7828,65682.5,7201,7216,65399.8,5576.12,12068.2,7.62511
10803,10973,64520.7,6361.96,6365,65504.7,6804.28,12383.3,7.62815
8005.4,7606,68977.4,5411.96,5234,67764.3,6184.88,16551.6,7.62916
10508.5,10801,63761.5,5784.36,5937,63851.1,2616.68,8399.82,7.63119
7609.55,7885,63246.6,3695.88,3833,63191.5,4838.92,9869.34,7.63119
10456.5,10649,64351.6,4313,4521,62520.9,5076.8,12064.3,7.63221
16241.5,16345,65121.2,7180.48,7389,63686.6,3366.04,7607.34,7.63322
15091.7,14853,66589.2,9077.44,9153,64995,5340.52,11465.2,7.63423
5082.35,5292,62939.7,3363,3432,64218.4,3112.2,7180.68,7.63626
12601.5,12560,65752.8,6703.96,6752,65069.7,3137.28,9274.2,7.64031
13057.8,13053,65560.4,6061.76,6077,65371.7,3331.84,9675.12,7.64234
14654.2,15085,63664.6,6678.88,6969,62807.7,5517.6,13305.2,7.64335
21429.8,18919,74233.7,19890.7,17987,72472.3,12058.9,20636.5,7.64335
13156.6,13533,63713.5,3642.68,3789,63005.2,6676.6,13657,7.64538
10245.3,10460,64190.8,4596.48,4728,63713,10298,16050.8,7.6464
24828,20120,80871.3,19310.1,16572,76364.1,9264.4,11846.6,7.64741
14215.5,14288,65203.5,7137.92,7248,64540.7,2751.96,8778.9,7.64741
15000.7,14624,67224.1,9745.48,9600,66529.1,3237.6,6947.46,7.64741
11631.8,7556,100887,5301,2928,118650,4972.68,10418.5,7.65146
7397.65,7694,63011.7,3442.04,3514,64193.9,10263,12689,7.6545
8819.85,9209,62766.6,3721.72,3929,62078.6,4450.56,10784.3,7.65754
13501.8,13577,65173,6263.16,6365,64487.4,2156.88,7675.98,7.65754
11651.3,11626,65678.3,5674.16,5914,62878.2,7893.36,13807.6,7.65957
11438,11632,64443.3,6114.96,6352,63090.4,8031.68,14200.7,7.66261
14452.7,14620,64786.3,6455.44,6636,63752.8,10074.6,16032.9,7.66464
16638,16555,65864.8,8850.96,9023,64286.4,5532.8,10089.3,7.67072
46203.3,34793,87028.4,32838.8,25977,82847.4,9272.76,24853.1,7.67478
12286.3,12581,64000.9,5878.6,5909,65198.8,9484.04,17848.7,7.67478
8913.45,9491,61548,4300.08,4487,62805.9,6195.52,13324,7.67478
25576.2,21304,78678.3,26738.3,23116,75805.6,22510.4,41370.4,7.67984
21347.9,18512,75575.8,17597,15828,72860.7,10135.4,18735.6,7.68086
10403.3,10688,63790,5575.36,5748,63567.6,5490.24,7547.28,7.68491
8680.75,8796,64677.3,6265.44,6312,65052.6,3493.72,7814.82,7.68694
12388.3,12002,67645.6,7081.68,6834,67911.2,8648.04,17110.9,7.68795
5480.8,5625,63855.9,2568.04,2701,62309.9,4708.96,8285.94,7.68998
12086.1,12255,64632.8,5035,5285,62435.9,2215.4,8310.12,7.68998
13170.9,13600,63468.5,4990.92,5152,63487,3478.52,9605.7,7.69201
10996.7,11253,64043.3,4336.56,4533,62696,11590.8,16602.3,7.69302
47679.4,34561,90411.8,28288,20929,88579.5,31954.2,48916.1,7.69302
6032,6146,64320.4,2676.72,2774,63237.8,3927.68,7642.44,7.69707
10056.8,9801,67246.5,6639.36,6381,68189.5,2548.28,4836.78,7.6991
15072.2,15192,65019.2,8645,8668,65362.1,7464.72,8874.84,7.70011
21228.3,20685,67257.5,10621.8,10825,64305.6,2308.12,5925.66,7.70316
21898.5,17521,81909.7,20187.9,17093,77402,6748.8,11422.3,7.70417
11109.1,11237,64790.4,4360.88,4481,63779.2,10110.3,14444.8,7.71126
9974.25,10285,63555.9,4243.08,4413,63012.6,7583.28,15791.1,7.71228
6995.3,7357,62314,3055.96,3193,62723.3,6721.44,11579.1,7.7143
8639.8,8957,63215.1,4178.48,4333,63198.9,6674.32,12585.3,7.71532
12461.8,12844,63585.8,4098.68,4204,63894.2,4205.08,11650.1,7.71532
7971.6,8141,64172.3,4994.72,5085,64372.5,6222.12,13711.6,7.72241
7669.35,7369,68207.1,5476.56,5389,66600.8,3014.92,3856.32,7.72241
11685.7,11648,65748.1,8052.2,8068,65407.7,21841.6,24327.4,7.72241
5242.25,5399,63633.3,2612.12,2727,62775.2,2758.04,6883.5,7.72444
9625.2,9620,65571.4,4640.56,4707,64610.9,2740.56,8257.86,7.72545
5733.65,5790,64898.2,4157.96,4302,63341.7,4788.76,10597.9,7.72647
19599.4,15992,80319.5,12352.3,10764,75206.2,7442.68,16524.3,7.73052
16578.9,16376,66348,8132,8472,62905.9,4870.84,12824,7.7366
14873.9,14396,67711.8,6732.84,6808,64812.5,3240.64,9299.94,7.73762
11818.9,11809,65591.2,4625.36,4865,62307.8,3815.96,10582.3,7.73762
8672.95,8885,63971.9,4332,4549,62409.8,2458.6,7420.14,7.73863
12038.6,11945,66049.8,4820.68,5069,62325.5,7106.76,12949.6,7.73863
10743.8,10725,65651.2,3702.72,3765,64451.9,5472,11799.1,7.74167
19490.3,18948,67411.5,8573.56,8612,65243.5,4015.08,12263.9,7.74167
13157.3,13028,66186.4,5412.72,5460,64968.5,2382.6,8137.74,7.74167
10248.5,10272,65386.4,4197.48,4340,63383.9,14788.8,21887.6,7.74167
7716.15,7897,64035.2,3032.4,3165,62790.3,2406.16,6626.88,7.7437
11740.9,11606,66298,5364.08,5462,64361.1,12609.9,18861.2,7.74573
20100.6,18204,72363.9,12555.2,11688,70398.5,5392.2,15247.4,7.74674
12621,12608,65603.8,4435.36,4528,64195.2,9141.28,15377.7,7.75586
27500.2,21836,82535.9,24261.5,20684,76871,1929.64,307.32,7.75789
14121.2,11874,77939.2,10910.6,10146,70474.5,14278.9,28610.4,7.76194
13908.7,13744,66321.3,9945.36,9824,66345.6,5690.88,9751.56,7.76296
8218.6,8465,63628.4,2975.4,3121,62478.6,7337.04,11612.6,7.76498
10222.5,9636,69525.2,5707.6,5552,67372.7,18257.5,24364.1,7.76701
9703.2,9679,65699.9,5094.28,5163,64663.7,4811.56,11065.9,7.76904
5248.1,5429,63352.3,2217.68,2321,62618.6,4249.92,7669.74,7.76904
12513.8,12582,65180.8,5244.76,5282,65073.9,2376.52,7796.1,7.77309
9399.65,9740,63245.9,4649.68,4904,62137.3,5750.92,10364.6,7.77411
13478.4,13360,66116.8,6597.56,6580,65710.9,6380.2,11282.7,7.77411
11971,11993,65416.1,4461.2,4633,63105.8,7680.56,14399.6,7.77411
8349.25,8569,63855.3,3807.6,3933,63446.4,4272.72,9494.94,7.77715
6431.1,6644,63436,2981.48,3152,61990.6,12253.5,15248.2,7.78019
12946.7,13190,64327.1,6224.4,6438,63361.6,2197.92,7399.86,7.7812
14407.9,14146,66749.3,7797.6,7702,66349.5,3381.24,9838.14,7.78221
10219.9,10432,64203.9,5652.88,5504,67308.7,9206.64,14899.6,7.78424
54303.6,38886,91519.9,38738.7,27154,93495.6,20421.2,42955.4,7.78525
12730.9,12596,66237.9,7652.44,7568,66267.2,2796.04,5877.3,7.78627
15406.9,15208,66393.3,14205.2,13980,66591.5,5240.2,11338.1,7.78728
6888.05,7185,62827.5,3063.56,3061,65590.8,3092.44,6874.14,7.78728
5452.2,5801,61595.5,2634.16,2729,63258.4,5003.08,9225.84,7.78931
19091.8,18800,66553.2,12107.6,12496,63498.8,2945.76,6307.08,7.79032
23506.6,19086,80715.1,18989.4,15146,82166,3172.24,5231.46,7.79032
6672.25,6904,63336.1,3169.96,3256,63804.2,3502.84,8247.72,7.79336
7878,7843,65828.5,5999.44,5827,67475.4,9667.2,17800.4,7.79438
19397.9,16173,78604.1,17564.4,16041,71759.7,7823.44,20645,7.7964
14265.5,14542,64290.1,9029.56,9198,64335.9,7070.28,11918.4,7.79742
20690.1,18624,72806.6,16428.2,15520,69370.9,28140.5,37792.6,7.80046
19722.3,17556,73622.7,12748.2,11408,73235.3,5488.72,14831.7,7.80147
19466.2,15941,80028.7,21397,18437,76057.7,8237.64,13759.2,7.8035
5879.9,6212,62032.4,2870.52,2884,65229.7,2074.8,5806.32,7.80451
5642.65,6209,59558.2,2712.44,2869,61959.7,5569.28,11650.1,7.80654
11625.9,11761,64783.2,5039.56,5029,65673.6,15435.6,19725.4,7.80857
10898.5,11152,64046.6,4107.8,4176,64465.7,6042.76,12944.9,7.80958
8875.1,9472,61406.1,4427.76,4608,62972.6,2470,7693.14,7.81059
13245,13499,64303.1,8525.68,8591,65037.7,2479.12,5711.16,7.81161
9339.85,9684,63207,4104,4208,63916.3,8567.48,13802.9,7.81363
14885.6,15400,63347.1,5522.16,5672,63804.7,3857,11313.9,7.81566
19696.3,13537,95354.7,82464.6,59057,91511.5,34662.8,21148.1,7.81566
12776.4,13017,64324.7,4538.72,4457,66737.6,5583.72,11179,7.81566
11397.8,11552,64660.9,6757.92,6724,65866.6,2421.36,8049.6,7.81972
11688.9,12196,62811.3,5077.56,5220,63747.7,15729,19144.3,7.82478
8655.4,8394,67576.9,7267.88,7018,67869.4,3604.68,9570.6,7.8258
14760.8,14721,65713.4,9797.92,9777,65676.2,5952.32,9225.84,7.82782
16656.9,12252,89097.8,21395.5,17692,79254.8,6118,17606.2,7.83188
14064,14069,65512.9,6071.64,6053,65737.8,3327.28,9817.08,7.83289
13089,13352,64245.4,4781.16,4872,64314.1,10662,18752,7.83289
20625.8,17384,77757.3,14859.5,12840,75843.7,5516.08,11275.7,7.83593
21360.3,17361,80633,20456.9,17505,76587.5,28245.4,27608.1,7.83999
17354.3,16636,68365.9,9945.36,9324,69903.4,18039.4,28202.5,7.83999
10109.4,10212,64877.9,3984.68,3988,65481.4,3805.32,11089.3,7.84303
12926.5,13196,64197.8,5293.4,5436,63816.8,4896.68,11366.9,7.84303
10045.1,10137,64941.9,4447.52,4461,65338,5940.92,13098.5,7.84404
9188.4,9520,63253.3,4677.04,4852,63172.8,2416.04,7134.66,7.8481
12762.1,11725,71332.8,7207.08,6809,69367.5,21644,35033.7,7.8481
19607.3,15961,80507.5,19201.4,16937,74297.9,4523.52,9480.12,7.85012
8398.65,8082,68103.7,4645.12,4454,68348.1,11837.8,20099.8,7.85215
6596.85,6892,62729.4,3112.2,3276,62259.2,2169.04,5191.68,7.85418
13771.5,13588,66421.3,9381.44,8900,69081.1,3693.6,10195.4,7.8562
5222.1,5592,61200.9,1950.92,2040,62674.3,3876,6806.28,7.8562
11009.7,11521,62627.5,5599.68,5797,63305.3,13892,21214.4,7.85722
9906.65,9756,66548,6919.04,6856,66138.6,10935.6,18279.3,7.86127
41437.5,31022,87539.4,28089.6,21902,84050.8,32804.6,53113.3,7.8633
13091,13265,64676.3,5702.28,5621,66483.7,9616.28,18181.8,7.86431
6484.4,7024,60501.4,3534,3696,62663.5,2549.04,7590.18,7.86533
6828.9,7144,62645.4,3209.48,3272,64283.8,3509.68,7906.08,7.86735
5809.7,6168,61729,2805.16,2840,64732,2420.6,6307.08,7.87039
12462.4,12659,64518.5,5037.28,5063,65203.1,6499.52,12751.4,7.87141
14899.9,14848,65765.3,9946.88,9984,65292.3,4591.16,8462.22,7.87344
12862.2,13052,64583,4763.68,4844,64449.3,3531.72,9165,7.87546
12360.4,12688,63843.9,6316.36,6532,63372.5,3645.72,7883.46,7.87546
10466.9,10784,63609.2,4180.76,4256,64377.4,2404.64,8126.82,7.87648
38894.7,32636,78104,31328.7,26652,77035.8,4303.12,10012.1,7.87749
12697.1,13081,63612.7,6166.64,6397,63176,6530.68,14099.3,7.87952
11263.8,11453,64453.6,5318.48,5289,65901.3,2281.52,8386.56,7.88154
11477.7,11785,63827.1,4065.24,4249,62701.7,6551.2,13566.5,7.88256
11173.5,11637,62925.7,4715.04,4929,62691.2,3927.68,10708.6,7.88256
19641.7,19600,65675.4,7695.76,7764,64960,3474.72,9516,7.88357
5905.25,6329,61148.1,2748.16,2841,63394.4,14088.1,15433.1,7.8856
21840.6,18428,77672.5,18566.8,16072,75708.9,12726.2,23840.7,7.89067
12500.1,12781,64095.9,6195.52,6381,63631,2834.04,7028.58,7.89168
13614.9,13541,65893.7,6957.04,6853,66530.9,7896.4,13664.8,7.89168
18647.8,15565,78516.3,14376.2,12797,73623.2,2335.48,4376.58,7.89371
16961.1,16396,67794.7,11286,11144,66371.1,2689.64,5520.06,7.89675
13266.5,13384,64960.6,4447.52,4540,64201,3439,9648.6,7.89877
14062.7,13852,66533.1,9590.44,9276,67757.6,6430.36,10315.5,7.89877
9424.35,9756,63308.1,3291.56,3484,61916.1,3176.04,8966.88,7.89979
6865.95,7069,63653.5,3169.96,3337,62255.5,8934.56,14884.7,7.9008
14334.4,14408,65201.4,6415.16,6664,63088.8,5532.04,11336.5,7.90486
22698.6,18036,82478.3,20959.3,17216,79785.5,8042.32,13310.7,7.9079
13410.8,13380,65686.9,4740.12,4832,64289.8,4320.6,11710.9,7.90891
10899.8,11194,63813.9,4357.84,4541,62892.6,5219.68,11348.2,7.91601
8990.8,9076,64920.8,4726.44,4708,65792.7,4604.08,8796.84,7.91803
10513.1,10584,65097,4392.8,4412,65250.8,4108.56,10059.7,7.91905
14103.7,14125,65437.2,4946.08,5037,64353,7036.08,13519,7.92006
14428,14573,64884.1,5972.84,6157,63575.8,13910.3,18182.6,7.92107
11885.9,12075,64509.7,5471.24,5727,62609.3,5658.2,12010.4,7.92209
8399.3,8640,63710.2,3179.08,3252,64066.5,3163.12,9306.96,7.9231
5808.4,5947,64008.6,2685.08,2763,63687.8,2617.44,6030.18,7.92614
15481,15593,65065.5,7298.28,7501,63764.8,20626.4,23233.9,7.92614
9502.35,9693,64247,3756.68,3849,63964.1,3809.88,6893.64,7.93222
8749.65,9042,63417.1,4581.28,4754,63155,12822.7,16932.2,7.93526
9569.3,9725,64486.7,4233.96,4301,64514.5,2739.8,7948.98,7.93729
26821.6,20440,85997.1,22537.8,18360,80448.6,6480.52,11377.1,7.93729
12296.7,12436,64801.9,6244.16,6420,63741,2480.64,8792.94,7.93729
10541,10424,66271.9,5718.24,5756,65106.1,4870.08,11264.8,7.94033
9893,9891,65549.3,4644.36,4727,64390.3,11303.5,19572.5,7.94337
23381.8,18708,81908.8,17841,15892,73573.4,16642.5,15836.3,7.94844
11287.3,11247,65770.5,4737.84,4719,65797.6,2457.08,7905.3,7.94844
6509.1,6709,63583.3,2768.68,2933,61864.4,2497.36,3498.3,7.95351
12656.8,12435,66704.9,4867.04,4855,65698.5,2912.32,8199.36,7.95452
17719.6,10478,110830,9044.76,5770,102731,20451.6,33465.9,7.95452
11454.9,11405,65823,5042.6,5213,63393.8,2842.4,7856.16,7.95655
27638,22557,80298.1,20751,17581,77352.8,6395.4,14224.1,7.95655
6478.55,6476,65561.8,2682.04,2712,64812,3573.52,7881.12,7.95655
12679.5,12813,64853.4,5229.56,5401,63455.7,3511.96,10179,7.95858
13984.7,13777,66524.2,11070.2,10769,67368.7,2014,4801.68,7.95959
7489.3,7615,64454.2,3019.48,3135,63121.1,2696.48,6608.16,7.96263
12254.4,11517,69732.4,7525.52,7209,68413.4,12532.4,22974.9,7.96263
16975.4,16800,66220.2,7184.28,7248,64959.8,3048.36,8104.2,7.96466
13024.7,12948,65924.2,5312.4,5348,65099.7,4505.28,10819.4,7.96668
12184.9,12353,64644.2,3692.08,3777,64062.5,5375.48,9009.78,7.9677
14311.7,14268,65736.7,6297.36,6380,64687.1,2059.6,6033.3,7.96871
6242.6,6335,64580.1,3216.32,3279,64283.2,2515.6,6676.02,7.96973
11193.6,11428,64192.1,5555.6,5796,62817.8,13088.7,20041.3,7.96973
7321.6,7329,65469.8,4015.08,3985,66030.7,3146.4,8129.16,7.97074
15158.6,13416,74048.7,14650.5,13816,69494.5,11422,20338.5,7.97175
12832.9,12739,66019.3,8840.32,8648,66993.4,6468.36,12497.9,7.97682
9848.8,10052,64211.2,4480.2,4624,63497.9,3002.76,8522.28,7.97783
9750.65,9853,64855.2,6110.4,6125,65379.8,14057.7,21863.4,7.97783
16146.6,13449,78681.4,11117.3,9913,73497.6,20301.1,37167,7.97986
7920.25,8136,63798.1,3090.92,3208,63144.2,7112.08,12292,7.98493
7055.1,7221,64030.3,3238.36,3253,65241.1,2189.56,6271.2,7.98594
16765.4,16301,67403.3,10444.7,10569,64765.1,2410.72,8928.66,7.98797
29856.4,22441,87191.9,30784.6,24909,80994.7,16957.1,38919.7,7.98898
4637.1,5056,60106.2,2875.08,2964,63569.9,2066.44,4917.12,7.99304
9125.35,9476,63110.9,4772.04,4772,65536.5,16622,20492.2,7.99506
21680.8,17920,79289.6,14296.4,12596,74382.8,7108.28,17318.3,7.99506
22588.8,19769,74883.9,18050.8,15581,75924.2,3649.52,11403.6,7.99811
9274.85,9788,62100.2,6729.04,6748,65351.9,2264.8,6345.3,7.99912
8819.2,9346,61842,4271.96,4402,63600,5155.84,9988.68,8.00115
6538.35,7197,59538.3,3199.6,3305,63446,9524.32,14057.2,8.00115
7720.7,7993,63303.4,4145.04,4153,65410.4,13880.6,17206.8,8.00216
9605.05,10000,62947.7,4151.88,4212,64600.6,8448.16,14630.5,8.00317
12529.4,13213,62145.4,5722.04,5933,63205.7,4819.92,10428.6,8.00317
12805.6,13125,63941.4,5506.96,5441,66330.5,4397.36,11666.5,8.00621
11971,12457,62979.4,4776.6,4829,64824.9,5429.44,10888.8,8.00621
6329.05,6782,61159,2813.52,2794,65993.9,2232.88,7263.36,8.00723
10023,10477,62696.1,5649.08,5721,64712.1,5795,12538.5,8.00925
12312.9,12803,63027.5,4701.36,4755,64796.7,8539.36,15859,8.00925
12608,12860,64252,7635.72,7528,66473.8,2611.36,7488.78,8.01027
10918,11477,62344.3,4745.44,4821,64508.9,3277.12,10328.8,8.01432
7495.8,7968,61652.2,3686,3744,64520.8,3013.4,6169.02,8.01534
11987.9,12377,63476,5709.88,5817,64329.2,7391.76,16132.7,8.01635
22665.5,18753,79209,22990,20513,73449.6,5532.8,10445.8,8.01635
15154.7,14281,69545.7,14022.8,13081,70254.2,4140.48,8438.04,8.01838
10446.8,10728,63818.2,3739.96,3864,63432.2,8692.88,12168.8,8.01939
8622.25,9060,62369.5,3645.72,3748,63747.6,2479.12,7190.04,8.01939
5268.9,5664,60964.4,1954.72,2004,63924.4,4210.4,8439.6,8.01939
11583,11993,63295.5,4832.84,5021,63080.1,2925.24,7831.98,8.02142
7211.1,7560,62511.5,3046.84,3144,63510.7,4676.28,9768.72,8.02142
9943.05,9767,66717.3,4564.56,4531,66021.4,5009.92,12087.7,8.0275
9898.2,10090,64290.2,4633.72,4830,62872.8,2209.32,8650.98,8.02851
13161.2,12986,66420.2,6032.88,6110,64708.8,4722.64,10032.4,8.02953
12495.6,11548,70913.7,11124.9,10412,70023.1,13319,16329.3,8.02953
10908.3,10656,67087.7,4462.72,4500,64993.1,5472.76,11406.7,8.02953
11590.8,10867,69901,4477.92,4243,69164.5,15776.8,24113.7,8.03054
10671.7,10625,65824,4561.52,4597,65030.2,3532.48,8950.5,8.03155
11345.8,11661,63764.3,5201.44,5277,64597.6,5294.16,9958.26,8.03561
9986.6,10412,62858.4,4481.72,4668,62920.7,3185.16,8383.44,8.03561
12120.5,12271,64732.5,6054.16,6171,64295.2,2333.2,7335.9,8.03662
51561.9,43483,77712.2,40440.4,34299,77270.5,32861.6,49551.1,8.0427
15934.1,12731,82024.8,8055.24,6459,81732.2,11314.1,22607.5,8.04372
8826.35,9256,62493.9,3686,3772,64041.8,2523.96,7697.04,8.04372
9849.45,10280,62791.2,3594.04,3672,64144.6,8923.92,14483.8,8.04878
29868.1,17950,109050,20384.7,13402,99681.6,12017.9,21659,8.05284
11768.3,12017,64179.4,3855.48,3873,65239.5,6511.68,10499.6,8.05385
6156.15,6538,61708.4,3658.64,3758,63803.3,4115.4,8784.36,8.05385
5656.3,5892,62914.3,2461.64,2544,63414.3,5655.92,8849.88,8.05588
11239.8,11205,65739.5,4963.56,4913,66210.4,2519.4,7037.16,8.05588
9185.15,9340,64449.5,4563.8,4668,64073.1,10249.4,15864.4,8.05588
11497.8,11657,64641.3,4628.4,4745,63925.6,5858.08,13809.9,8.05993
13193.7,13292,65051.3,5405.88,5544,63903.3,2711.68,7826.52,8.06095
13304.8,13276,65678.4,9335.84,9420,64950.5,11251,24233.8,8.06095
14000.3,14120,64980.7,5552.56,5800,62740.1,10037.3,16177.2,8.065
12261.6,11968,67143.7,6422,6388,65884.8,3233.04,7312.5,8.06601
15889.9,15373,67739.6,10314,10089,66997.3,5700,9208.68,8.06703
8476,8253,67306.8,2887.24,2877,65769.3,18474.1,22445.3,8.07108
16607.5,16212,67134.8,8079.56,8128,65145.4,9863.28,15562.6,8.07108
13328.2,13281,65769.1,4859.44,5093,62530.6,12404,16076.6,8.07108
12917.4,12812,66075.4,5394.48,5544,63768.5,6589.96,12437.9,8.0721
17730,17483,66462.1,7388.72,7643,63355.6,2536.88,6363.24,8.0721
13837.2,13580,66777.2,6634.04,6716,64736.2,3192,7856.94,8.07311
10734.1,10776,65281.2,4854.88,4972,63992.2,5560.92,12448,8.07311
14922.7,14669,66669.4,7187.32,7389,63747.2,2336.24,7576.14,8.07514
15389.4,15167,66497,10239.5,10463,64136,3717.92,10399,8.07919
7975.5,7592,68846.5,5915.84,5720,67779.8,16384.8,20507.8,8.0802
10980.4,9929,72476.1,9384.48,8733,70425,14864.8,22678.5,8.0802
10160.8,10229,65099.1,4114.64,4261,63284.9,5945.48,12112.6,8.08122
6906.25,7065,64063.4,2632.64,2797,61684.9,2558.92,6526.26,8.08223
15806.7,14164,73136.7,10535.1,9876,69909.8,7769.48,16071.1,8.08223
33480.2,24517,89495.4,32414,24897,85322.9,53082.2,61955.4,8.08426
8830.9,8925,64845,3587.2,3677,63935.5,3753.64,7611.24,8.08629
11048.7,11176,64789.5,6818.72,6764,66066.2,12929.9,17346.4,8.08831
10913.5,10860,65858.9,8125.92,8104,65713.3,5418.8,10576.8,8.08933
13428.3,12667,69475,10731.2,9963,70589.2,6279.12,10582.3,8.09135
5755.75,6221,60634.8,2846.96,2953,63182.7,3081.8,6849.96,8.09237
12459.8,12053,67748.2,8166.2,7733,69207.3,9706.72,12091.6,8.09642
18843.5,18985,65047.5,10120.2,10429,63595.3,2915.36,7066.8,8.09744
13746.2,13736,65584.7,7074.84,7208,64325.3,2508,7880.34,8.09845
15040.3,14504,67959.5,7740.6,5948,85287.2,6251.76,13505.7,8.09845
12816.7,12456,67433.8,7502.72,7164,68634.6,21738.3,26762.6,8.10048
17737.8,15193,76513.4,12147.8,10781,73844.8,5182.44,12384.8,8.10149
9927.45,10060,64672.5,4607.88,4616,65420.7,4170.12,9303.84,8.10149
5762.25,5933,63649.9,3705.76,3753,64711.1,2632.64,6457.62,8.1025
21767.2,19893,71710.4,19199.9,17169,73288.1,30087.6,46131.5,8.10352
12571,12193,67567.7,11397,11013,67820.9,12733,18268.4,8.10858
6947.85,6943,65581.8,2825.68,2827,65505.4,4962.04,10738.3,8.11061
44823.3,35921,81777.9,35602.2,28209,82712.1,12920.8,26435,8.11061
7419.75,7580,64150.5,3294.6,3384,63804.6,9332.8,12697.6,8.11264
13139.8,12152,70863,10928,10060,71190.9,8445.88,15083.6,8.11467
11989.3,11913,65955.5,4532.64,4653,63840.8,5597.4,10391.9,8.11568
37763.7,30562,80979.1,23591.2,18626,83006,28072.1,53941.7,8.11872
10160.8,10217,65175.5,4867.04,5129,62188.8,11127.2,16966.6,8.12075
14151.1,13913,66657.8,5663.52,5801,63982.8,8481.6,14361.4,8.12176
11960,12060,64992.6,4617,4764,63513.8,6810.36,12179.7,8.12176
7663.5,7461,67314.7,5167.24,5169,65513.7,5836.8,11678.2,8.12278
27056.2,23120,76693.7,27655.6,25252,71774.1,10529.8,24727.6,8.12379
11974.3,11837,66296.2,4935.44,4909,65889,5194.6,10656.4,8.12582
12556,12584,65390.4,4701.36,4808,64082.4,7973.92,14199.9,8.12886
14408.5,14293,66065.8,5265.28,5381,64126.6,5760.8,11962.1,8.13088
11837.8,12017,64558.7,5802.6,6117,62167.6,2067.96,5866.38,8.13595
7688.2,7640,65949.5,3273.32,3416,62798.7,3083.32,6778.98,8.13696
9966.45,9871,66169.7,4556.2,4623,64589,3376.68,6864.78,8.13696
5939.7,5948,65444.6,3176.04,3324,62618.8,3491.44,7293.78,8.13798
5900.7,5835,66273.9,3639.64,3663,65118.1,11181.1,15088.3,8.14001
6397.95,6466,64846.3,3259.64,3362,63540.7,2074.8,7094.1,8.14001
18855.8,16008,77195,12919.2,11788,71825.2,8607,17852.6,8.14102
13876.2,13577,66980.2,6171.2,6217,65053.2,2925.24,9131.46,8.14203
13986,13050,70236.8,9474.16,9198,67503.6,5234.88,16334.8,8.14203
10246.6,10296,65221.6,3720.2,3900,62514.6,8142.64,15025.9,8.14305
9614.8,9665,65195.6,3599.36,3713,63530.2,2512.56,4080.96,8.14305
4863.3,5033,63326.3,1925.84,2041,61838.2,4891.36,9292.14,8.14406
13521.3,13611,65104.1,5090.48,5359,62252.2,7273.2,14655.4,8.14609
13516.1,13121,67509.4,6675.08,6597,66311.7,2833.28,9452.04,8.15014
8151,8298,64375,2994.4,3054,64257,4911.12,8009.04,8.15724
11728.6,11577,66394.2,5348.12,5353,65476.3,14570,21347,8.15825
47509.8,31726,98140.4,34947.1,25854,88585.6,15044.2,25676.8,8.15926
12732.2,13113,63632.8,4363.16,4541,62969.4,2599.96,8093.28,8.15926
13657.8,13864,64561.3,7495.12,7756,63331.6,2543.72,6259.5,8.16028
8951.15,9261,63343.3,4660.32,4793,63721.8,2679,8271.12,8.16332
11181.3,11772,62247.5,3452.68,3676,61554.6,16662.2,16729.4,8.16534
6326.45,6678,62086,3072.68,3202,62889.2,2138.64,6190.08,8.16839
13395.2,13820,63521.5,6250.24,6524,62786,2695.72,7959.9,8.17041
6821.75,7321,61066.8,2292.92,2413,62274.7,4856.4,8933.34,8.17244
15200.2,15237,65377.9,6498,6597,64552.5,5814.76,12341.2,8.17345
8366.15,8788,62390.1,3113.72,3200,63769,3591.76,7871.76,8.17447
10762,11010,64060.1,4763.68,4818,64797.1,3684.48,9121.32,8.17548
4745,5142,60476.1,2533.08,2646,62739.2,4445.24,8734.44,8.18055
14390.3,14400,65492.1,5604.24,5684,64616.4,4090.32,10440.3,8.18156
7789.6,7925,64416.3,4121.48,4241,63689.1,14722.7,19599.8,8.18156
11461.4,11842,63430,3790.88,3965,62658,6197.8,13717.1,8.18359
5380.7,5700,61864.8,3123.6,3136,65276.9,4800.16,9291.36,8.18359
12414.3,12647,64330.4,5101.88,5116,65355.1,3961.12,11482.4,8.1846
6037.85,6241,63402.7,3380.48,3505,63207.8,2609.08,5991.18,8.18866
9061,8998,65994.9,7123.48,6962,67056.1,10798.8,15940.1,8.19271
14390.3,14272,66079.5,6191.72,6176,65702.8,4872.36,12544,8.19372
15102.7,14572,67923,10662,10444,66904.2,4812.32,8054.28,8.19575
5551.65,5648,64418,3176.8,3236,64337.1,2337.76,6390.54,8.19778
10843.9,11008,64559.3,4594.2,4820,62465.9,3006.56,10012.1,8.19879
11071.4,10878,66701.5,6784.52,6698,66382.5,6379.44,14524.4,8.19981
16188.2,15891,66761.9,6697.88,6899,63625.5,6326.24,12318.5,8.19981
6027.45,6080,64969.6,2613.64,2656,64490.8,4324.4,8316.36,8.20082
10650.3,10569,66039.8,4624.6,4749,63819.3,3049.88,7616.7,8.20082
10684,10516,66583.3,4008.24,4144,63389,5384.6,10303.8,8.20183
14834.3,14689,66184.3,5712.92,5813,64407.7,5937.88,11613.4,8.20285
5603,5658,64898.9,2333.2,2432,62873.6,4198.24,8552.7,8.20386
6786,6774,65652.1,2659.24,2738,63650.8,2666.84,5580.12,8.20487
10988.3,11277,63857.9,4594.96,4809,62619.1,4659.56,11215.6,8.20589
5645.9,5797,63827.8,2422.12,2549,62273.9,6301.92,7045.74,8.20589
13029.9,12957,65904.7,6237.32,6317,64709.4,4673.24,12636,8.2069
12690.6,12686,65559.8,4954.44,5034,64500.2,13446.7,17950.9,8.20791
11701.3,11680,65655.5,5298.72,5412,64164.3,7845.48,15998.6,8.21096
21823.1,15392,92918.3,23131.4,18388,82441.6,3121.32,8915.4,8.21096
16158.3,16125,65671.5,6691.04,6873,63801,3326.52,11180.5,8.21197
10159.5,9979,66721.4,5496.32,5439,66226.7,14603.4,21690.2,8.21197
14010.7,13828,66402.1,6004,6084,64674.3,3087.12,8892,8.214
11196.9,11105,66078.3,5615.64,5809,63354.6,9702.92,16901,8.22312
20022.6,16569,79196.2,15434.1,13101,77206.9,3941.36,6402.24,8.22413
13092.9,12633,67922.1,10076.8,10057,65665.3,11535.3,17653,8.22717
6099.6,5644,70826.3,5414.24,5208,68131.3,2974.64,8877.18,8.2292
14792,14617,66320.8,6520.04,6713,63652.2,2672.92,8031.66,8.2292
12403.3,12020,67625.8,4681.6,4708,65168.5,6500.28,13090,8.2292
20112.3,17191,76672.7,19368.6,17623,72027.5,5771.44,8672.82,8.23021
15843.7,14760,70348,11549,10968,69007.4,11906.2,16544.6,8.23427
5629.65,5696,64772.6,1961.56,2084,61685.6,8613.08,10296.8,8.23629
13432.9,13316,66111.3,6231.24,6404,63768,2413,5722.08,8.23731
12688,12429,66901.7,5178.64,5197,65304.5,20563.3,23074,8.23832
6037.2,5956,66429.5,2932.84,2976,64585.6,7384.92,12614.2,8.23832
12948.6,12821,66188.5,5171.04,5317,63736.9,2973.88,7940.4,8.24035
15430.3,15372,65784.8,8099.32,8460,62742,3524.12,10489.4,8.24846
14728.3,14109,68412.9,8051.44,7917,66648.9,4582.04,11305.3,8.24947
12782.3,12662,66158.4,4615.48,4806,62938,3094.72,9636.9,8.24947
10327.8,10400,65081.3,3605.44,3780,62509.6,5387.64,11843.5,8.25048
59956.6,34093,115253,95763.8,59005,106363,11736.7,1375.92,8.2515
13425.1,13433,65497.5,6905.36,7101,63730.4,2530.04,8197.02,8.25251
10366.8,10433,65120.5,3907.92,4081,62756.5,8827.4,14380.9,8.25454
12628.8,12577,65806.2,5888.48,6113,63129,3727.04,10286.6,8.25555
10732.8,10633,66151.1,5918.88,5849,66319,8805.36,15688.9,8.25555
12786.8,12596,66528.7,4208.12,4320,63838.7,11814.2,16289.5,8.25555
11725.3,11344,67739.1,5584.48,5392,67875.5,3995.32,10117.4,8.25758
13165.1,13098,65871.7,4845.76,5006,63438.2,9499.24,17578.9,8.25859
11806.6,11312,68401.5,6409.84,6228,67449.5,15339.8,25008.4,8.26265
14140.1,13884,66744.9,6254.8,6360,64452,5916.6,13101.7,8.26265
9174.1,9108,66011.6,4570.64,4756,62981.8,7063.44,12889.5,8.26366
7463.95,7700,63526.9,3216.32,3300,63874.2,6702.44,12235.9,8.26468
10114.6,10388,63811.5,4200.52,4468,61612.6,4573.68,11357.6,8.26772
14816.1,14168,68533.9,10040.4,9740,67557,22891.2,25616,8.26873
15215.2,15452,64531.7,5466.68,5784,61940.6,3080.28,9753.9,8.26873
18229.3,18029,66263.9,9275.04,9389,64740.6,2688.88,5793.06,8.26974
12277.8,12356,65121.5,4586.6,4724,63629.9,6908.4,12191.4,8.27684
13116.3,13116,65537.8,5717.48,5752,65142.7,2156.88,7015.32,8.28089
10583.3,10457,66327.5,7967.84,8093,64522.5,9768.28,16912,8.28191
20051.2,16093,81655.1,16179.6,14269,74311.4,6150.68,14930.8,8.28292
11666.2,11969,63878,6404.52,6785,61861,6860.52,14708.5,8.28393
9740.9,10082,63318.7,3384.28,3634,61032.5,3749.08,9020.7,8.28495
22753.3,14932,99863.2,25338.4,19952,83228.6,25965.4,40524.1,8.28596
13228.8,13565,63911.7,5278.96,5369,64436.9,6128.64,12848.2,8.28799
5916.95,6346,61105.1,3119.04,3310,61755.1,2792.24,6803.16,8.29001
10431.8,11009,62100.3,5449.2,5729,62335.3,2580.96,8631.48,8.29001
13138.4,13588,63367.8,6485.84,6624,64169.1,4430.04,10200.1,8.29103
9523.15,10084,61891,4326.68,4448,63748.5,9408.04,15505.6,8.29305
7450.95,8132,60047.4,4104,4240,63433.9,2419.84,7818.72,8.29508
22508.8,19028,77524.7,16980.7,15200,73213.5,4572.92,11980.8,8.2961
9572.55,10099,62119.7,4154.16,4327,62918.2,9765.24,13960.4,8.29812
7119.45,7901,59053.3,3062.8,3165,63419.8,14391.4,14998.6,8.30116
9163.05,9449,63552.7,7362.88,7229,66749.7,7843.2,15170.2,8.30319
9910.55,10585,61360.2,4735.56,4745,65405.6,2425.16,7948.98,8.30826
10762.7,11425,61736.9,4996.24,4965,65948.4,4406.48,10842,8.30927
12177.8,12700,62841,6027.56,6184,63878.1,8619.92,16176.4,8.31231
8098.35,8406,63137.5,3752.88,3810,64553.5,3344.76,7612.8,8.31637
11594,11980,63424.7,6904.6,6700,67537.3,4086.52,11526.1,8.31839
6997.9,7135,64276.7,6133.96,5871,68471.3,5031.96,13175.8,8.31941
12385.8,12628,64278.8,5601.2,5568,65926.8,3983.16,10574.5,8.31941
10114,10638,62307.9,7584.8,7258,68486.8,2264.8,7422.48,8.31941
9167.6,10081,59598,4098.68,4209,63818.3,3946.68,8571.42,8.32042
10930.4,11713,61157.2,4685.4,4737,64822.1,5698.48,14005.7,8.32042
11654.5,12274,62228.2,7561.24,7634,64911.4,2747.4,7282.08,8.32143
23777.6,20569,75759.3,15016.1,13261,74209.6,8119.84,18440.8,8.32245
19326.4,15004,84416,23638.3,17836,86855.7,12658.6,24707.3,8.32448
13369.2,13703,63939.6,4513.64,4547,65055.2,5228.04,12611,8.32549
10341.5,10526,64387.3,4810.8,4910,64211.9,2719.28,8795.28,8.32549
10920,11561,61902.4,5453,5565,64217,3087.12,8767.2,8.32752
12251.8,12857,62451.4,5504.68,5581,64639.8,3324.24,8293.74,8.33157
9865.05,10368,62356.9,4740.88,4820,64460.2,2444.92,8755.5,8.33258
8813.35,9411,61374.1,5889.24,5888,65549.8,17429.8,22106,8.33461
16053,16636,63239.5,7394.04,7704,62899.3,6811.12,16224,8.33461
10899.8,11660,61263.5,5328.36,5496,63537,18119.9,20403.2,8.33765
7716.15,8225,61481.5,5905.2,5777,66990.3,3777.96,9962.94,8.33968
11631.8,12244,62258.9,4848.04,4932,64420.4,4212.68,10816.3,8.34069
11029.8,11346,63709.9,4949.12,4966,65313.2,8107.68,15543.1,8.34272
5733.65,6030,62315.2,2401.6,2478,63515.4,7391,11225,8.34272
15591.5,15676,65182.9,8471.72,8552,64920.8,2752.72,9672,8.34373
11868.3,11745,66224.3,5358,5297,66290.7,3393.4,8974.68,8.34475
8307.65,7332,74256.7,4894.4,3748,85581.5,6444.8,4949.88,8.35184
10966.1,10974,65489.1,6712.32,6622,66429.9,14107.9,24254.9,8.35286
7831.85,8484,60498.4,3527.16,3664,63088.4,3030.12,9127.56,8.3559
17569.5,14640,78649.9,16384.8,13792,77856.5,2585.52,4589.52,8.35995
44734.3,38784,75590.6,29662.8,25360,76655.4,5282,13020.5,8.35995
26131.9,19661,87105.6,11992.8,8813,89181.9,5709.12,9574.5,8.36198
10712.6,10809,64951.8,5557.12,5549,65631.9,2979.2,9369.36,8.36299
15091,14315,69088.9,7999.76,7935,66070.9,2546.76,3849.3,8.36502
5439.2,5516,64623.5,2551.32,2616,63915.6,3080.28,6290.7,8.36705
4956.25,5121,63427.6,2182.72,2277,62822.5,3331.84,6162,8.36806
10519.6,10948,62971.5,5272.88,5472,63151.2,5360.28,12922.3,8.36806
13466.7,13151,67109.2,5628.56,5595,65929.1,4827.52,12001.9,8.36907
12511.2,12957,63281.2,2813.52,2909,63385,2224.52,6359.34,8.36907
11538.8,11285,67009.9,4480.2,4529,64829.8,8728.6,13547.8,8.3711
11098.1,11112,65454,5899.88,5868,65892,13979.4,24084.8,8.37819
57684.9,36249,104291,45321.8,27325,108699,12163,26941.2,8.37921
11217.7,11068,66422.4,4954.44,4956,65515.4,3994.56,10158.7,8.38022
13111.8,12981,66196.4,5295.68,5249,66118.8,2777.8,7628.4,8.38124
11793.6,11857,65185.6,6619.6,6693,64817.3,4562.28,11389.6,8.38428
11859.3,12144,63999.3,7577.2,7600,65339.4,3452.68,6361.68,8.3863
13780,13867,65124.8,7761.88,7707,66002.7,4960.52,10094,8.38732
26462.8,21292,81451.5,23694.5,18632,83342.9,12270.2,26725.1,8.38934
8368.1,8352,65662.3,6808.84,6564,67980.5,7682.08,16236.5,8.38934
10900.5,11149,64075.3,5173.32,5293,64054.2,5655.16,14195.2,8.39036
8422.05,8855,62331.7,3432.16,3591,62637.2,2331.68,7046.52,8.39036
26633.7,20828,83804,22144.1,17240,84178.5,17606.2,31884.1,8.39239
6112.6,6280,63789.1,2298.24,2396,62862,6630.24,11366.9,8.39745
7034.95,6896,66856.5,4268.16,4356,64214.4,4667.16,8552.7,8.39745
7540,7916,62423.1,4179.24,4284,63933.4,3596.32,8293.74,8.39948
13150.8,13240,65094.5,6128.64,6124,65585.7,6453.16,12683.6,8.40049
32470.1,23309,91293.5,17575,12265,93909.1,8825.12,14519.7,8.41063
21311.5,17623,79252.9,13900.4,12055,75568.4,6653.04,14895.7,8.41266
37217.7,24511,99510.4,26750.5,17771,98650.6,7520.2,13078.3,8.41266
10570.9,10860,63791.7,3817.48,3976,62923.1,9098.72,15357.4,8.41671
12489.1,11947,68509.7,9198.28,8943,67406.7,10741.8,14428.4,8.41671
11600.5,11959,63571.7,5466.68,5539,64680.3,4043.2,9646.26,8.41874
14820,13808,70339.2,7166.04,6612,71027.5,5972.84,10216.4,8.41975
7597.2,7869,63272.3,2891.8,3101,61114.8,3573.52,7648.68,8.41975
15284.1,15384,65110.4,7400.12,7784,62304,3408.6,9460.62,8.41975
5993,6161,63748.9,2903.96,3057,62255.1,3612.28,7894.38,8.42279
11373.7,11528,64658.8,5446.92,5564,64157,15181.8,25322.7,8.42381
6065.15,6184,64276.5,3582.64,3736,62845.8,5484.92,9745.32,8.42482
13295.8,13137,66328,4491.6,4661,63154.1,2553.6,5783.7,8.42482
14580.8,14404,66340.4,7716.28,7728,65436.6,8745.32,17273.9,8.42583
11670.1,11979,63846,5701.52,5979,62494.5,2104.44,6609.72,8.42685
21386.3,13596,103087,27195.1,23112,77113.9,10023.6,18639.7,8.42786
12827.1,12596,66738.4,5700,5792,64495,3705.76,10716.4,8.42786
12242.8,12265,65417.1,5535.84,5705,63592.8,8724.04,16309,8.42887
10790.6,10447,67691.8,5763.08,5739,65811,18170.8,24168.3,8.42989
12705.5,12708,65523.4,5708.36,5776,64768.5,2440.36,7659.6,8.42989
24341.8,20921,76252,16035.2,14749,71251.3,14516.8,28678.3,8.43496
13141.7,13712,62810.3,4623.84,4852,62454.2,9624.64,17770,8.43496
12768.6,13420,62354.9,4698.32,4924,62532.3,2097.6,6738.42,8.43496
9054.5,8624,68807.5,5574.6,5408,67554.9,7785.44,12453.5,8.43496
11776,11717,65866.3,6242.64,6113,66925.8,2308.12,6959.16,8.43496
11773.4,12010,64245.2,3900.32,4058,62989.5,3543.88,9555,8.43496
11111.8,11372,64036.2,4535.68,4620,64339.9,9152.68,15231.8,8.43698
13056.5,12912,66269.7,5452.24,5520,64731.5,3659.4,10115.8,8.43901
15289.3,15614,64173.2,9248.44,9502,63787.2,5097.32,9963.72,8.44104
12998,13300,64048.1,6681.92,6612,66229,10215.2,17768.4,8.44408
14436.5,14409,65661.1,6844.56,6973,64328.9,4974.2,10441.1,8.4461
10567.7,9125,75897.5,6176.52,5681,71252.3,3421.52,10571.3,8.44712
8190,8749,61348.7,4098.68,4269,62921.3,12050.6,16382.3,8.44915
11462.8,11568,64939.7,7155.4,7252,64663,4910.36,11296,8.44915
8150.35,8325,64161.1,3594.8,3797,62046,2565,7504.38,8.45016
11312.6,11567,64094.6,5190.04,5247,64824.6,7260.28,12819.3,8.45421
8801.65,9230,62494.6,7308.16,7274,65843.8,5088.2,9150.96,8.45523
16792.8,16599,66301,7924.52,7795,66624.9,3290.04,7411.56,8.46131
12717.3,13047,63879.6,7717.04,7827,64615.3,14537.3,21226.9,8.4684
7949.5,8158,63861,3833.44,3950,63602.1,7073.32,13328.6,8.47144
11368.5,11189,66587.4,4780.4,4917,63715.3,12976.2,15001,8.47246
9415.25,9479,65095.2,4968.88,4999,65141.1,2976.92,9358.44,8.47347
11022,10397,69475.9,8076.52,7741,68376.5,9693.8,21570.9,8.47651
13273.6,12357,70397.5,7786.2,7253,70353.8,4534.92,12380.2,8.47753
8822.45,9020,64100.7,3382.76,3544,62554.3,2368.92,7315.62,8.47854
20096.7,17097,77034.4,15546.6,14349,71005.6,5256.92,13508.8,8.47955
20809.1,18657,73095.6,16448.7,14261,75589.4,7592.4,20517.9,8.48158
8523.45,8888,62848,3189.72,3260,64123.2,3847.12,9011.34,8.48158
13477.1,10631,83081.1,6627.96,4627,93877.2,19853.5,26355.4,8.48361
18655.6,16216,75395.7,15926.6,13884,75177.4,13828.2,26399.9,8.48361
25914.2,21420,79286.3,37349.4,32476,75370.5,30317.9,39441.5,8.48462
10905.7,11644,61380.6,4614.72,4776,63322.9,3847.88,10171.2,8.48462
11827.4,11976,64722.8,5575.36,5708,64013.1,4544.04,11755.4,8.48969
11425,11703,63979.5,4671.72,4835,63322.8,9243.12,14693.6,8.48969
11984,11861,66215.9,6342.2,6065,68531.3,22757.4,28025.4,8.4907
5553.6,6025,60408.4,2909.28,3017,63196.1,2451.76,6300.84,8.49273
9942.4,9188,70917,5938.64,5696,68327.7,23904.3,29774.9,8.49273
16245.4,16245,65537.8,6591.48,6517,66285,6999.6,13254.5,8.49374
9512.75,9672,64457,4601.8,4728,63786.7,14551,18578,8.49476
14144,13732,67502.3,6258.6,6516,62947.1,2113.56,7644,8.4978
13553.8,12873,69001.9,5439.32,5357,66543.1,10158.2,16822.3,8.49881
14898.6,14745,66218.9,6349.04,6505,63964.7,5521.4,11345.9,8.49982
11326.9,11332,65506.5,5121.64,5024,66809.7,5973.6,13135.2,8.50185
13391.9,13245,66263.1,5427.16,5321,66843.5,8133.52,16436.2,8.50388
23598.3,19452,79505.2,18605.6,16364,74513.2,8360,13713.2,8.50489
24077.3,18685,84449,20548.1,17081,78838.6,3828.12,7775.04,8.50489
8949.85,9312,62987.3,3706.52,3764,64535.2,2197.92,6561.36,8.50692
12359.1,12537,64606,4869.32,4925,64795.1,2343.08,7400.64,8.50793
13374.4,12921,67835.7,5131.52,4969,67679.5,2232.88,7139.34,8.50996
8121.75,8025,66326.1,3941.36,3901,66214,7757.32,12466,8.50996
11859.9,11576,67143.3,4266.64,4316,64786.5,2376.52,7062.12,8.51199
8957.65,8961,65511.5,3209.48,3281,64107.4,12597.8,16703.7,8.513
15169.7,10320,96333.5,8269.56,5280,102643,6935,11962.9,8.51401
12186.8,12493,63930,8258.92,8077,67012.1,2643.28,9264.84,8.51604
6433.05,6720,62737.6,3953.52,3828,67684.9,3580.36,8420.88,8.51807
10739.3,11344,62042.6,4292.48,4436,63415.7,3817.48,9754.68,8.51908
14051.7,14732,62509.6,6388.56,6540,64018.4,5737.24,13901.2,8.52009
13332.8,13529,64585.6,5383.84,5321,66310,5038.04,12478.4,8.52111
16760.9,16702,65767.1,8909.48,8810,66276,4129.08,8819.46,8.52314
12361.7,12593,64332.3,5928,5941,65392.6,2495.84,7644.78,8.52516
13453.7,11929,73912.5,11528.4,10073,75005.3,16769.4,27944.3,8.52719
9184.5,9784,61520.4,3990.76,3928,66583.1,4489.32,9974.64,8.53023
13359.4,13884,63060,5588.28,5660,64705.6,2710.16,8325.72,8.53023
7344.35,8049,59798.6,2253.4,2289,64516.7,3803.04,7551.18,8.53124
8069.75,8561,61775.4,3569.72,3637,64323.7,7541.48,12368.5,8.53124
11193.6,11001,66683.7,7506.52,7389,66578.3,6384.76,14812.2,8.53226
5548.4,6001,60593.2,3112.96,3073,66388.2,8583.44,12265.5,8.53631
38478,32200,78313.6,32909.5,25804,83582.3,14749.3,34922.9,8.53631
4830.15,5400,58620.1,3297.64,3240,66701.9,3515.76,7228.26,8.54138
10749,10905,64598.8,5856.56,5817,65981.7,13607.8,18170.1,8.54442
13551.2,13281,66869.3,5985.76,5845,67114.2,6906.88,13483.9,8.54645
6159.4,6516,61949.4,2704.84,2740,64695,2272.4,6426.42,8.54949
15628.6,13496,75891.8,11625.7,10392,73316.3,6562.6,15814.5,8.55253
12234.3,11838,67729.9,4801.68,4794,65641,6427.32,13416,8.55354
9895.6,8891,72941,8690.6,8239,69128.2,3288.52,7608.12,8.55557
19739.8,16860,76730.2,14291.8,12556,74596,3423.04,10648.6,8.5576
19645.6,16231,79323.2,13644.3,11939,74896.7,21421.4,32674.2,8.55861
15140.4,14912,66540,6830.88,6896,64917.1,11755.7,16876.9,8.55861
9857.9,9609,67233.6,6979.08,6749,67770.2,11848.4,19233.2,8.55861
4982.25,5145,63462.9,1982.08,2121,61243.6,4030.28,7301.58,8.56064
11906,12013,64952.5,6293.56,6265,65834.8,22676.9,24797,8.56165
11168.3,10808,67720.7,7369.72,7192,67155.4,10466.7,16351.9,8.56266
5111.6,5304,63158.7,3390.36,3464,64142.8,3164.64,6878.82,8.56469
6378.45,6552,63800.1,3990.76,4056,64481.9,4148.08,9058.92,8.56875
13698.7,13845,64843.7,6309.52,6449,64118.6,2582.48,9262.5,8.57179
8702.85,8745,65220.1,3200.36,3213,65278.2,7853.84,14412.1,8.57584
13896.3,13809,65950.6,10507,10401,66203.9,5291.12,10201.6,8.57787
18686.8,15640,78303.2,14226.4,12776,72976.2,5184.72,11849,8.57787
38331.1,28831,87130.9,36356.1,27355,87100.5,3468.64,422.76,8.57888
6024.2,6077,64966.6,2895.6,3065,61913.9,5016,7917,8.58192
11095.5,10852,67006.5,6827.08,6640,67382.5,2278.48,8518.38,8.58294
8952.45,9022,65030.8,3436.72,3518,64021.9,5453.76,10380.2,8.58294
14094.6,13795,66959.3,6865.84,6835,65831.7,4528.84,10824.1,8.58395
12405.3,12879,63125.3,6603.64,6763,63991.7,6257.08,13583.7,8.58496
8989.5,8701,67709,3090.16,3165,63986.3,7806.72,11058.8,8.58598
11154,11458,63797.2,6369.56,6546,63769.6,4613.2,12106.4,8.58902
12745.8,13037,64072.4,5679.48,5837,63767.4,4990.16,8797.62,8.58902
14142.7,14071,65869.9,5684.04,5591,66626.6,4711.24,10969.1,8.59003
12854.4,12999,64807,5221.96,5159,66335.8,4319.84,9564.36,8.59105
12343.5,12344,65533.4,5229.56,5144,66626.1,3656.36,11001.1,8.59206
13318.5,13264,65805.3,6256.32,6388,64185.1,6111.92,11011.3,8.59206
9707.75,9072,70128.7,3495.24,3520,65075,14643.7,16644.4,8.59307
12162.8,11325,70384.2,7645.6,7357,68106.9,13493,19669.3,8.59307
14392.3,14534,64897.1,5211.32,5426,62943.1,2074.04,6383.52,8.59409
50937.3,41098,81225.9,38447.6,29994,84006.9,32323.6,59175.5,8.5951
6223.75,6439,63345.2,2472.28,2547,63613.4,7885.76,13845,8.59611
9975.55,10334,63262.8,3834.96,4062,61873,6601.36,12084.5,8.59713
15167.7,13815,71953.2,14243.2,13123,71130.1,15546.6,27338.2,8.59814
7768.8,7524,67668.3,5162.68,5296,63886.2,8697.44,15548.5,8.59915
12634.7,12502,66231.6,5703.8,5894,63421.1,3290.04,8355.36,8.59915
15808.6,15300,67714.8,8133.52,8116,65677.5,5415.76,11135.3,8.60118
15289.3,15176,66025.3,8555.32,8184,68509.5,16358.2,24231.5,8.60422
10955.1,11104,64657.2,6343.72,6308,65907.1,9892.16,12219.5,8.60524
13007.8,12841,66387.3,6358.92,6381,65309.2,3098.52,9420.06,8.60625
30429.7,19005,104933,20510.9,14781,90941.1,7737.56,16579.7,8.60726
13287.9,13301,65471.7,4610.16,4769,63353.2,21921.4,22978.8,8.60828
18983.9,15396,80808.6,12690.5,11108,74872.5,9009.8,19252.7,8.60929
11467.3,11821,63575.1,4670.2,4777,64070.8,3524.12,8680.62,8.6103
7006.35,7344,62522.9,2519.4,2628,62827.8,5100.36,8774.22,8.6103
25322.7,21791,76157.5,21705.6,18927,75157.1,13547.8,17753.6,8.6103
7701.2,7685,65674.1,4049.28,4053,65475.9,3273.32,9019.92,8.61132
10841.3,10840,65544.2,4765.96,4824,64747.5,4675.52,11933.2,8.61132
12480,13008,62875.9,5508.48,5588,64603.4,5378.52,13084.5,8.61334
14513.2,12528,75920.9,12081,11568,68442.1,3948.96,12490.1,8.61334
19581.3,16948,75718.5,16479.1,14756,73188.7,6582.36,17894.8,8.61436
6664.45,7296,59863.1,2901.68,2976,63899.4,3954.28,8769.54,8.61537
13091,13781,62254.7,5058.56,5281,62775.6,2751.96,7778.16,8.61841
11012.3,11349,63591.7,4554.68,4657,64096.1,13071.2,20485.1,8.61841
24078.6,20953,75312.1,17036.2,15389,72550.6,5380.04,12497.9,8.62145
35249.5,28120,82151.9,29288.9,22456,85477.2,9870.88,19886.1,8.62247
5478.85,6177,58128.8,3478.52,3621,62957.3,7584.04,11649.3,8.62449
7164.95,7759,60518.4,3046.84,3247,61496.1,2793.76,8489.52,8.62449
13430.3,13988,62923.1,5851.24,5984,64082,2951.84,9538.62,8.63159
5435.3,5652,63023.3,3182.88,3220,64780.5,9116.2,11686,8.6326
5878.6,6428,59934.6,3557.56,3724,62606.9,5260.72,11449.6,8.63666
9194.25,9786,61573.1,3810.64,3904,63968.8,13648.8,17876.8,8.63868
9259.9,9712,62485.3,4465,4512,64853.3,15909.8,19730.1,8.6397
6733.35,7313,60341.4,3017.96,3189,62021,5022.84,9686.82,8.64375
9997,10449,62701.1,5613.36,5745,64034.3,5806.4,12105.6,8.64578
12976.6,13349,63707.7,6169.68,6357,63604.9,5076.8,10956.7,8.64882
26886.6,22732,77513.6,15418.9,13880,72802,6704.72,16698.2,8.6549
12676.3,13317,62383,5911.28,6033,64213.8,10632.4,18220.8,8.65591
16010.1,16718,62761.2,7156.16,7294,64297.5,11324.8,13060.3,8.65693
14378.6,15020,62737.6,6270,6440,63806,5863.4,8535.54,8.65794
10546.9,10433,66251.5,6190.2,6241,65002.6,14646,18290.2,8.65997
9852.7,9724,66403.4,5218.16,5260,65014.7,8116.8,15419.8,8.66098
5967,6608,59178.8,2993.64,3152,62243.4,5063.88,9356.1,8.66098
11768.3,11576,66624.4,9145.08,8492,70576.1,2866.72,7285.2,8.66199
16925.3,11280,98335.1,7409.24,4676,103843,6557.28,17775.4,8.66301
11574.5,11891,63791.9,4656.52,4691,65054.3,3946.68,8943.48,8.66909
38550.2,28161,89713.6,34685.6,26021,87358.6,8668.56,14976.8,8.66909
8635.9,9147,61874.1,4987.88,5195,62923.1,5395.24,8396.7,8.6701
6241.95,6637,61635.1,2954.88,3065,63181.4,8743.04,12690.6,8.6701
14287,14848,63059.9,5507.72,5760,62665.6,9766.76,15040.7,8.67213
14339,14405,65235.7,6896.24,7041,64188.6,7347.68,9182.16,8.67416
14784.9,14805,65447,6335.36,6465,64221.8,2693.44,8930.22,8.67416
13110.5,12780,67230.8,8819.8,8604,67179.7,4315.28,7998.9,8.67416
10975.9,11205,64196,4732.52,4801,64601.2,2218.44,7578.48,8.67619
12158.3,12540,63540.9,6004.76,6216,63308.9,2868.24,9426.3,8.6772
14388.4,14693,64177.4,6260.88,6533,62806.2,2208.56,7778.16,8.67821
11783.8,10880,70980.4,9576.76,9040,69427.3,4674.76,10149.4,8.68531
13521.3,13832,64063.9,6743.48,6888,64161,2884.2,9105.72,8.68632
11287.9,11860,62374.7,4414.08,4608,62778,12322.6,15961.1,8.69038
9317.1,9471,64471.1,6746.52,6667,66317.7,10703.8,15948.7,8.69139
14495.6,13604,69831.4,11263.2,10628,69452.9,25693.3,23726.8,8.6924
5840.9,6005,63745.1,2753.48,2849,63338.7,7476.12,12258.5,8.69443
12045.8,12623,62539.3,4234.72,4453,62323.5,4920.24,12002.6,8.69747
10305.1,10558,63966.2,6868.12,6750,66682.8,10532.8,16569.5,8.69848
9276.15,9005,67509.4,7473.08,7225,67786.3,5297.96,10699.3,8.69848
9621.95,9693,65055.6,7034.56,7081,65106.2,12480,16838.6,8.70254
8064.55,8508,62120.2,3747.56,3864,63561.1,2462.4,7468.5,8.70355
6518.85,6836,62495.5,3564.4,3556,65690.8,11349.8,15211.6,8.70457
8485.75,8796,63224.4,4580.52,4668,64307.8,4230.92,9115.08,8.70659
10004.1,10417,62938.7,4322.88,4469,63393.2,8205.72,14854.3,8.70659
8288.8,8667,62676.2,4382.92,4555,63060.2,2106.72,7189.26,8.70862
10121.1,10057,65954,11557.3,11241,67380.2,3236.84,7200.96,8.70963
13583.7,14041,63401.6,5070.72,5209,63796.3,7220.76,15908.1,8.71065
6477.9,6932,61242.9,3296.12,3380,63909.6,6551.2,10393.5,8.71267
8784.1,8832,65180.6,5928,5860,66296.5,2257.2,7437.3,8.71572
37956.8,32982,75420.9,22173,19798,73397.8,3311.32,7049.64,8.71673
12335,12685,63728,4744.68,4781,65038.1,2330.92,8426.34,8.71876
8831.55,8435,68617,6309.52,6035,68517.1,9496.2,18613.1,8.71977
11270.3,11565,63866.3,4656.52,4729,64531.6,7989.88,13339.6,8.7218
14951.9,15232,64331.1,8439.04,8592,64369.3,3783.28,10650.9,8.72281
17278.3,14485,78174,14129.9,12389,74745.2,4592.68,10810,8.72484
8912.15,8805,66333.5,3630.52,3713,64080.2,2143.96,7380.36,8.72686
13402.3,13500,65062,8759,8888,64584.8,2750.44,5951.4,8.72991
9053.2,9457,62737.7,3867.64,4005,63288.3,5937.12,11920,8.73193
13902.2,13592,67031.7,6264.68,6216,66049.2,2647.08,6618.3,8.73497
5426.2,5514,64492.5,3233.04,3274,64716.1,6545.88,11136.8,8.73801
11725.3,10780,71283.2,11687.3,10876,70424.6,25950.2,23338.4,8.73801
20608.9,17481,77262.4,16357.5,14285,75044,13606.3,22524.8,8.73903
9755.2,9449,67659.7,4361.64,4521,63225.9,5893.04,12119.6,8.74105
5510.05,5128,70418.6,2282.28,2312,64693.6,2965.52,7159.62,8.74207
14309.1,14135,66343.2,5642.24,5859,63111.4,2649.36,7975.5,8.74207
7250.1,6969,68179.4,2692.68,2809,62822.2,3855.48,6951.36,8.74207
9955.4,10072,64777.3,4890.6,4972,64463.1,3320.44,8749.26,8.74511
5643.3,5509,67133.7,2596.92,2661,63957.8,3753.64,8147.1,8.74815
11991.8,11859,66270.2,5856.56,5959,64409.4,8625.24,16119.5,8.74815
19283.5,15780,80086.6,15547.3,13632,74743.9,4927.08,12588.4,8.74815
13286,12438,70004.1,9794.12,9362,68560.9,7094.6,15533.7,8.74815
10453.9,10390,65939.4,4628.4,4706,64455.3,4442.2,10601.8,8.75018
15055.9,14732,66977.1,4937.72,4952,65347,3428.36,9095.58,8.75119
39589.5,30340,85515.5,31691.2,23796,87280.1,27008.9,40308.1,8.75423
14821.9,14951,64970.3,7838.64,7783,66004.5,6517.76,12476.1,8.75626
12292.1,12633,63767.8,4284.88,4349,64569.8,12267.2,17479.8,8.75727
7483.45,7746,63314.7,4133.64,4198,64531.3,2438.84,7767.24,8.7593
29324.1,22460,85564.8,18131.3,14616,81298.2,4198.24,9356.1,8.7593
63228.7,38338,108085,82673.6,57074,94931,16256.4,17252.8,8.7593
15672.1,15033,68322.4,6982.12,6873,66576.5,7706.4,14044.7,8.76031
13346.4,12580,69528.9,5199.16,5104,66757.9,13240.7,16440.8,8.76133
10220.6,9852,67987.9,4221.04,4248,65120.1,3305.24,8882.64,8.76234
17953,14344,82025.1,18749.2,15304,80289.3,7258,13214,8.76437
25259.6,20004,82754.3,20289.7,16756,79357.1,3554.52,10643.1,8.76639
16975.4,16774,66322.9,6111.92,6070,65988.6,5871,12987.8,8.76741
20371.6,15913,83898.5,17026.3,14221,78463.8,2284.56,6276.66,8.76842
10368.1,10373,65505.4,7602.28,7317,68091.2,5317.72,12398.9,8.76943
24068.2,18035,87459.6,22724.8,17559,84816.3,3043.8,6403.8,8.77146
8806.2,8773,65784,7213.16,6833,69182.1,8629.04,14776.3,8.77248
9697.35,10371,61279.1,4667.92,4823,63428.7,3267.24,9798.36,8.77248
7904,8321,62251.7,3898.8,3973,64312,22951.2,25307.1,8.7745
4832.75,5147,61534.7,3122.84,3311,61811.7,4923.28,10315.5,8.77552
14349.4,14315,65693.5,6216.04,6383,63821.8,5731.16,13627.4,8.77552
13322.4,13305,65621.7,5375.48,5533,63670.3,3263.44,9802.26,8.77552
9837.1,9724,66298.2,4731,4808,64486.4,13065.9,16300.4,8.77552
5779.8,6036,62754.3,3012.64,3140,62877.8,2656.2,5440.5,8.77653
12537.2,12920,63594.3,4874.64,5128,62298.1,2692.68,9400.56,8.77754
12655.5,13164,63004.5,5729.64,5848,64209.6,4613.96,12832.6,8.77957
12771.2,13108,63852.1,5519.12,5648,64040.6,2278.48,6920.16,8.77957
9748.7,10138,63019.4,3689.04,3790,63790.2,10140.7,16121,8.78464
23138,18400,82411.7,20975.2,17956,76555.6,12494.4,24312.6,8.78666
8779.55,9328,61682.7,3822.04,3988,62808.7,2200.96,8211.84,8.79072
10489,10721,64118.1,6429.6,6277,67129.3,3933,10305.4,8.79072
9004.45,8713,67728.2,7022.4,6681,68884.9,4218.76,9011.34,8.79579
12723.1,12912,64577.2,5749.4,5860,64299.1,2634.16,8109.66,8.79579
15692.9,15697,65519.1,9868.6,10149,63725.3,4233.96,10636.9,8.79781
15302.3,15020,66767.7,10414.3,10604,64363.5,7340.84,13261.6,8.79781
8280.35,8526,63647.8,5901.4,5934,65176,6035.16,13319.3,8.80085
9792.9,10104,63518.2,4060.68,4136,64342.5,7574.16,12526,8.80288
14966.2,13108,74826.7,10142.2,9188,72342.1,2140.92,5445.18,8.80694
8165.95,8376,63892.5,3748.32,3804,64576.7,12500.5,16388.6,8.80896
8700.25,8132,70115.5,7416.84,7332,66294.3,8028.64,14690.5,8.80998
12993.5,12896,66031.5,5025.12,4944,66611.3,10309.4,15133.6,8.81099
10419.5,10512,64959.3,5681,5568,66866,10656,18189.6,8.812
17979.6,17380,67797.1,12948.9,13024,65158,9021.96,14020.5,8.81302
9352.2,9452,64844,6818.72,6600,67707.8,6623.4,15488.5,8.81302
6226.35,6499,62786.6,2975.4,3079,63330.9,3417.72,7187.7,8.81707
12855.7,11451,73575.3,7340.84,6975,68973.4,11751.1,22888.3,8.81809
11144.3,11412,63998.4,4199,4324,63641.5,4895.92,10356.8,8.8191
5844.8,5901,64911.9,2911.56,2969,64268.1,6566.4,9307.74,8.82721
12855.7,13247,63600.1,3984.68,4159,62789.1,7821.16,14713.9,8.83025
12121.8,12131,65486.6,4841.96,4771,66510.7,4003.68,9184.5,8.83126
17054.7,17117,65297.5,6707,6953,63217.3,4832.08,12092.3,8.83126
17470.7,16071,71243.8,14667.2,13811,69599,15837.6,15447.9,8.83633
11014.9,11116,64939.9,5105.68,5128,65250.8,6721.44,13613.3,8.83836
6880.25,7001,64405.7,3470.16,3517,64663.2,4198.24,9083.88,8.8414
10892.7,11097,64329.5,4876.92,5017,63706.2,3011.88,8493.42,8.8414
7552.35,7130,69418.1,3218.6,3230,65304.7,3520.32,7402.2,8.84241
15802.8,15630,66260.5,9140.52,9022,66396.9,13015.8,19977.4,8.84545
11273.6,11404,64786.6,5642.24,5676,65146.2,3496,10701.6,8.84849
5093.4,5417,61621,2671.4,2781,62953.2,3531.72,8367.84,8.84951
13682.5,13301,67415.7,5636.92,5601,65956.3,5984.24,14386.3,8.85052
33211.1,19661,110703,37710.4,23545,104965,8119.84,16766.1,8.85052
12554.1,11921,69016.5,7671.44,6977,72059,11207.7,14611.7,8.85457
12749.8,11717,71312.4,8626.76,8197,68972,7044.44,14092.3,8.85559
9717.5,9824,64825.5,3934.52,4000,64463.2,3943.64,9708.66,8.85964
12304.5,12312,65496.1,5103.4,5224,64023.1,2551.32,8475.48,8.8637
8052.2,8484,62200.5,4108.56,4244,63444.5,11034.4,18022.7,8.86471
24946.3,20810,78562.4,21145.5,18554,74689.6,10912.8,24914.8,8.86775
13904.1,14044,64883.4,5942.44,6216,62651.8,9021.2,17131.1,8.86775
12699.7,12376,67250.1,3955.04,4120,62912,5526.72,11725,8.87485
14705.6,14744,65365.3,5856.56,5964,64355.4,2250.36,6498.96,8.87586
10556.6,10661,64894.5,3792.4,3925,63322,5798.8,10516.7,8.87789
16889.6,16292,67939.9,8841.08,8720,66446,2834.8,5663.58,8.87789
6115.2,6245,64173.9,2891.04,3045,62222.4,11270,11869.3,8.8789
11417.3,11169,66992.6,3976.32,4033,64615,4176.96,9962.94,8.88194
20814.9,12132,112441,8652.6,4896,115820,18447.5,29543.3,8.88194
13713.7,13225,67957.7,5926.48,5929,65508.2,3401,10838.9,8.88498
16398.2,16172,66452.7,6439.48,6636,63595.2,4243.84,12730.4,8.88498
6204.9,6378,63757.3,2975.4,2990,65216,2650.88,7466.16,8.88599
12261.6,11285,71207.5,5563.2,5601,65093.7,3784.04,9700.86,8.88904
27500.8,21034,85684.9,34097.4,28942,77209.8,21948.8,41025.7,8.88904
12580.1,12640,65225.4,5218.16,5300,64524,2939.68,8095.62,8.89106
14681.5,12458,77233.1,13659.5,12830,69773,6795.16,10966.8,8.89106
13607.1,13556,65783,5059.32,5008,66207.6,2311.92,7514.52,8.89106
6524.05,6340,67438.5,2878.88,2992,63058.2,6549.68,10855.3,8.8941
12693.8,12865,64664.1,4760.64,4789,65147.9,6505.6,14206.9,8.89512
6730.75,6633,66501.8,4241.56,4153,66933.5,14165.6,17160,8.89613
11016.8,10534,68540,4536.44,4498,66096.1,11887.2,14886.3,8.89714
10306.4,9874,68405.9,5620.96,5302,69478.6,4641.32,13338.8,8.89714
6258.85,6468,63416.8,3271.04,3296,65039.7,7120.44,11969.9,8.89917
10286.9,10605,63570.2,5187.76,5293,64233,3717.16,9991.02,8.89917
7950.8,7597,68588.1,4379.88,4169,68851,4522,11508.1,8.90018
12733.5,12845,64967.1,8353.92,8189,66855.8,3439,6979.44,8.9012
7379.45,7092,68192.3,2972.36,3060,63659,2674.44,7635.42,8.90627
6650.8,6927,62922.9,3016.44,3087,64038,6615.8,11271,8.90728
7015.45,6683,68796.1,2343.08,2443,62855.5,2587.04,5410.08,8.90829
12609.3,12728,64925.1,5333.68,5516,63369.8,8728.6,14983,8.91032
5447.65,5373,66446.5,2590.84,2573,65990.4,3383.52,7695.48,8.91438
8531.25,8255,67729.1,4160.24,4251,64136.8,10359.6,16005.6,8.91742
17196.4,14489,77782,14074.4,12285,75082,14809.4,29503.5,8.92046
11009.7,10568,68275.1,5220.44,5404,63309.9,5525.2,10112.7,8.92451
17329.6,17117,66350.2,9785.76,9917,64668.7,6102.04,11521.4,8.92552
9866.35,10105,63988.2,4699.84,4921,62590.7,6416.68,14121.1,8.92654
14719.9,14338,67281.6,5443.12,5474,65166.3,4644.36,12412.1,8.92755
11070.8,10979,66084,7386.44,7347,65887.8,2461.64,6438.12,8.92857
8240.05,8052,67066.6,6507.88,6336,67313.8,2613.64,7651.8,8.92857
8071.7,8005,66082.1,4377.6,4389,65365.8,4974.96,10065.9,8.92857
17359.5,14757,77093.9,12274.8,10629,75683.4,7840.92,16771.6,8.93161
6249.75,6269,65334.8,2764.88,2793,64876.2,3581.88,7785.18,8.93161
6916.65,7104,63807.7,4116.16,4244,63561.9,2843.16,8845.98,8.93262
20829.3,11176,122143,8562.16,4696,119491,5309.36,12544.7,8.93262
7709.65,8144,62040.7,3299.16,3396,63667.2,3071.16,8739.12,8.93262
8287.5,8581,63294.4,3779.48,3845,64419.2,2658.48,8043.36,8.93262
12777,12856,65133.5,6658.36,6316,69088.4,2946.52,6169.02,8.93971
12708.8,12492,66673.4,5694.68,5672,65798,5607.28,11598.6,8.94073
9750,10053,63560.7,4330.48,4465,63561.6,2840.88,9647.04,8.94073
10013.9,10344,63444.6,5174.08,5176,65511.7,8865.4,15360.5,8.94073
9789.65,9850,65134.5,4406.48,4586,62970.6,5947.76,12395,8.94174
11323,11428,64933.9,4964.32,4768,68234.4,8231.56,17374.5,8.94478
5423.6,5753,61783.6,2245.04,2329,63173.4,14354.1,16830.8,8.94782
6200.35,6423,63264.2,2776.28,2787,65283.9,5192.32,9573.72,8.94782
8042.45,8193,64331.7,3417.72,3425,65396.7,9314.56,15803.6,8.95188
16176.5,14164,74847.9,10594.4,9636,72054.2,8113.76,18376.8,8.95289
9995.05,10041,65236.1,6342.2,6473,64211.7,7101.44,15223.3,8.95593
10499.4,11034,62361.1,4009,4222,62229.7,3074.2,8917.74,8.95999
26908.7,24089,73207.2,16539.9,14429,75123.5,13521.9,18579.6,8.95999
6231.55,6671,61218.8,2437.32,2495,64020.9,2325.6,6353.88,8.95999
6527.3,6964,61426.3,3389.6,3492,63614.2,7017.84,12143,8.961
22759.1,18168,82097.1,16576.4,13976,77729.6,11845.4,23166.8,8.96303
9861.8,10261,62986.3,3953.52,4049,63990.6,2256.44,6226.74,8.96303
7032.35,7288,63237.1,3359.2,3452,63774.2,2600.72,6502.86,8.96505
17376.4,12028,94677.7,21021.6,16844,81790,25495,37000.1,8.96505
13930.8,14160,64475.2,4096.4,4224,63556.3,2946.52,9827.22,8.96607
8726.25,9064,63093.9,4281.84,4348,64538.8,3968.72,10048.7,8.96607
9322.95,9772,62524.4,3465.6,3596,63159.5,4047,9714.9,8.96708
11079.9,11381,63802.2,5493.28,5537,65018.5,5680.24,11314.7,8.96809
22347.6,17766,82437,27559.1,22310,80955.4,14836,26986.4,8.96809
27268.8,21809,81942.7,22219.4,18721,77782.6,7416.08,14107.1,8.96911
12104.9,12317,64407.7,5275.16,5421,63772.9,11818.8,16129.6,8.97316
12150.4,12656,62918.1,5331.4,5504,63480.9,5210.56,11227.3,8.9762
4812.6,5256,60007.3,2416.8,2540,62357.2,9244.64,12856.7,8.97722
7016.1,7097,64788.9,5630.84,5677,65003.1,8166.96,16480.6,8.97823
11904.1,11945,65311.6,5038.8,5081,64991.7,4604.08,10228.1,8.97823
12211.5,12256,65298.3,5218.92,5200,65774.5,3629.76,9470.76,8.97924
13089,13183,65068.9,5278.96,5359,64557.2,2901.68,6197.1,8.97924
9409.4,9141,67460.3,6359.68,6261,66568.9,18799.4,23910.1,8.98127
13605.8,13667,65242.5,5826.16,6023,63394.2,4775.08,10997.2,8.98532
21022.3,20593,66902.2,12125.8,12245,64898,2470,6923.28,8.98634
7225.4,6993,67714,2881.16,2885,65448.8,5764.6,10696.1,8.98634
10797.1,10701,66124.8,8385.84,8285,66333.7,5563.96,8718.84,8.98735
11324.3,10696,69385.7,5931.8,5928,65578,3399.48,9441.12,8.98837
9721.4,9720,65545.4,4861.72,4760,66936.5,8299.96,18339.4,8.98938
15795.6,15289,67707.7,9707.48,9549,66623.7,5339.76,10193,8.99039
12929.1,11382,74444.3,8190.52,7650,70166.5,6898.52,14880.1,8.99039
15836.6,15433,67249.9,5766.12,5929,63735.6,4313,12086.1,8.99141
11290.5,11689,63301.8,5136.84,5197,64777.4,2485.2,8694.66,8.99445
11869,12407,62694.2,5718.24,5895,63570.9,13136.6,18585.1,9.00053
7488,7721,63558.3,1827.04,1881,63656,3676.12,9003.54,9.00154
9763,9865,64858.4,5648.32,5405,68486.3,11832.4,18913.4,9.00256
12700.3,12384,67210.1,6136.24,6160,65283.2,2297.48,8156.46,9.00357
6834.1,6732,66529.9,3351.6,3404,64527.2,9357.88,11058.1,9.00357
6267.3,6040,68002.3,3306,3304,65575.7,2587.8,6027.84,9.00357
6893.9,6677,67664.9,3975.56,4081,63842.8,7078.64,13303.7,9.0056
5767.45,6020,62786.6,2381.84,2452,63660.8,3622.16,7435.74,9.00864
12392.9,12403,65482.6,9095.68,9315,63993,6033.64,16386.2,9.00965
7534.8,7972,61941.9,3809.88,3956,63115.3,12964.8,16171,9.00965
12457.3,12832,63622.1,5268.32,5440,63467.8,10431,18834.7,9.01168
5314.4,5681,61306.9,2213.88,2321,62511.3,2259.48,5411.64,9.01269
10047,10201,64547,7962.52,7741,67411.4,11224.4,16996.2,9.01472
15377,15496,65032.9,8274.88,8360,64868.7,3647.24,8427.12,9.01776
12300.6,11680,69018.2,9233.24,8772,68982,7663.08,16875.3,9.01776
22696,19265,77207.8,13926.2,12209,74753.9,5165.72,12442.6,9.01877
14378.6,14671,64230.1,8393.44,8463,64997.3,4178.48,8151,9.01979
7153.25,7024,66741.9,3630.52,3700,64305.3,5269.08,7838.22,9.02283
14415.7,14228,66400.6,6374.88,6564,63647.8,2247.32,7085.52,9.02283
10455.3,10408,65833.5,4636,4812,63139,7195.68,12480,9.02384
11313.9,11185,66291.3,5787.4,5525,68648.5,14347.3,21043.6,9.02992
14444.3,14320,66104.9,5253.12,5376,64038,4563.04,10829.5,9.02992
6663.8,6801,64213.9,3093.96,3169,63984.1,3522.6,7203.3,9.03296
17967.3,17789,66192.9,13269.6,12873,67555.1,5948.52,9473.88,9.03398
7235.15,7505,63179.6,5005.36,4913,66768,5689.36,11403.6,9.036
13039.6,12853,66487.7,4846.52,4885,65019.8,11975.3,15808.3,9.03904
20839,16065,85011.2,8425.36,6549,84312.8,17407,28805.4,9.04107
13975,14288,64100.3,6460,6660,63567.9,2748.16,9283.56,9.04411
10506.6,10709,64297.4,5174.08,5201,65196.8,2280.76,6927.18,9.04411
5602.35,5896,62272,2560.44,2568,65343.1,4936.2,9365.46,9.04513
62577.4,32002,128151,101313,47318,140319,7544.52,10608.8,9.04513
6851,6822,65814.6,5579.16,5366,68139.4,4846.52,11333.4,9.04513
15390,15224,66250.8,5538.12,5484,66182.8,11609,17331.6,9.04918
12152.4,12304,64728.5,5003.84,5140,63799.9,2366.64,7808.58,9.04918
8880.3,8556,68020,4573.68,4444,67448.4,10854.3,22196.5,9.05019
10949.9,11197,64089.7,4356.32,4489,63599,3112.96,9273.42,9.05425
9826.05,10486,61411.4,3971.76,4098,63517.1,2074.04,6846.06,9.05932
8229,8556,63031.3,3433.68,3516,64001.6,2591.6,7821.06,9.06033
9066.85,9160,64869.5,6957.8,6604,69047,7000.36,12043.2,9.06134
19049.5,16107,77508.6,18314.5,16143,74351.6,5601.96,10802.2,9.06236
11857.3,12112,64157.9,4857.16,5008,63562.1,10462.2,17534.4,9.06337
13039,13479,63396.7,5436.28,5651,63045.8,7128.8,15819.2,9.0654
12215.4,12605,63510.6,6983.64,7117,64308,2473.8,7478.64,9.06742
9660.3,9741,64993.1,4591.16,4509,66730.2,2308.12,7368.66,9.06844
9133.8,9169,65284.4,3956.56,4017,64549.9,3638.88,7846.02,9.06945
7887.75,7540,68558.6,3551.48,3712,62702,3211,8135.4,9.07047
20940.4,17349,79102.5,15441.7,13605,74383.4,3907.92,12213.2,9.07148
9960.6,9342,69875.6,7876.64,7482,68992.7,5392.2,12275.6,9.07249
7477.6,7309,67047.8,3085.6,3245,62316.8,5180.16,10350.6,9.07553
13048.8,12072,70838.5,9872.4,9112,71005,5372.44,10129.9,9.07857
11304.1,11816,62697.1,5715.96,5900,63491.7,3897.28,10291.3,9.07959
12649,13056,63493,6266.2,6452,63648.7,4461.2,11392.7,9.08161
14264.2,14520,64381.7,5795.76,5916,64204,2212.36,7881.12,9.08263
14195.3,13829,67272.1,6797.44,6785,65656.2,2229.84,4039.62,9.08567
11366.5,11116,67013.2,5774.48,5896,64185.3,3796.96,10382.6,9.08668
14255.8,13953,66958.2,9474.92,9329,66561.1,8372.92,12131.3,9.08668
12676.3,12844,64680.3,5394.48,5548,63722.5,7612.92,15139,9.08871
16975.4,13489,82474.6,17152.4,14661,76673,5679.48,12692.2,9.09175
26274.9,18569,92732.8,18849.5,14745,83779.1,14571.5,32925.4,9.09175
33866.3,24337,91197,29214.4,23601,81123.5,33705.2,54415.1,9.09276
14736.8,14760,65433,5896.08,6060,63763.3,3268,8971.56,9.09276
14124.5,12529,73881.6,10278.2,9345,72080.8,3461.04,9641.58,9.09378
13018.8,13509,63158.1,4886.04,4977,64338.3,4196.72,10817,9.09581
7956,7900,66000.6,3911.72,3900,65732.9,2321.04,6672.9,9.09783
7822.75,7513,68237.9,3756.68,3837,64164.1,3481.56,8475.48,9.09783
13960.7,13920,65727.6,5102.64,5248,63720.8,2609.08,8981.7,9.10087
9675.9,9500,66749.4,4291.72,4344,64747.3,10069.2,14751.4,9.1029
21284.3,17601,79250.3,17132.7,15301,73381.3,9830.6,14316.1,9.10797
9056.45,9069,65445.3,6355.88,6233,66828,5473.52,11629.8,9.10898
18178.5,17585,67748,13536.4,13649,64995.2,3243.68,7424.82,9.10898
18070.6,17549,67484.1,8398,8397,65543.8,3843.32,11192.2,9.10999
15575.9,15384,66353.7,8758.24,8728,65763.1,3974.04,9440.34,9.11608
6020.3,6029,65441.4,3476.24,3485,65371.3,5953.84,11976.1,9.1181
14820,11689,83090.4,18054.6,15593,75881.7,7055.08,12958.9,9.12317
33878,26176,84819.2,33060.8,25860,83784.6,28602.6,38828.4,9.12418
5723.9,5805,64620.4,2058.08,2169,62184.6,3553.76,6865.56,9.12418
20503.6,20580,65292.7,8100.84,8484,62576.2,3157.04,11303.8,9.1252
7709,7982,63294.5,3036.2,3054,65154,11247.2,14467.4,9.13533
20301.4,17517,75953.4,16676.7,14921,73247.3,7080.92,14882.4,9.13533
8240.7,8733,61841.6,3302.96,3437,62980.2,4162.52,9056.58,9.13533
4910.75,5296,60768.7,2188.8,2260,63471.3,4724.92,9173.58,9.13837
6547.45,6889,62286.8,2623.52,2733,62910.7,9099.48,12151.6,9.13837
12455.9,12781,63869.3,6823.28,7081,63150.8,4077.4,12356.8,9.13939
9793.55,9236,69492.2,8639.68,8340,67890.9,5268.32,10370.9,9.13939
16354.6,16598,64575.1,10814.8,10966,64632.4,7441.16,12166.4,9.1404
13023.4,13345,63956.7,4814.6,4869,64803.8,2865.2,7870.2,9.14142
12210.3,12353,64778.7,7853.08,7825,65771.2,12545.3,19770.7,9.14648
9965.8,10048,64999.9,8565.96,8192,68527.7,4123.76,9154.08,9.14648
13124.1,12357,69604.6,10469,10021,68465.9,10316.2,16163.9,9.14648
10034,10299,63850,3724.76,3775,64663.8,5890.76,14170.3,9.14952
20953.4,18309,75001.5,12544.6,11329,72567.8,10717.5,22779.9,9.15155
10534.5,10416,66281.9,2681.28,2740,64131.5,14934.8,18806.6,9.15155
21061.9,16696,82673.4,12880.5,11244,75074.3,3144.88,8992.62,9.15155
45501.3,29235,102000,58241.8,43315,88120.4,10050.2,19509.4,9.15155
10270.6,10076,66802,4623.84,4600,65875.7,3606.96,10033.1,9.15257
11669.4,11833,64630.2,5436.28,5613,63472.7,6776.92,15103.9,9.15257
9673.3,9896,64061.2,3974.04,4124,63152.9,5172.56,8829.6,9.15662
14623,14756,64945.5,4058.4,4016,66227.9,2570.32,6534.06,9.15966
11547.3,10953,69091.6,7365.92,6797,71021.5,6173.48,14661.7,9.1627
17121,16873,66499.3,12527.8,12425,66078.4,3001.24,4889.82,9.16371
12363.6,11365,71294.7,7893.36,7377,70123.3,13372.2,21511.6,9.17385
15418.6,14872,67944.9,10365.6,10444,65044.3,2381.84,5704.14,9.17486
13314.6,12665,68897.4,10244.8,9581,70076.5,13676.2,19157.6,9.17588
5881.85,5780,66690.8,2659.24,2660,65517.3,5456.04,10872.4,9.17689
10297.3,9669,69794.6,7638.76,7205,69481.4,13389.7,22566.2,9.1779
13686.4,13841,64804,5322.28,5457,63918.1,8193.56,16219.3,9.1779
8685.95,8758,64996.8,3933.76,4018,64162,7834.84,13038.5,9.18094
16120.6,15044,70226.2,11965.4,11636,67391.5,10463.7,12031.5,9.18094
18798.6,18678,65959.3,8221.68,8274,65121.6,2083.16,5424.9,9.18196
10028.8,9797,67086.9,6675.84,6389,68478.3,19595.8,53272.4,9.18297
6895.85,6332,71371.8,2831.76,2860,64888.9,6167.4,10635.3,9.18601
10532.6,9658,71470.7,7456.36,7146,68382.3,4097.92,8517.6,9.18703
8032.05,8440,62368.3,3224.68,3308,63885.3,6728.28,11806.9,9.19007
12773.8,12552,66694.1,5212.84,5180,65951.5,2257.96,7711.86,9.19007
10592.4,10913,63610.7,4533.4,4645,63961.4,4202.04,12096.2,9.19108
37505,27432,89600.7,32339.5,24668,85917.1,2766.4,415.74,9.19412
7135.05,7493,62405.3,3133.48,3253,63128.1,4313.76,9872.46,9.19514
6948.5,6788,67085.6,2368.92,2468,62905,4119.2,8275.8,9.19919
5351.45,5137,68271.9,2349.92,2357,65339.1,3036.96,6866.34,9.2002
5749.9,5827,64668.9,2666.84,2823,61910.7,6071.64,10832.6,9.20122
14783.6,14731,65770,4050.04,4027,65911,4388.24,11055.7,9.20324
9425.65,9624,64185.3,4903.52,5036,63812,5300.24,11167.3,9.20324
9906,10103,64258.1,3823.56,3895,64334,7359.84,12096.2,9.20324
9116.9,8672,68898.2,5848.2,5552,69032.4,8844.12,17335.5,9.20324
5083.65,5311,62730.6,2361.32,2443,63344.9,4500.72,8623.68,9.20426
7532.2,7429,66446.4,3363.76,3425,64364.2,13288.6,17529.7,9.20426
33667.4,22845,96582.5,42699.8,30761,90971.6,3444.32,474.24,9.20527
19753.5,16245,79690.1,15472.1,13877,73069,4145.04,9730.5,9.20628
13313.3,13495,64653.6,7709.44,7783,64916.6,3584.92,9920.82,9.20831
12148.5,12225,65125.9,7748.2,7313,69436.1,3973.28,8220.42,9.20932
13790.4,13986,64619.4,6439.48,6386,66084.8,3052.92,9492.6,9.21135
6985.55,6993,65466.2,3043.8,3041,65596.3,9285.68,12160.2,9.21237
9302.8,9803,62192,3249.76,3371,63179,2960.96,7818.72,9.21237
9126,9245,64692.4,3277.12,3401,63148.9,12553.7,18781.6,9.21642
10362.9,10608,64022.1,4859.44,5024,63389.4,6268.48,11075.2,9.21845
10193.9,9860,67755.6,9148.88,8420,71209.1,21539.2,30621.2,9.2225
18038.1,17933,65920.3,9928.64,9817,66281.3,8891.24,13823.2,9.2225
14960.4,13824,70923.4,10279.8,9840,68464.9,17249,19584.2,9.22453
8347.3,8681,63016.8,2920.68,3021,63359.7,10576.9,15281,9.22554
10187.4,10004,66737.8,8774.96,8148,70578.8,6909.92,14015,9.22858
20070.7,17661,74477.9,15914.4,13833,75397,2667.6,6619.08,9.22858
5023.2,5157,63835.6,2556.64,2645,63346.7,3137.28,6172.92,9.23466
25762.1,14172,119132,10247.8,5432,123638,4405.72,11086.9,9.23568
9362.6,9721,63119.8,4347.96,4457,63932.7,4085,9416.94,9.23669
34745.8,31019,73409.8,31131.9,26267,77673.8,3290.04,260.52,9.23669
20674.5,20505,66077.9,10491,10649,64563.9,2371.96,5658.9,9.23872
17893.8,17761,66026.2,7803.68,7505,68144.2,8424.6,8987.16,9.24075
13201.5,12850,67328.7,5453.76,5462,65437.1,2356.76,8744.58,9.24683
9878.05,9856,65682.6,6285.96,6128,67225.3,19582.2,22142.6,9.24885
29866.2,23225,84276.1,27157.1,22157,80325.2,12090.1,25826.6,9.24987
21014.5,20057,68664.6,11620.4,11833,64358.5,5722.04,11299.1,9.25189
16018.6,15496,67746.2,6309.52,6440,64208.2,8236.12,15862.9,9.25189
24722.1,21029,77045.4,14095,12353,74777.6,7724.64,17337.8,9.25291
14142.7,13797,67178.1,5016.76,5061,64963.1,3555.28,10328,9.25494
6760.65,6728,65854,3882.84,3880,65584,4515.16,9069.06,9.25595
14019.2,14180,64792.8,6861.28,7120,63154.6,4635.24,10984.7,9.25696
11495.3,11375,66228.8,4892.88,4860,65979.4,3632.8,10248.4,9.25899
13096.8,12905,66510.3,5605.76,5725,64171,2626.56,7034.82,9.25899
10488.4,10220,67257.1,5858.84,5820,65973.4,5932.56,14824.7,9.26
18948.8,18997,65369.7,10669.6,10773,64907.2,1998.8,4165.98,9.26102
24180,19446,81490.3,21460.9,18370,76562.9,17478.5,32967.5,9.26406
22851.4,18724,79982.3,14937.8,12672,77254.1,13567.5,26069.9,9.26913
43379,33843,84002.3,34399.1,26039,86577.1,40729.9,52756.1,9.26913
14621.7,14381,66633.1,6053.4,6013,65976.3,11162.1,18859.6,9.26913
11903.4,11804,66088.1,6183.36,6060,66870.1,4167.84,10739,9.26913
8812.7,9260,62370.3,4080.44,4060,65865.9,6802,13776.4,9.27014
8323.9,8433,64688.1,2800.6,2869,63973.5,4323.64,9678.24,9.27318
12563.8,12411,66343.1,6162.84,6367,63434.6,13572.8,19326.8,9.27419
10299.9,8996,75034.9,7837.88,7396,69451.5,8135.8,17734.1,9.27622
8496.8,8828,63077.3,3078,3244,62182.4,3418.48,9925.5,9.27723
24317.1,19053,83642.9,21824.9,18205,78567.3,6925.12,14588.3,9.27825
14147.2,13156,70473.9,8988.52,8420,69961,7001.12,7777.38,9.28027
5623.15,6009,61327.8,2171.32,2285,62275.6,10643.8,12132.1,9.28332
12976.6,13057,65132.5,5969.04,6193,63166,2202.48,7977.84,9.28433
11318.4,11412,64998.8,5918.12,5988,64771.2,3530.96,9401.34,9.28838
12338.9,12497,64707.2,9139.76,8849,67689.4,14361.7,18433.7,9.2894
18637.4,14443,84568.6,16365.8,14667,73126.9,6753.36,15124.2,9.29244
5855.85,5657,67839.7,2684.32,2761,63715.9,5736.48,10544.8,9.29548
5211.7,5208,65582.6,2416.04,2456,64469.7,5550.28,9755.46,9.29548
16443.7,16344,65935.8,12000.4,11784,66739.5,6925.12,13068.1,9.29751
11819.6,11422,67817.3,4088.8,4286,62520.7,7128.04,12452.7,9.29953
7197.45,7277,64819.6,3372.88,3549,62283.8,17457.2,19125.6,9.30257
9382.1,9325,65937.3,3083.32,3177,63603.5,5485.68,10975.4,9.30359
10011.9,10036,65378.9,4045.48,4048,65495.2,4589.64,10663.4,9.30359
11037,11765,61480.7,4617,4833,62607,3787.84,9761.7,9.30663
11984.7,12465,63010.8,5886.2,6069,63562,4839.68,11328.7,9.30764
21627.4,17653,80291,22493,18933,77858.7,16736,26749.3,9.30866
12653.5,12461,66548.7,3930.72,3933,65498,5687.08,12753.8,9.30866
5621.2,5740,64179.6,2406.16,2520,62575.4,3830.4,8290.62,9.31068
17715.1,17300,67108.5,8691.36,8624,66047.9,2151.56,6956.82,9.3117
7241.65,7327,64772.6,3283.96,3307,65079.4,9725.72,12498.7,9.3117
9876.1,10057,64357.2,3388.08,3501,63422.2,6634.8,11680.5,9.3117
9088.95,9040,65890.9,4700.6,4516,68214.9,5177.12,12094.7,9.31372
16272.7,16513,64582.5,5465.92,5521,64882.2,9599.56,15578.9,9.31474
16104.4,15340,68801.7,11164.4,10988,66588.1,6662.92,11943.4,9.31474
5996.25,6321,62169,3454.2,3441,65787.4,17011.1,17033.6,9.31778
10585.9,10829,64064.8,5001.56,5113,64107.6,5896.84,13788.8,9.31879
13952.2,13868,65934.1,8689.08,8796,64739.4,6586.16,14907.4,9.32082
5326.75,5839,59786.6,2747.4,2863,62889.8,2964.76,6339.84,9.32285
13726.7,14284,62979.1,5963.72,6136,63696,3819.76,11659.4,9.32285
7256.6,7268,65433.2,4597.24,4756,63348.3,7044.44,13707.7,9.32589
12931.8,13452,63001.4,5533.56,5772,62828.7,2575.64,8910.72,9.32589
6876.35,7033,64076.3,3112.2,3229,63165.4,11064.8,14289.6,9.32589
14099.8,14021,65904.3,7960.24,7697,67777.4,5315.44,12107.2,9.3269
15483,14756,68764.8,13695.2,13252,67727.8,7767.2,13944.8,9.3269
13298.3,13107,66492.8,5201.44,5347,63751.9,2247.32,8530.08,9.32791
19039.8,17580,70977.9,12615.2,11852,69756.4,13360,17220.1,9.32791
25210.9,19773,83559.5,19304,16489,76724.3,21213.9,23227.6,9.32994
9952.15,9416,69267.6,6147.64,5944,67781.2,19430.2,26460.7,9.33298
14099.8,14177,65179.1,5190.04,5445,62467.3,4592.68,13025.2,9.33298
11869.6,11657,66731.5,5452.24,5485,65144.6,2225.28,7251.66,9.33399
13425.7,13180,66758,6947.16,6936,65641.4,3352.36,7787.52,9.33501
7681.05,7504,67082.3,3619.12,3684,64381.8,9661.88,15660.1,9.33501
13371.1,13158,66597.6,5410.44,5458,64964.9,5557.12,13115.7,9.33602
25336.3,12458,133283,18383.6,11402,105665,8551.52,14953.4,9.33906
11690.3,11800,64926.5,7824.2,7576,67683,4166.32,10137.7,9.34008
14966.9,15325,64004.6,6090.64,6189,64494.5,3610.76,10846.7,9.34312
10602.8,10949,63463.8,4482.48,4613,63681.7,6800.48,13548.6,9.34717
11026.6,11293,63990,5168,5161,65624.9,3758.2,10533.9,9.34717
11566.1,11613,65271.3,7039.88,7069,65266,5516.08,13838.8,9.34818
13823.5,13861,65358.9,6251.76,6181,66286.3,2824.92,10154.8,9.3492
8160.1,8437,63385.1,3951.24,4021,64399,5268.32,10859.9,9.35021
11154,10911,66995.6,6121.04,5711,70241.4,8717.96,14240.5,9.35224
12390.3,11417,71123,9953.72,9225,70713,2618.96,6520.02,9.35325
26908,24584,71731.5,21682,19852,71577.4,19392.2,31630.6,9.35427
12280.4,12549,64133.5,4917.96,5105,63134.9,2620.48,10427,9.35528
14086.1,14412,64054.3,6523.84,6728,63547.3,3258.12,12058.8,9.35832
12691.9,12718,65401.5,6434.16,6250,67467.1,2593.12,9427.86,9.35933
14225.9,14281,65283.1,7191.12,7193,65518.9,11189.5,15969.7,9.36542
13077.3,13470,63625.6,5518.36,5690,63559.1,2309.64,8569.08,9.36643
10592.4,11109,62488.4,4230.92,4353,63698,4266.64,11157.1,9.37251
10959.6,10990,65355,7096.12,6618,70270.7,10646.1,19662.2,9.37251
18369,15185,79277.6,16347.6,14401,74394.6,5895.32,13547.8,9.37352
13934,14000,65227.3,8116.8,8228,64650.3,3964.16,10026.9,9.37555
13132.6,12413,69335.2,9797.92,9081,70709.9,14519.8,20635.7,9.37555
5974.15,5963,65658.5,3290.8,3263,66094.4,5544.2,8331.96,9.37656
22493.3,18369,80250.3,16463.1,14017,76972.8,6152.2,19209.8,9.37859
16476.8,15841,68166.6,12436.6,12469,65365.9,4280.32,8317.14,9.37859
27700.4,17397,104350,11499.6,6741,111799,3420.76,11702.3,9.37859
6555.9,6752,63632.6,3524.12,3684,62691.8,10541.2,15195.2,9.37961
10446.8,10684,64081,4712,4808,64227.5,6909.16,15724.8,9.37961
16580.8,16861,64447.1,7473.08,7705,63563.4,7887.28,16537.6,9.38265
14507.3,14654,64880.1,6539.8,6542,65514,8628.28,14984.6,9.38265
12615.8,13157,62840.5,5558.64,5761,63234,13774.2,19094.4,9.38265
11048,10944,66159.1,7490.56,7108,69063.2,9923.32,17056.3,9.38467
14582.7,14993,63742.8,8830.44,8917,64899.8,4960.52,11193,9.38569
11428.9,11809,63426.8,5854.28,5701,67298,14606.4,18567.9,9.38771
21899.8,18593,77191.7,19513,16385,78047.2,27450.4,37794.1,9.39075
17360.2,17560,64790.3,8564.44,8568,65508.8,3906.4,9076.86,9.3938
10004.1,10492,62488.8,4808.52,4920,64051.1,8195.84,12979.2,9.3938
9572.55,10202,61492.5,4094.12,4154,64591.3,2203.24,7883.46,9.39684
8688.55,8762,64986.6,3707.28,3822,63568.9,3456.48,9104.16,9.39988
46905.3,38048,80792.3,36214,26864,88345.8,31787.8,48112.7,9.40596
12824.5,12620,66598,4720.36,4652,66499,12470.8,17453.3,9.40799
22334,21280,68782,17068.1,16752,66772.5,2002.6,556.92,9.409
13633.7,13688,65276.3,6938.04,6984,65104.7,2843.92,5437.38,9.41001
31779.8,26126,79718.3,21256.4,17722,78606.4,20213.7,29594,9.41204
9673.3,9733,65134,4014.32,4053,64910.6,7670.68,10804.6,9.41305
10481.9,10870,63196.1,5475.8,5526,64940.6,4940,11046.4,9.41305
11124.1,10389,70173.2,9387.52,9109,67539.9,6962.36,11643.1,9.41407
13336.7,13189,66269.9,5881.64,5877,65587.8,6574.76,14135.9,9.41508
10933.6,10869,65925.8,7054.32,6801,67977,4596.48,12356,9.41711
15052.7,14868,66350.1,9443.76,9360,66122.5,5292.64,9884.16,9.41812
6744.4,6840,64620,3038.48,3036,65589.5,6572.48,12590,9.42218
11414.6,11736,63741.5,5012.96,5068,64824.3,7384.16,13387.1,9.4242
5870.8,6352,60571.3,2623.52,2704,63585.4,2447.96,6125.34,9.4242
13808.6,13865,65269.4,5934.08,5785,67224.9,6103.56,13426.1,9.42522
9562.15,10039,62423.1,4269.68,4423,63264.2,5483.4,12631.3,9.42522
14469,13787,68777.9,11340.7,10859,68443.3,12807.5,16709.9,9.42724
11254.1,11085,66535.7,3993.8,4105,63760.7,4797.88,12198.4,9.43028
13456.3,13149,67067.6,3998.36,4029,65037.6,3606.2,10001.2,9.4313
8229,8277,65155.9,2976.16,3125,62414.6,15767.7,17956.4,9.43332
10710.7,10734,65393.7,3841.04,4026,62525.2,5396.76,12274.1,9.43332
9469.2,9172,67659.6,3887.4,4036,63123.1,3556.8,7948.98,9.43637
13672.7,13240,67678,4124.52,4232,63871.6,9006.76,15505.6,9.43637
20095.4,15304,86054.1,17307.5,14636,77498.2,2226.8,5446.74,9.43738
9429.55,9281,66585,3847.12,3873,65098.1,2984.52,7802.34,9.43839
7462,7360,66444.2,5815.52,5860,65038.6,6308,13206.2,9.44042
16863.6,16260,67968.8,5853.52,5668,67681.1,8815.24,15485.3,9.44042
10057.4,9567,68895.7,5379.28,5119,68868.2,4110.08,9235.98,9.44143
6295.9,6117,67452.7,2325.6,2401,63477.9,3839.52,6628.44,9.44143
7367.1,7033,68649.3,4138.2,4233,64068.3,2870.52,7885.02,9.44245
12392.3,12176,66699.9,5171.8,5312,63806.3,7627.36,13832.5,9.44447
13792.3,13348,67717.7,6087.6,6052,65921.5,5010.68,10739,9.44549
5187,5152,65981.2,2926.76,2980,64365.1,3557.56,7784.4,9.44549
12387.7,11760,69034,4909.6,4896,65718,2268.6,7081.62,9.4465
8672.95,8472,67090.5,4157.2,4312,63183.3,3259.64,9271.08,9.4465
44943.6,26317,111921,47921.8,29581,106170,7499.68,13788.8,9.44853
17709.3,14793,78455.6,15915.2,14205,73426,4868.56,13554.1,9.44853
16270.8,15827,67373.7,7381.88,7651,63230.8,3004.28,9287.46,9.44954
10216.7,9869,67844.9,5980.44,5945,65926.7,3984.68,11047.1,9.45157
7311.85,7323,65436.2,2783.12,2831,64427.6,3418.48,7246.2,9.45157
7468.5,7352,66574.5,3113.72,3276,62289.6,13460.4,17234.1,9.45258
12959,12349,68773.5,8824.36,8761,66010,6806.56,12647.7,9.45258
15074.8,15021,65770.7,4833.6,5081,62345,3017.2,8278.14,9.45562
17167.1,17052,65978.5,9208.16,9420,64062.2,6572.48,12143.8,9.45765
20130.5,16533,79796.3,13274.2,11829,73542.6,8561.4,17355.8,9.45765
10171.2,9569,69660.3,7189.6,7057,66767.4,14147.4,20992.9,9.45866
10594.3,10071,68941.6,4051.56,4131,64275.7,4421.68,10002.7,9.46069
24758.5,19228,84386,24073.8,20028,78774.6,23530.4,39957.8,9.46373
14415.7,14652,64479.1,5013.72,5192,63285.7,3242.92,9696.96,9.46576
10940.1,11245,63759.3,4416.36,4617,62688,3150.96,8401.38,9.46677
13865.1,13621,66710.7,9260.6,9061,66979.7,5688.6,9832.68,9.46677
8325.2,8348,65357,2899.4,3032,62669.9,2308.88,7036.38,9.46981
6882.85,6660,67728.9,6715.36,6400,68765.3,6706.24,16469.7,9.47285
11185.2,11333,64681.3,4466.52,4693,62373.3,5900.64,12634.4,9.47894
11605.8,11360,66953.7,5877.08,5924,65016.9,2757.28,7435.74,9.48096
13163.8,12898,66886.5,5522.92,5654,64016.6,2502.68,8133.84,9.48096
16826.5,16432,67109.6,7986.08,8116,64486.9,2846.96,6776.64,9.48096
5966.35,5856,66771,2463.16,2500,64570.3,2726.12,6594.12,9.48299
29411.8,22369,86169.9,20790.6,17301,78754.4,7289.16,14771.6,9.48299
13982.1,14353,63842.7,5229.56,5397,63502.8,8270.32,16267.7,9.48299
16686.8,15332,71327,12443.5,11376,71685.6,12951.2,25679.2,9.484
12173.8,11544,69111.7,9896.72,9480,68416.8,7251.92,11607.2,9.48806
9829.3,10232,62956.7,4196.72,4296,64021.5,2252.64,8158.8,9.49008
26694.8,21664,80754.9,18010.5,14976,78815.1,4329.72,7278.96,9.49312
13649.3,13396,66775.4,6215.28,6112,66643.4,10612.6,17707.6,9.49515
11072.1,11208,64741.4,4492.36,4508,65308.6,3426.84,8403.72,9.49617
11670.1,11873,64416,8017.24,7829,67111.7,2253.4,5222.1,9.49617
15054,14833,66512.4,7942,8101,64249.7,2260.24,5559.84,9.49718
9940.45,10419,62525.9,4853.36,4967,64036.6,3418.48,9721.92,9.49718
14115.4,14361,64415.2,5411.2,5561,63770.6,4134.4,10005.1,9.49718
24622.6,20213,79833.3,18676.2,15713,77895.1,4896.68,7763.34,9.49819
7900.1,8357,61953,4093.36,4305,62314.2,6946.4,13543.1,9.50123
11948.9,11965,65448.1,5381.56,5341,66033.7,3025.56,8477.04,9.50225
11908,12741,61251.3,6811.12,6901,64682.4,5415.76,13538.5,9.50732
6518.2,7076,60369.8,3247.48,3156,67435.6,13107,14718.6,9.50833
17476.5,16583,69067.3,9937,9187,70886.2,4142.76,12209.3,9.50934
33109,24881,87208.5,25130.2,20133,81802.5,19706,35671.7,9.5134
7074.6,7389,62747.5,3543.88,3721,62416.5,15889.3,17874.5,9.51441
13683.8,14249,62936.5,5749.4,5961,63209.6,7585.56,16468.9,9.51644
12559.3,12952,63549,6863.56,6824,65915.9,4256,10111.9,9.51745
17085.9,17426,64256.9,7269.4,7446,63981.7,6374.88,14456.5,9.51745
13063.7,13678,62592.7,5167.24,5262,64355.8,3190.48,10214.1,9.51846
38230.4,35031,71521.4,20004.7,18787,69783.9,12649.4,22659,9.52049
11370.4,11748,63429.8,4107.04,4164,64639.5,3841.8,9553.44,9.52049
10598.3,11271,61624.3,6726.76,6499,67832.7,2985.28,6735.3,9.52151
5255.25,6021,57201.1,2655.44,2789,62397.6,2147,5027.88,9.52151
11334,11756,63183.8,5012.96,5144,63866.5,5874.04,13162.5,9.52353
11367.8,12072,61713.3,4979.52,5020,65007.5,5952.32,12018.2,9.52353
13458.2,13845,63705.3,8096.28,8289,64012.3,2337.76,6243.9,9.52455
9672.65,10524,60234.4,3838,3960,63517,6214.52,11742.9,9.52657
10609.3,11116,62548.7,5809.44,6028,63159.8,6630.24,14550.9,9.52657
10631.4,10748,64825,6988.96,6684,68526.1,13282.5,17724.7,9.5286
22660.3,18673,79530.1,15433.3,13125,77062,16441.8,25522.4,9.5286
7792.85,7678,66516.3,3272.56,3386,63340.4,2662.28,7428.72,9.52961
9098.05,9121,65371.1,3611.52,3649,64862.9,2809.72,7761,9.53265
12068.5,12377,63902.8,3578.08,3661,64051.6,2553.6,7633.86,9.53265
9577.1,9925,63238.8,4981.8,5073,64357.8,7459.4,16060.2,9.53265
13221.6,13955,62092,4616.24,4711,64217.8,3593.28,8892.78,9.53468
8692.45,8548,66643.5,6812.64,6688,66757.4,11200.9,19964.1,9.5357
10786.1,11032,64075.2,4851.08,5032,63179.7,2670.64,8385,9.53772
27413.1,18741,95861.8,22977.8,18293,82319.8,36174.5,50022.2,9.53772
23367.5,18613,82276.5,15673.5,13509,76036.5,13333.4,20731.6,9.54279
11125.4,11496,63423.3,4222.56,4332,63880.4,6083.8,11959,9.54583
8572.2,8848,63493.2,3890.44,4128,61764.5,7245.08,11940.2,9.5509
10723.7,11204,62726.6,4167.84,4128,66168.5,2342.32,8873.28,9.5509
15901.6,16397,63556,7092.32,7017,66239.5,3404.8,9620.52,9.55293
9300.2,9856,61840.3,4530.36,4468,66450.7,4952.16,10987.9,9.55495
14560,15590,61206.2,4844.24,4930,64396,3594.8,8858.46,9.55495
11767.6,12177,63332.6,6754.88,6613,66942.1,6444.8,15772.4,9.55597
14584,14901,64142,9935.48,9745,66817,1974.48,2893.8,9.55698
12598.9,12981,63607.2,6954.76,7025,64880.7,3282.44,10234.4,9.55698
14957.1,15027,65231.4,12377.4,11475,70689.6,2394.76,4580.94,9.55901
6501.3,7468,57052.7,3233.04,3336,63513.3,17418.4,18117.1,9.56103
12857,13833,60912.1,3581.88,3705,63358.2,9734.84,16864.4,9.56205
4790.5,5524,56833.9,2827.96,2912,63644.6,8458.04,10824.1,9.56306
8895.25,9609,60668,3651.04,3817,62686.6,7554.4,14507.2,9.56408
12238.2,11381,70472.1,10218.2,9317,71875.1,9500,14594.6,9.5661
38942.1,32245,79147.6,28180.8,21313,86654,20529.9,44941.3,9.5661
10086,10860,60865.5,5564.72,5576,65403.4,2571.84,8528.52,9.5661
5308.55,6037,57628.1,3055.2,3125,64072.2,7607.6,11094.7,9.56813
11061,11660,62169.5,5754.72,5832,64667.6,3072.68,6237.66,9.56914
9537.45,10137,61659.9,5283.52,5229,66219.3,11151.5,18014.1,9.57117
6725.55,7487,58870.8,3017.2,3071,64387.9,6898.52,9746.88,9.57117
21318.7,20600,67822.4,14854.2,14472,67266.8,6246.44,9059.7,9.57218
10907,11389,62762.4,4895.16,4777,67157.1,2853.04,8753.94,9.57421
9362.6,9761,62861.1,6097.48,6037,66192.6,2223,6622.98,9.57827
20740.2,18280,74356.1,16075.5,14264,73859,17120.5,30329.5,9.58131
7454.85,7497,65167.5,3727.8,3805,64206.3,10286.6,15894.8,9.58232
9792.9,9941,64559.6,7307.4,6993,68482.4,7156.16,15028.3,9.58333
5278,5603,61734.6,2512.56,2531,65058.5,2818.84,6612.84,9.58333
6498.05,7016,60697.9,3397.96,3308,67318.2,2549.04,8055.06,9.58536
11950.9,12576,62278.5,4838.92,4932,64299.2,2643.28,9306.18,9.5884
9423.05,9602,64314.6,7952.64,7698,67703.9,2055.04,5311.8,9.58941
16313.7,14219,75190.6,16000.3,14319,73231,3824.32,11051,9.59144
14567.8,14249,67002.3,6441,6505,64891.2,6181.08,12760,9.59144
8977.15,9706,60614.7,4572.16,4650,64439,13970.3,19729.3,9.59246
33574.4,27268,80692.9,22472.4,19028,77399.3,10398.3,19737.9,9.59448
11417.3,11261,66445.3,4763.68,4717,66184.6,2736.76,7364.76,9.59752
6529.25,7140,59930.1,4265.88,4327,64610.3,5768.4,12235.9,9.59955
10606.7,10776,64506.4,4160.24,4200,64915.6,3782.52,9660.3,9.59955
23918.7,20464,76599.7,12082.5,10404,76108.9,3588.72,9913.8,9.59955
4967.3,5306,61352.6,2679.76,2766,63492.7,3211.76,7101.9,9.60056
14721.8,15105,63873.6,4505.28,4609,64061.2,3543.12,10719.5,9.60056
9075.3,9941,59828.9,6134.72,6353,63284.3,6646.2,15535.3,9.60158
7852.65,8486,60644.7,4081.2,4166,64202,6515.48,11854.4,9.60462
13796.2,13912,64990.7,8310.6,8312,65525,3776.44,10851.4,9.60665
13460.8,14220,62037.3,6409.08,6604,63601.7,6184.12,12199.2,9.60766
10407.1,11077,61572.9,4930.88,4929,65561,4970.4,12318.5,9.60766
19035.9,14049,88799,21842.4,16885,84777.2,6308,10906,9.60867
17902.9,17765,66044.9,10645.3,10449,66767.3,3312.08,6694.74,9.60969
10540.4,9896,69803.5,7056.6,6456,71632.8,14824.6,15856.6,9.61171
6485.05,6842,62117,3480.8,3498,65213.8,5529.76,10149.4,9.61273
15617.5,15232,67194.8,9273.52,8960,67829.2,11267,14047.8,9.61475
30782,26390,76443.1,34197,27426,81715.6,33000,50401.3,9.62185
11061.7,11733,61786.4,5880.12,5921,65083.5,8023.32,15486.9,9.62185
8981.05,9380,62748.6,4346.44,4304,66182.2,5826.16,13852.8,9.62692
8283.6,8829,61487.6,3805.32,3849,64792.3,3901.08,7915.44,9.62692
12611.3,12685,65155.2,9173.96,9017,66676.8,2148.52,5816.46,9.62793
11732.5,11874,64755,5883.16,5826,66179,3475.48,8930.22,9.62894
10101,10597,62468.5,4708.96,4805,64226.1,4280.32,9066.72,9.633
5757.7,6372,59217.9,2986.8,2976,65773.8,3526.4,7874.1,9.63604
24965.8,19614,83418.1,18715.8,15402,79636.2,6145.36,13287.3,9.63908
24824.8,20973,77572,21475.3,18457,76253.3,19703.8,29986.3,9.64009
14097.2,14497,63728.6,7612.16,7717,64645.7,3881.32,13368.4,9.64111
7564.05,7988,62057.8,3367.56,3332,66235.4,3435.96,9409.14,9.64111
10890.1,11229,63558.1,5194.6,5161,65962.7,4414.08,12173.5,9.64313
8860.8,9341,62166.9,4037.12,4057,65214.9,3386.56,10177.4,9.64313
11764.3,12159,63408.9,4857.92,4847,65683.6,5437.04,13295.1,9.64719
7393.1,7341,66001.1,6559.56,6237,68925.3,24578.4,27793.7,9.64719
13399.7,13492,65087.9,5335.2,5408,64653.8,2562.72,8023.86,9.6482
15099.5,14466,68406,11773.2,11474,67244.7,3478.52,8673.6,9.64922
5881.2,6320,60985.8,2606.8,2656,64322,3246.72,9024.6,9.64922
6659.9,6812,64072.7,3041.52,3036,65655.2,5734.96,8010.6,9.65124
13330.8,13820,63216.4,5140.64,5256,64097.6,2556.64,6966.18,9.65226
8351.85,8537,64114.7,4043.2,3993,66359.9,8316.68,12859.9,9.65327
4986.8,5605,58307.8,2870.52,2965,63447.7,3687.52,8707.92,9.65631
11625.3,11906,63990.6,7555.16,7414,66783.8,6070.12,14967.4,9.65935
5308.55,5524,62979.9,2768.68,2816,64434.7,3246.72,7844.46,9.66341
9483.5,9440,65838,6520.04,6256,68302,3792.4,7356.18,9.66341
13622.7,13245,67404.9,5375.48,5385,65420.1,3516.52,10250.8,9.66341
15858,15560,66791.3,8818.28,8856,65256.9,3437.48,9311.64,9.66645
6964.75,7333,62244.9,3258.12,3329,64140.6,4503,9535.5,9.66645
15145.6,15493,64066.7,7239.76,7269,65272.4,2772.48,7974.72,9.67151
9878.05,9896,65417.1,4136.68,3996,67843.2,3992.28,11110.3,9.67557
13310.7,13249,65841.2,4776.6,4709,66476.8,2413,7523.1,9.67658
15717,15625,65921.9,6021.48,5993,65847.4,3252.04,9292.92,9.67658
6717.75,6797,64771.9,4039.4,4025,65770.5,12862.2,17195.1,9.6776
14605.5,14389,66522.1,5765.36,5793,65223.3,3904.88,12123.5,9.6776
14819.3,14771,65750.5,6622.64,6679,64983,4439.92,8089.38,9.6776
6667.7,7082,61702.1,2767.92,2842,63827.7,4186.84,8335.86,9.68165
14254.5,13977,66837.1,7942.76,7897,65915.8,2283.04,6725.94,9.68165
13381.5,13683,64092.2,5605.76,5751,63880.9,2517.12,8153.34,9.68773
11757.8,11804,65279.8,8469.44,8284,67003,7029.24,15355.9,9.68875
37102,29828,81517.9,26246.6,20160,85322.3,10504.7,23737.7,9.69077
15616.9,15161,67506.7,10747.2,10317,68268.5,4421.68,9189.96,9.6928
15273,15104,66269.5,6966.92,7188,63520.3,3396.44,10274.2,9.69787
10375.3,10480,64881.3,7578.72,7424,66901.8,12934.4,17518,9.70192
14998.7,15140,64924.6,7372.76,7264,66517.2,2846.2,7483.32,9.70192
14132.9,14397,64334,7026.96,7145,64453.3,4185.32,11210.9,9.70395
13145.6,13379,64392.7,5536.6,5607,64713.1,3052.16,8360.82,9.70496
14409.2,14158,66698.8,7405.44,7162,67763.6,9862.52,15755.2,9.70598
6308.25,6721,61511.3,3553.76,3605,64604.5,6202.36,11275.7,9.70699
7092.15,7125,65233.8,2863.68,2977,63041.4,2196.4,6605.04,9.71307
8927.75,8569,68279.7,6988.96,6569,69725.8,5810.2,10976.9,9.71408
17082,16861,66395,7658.52,7785,64471.3,3914,10597.1,9.71408
20806.5,17622,77379.1,16504.9,14198,76184.4,5574.6,11419.2,9.71408
9599.85,9770,64394.6,5032.72,4938,66793.1,15362.6,22868.8,9.7151
9015.5,9381,62982.6,3478.52,3585,63589.5,9957.52,17180.3,9.7151
12840.1,12624,66657.9,4632.2,4676,64922.1,9599.56,14979.9,9.71712
11406.8,11633,64262,4166.32,4325,63131.5,3432.92,9904.44,9.71915
9525.1,9751,64017.7,5068.44,5091,65245.6,6387.04,10191.5,9.71915
38026.9,32624,76389.6,24888.5,21088,77346.9,10689.4,20964.8,9.72017
12574.3,12729,64739.3,5218.16,5385,63505.5,2827.96,9858.42,9.72118
9737.65,9324,68443.4,4073.6,4120,64797.9,5469.72,10843.6,9.72422
20123.3,16692,79008.1,17558.3,15056,76428,17202.6,29795.2,9.72625
18903.9,18286,67750.7,7805.2,7754,65968.7,5132.28,14138.3,9.72827
6279,6135,67074.3,2381.08,2483,62845.9,7495.88,11753,9.72827
9636.25,9304,67876.3,3671.56,3852,62466.1,3066.6,8872.5,9.7303
17273.8,16608,68163.1,7499.68,7540,65185.5,16511.8,22193.3,9.73131
12639.3,11640,71162,7970.12,7708,67764.6,5136.84,13689.8,9.73131
5285.8,5093,68016.9,2196.4,2289,62884.8,3709.56,8279.7,9.73233
7617.35,7313,68263.5,3061.28,3233,62055.1,8261.96,12255.4,9.73436
6878.95,6749,66797.9,2803.64,2941,62475.1,3975.56,9742.2,9.73436
12857.6,12745,66115.3,6484.32,6585,64534,5313.92,13361.4,9.74044
5740.8,5615,67004.3,2558.92,2619,64032.6,3298.4,7557.42,9.74348
14379.3,14261,66079.6,9034.12,9397,63005.2,4634.48,8725.86,9.74551
18835,18414,67034.5,6645.44,6894,63173.1,4075.12,11071.3,9.74855
19572.8,18749,68415.5,9845.8,9913,65091.7,4078.92,10046.4,9.7526
8493.55,8542,65164.3,2922.2,3065,62482.6,6613.52,13010.4,9.75361
11832.6,11701,66273.1,5542.68,5681,63940.3,5200.68,10116.6,9.75564
32033.3,23313,90049.9,24883.2,18449,88391.9,7025.44,13853.6,9.75767
6929.65,6637,68425.7,2955.64,3033,63864.4,8922.4,13584.5,9.75767
10188.1,10021,66628.8,3426.84,3473,64664.9,9138.24,14704.6,9.75868
12601.5,12231,67521.5,6004,6167,63803.8,16514,28594,9.7597
20090.8,16423,80172.6,14934,13059,74945.6,2888,7695.48,9.76071
10804.3,10889,65026.2,4648.16,4841,62925.4,8276.4,13021.3,9.76172
9434.75,9317,66364.3,3283.96,3445,62472.5,2248.08,6318.78,9.76172
15165.8,14734,67456.6,8184.44,8426,63657.2,3205.68,5500.56,9.76172
8777.6,8477,67860,4039.4,4073,64995.4,10563.2,14572.7,9.76375
6953.7,6538,69702.9,3210.24,3246,64814,2267.84,6703.32,9.7678
26506.3,18090,96026.5,24036.5,18910,83302.9,2954.12,3113.76,9.76882
15705.9,15741,65390.1,8017.24,8109,64794.4,9830.6,15692,9.77084
31186.3,26647,76700.1,19519.1,17379,73606.2,12876.7,30969.1,9.77084
26178.1,22462,76378.2,20023.7,18254,71889.7,13372.2,28580.8,9.77388
12978.5,12741,66757.9,8889.72,8693,67019.1,5703.04,12960.5,9.77388
15857.4,15900,65360.4,5480.36,5644,63635.9,2395.52,8307,9.78199
10815.3,11069,64034.2,4331.24,4445,63858.8,11282.2,16084.4,9.78605
11388,11131,67049.1,6351.32,6027,69062.6,7264.84,15734.9,9.78706
12175.8,11869,67230,6447.84,6361,66430.7,3639.64,11383.3,9.78808
19861.4,15817,82293.5,19523.6,16269,78646.6,3473.2,5985.72,9.78808
10563.1,10213,67782.9,6065.56,5749,69144.6,3546.16,9633.78,9.78909
11201.4,11172,65708.8,4794.08,4720,66564.6,10626.3,17479,9.7901
18401.5,13769,87585.2,21294.4,17561,79468.9,2815.8,7867.86,9.79112
22116.3,19120,75806,16573.3,14804,73368.6,4839.68,11756.9,9.79517
19912.1,17527,74454.2,9607.92,8327,75617.2,2604.52,10132.2,9.79517
12153.7,12093,65865,5596.64,5593,65578.7,4363.92,11140,9.79618
8068.45,8218,64343.4,3429.12,3529,63681.2,12350,15522.8,9.79922
13314.6,13312,65548.8,4461.2,4596,63613.8,8685.28,16029,9.79922
9987.25,9949,65788,6132.44,6281,63985.9,7596.2,15628.1,9.79922
13605.8,13533,65888.6,8999.92,8749,67415.6,9332.04,15494.7,9.80024
9566.7,9633,65084.9,3815.96,3841,65108.8,3157.04,8467.68,9.80328
17641.6,16909,68375.6,8333.4,8093,67482.7,7184.28,11888,9.80429
15732.6,15185,67899.4,6746.52,6629,66697.8,2071.76,6490.38,9.80531
5183.75,5176,65634.1,2764.88,2828,64073.3,2905.48,6324.24,9.80835
12248.6,12141,66116.8,6692.56,6685,65610.1,4887.56,10608.8,9.80936
17284.8,17048,66446.3,6691.8,6872,63817.5,6170.44,14781.8,9.81037
16627.6,13521,80593.9,17685.2,15397,75275.5,18708.9,31525.3,9.81139
14365.6,14041,67051.3,6797.44,6957,64032.9,2964.76,6846.84,9.81139
14809.6,14579,66572.6,5804.88,5943,64012.9,5182.44,12680.5,9.81139
17505.8,16969,67609.2,8740,8909,64292.8,3795.44,9881.04,9.8124
29296.1,25265,75992.6,18406.4,17249,69933.6,3087.88,451.62,9.8124
11722.1,11284,68080.4,7258,6944,68499.5,3162.36,7636.2,9.8124
39342.5,28655,89979.2,26354.5,20251,85288.1,29971.4,47768,9.81341
13392.6,13216,66411.7,8291.6,8164,66560.3,3406.32,8331.18,9.81443
11426.3,11252,66551.5,4233.96,4308,64409.7,2847.72,7289.1,9.81544
12905.1,12744,66364.4,6280.64,6456,63755.9,5238.68,12980.8,9.81645
14413.7,14012,67415,8391.92,8300,66261.8,9915.72,14960.4,9.81848
9479.6,9481,65526.3,4692.24,4861,63260.8,2508,8092.5,9.81848
7829.25,7655,67027.8,3583.4,3591,65397.3,2267.08,6438.9,9.8195
27715.3,23240,78156.3,21828,19528,73254.7,27359.2,35759.1,9.82152
9465.3,9493,65344.8,4904.28,5061,63506.6,3898.04,11370.1,9.82152
14771.2,14541,66573.7,7096.12,7213,64474.1,2468.48,8486.4,9.82152
13721.5,13657,65845.5,6353.6,6489,64168.5,2241.24,6526.26,9.82355
15362.1,15220,66147.9,5442.36,5508,64755,5979.68,13891,9.82456
20213,18721,70759.2,13396.5,12661,69343.2,5482.64,8599.5,9.8276
11679.2,11776,64997.3,5565.48,5732,63632.1,4241.56,10807.7,9.8276
17839.3,17495,66825.6,8631.32,8791,64345.6,5117.84,11932.4,9.82862
12106.3,12184,65117.8,3543.88,3640,63805.4,7687.4,12943.3,9.82963
22173.4,18289,79455.4,19835.2,17473,74396.1,10431,29693.8,9.82963
11772.1,11960,64506.7,3282.44,3372,63795.4,12276.3,19262.1,9.83065
5173.35,5336,63538.4,2342.32,2440,62912.4,10362.6,13628.9,9.83065
23392.2,17828,85990.1,18803.2,15108,81565,8619.92,14834,9.83369
5987.8,6209,63201.2,3279.4,3365,63868.9,9830.6,12800.6,9.83673
11806.6,11816,65483.9,7182,7164,65700.7,3271.04,10427.8,9.83875
9038.9,8656,68435,6217.56,5840,69772.9,3100.04,9376.38,9.83977
20655,17046,79411.6,18556.2,14838,81958.3,15962.3,23667.5,9.83977
43998.5,26041,110729,43396.8,25965,109534,31954.2,53438.6,9.83977
25649.6,20968,80168.6,20728.2,17912,75840,18367.7,27640.9,9.84179
7733.7,8009,63283.3,3958.84,4073,63699.1,2837.08,8030.88,9.84179
6985.55,7199,63592.9,3470.92,3499,65010.1,18762.1,19560.8,9.84382
14092.6,13949,66210.9,7172.88,7161,65644.7,7092.32,10057.3,9.84484
8511.75,8528,65411.1,4848.8,4900,64851.2,2484.44,6885.06,9.84585
12772.5,11965,69958.9,9691.52,9561,66430.6,5045.64,12210.1,9.84788
9244.95,9440,64181.9,4314.52,4288,65941.3,11976.8,19517.9,9.84889
13183.9,13273,65096.3,5250.84,5273,65260.6,3023.28,8932.56,9.8499
4979.65,5325,61285.7,2290.64,2361,63583,3625.2,7197.84,9.85092
11995.8,11856,66308.5,5776,5668,66784.7,5177.12,12115.7,9.85092
10727.6,10604,66299.9,3021,3080,64280.6,6168.16,10051.9,9.85396
22179.9,13625,106685,12944.3,9197,92238.7,4085.76,11802.2,9.85396
11886.5,12002,64905.6,4198.24,4358,63133.5,3198.08,9129.12,9.85396
9210.5,9216,65496.9,3818.24,3744,66835.5,10207.6,14091.5,9.85598
8037.9,8335,63200,3735.4,3807,64303.4,6310.28,9970.74,9.85598
17121.6,13765,81517.2,10820.1,9633,73612.3,7984.56,20910.2,9.86004
11737.7,11725,65607,5076.04,5181,64208.3,3084.08,9491.82,9.86004
12644.4,12712,65187.7,6158.28,6284,64224.9,6510.92,13010.4,9.86004
12030.8,12018,65606.1,7017.84,7014,65571.9,4266.64,8016.06,9.86105
6242.6,6681,61235.6,3400.24,3485,63942.1,4481.72,10712.5,9.86308
13833.9,13168,68850.4,8470.96,8116,68402.3,8746.84,17450.9,9.86511
9682.4,9953,63754.2,4443.72,4401,66172.1,2528.52,8288.28,9.86815
11205.3,11564,63503.4,4478.68,4584,64030.3,4411.04,10889.6,9.87017
10384.4,10801,63008.2,5251.6,5317,64729.9,7088.52,11467.6,9.87017
17334.8,15252,74485.8,15038.9,13440,73332.4,11438.8,18993,9.87017
11701.9,11924,64315.6,6370.32,6368,65559.9,4468.8,11886.4,9.87119
21349.9,18117,77230.6,14147.4,12501,74167.2,5542.68,13849.7,9.87423
10204.3,9833,68011,6801.24,6393,69721,15966.8,27768.8,9.87423
10691.8,10704,65461.6,3683.72,3684,65531,3865.36,10097.1,9.87524
10730.8,10896,64542.7,5541.92,5584,65042.1,2608.32,8593.26,9.87727
16529.5,14098,76839.1,15961.5,13974,74857.2,5458.32,10782.7,9.87828
10945.3,10921,65682.1,5084.4,5069,65735.1,5296.44,11161,9.8793
14001.6,14221,64525.1,9199.8,9085,66364.1,4642.08,8235.24,9.88234
20723.3,17245,78754.5,18114.6,15609,76056,9059.96,18217.7,9.88335
11516,11873,63565.7,4730.24,4901,63252.6,3694.36,10331.9,9.88437
16812.9,16573,66484.7,9225.64,8749,69106.4,12708.7,18736.4,9.88639
14380.6,14260,66090.3,5962.2,5892,66316.8,2633.4,7243.08,9.88741
5542.55,5972,60823.3,2964,3060,63480,2267.84,7133.88,9.88741
6633.9,7156,60754.5,3111.44,3248,62780.6,3512.72,7540.26,9.88842
7833.15,8032,63913.5,2918.4,2912,65680,3841.8,8659.56,9.88842
15873.6,15666,66404.7,7535.4,7458,66216.1,3568.2,11123.6,9.89045
13443.3,13387,65811.6,4907.32,4879,65916.4,14150.4,17439.2,9.89146
13386.1,13392,65507.1,4914.16,4928,65351.9,5117.08,12093.1,9.89146
10494.3,9609,71573.6,8611.56,8201,68816.9,12786.2,19821.4,9.89146
8802.95,8725,66121.5,4100.96,4273,62897.4,3210.24,8931.78,9.89247
10216.7,9793,68371.5,3069.64,3125,64375,6257.08,11633.7,9.8945
11216.4,11236,65421.7,6047.32,6192,64004.7,2640.24,8382.66,9.89551
12498.8,12344,66358.1,5043.36,5192,63659.8,6912.96,14404.3,9.89653
13208.6,13453,64345.7,5657.44,5917,62661.1,7539.2,17968.9,9.89653
9959.3,9380,69583.4,9711.28,9300,68434.3,14448.4,18284,9.89653
19977.8,16855,77678,16649.3,14807,73690.1,4607.12,11018.3,9.89957
20301.4,18216,73038.9,13258.2,12412,70004,12871.4,21869.6,9.9016
5719.35,5885,63691.3,3045.32,3177,62819.7,3464.84,8302.32,9.9016
11268.4,11520,64104.7,4713.52,4868,63456.3,5816.28,12256.1,9.90261
19560.4,15724,81525.9,21899.4,19820,72411.7,47645.9,50521.4,9.90362
7716.8,8009,63145,3586.44,3657,64271.5,7995.96,14447.2,9.90464
10439,10475,65310.8,4075.12,4219,63301,4403.44,9801.48,9.90869
10455.9,10457,65529.1,4721.88,4941,62629.7,4754.56,11350.6,9.91072
11051.3,10660,67941.7,4439.92,4384,66371.9,2914.6,8023.86,9.91173
13217.8,11916,72695.4,10370.2,9836,69095.3,14424,23611.4,9.91376
23791.3,20252,76989.3,20408.3,17624,75889.5,7153.12,11706.2,9.9168
16982.5,16976,65561.3,8871.48,8976,64772.9,6672.8,16721.6,9.9168
5991.05,6188,63450.1,3211.76,3356,62719.3,10298.8,13955,9.91781
16389.1,16524,65001,6298.12,6364,64857.6,6979.08,14613.3,9.92288
11618.8,11832,64354.8,8677.68,8412,67605.9,8887.44,15919,9.92288
9551.1,9804,63845.5,4249.16,4316,64521.1,4940.76,12647.7,9.92389
9951.5,9813,66461,4892.88,5029,63762.1,2349.16,8149.44,9.92491
16043.3,15672,67088.7,8839.56,8808,65770.8,2750.44,7247.76,9.92694
18623.8,16088,75865.8,17771.8,16588,70213.1,11422.8,21808,9.92795
11336,11253,66019.4,5167.24,5009,67606.4,4517.44,11242.1,9.92896
4950.4,5265,61620,2078.6,2133,63864.6,2784.64,5792.28,9.92896
10235.5,10213,65680.7,7372.76,7153,67549.4,8847.16,17291.8,9.92896
10218.6,10209,65597.9,5157.36,4929,68572.3,6245.68,14320.8,9.93099
9691.5,9702,65465.1,4723.4,4598,67323.4,11292.8,15983,9.932
11429.6,11369,65885.3,5918.12,5725,67746.7,4740.88,11324,9.93302
20276.1,17676,75176.2,14236.3,12456,74903,9178.52,17682.6,9.93504
13542.1,13393,66265.6,6827.08,6737,66412.3,6866.6,11700,9.93504
93772.3,49669,123728,97922.2,50261,127682,11745.8,2407.08,9.93504
10357.8,9464,71725,6894.72,6344,71225.1,15769.2,23469.4,9.93707
9727.9,9784,65160.2,4786.48,4764,65845.3,4149.6,9874.8,9.94315
11653.8,11488,66482.1,6940.32,6560,69335.5,8618.4,12708.5,9.94417
7065.5,7183,64464,3594.8,3583,65751.8,15494.9,14274.8,9.94417
12329.2,11454,70543.6,6466.84,5876,72125.7,3305.24,9058.14,9.94518
9306.7,9489,64276.9,3239.88,3329,63781.6,5393.72,10948.1,9.94518
7495.15,7861,62486,2948.8,3013,64139.6,3413.16,8859.24,9.95329
16142.7,15317,69069.1,11026.1,10545,68525.9,2067.2,5323.5,9.95329
13730.6,12985,69299.1,11007.8,10509,68646.9,10840.6,22158.2,9.9543
13403,13464,65239.1,5143.68,5292,63699.2,3743.76,10217.2,9.95937
13849.5,13300,68243.9,5925.72,5844,66452.4,2733.72,9414.6,9.9614
13453.7,13469,65461.5,6425.8,6509,64698.3,7416.08,15134.3,9.96241
11433.5,11781,63602.9,7719.32,7745,65318.7,4648.92,9813.18,9.96342
8679.45,9069,62721,3252.8,3325,64112.9,3673.84,9500.4,9.96342
27562.6,22036,81972.4,22450.4,18788,78311.1,5869.48,11575.2,9.96342
14176.5,13693,67850.1,10211.4,9353,71550.5,8066.64,13734.2,9.96748
10238.8,10240,65528.3,4065.24,4004,66538.4,7521.72,13237.4,9.9695
6587.1,6088,70908.7,2953.36,2924,66194,2628.84,7020.78,9.97457
15736.5,15477,66634.8,9106.32,9045,65980.3,3819,11299.1,9.9766
9048.65,8816,67265.5,4522.76,4532,65402.4,12404,17310.5,9.97761
6646.25,6616,65835.6,2936.64,3048,63141.6,4380.64,9327.24,9.97863
39161.8,31461,81577.5,27681.5,22725,79829.9,16931.3,34072.7,9.97863
15986.7,15576,67264.2,5677.96,5880,63284.1,2495.08,8529.3,9.97964
13998.4,13357,68683,7490.56,7561,64925.5,3323.48,10289,9.97964
11851.4,11936,65071.8,5887.72,5888,65532.9,4090.32,11451.2,9.98268
13655.2,13552,66035.1,5404.36,5440,65106.6,3067.36,10088.5,9.98268
13598.6,13473,66147.2,5688.6,5537,67330.3,9810.08,17421.3,9.98572
21191.3,18128,76610.4,14847.4,13204,73692.6,10732.7,18942.3,9.98674
11828.7,11629,66661.4,4895.92,4941,64938.1,9483.28,14708.5,9.98775
10361,10165,66799.7,3926.16,3889,66162.2,4790.28,10195.4,9.98876
13122.8,13024,66033.4,6121.8,6208,64626,3886.64,7770.36,9.99079
9459.45,8636,71784.9,6102.8,5848,68391.4,18050,24627.7,9.9918
13806.6,13544,66806.9,5864.16,6024,63797.1,3046.08,7045.74,9.99484
16145.3,15777,67066.1,6307.24,6293,65684.3,11056.5,15622.6,9.99687
8132.8,8091,65874.6,3421.52,3355,66835.4,17184.4,22858.7,9.99687
9922.25,9786,66448.5,5131.52,4986,67448.7,10866.5,19372.9,9.99991
11152.7,10953,66730.9,4043.96,4061,65261,4585.08,7385.82,10.0009
13093.6,12660,67780.6,8609.28,8496,66409.8,3532.48,9044.88,10.003
9076.6,8997,66115.8,4738.6,4613,67320.4,2889.52,8544.9,10.004
8054.8,7580,69641.1,5779.04,5592,67728,2693.44,7853.04,10.008
7855.9,7861,65493.5,3487.64,3633,62913.8,13966.5,15898,10.009
15772.9,15305,67539.6,7837.88,7933,64750.2,2879.64,7707.18,10.009
13372.4,13121,66791.9,5467.44,5621,63745.6,10269.9,18430.6,10.009
9672.65,9984,63492.3,4417.88,4596,62996.1,8838.04,16249,10.0131
9487.4,9628,64579,3154.76,3340,61901.3,8303,12844.3,10.0151
17390.8,14596,78084.4,11862.8,10656,72958.3,13031.7,22810.3,10.0171
13757.9,13641,66097.6,10459.9,10381,66034,16728.4,26530.1,10.0182
8658.65,8926,63573.1,3445.08,3614,62472.8,2576.4,8234.46,10.0192
17002,13664,81546.1,18430.8,15715,76861.5,20473.6,35684.2,10.0253
11590.8,10662,71245,5340.52,4950,70706.3,7103.72,13324.7,10.0253
9557.6,8592,72901.2,6932.72,6544,69428.9,9474.92,15787.2,10.0263
11573.9,11185,67814.7,6643.92,6705,64939,4496.16,12228.8,10.0273
12021.8,11372,69280.5,6661.4,6552,66630.3,16470.7,26715,10.0293
13037,12676,67402.7,5522.92,5684,63678.8,5120.88,11007.4,10.0364
12975.9,13077,65029.6,5873.28,6021,63928.1,3813.68,9828,10.0405
40045.8,32104,81748.2,28579.8,23036,81307.8,17641.9,42250.3,10.0425
15038.4,14660,67227.6,6091.4,6256,63811.7,3189.72,10629.1,10.0445
9259.25,9433,64328.9,3986.96,4029,64852.2,15668.2,16949.4,10.0486
10375.9,10277,66167,7058.12,6929,66757.3,11034.4,17370.6,10.0486
18788.9,14357,85766.5,11702.5,8817,86983.5,22147.9,23117.6,10.0496
5214.3,5560,61461.2,2593.88,2696,63053.6,4334.28,8470.8,10.0496
11182.6,11233,65242,4638.28,4709,64551.8,2200.2,7779.72,10.0516
11436.1,10606,70665.3,8797.76,8490,67911.7,17049.8,23737.7,10.0526
26739.7,21119,82978,17649.5,15003,77096.3,6951.72,16220.1,10.0546
11336.6,11281,65859.3,7012.52,6997,65681.4,11020.8,19375.2,10.0546
13906.7,13709,66481.3,8468.68,8349,66475.4,2865.96,5988.84,10.0557
11878.1,11216,69404.7,5781.32,5620,67417.2,19175.6,25123,10.0557
17783.3,15828,73632.2,14747.8,13764,70220.3,13511.3,18238.7,10.0607
13434.8,12972,67874.4,11907.7,11356,68719.8,4335.8,8605.74,10.0648
11632.4,11932,63890.5,6985.92,7052,64921.9,4044.72,10426.3,10.0678
14717.9,14713,65558,6377.16,6377,65537.6,3810.64,9590.1,10.0688
12039.3,12526,62989.6,6099.76,6218,64289.8,5946.24,13319.3,10.0719
15758.6,15688,65830.9,5187,5228,65022,2791.48,7937.28,10.0739
11265.1,11545,63947.4,4078.92,4205,63571,3858.52,9962.16,10.0759
10042.5,10381,63399,6545.88,6537,65625,5836.8,12767.8,10.079
9538.75,10129,61717,3878.28,4033,63021.8,3916.28,9639.24,10.0881
28762.5,23765,79317.4,15348.2,13269,75805.2,3450.4,6879.6,10.0891
15876.2,14112,73729.2,11643.2,10692,71366.3,7242.04,14827,10.0921
22607.6,17117,86558.1,12165.3,8765,90960.2,6383.24,13230.4,10.0921
10275.8,10791,62407.4,4892.12,4995,64186.2,6596.04,11337.3,10.0942
8555.95,8980,62441.3,6123.32,5984,67061.8,9914.2,18547.6,10.0952
14687.4,15280,62994.3,5751.68,6000,62823.7,2970.08,9801.48,10.0952
8987.55,9637,61119.4,6079.24,6181,64457.1,15894.6,22987.4,10.0972
8532.55,8772,63747.1,5475.04,5200,69002.4,3444.32,9200.1,10.0992
18335.8,17928,67026.9,10123.2,9928,66824.5,5988.04,11314.7,10.1023
11540.8,11845,63852.6,5947.76,5921,65832.2,10364.9,20213.7,10.1043
13612.3,13208,67542.1,8046.88,7688,68595.3,22027.1,22609.1,10.1043
7311.2,7580,63212,3653.32,3736,64085.7,2799.84,7073.04,10.1063
25266.8,19332,85655.1,28278.1,24128,76808.4,9123.8,14589.9,10.1074
14062.1,14256,64644.6,6352.08,6404,65004.7,4310.72,9299.16,10.1074
9646,9481,66676.5,6189.44,5933,68368.6,4913.4,9356.1,10.1104
15065,14929,66133.2,8021.8,7937,66236.2,3641.16,10928.6,10.1114
6125.6,6692,59989.1,2650.12,2740,63386.2,3725.52,6763.38,10.1114
7216.95,5840,80988,44016.9,38048,75817.2,181246,262143,10.1144
8704.8,9236,61766.8,4303.88,4448,63412.6,2211.6,7416.24,10.1155
12076.3,12144,65170.9,5485.68,5508,65270.4,4962.8,11208.6,10.1155
10097.1,10486,63105.4,4458.92,4646,62897.1,9683.92,13452.7,10.1155
8247.85,8444,64013.6,4249.92,4248,65565.6,3809.12,9345.96,10.1195
4893.85,5247,61125.1,3050.64,3151,63448.7,5869.48,11084.6,10.1205
14198.6,14428,64494,4885.28,4920,65073.5,3945.92,10657.9,10.1205
12513.1,11866,69110.2,7912.36,7738,67012.7,11163.6,17560.9,10.1226
20572.5,20236,66625.8,11833.2,11976,64754.6,5307.84,9253.92,10.1226
8730.8,8941,63995.3,4964.32,4889,66545.6,5580.68,12075.2,10.1266
7527.65,7889,62534.2,3805.32,3861,64590.9,3633.56,9407.58,10.1276
11449.1,11256,66660.3,4456.64,4648,62837.9,14837.5,20869.7,10.1286
10910.9,10913,65523.4,5245.52,5313,64703.6,8284,13552.5,10.1296
11777.3,12284,62833,4724.16,4888,63339.3,2698,9708.66,10.1307
10517,10705,64385.1,6091.4,6114,65293.7,4285.64,11487.1,10.1327
12142.6,12237,65030.7,5295.68,5453,63645.3,4059.16,9980.88,10.1378
13658.4,12936,69196.1,7244.32,7020,67630.2,4592.68,9339.72,10.1378
7048.6,6975,66227.5,2128,2139,65199,5833,7440.42,10.1408
12480,12501,65425.9,4924.04,5045,63964.7,5221.2,13450.3,10.1418
8618.35,9173,61573.3,3215.56,3345,63000,10761.6,14249.8,10.1428
10875.1,9656,73810.5,9126.08,8648,69159,6227.44,17933.8,10.1428
16314.3,16721,63942.2,6919.04,7153,63392.5,3516.52,11529.2,10.1438
11478.3,11500,65412.6,4613.2,4684,64545.4,3828.12,10232.8,10.1438
14142.7,14229,65138.5,6117.24,6325,63383.3,4531.88,11802.2,10.1449
11505,11405,66110.6,5943.2,5929,65693,5380.04,12233.5,10.1459
8359,8592,63758.8,4002.92,4000,65583.8,2528.52,6952.14,10.1469
9036.3,9327,63493.4,3400.24,3471,64200,2685.84,7397.52,10.1489
11497.2,11784,63941,4727.2,4764,65029.8,7271.68,13573.6,10.1499
11378.9,11627,64137.6,5118.6,5163,64972.4,3461.8,7769.58,10.1499
29440.4,21285,90646.4,21745.1,16789,84882.3,28567.6,44014.6,10.1509
32027.4,21552,97390.1,25526.1,17680,94619.9,9508.36,17174,10.157
12405.9,11772,69065,7121.96,6860,68038.6,12324.9,17479,10.158
6850.35,6967,64438.7,3100.8,3235,62817.3,3109.92,7218.12,10.1601
11493.3,11498,65509.2,6363.48,6238,66854.3,6779.96,14943.2,10.1601
6780.15,7048,63045.4,3401,3420,65171.9,4965.08,10220.3,10.1621
11823.5,12417,62403.6,4249.92,4433,62829.4,2381.08,8263.32,10.1641
8811.4,9032,63935.3,3529.44,3688,62718.4,4974.96,9691.5,10.1661
6275.75,6629,62043.7,3505.12,3557,64580.1,3358.44,8495.76,10.1661
6114.55,6325,63355.4,1909.88,1989,62929.1,2911.56,6503.64,10.1682
8244.6,8652,62450.1,3501.32,3612,63527.8,9526.6,14096.9,10.1692
13990.6,13909,65920.5,7453.32,7461,65468.5,2217.68,7007.52,10.1702
14824.5,14484,67076.9,10120.9,10208,64976.9,5190.8,12643,10.1712
13581.1,13405,66396.9,4548.6,4489,66406.1,2314.96,7732.14,10.1712
9228.7,9221,65590.7,3451.92,3569,63386.1,5828.44,11189.1,10.1722
9508.85,9592,64967.9,6208.44,6108,66613.7,4578.24,10257,10.1753
10140.6,10333,64316,6460,6665,63520.3,5588.28,12841.1,10.1763
14648.4,15009,63961.5,6415.92,6705,62710.5,4244.6,11916.1,10.1793
9913.8,10209,63641,5579.92,5473,66816.3,6067.84,13097,10.1803
8691.8,8288,68729,4459.68,4180,69921,3192.76,6669,10.1854
6479.2,6709,63291.2,3784.04,3845,64497,4752.28,10162.6,10.1874
19321.9,15257,82996.7,14646,12685,75667.1,2540.68,5785.26,10.1884
14883.7,14889,65512.7,5871,5917,65026.5,3233.8,8762.52,10.1895
13510.2,13461,65775.8,6523.08,6657,64217.6,2416.8,7577.7,10.1895
16880.5,16444,67275.6,9785.76,9640,66526.9,10833,14634.4,10.1905
10823.1,11033,64289.5,4791.8,4969,63198.9,2367.4,8431.02,10.1905
16965,16552,67171.2,11523.1,11048,68354.4,7219.24,11879.4,10.1905
11413.3,11461,65263.5,4439.16,4449,65391.1,5693.92,12888.7,10.1915
7027.8,7220,63791.4,4355.56,4356,65529.4,4571.4,8417.76,10.1925
6416.8,6733,62458.3,3089.4,3113,65039.2,6130.92,11527.6,10.1935
7352.15,7769,62019.6,2647.08,2761,62832,2733.72,6776.64,10.2036
12086.1,12189,64982.7,5382.32,5373,65649.7,8537.08,16635.8,10.2036
18534.1,15860,76585.8,15746.4,14068,73355,14840.5,20574.1,10.2036
21698.9,18138,78402.4,16612.1,14890,73115.5,2366.64,9265.62,10.2057
9971,9797,66700,6825.56,6389,70014.1,11765.6,15926.8,10.2077
18470.4,18261,66287.5,9387.52,9281,66288.2,5221.96,8121.36,10.2087
8767.85,8976,64016.2,6189.44,5888,68891.2,11756.4,18058.6,10.2097
11299.6,11649,63570.3,5440.08,5505,64763.1,2336.24,6926.4,10.2097
13857.3,14241,63770.5,6791.36,6961,63938.9,5882.4,10809.2,10.2117
13970.4,12997,70444.5,8527.2,7877,70945.6,14747,24198.7,10.2128
6072.95,6588,60412.4,2951.08,3064,63120.8,12954.2,14785.7,10.2128
11576.5,12016,63138.9,6830.88,6832,65525.3,4107.04,9582.3,10.2128
10270,10130,66441.7,4813.84,4566,69093.3,7036.84,14121.1,10.2158
9436.7,9047,68359,7689.68,7507,67130.8,19636.1,27578.5,10.2158
14086.1,14457,63854.9,9120.76,9225,64795.5,4577.48,10663.4,10.2188
8290.75,8616,63062,4126.04,4184,64628.1,17834.2,20597.5,10.2199
12254.4,12473,64387.7,5094.28,5101,65449.7,2868.24,7868.64,10.2209
9037.6,9514,62254.4,3320.44,3466,62783.7,2969.32,9233.64,10.2229
11189.1,11329,64726.7,5418.04,5441,65259.5,4047.76,11968.3,10.2229
20994.3,17059,80654.5,15324.6,13783,72866.3,7536.16,18869.8,10.2229
10452.6,10809,63375.4,3859.28,3945,64112,3676.12,9899.76,10.2239
16770.6,13549,81119,12877.4,11437,73790,2755.76,9748.44,10.2249
5036.2,5297,62309.3,3068.88,3169,63465.5,7337.04,11407.5,10.2249
21590.4,18020,78521,19704.5,16884,76484,10261.5,21868.1,10.2259
10562.5,10792,64142.3,4548.6,4572,65200.6,13597.2,16971.2,10.2259
12370.1,12797,63350,7806.72,7885,64885.4,8637.4,11701.6,10.228
10017.1,10508,62474.7,4566.08,4744,63078.1,2280.76,8128.38,10.228
13528.4,13150,67422.1,7843.96,7662,67092.4,4646.64,10777.3,10.229
12747.1,12815,65189,7086.24,7275,63835.6,4793.32,12781.1,10.23
5792.8,6179,61439.9,2504.2,2567,63932.7,3101.56,7038.72,10.234
13073.4,13096,65423.1,6156.76,6056,66626.4,9703.68,13300.6,10.234
16326.7,16277,65736.1,7949.6,7893,66006,2957.92,9738.3,10.2371
32984.3,21843,98963.3,32088.7,21027,100013,9380.68,22165.3,10.2371
13785.8,14050,64303.9,9389.04,9362,65725.3,2915.36,7192.38,10.2391
16472.9,15789,68374.9,11050.4,10281,70440.5,2166.76,6515.34,10.2401
7836.4,8116,63278.3,6909.92,6884,65782.8,4201.28,10070.6,10.2422
10139.3,10512,63212.8,6267.72,6320,64993.9,4944.56,11822.5,10.2442
11406.2,12013,62225.6,4598.76,4713,63947.4,4799.4,11590,10.2442
11032.4,11677,61918.5,4930.12,4969,65023.2,2365.12,8280.48,10.2472
7909.85,8441,61412.1,3150.96,3193,64673.1,7432.04,14081.3,10.2513
8895.9,8696,67042.5,6671.28,6364,68700.3,3515.76,10267.1,10.2533
8044.4,8464,62287.1,3858.52,3936,64245.9,4764.44,11258.5,10.2553
11534.9,11868,63696.6,5639.96,5804,63683.7,3410.12,10489.4,10.2563
21136,17153,80753.9,18759.8,16549,74291.2,14492.4,28621.3,10.2574
10959.6,10869,66082.6,6568.68,6465,66587,2023.12,4516.2,10.2584
14631.5,14581,65763,8595.6,8401,67054.1,7625.08,16877.6,10.2594
13387.4,13197,66481.5,11941.1,11613,67387.7,2777.8,5160.48,10.2624
10811.4,10502,67467.1,8844.88,8454,68566.1,2167.52,6394.44,10.2634
11274.9,11604,63677.3,4588.88,4740,63446.6,6026.04,13053.3,10.2634
6431.75,6716,62762.2,3854.72,3964,63729.3,15991.9,16781.7,10.2645
12586.6,11961,68963.8,7736.8,7357,68919.3,6080.76,13187.5,10.2675
13174.8,12449,69357.1,10370.2,9473,71743,13023.4,16312.9,10.2685
9468.55,9765,63546.4,3809.88,3905,63939.6,4711.24,10785.1,10.2685
6375.2,6648,62846.7,3214.04,3288,64061.8,3764.28,9500.4,10.2695
13924.3,13626,66970.7,5531.28,5438,66660.2,4505.28,13157.8,10.2705
16747.9,16468,66649.9,9069.84,9152,64947.7,3399.48,9287.46,10.2716
11474.4,11540,65163.7,4186.08,4368,62806.5,3349.32,9402.9,10.2756
25062.7,19475,84339.4,19853.5,17031,76397,6648.48,15406.6,10.2766
12598.9,12245,67430.4,6346,6161,67503.9,23520.5,26658.8,10.2776
13223.6,12746,67991.7,8531.76,8574,65213.1,2721.56,5319.6,10.2797
12620.4,12661,65325.8,5320,5589,62381.7,8174.56,14324.7,10.2797
8210.15,8156,65971.1,3643.44,3772,63302.4,2587.04,7395.96,10.2807
18589.3,15697,77611.8,13867.7,12817,70908.6,2782.36,6612.06,10.2817
13631.8,13497,66190.5,6890.92,6765,66755.9,10086.7,14250.6,10.2817
10897.3,10951,65214.3,4838.16,4999,63427.4,5691.64,16878.4,10.2817
16250.6,16049,66359.4,10150.6,10065,66093.1,7181.24,14539.2,10.2837
7581.6,7625,65163,3415.44,3401,65814.3,2496.6,8216.52,10.2847
35208.5,28349,81393.6,27233.8,20813,85753.9,4309.2,8903.7,10.2888
7961.2,8245,63280.2,4346.44,4517,63061.4,10687.9,11820.1,10.2908
16032.2,15733,66782.5,9433.12,9397,65787.9,2061.12,5921.76,10.2928
25060.8,20241,81141.3,21207.8,18209,76329,6646.96,12494.8,10.2959
9004.45,9228,63948.4,4410.28,4412,65510.4,2478.36,7258.68,10.305
8337.55,8020,68130.9,3790.12,3812,65159.8,2152.32,5078.58,10.3111
11027.9,10577,68329.8,6912.96,6801,66614.9,14886.1,19930.6,10.3121
26061.8,21029,81220.4,17870.6,15445,75828.4,11517,22861.8,10.3131
16572.4,15900,68307.5,8493.76,8332,66808.3,4924.04,9349.86,10.3151
17213.3,16828,67036.5,9810.84,9768,65823.4,6128.64,14235,10.3182
5950.1,6135,63560.8,2859.88,2979,62915.4,7178.2,11169.6,10.3192
12753,12589,66389.8,5894.56,6141,62906,12622.8,18511.7,10.3202
12394.2,11788,68906.2,7138.68,6748,69330.2,26633.4,29498.8,10.3212
8074.95,8301,63751.3,3792.4,3929,63257.5,9230.2,14902.7,10.3222
6795.1,7056,63112.8,3612.28,3760,62961.3,6915.24,11386.4,10.3232
8256.3,8452,64018.6,4461.96,4560,64127,7620.52,12972.2,10.3243
12338.9,11884,68044.9,6221.36,6348,64228.6,4949.12,8611.98,10.3293
10400.6,9217,73952.2,6943.36,6545,69524.8,7710.96,13341.9,10.3293
21497.4,20725,67978.6,10352,10629,63827.8,5570.8,12827.1,10.3303
11778,11058,69803.1,6200.08,5842,69553,11188.7,19669.3,10.3334
14014,13245,69341,4887.56,4777,67052.8,2751.2,8231.34,10.3344
11727.9,11360,67658.7,6657.6,6580,66308.9,2146.24,7537.14,10.3374
15037.1,14508,67926.1,6367.28,6508,64118.9,9565.36,12853.6,10.3384
8869.9,9096,63907,2711.68,2824,62929.4,3530.2,8952.84,10.3384
27214.2,21072,84638.8,29032.8,24624,77269.8,4872.36,10884.9,10.3384
13891.1,13068,69664.1,7255.72,6748,70466.9,12394.1,19695.8,10.3395
7818.85,7925,64658.2,3474.72,3601,63237.8,4093.36,9170.46,10.3405
6488.95,6266,67867.8,3011.88,3120,63264.9,2542.2,6448.26,10.3425
22963.2,22204,67776.8,11294.4,11528,64207.8,3492.2,6150.3,10.3435
13131.9,12677,67887.9,6163.6,6097,66251.9,6979.08,16747.4,10.3435
17289.3,16211,69895.4,7119.68,7079,65912.6,7840.92,14082.9,10.3486
8281,7397,73368.1,2773.24,2769,65636.4,3832.68,8112.78,10.3486
14782.9,14245,68010.9,4731,4817,64366,5822.36,11933.2,10.3486
12080.9,11477,68984.4,4683.88,4625,66370.3,3990.76,10680.5,10.3506
14922,14204,68849,6642.4,6632,65638.8,4430.8,10369.3,10.3547
10065.3,9261,71227.3,6197.04,6137,66177.2,2426.68,8431.8,10.3557
11438,11136,67313.6,4475.64,4420,66361,3435.96,7279.74,10.3557
25303.8,16324,101587,28305.4,20832,89046.9,2399.32,203.58,10.3577
10155.6,10016,66449.4,6308.76,6256,66088.7,4256.76,10023,10.3597
18145.4,15152,78483.2,12420.7,11440,71154,7471.56,20011.7,10.3597
16545.8,15112,71753.7,6816.44,6664,67035.2,3038.48,9989.46,10.3618
8185.45,7285,73636.5,2956.4,2913,66512.4,7102.2,11069.8,10.3618
12826.4,12114,69390.3,6315.6,6150,67300.7,3323.48,9181.38,10.3668
9580.35,9225,68060.5,7804.44,7373,69370.9,13110.8,22386,10.3719
24064.9,20689,76229.9,11341.5,10149,73236.3,8216.36,22216,10.3749
6401.2,6211,67542.9,2691.92,2791,63209.5,4651.96,9057.36,10.3749
20066.8,15717,83673.6,19374.7,17121,74162.7,2286.08,6328.14,10.377
13400.4,12904,68057.1,5349.64,5452,64305.6,2191.08,7239.96,10.379
15219.1,14155,70462.7,9124.56,9055,66039.4,2143.2,5107.44,10.381
28416,22181,83958.1,16142.4,13829,76499.3,14523.6,27670.5,10.382
36309,29741,80009,24600.4,20905,77121,20213,33226.4,10.383
9890.4,9825,65972.2,3426.08,3365,66725.6,10659.8,13719.4,10.3841
10947.9,10909,65770,4280.32,4173,67221.4,6798.96,13240.5,10.3861
8012.55,8108,64764.5,3170.72,3176,65427,2223,7191.6,10.3891
8596.25,8320,67712,3786.32,3664,67723.9,5460.6,9909.9,10.3891
13258.7,12596,68984,6333.08,6080,68263.9,5956.88,13341.1,10.3891
6199.05,6129,66285,2715.48,2625,67794.9,9771.32,13734.2,10.3901
14482.6,14262,66549.9,7983.04,8114,64478.3,7109.04,14199.1,10.3901
16099.8,16172,65243.6,6320.16,6504,63683.6,7102.96,14989.3,10.3912
32676.8,20465,104642,12766.5,7317,114345,6602.88,12863,10.3932
9794.85,9293,69075.1,4917.96,4617,69808,3587.96,9897.42,10.3942
27497.6,21292,84636.6,15105.8,12412,79759.2,9094.92,17833.1,10.3952
5142.8,5149,65457.1,2174.36,2201,64742.8,4051.56,8112.78,10.3982
16174.6,15597,67963,6885.6,6701,67341.4,9388.28,15885.5,10.4003
9644.7,9876,64001.1,4531.12,4468,66461.8,14786.6,19594.4,10.4043
11809.2,12256,63146.8,4594.2,4640,64889.1,5396.76,12001.9,10.4053
6345.95,6873,60510.4,2716.24,2781,64009.9,10263.8,15236.5,10.4053
5379.4,5665,62232,3191.24,3137,66669.1,5454.52,10034.7,10.4053
8405.15,8785,62702.3,4902.76,4769,67374.1,3645.72,9742.2,10.4064
10338.9,10728,63159,4389,4364,65911.4,5758.52,12665.6,10.4074
16112.2,15489,68172.8,7707.92,7301,69188.6,2279.24,8562.06,10.4094
19742.4,19621,65941.6,9921.8,9793,66397.9,3814.44,8307.78,10.4165
7643.35,7979,62779.1,3247.48,3263,65224.3,2239.72,7346.82,10.4165
12927.8,12873,65815.2,6608.2,6317,68557.1,6187.92,13952.6,10.4185
6787.3,7432,59851,2085.44,2072,65961.1,9404.24,14118,10.4195
10034,9749,67452.2,7569.6,6949,71388.9,6333.08,12990.9,10.4216
9798.1,10222,62818.3,4319.08,4350,65070.2,7720.84,14614.1,10.4256
5278,5541,62425.4,2501.16,2517,65123.6,2494.32,5012.28,10.4266
23748.4,17220,90381.8,30675.9,23108,86999.1,18163.2,28107.3,10.4287
16938.3,16273,68215.5,6843.8,6837,65601.2,3335.64,10248.4,10.4307
12086.8,12037,65806.9,6079.24,6113,65174.1,7530.84,14318.5,10.4307
21246.5,17203,80940.2,15355,12983,77509.7,6040.48,15591.4,10.4337
11639.5,12185,62602.4,5415.76,5533,64147.3,2530.8,8927.88,10.4337
9484.15,9620,64610.5,4081.96,4032,66348.1,2403.88,8341.32,10.4368
4662.45,5027,60783.4,2166.76,2199,64575.2,5690.88,9776.52,10.4388
13540.8,13857,64040.5,5552.56,5585,65155.3,3494.48,9906.78,10.4398
20783.1,17300,78730.7,12793.8,11156,75157.5,2707.12,7328.1,10.4408
7476.95,7565,64773.2,3538.56,3613,64185.7,16512.5,19473.5,10.4408
16452.8,16569,65076.4,5924.96,6045,64234.6,5031.2,11760.8,10.4418
11060.4,10853,66788.4,6569.44,6625,64986.4,8942.92,16841.8,10.4418
10228.4,10313,64998.4,4581.28,4681,64139.9,14180.1,17997.7,10.4418
15411.5,12297,82134.5,15278.3,13705,73059.3,5940.92,11664.1,10.4439
12749.8,13024,64156,4343.4,4416,64458.6,4489.32,9373.26,10.4449
13449.8,13153,67014.8,6386.28,6417,65222.3,2375,7041.84,10.4449
9675.9,9388,67545.8,6381.72,6284,66555.1,2950.32,7914.66,10.4459
7959.9,8085,64522,3226.96,3313,63834,10537.4,15653,10.4489
9809.8,8712,73794.2,6520.04,6012,71074.1,3277.12,10619.7,10.4499
8632.65,8656,65359.2,4106.28,4052,66413.9,2488.24,6600.36,10.451
13356.8,13293,65850.8,9122.28,9113,65602.7,4791.04,11689.9,10.453
12851.8,12933,65124.5,8103.12,8037,66075.2,8360,15905.8,10.454
15116.4,14868,66630.9,8714.92,8560,66722.1,9189.16,15238.9,10.457
6719.7,6545,67285.3,4872.36,4725,67579.9,3340.96,9188.4,10.4662
5639.4,5492,67294.9,2649.36,2640,65768.4,5719.76,10187.6,10.4662
20944.3,15836,86676.3,23072.1,19768,76489.9,20091.4,28385.8,10.4672
8696.35,8890,64108.4,4224.08,4394,63001.7,2835.56,8211.84,10.4712
11243.7,11415,64552.5,5405.12,5555,63767.8,4392.04,11263.2,10.4722
8388.25,8229,66804.3,4230.16,4225,65616,4613.96,10822.5,10.4733
19652.1,16405,78507.8,16951.8,14817,74978.3,13922.4,24211.2,10.4733
6324.5,6260,66211.3,2784.64,2884,63278.1,3573.52,4839.9,10.4733
9081.15,8529,69778.7,3686,3617,66786.2,9372.32,15167.1,10.4783
12888.8,11153,75736,9619.32,8805,71597,9756.88,15757.6,10.4783
9566.7,9097,68919.8,3860.8,3929,64398.4,3093.2,8638.5,10.4783
6219.85,5821,70026.5,2798.32,2845,64460.7,2935.12,6239.22,10.4824
7506.2,7349,66937.9,1995.76,2069,63216.1,5540.4,9070.62,10.4834
11272.3,11778,62722.1,3110.68,3158,64554,2685.84,9097.92,10.4854
19429.8,18774,67825.3,11153.8,11282,64791.1,5395.24,9174.36,10.4895
7262.45,7009,67905.8,3127.4,3121,65670.4,5246.28,9937.2,10.4945
19732.7,18480,69978.5,7787.72,7572,67403.1,2975.4,4431.96,10.4955
10434.4,9853,69403.4,3999.12,3981,65834.3,3119.04,8845.98,10.4976
14206.4,13360,69687.9,5437.04,5360,66478,8607.76,16837.1,10.4976
15314.6,14776,67925.1,5160.4,5244,64491.2,5049.44,12936.3,10.4976
17575.3,15432,74638.3,12820.4,11208,74964.3,5338.24,10839.7,10.5037
12366.9,12040,67315.4,6067.84,6076,65448,3375.92,10086.2,10.5037
16125.8,15713,67257.9,7243.56,7313,64913.7,2965.52,9255.48,10.5057
14780.3,15008,64541.9,5785.12,5956,63655.8,2086.2,7393.62,10.5077
25988.9,18813,90533.8,21843.9,16749,85471.6,17575,30764.8,10.5087
6852.3,6620,67835.7,3204.16,3164,66367.8,7527.8,29107.3,10.5097
8780.85,8572,67132.7,3448.88,3516,64284.9,4119.2,11480.8,10.5108
11469.3,11280,66635.5,3993.8,4100,63838.5,2324.08,8163.48,10.5108
19320.6,17000,74482.1,9366.24,8268,74241.2,5079.08,8192.34,10.5138
17089.8,15876,70546.6,9487.08,8884,69984.8,9881.52,22421.9,10.5158
27397.5,18493,97092,37078.1,26205,92728.6,28009,32795.1,10.5189
28115.1,26404,69783,21444.2,20048,70100,35482.9,50463.7,10.5189
8216,8552,62961.1,3414.68,3468,64528.4,3452.68,8026.98,10.5189
11397.1,11873,62909.1,4639.8,4821,63072.8,6054.16,12643.8,10.5189
6204.9,6600,61612.8,2419.08,2524,62811.7,2456.32,6685.38,10.5189
11003.8,9533,75647.6,7768.72,7257,70157.2,7987.6,18660.7,10.5219
11365.3,11069,67290,5911.28,5965,64945.8,5033.48,12374.7,10.5239
13939.9,13160,69419.9,8868.44,8328,69788.9,2872.8,8101.86,10.5249
14923.3,14563,67157.6,6365.76,6595,63258,2172.84,8219.64,10.526
14105.6,13188,70096.1,5827.68,5684,67192.6,2704.84,8181.42,10.53
13137.8,12264,70205.4,5291.88,5340,64945.4,5407.4,12274.9,10.53
8979.75,8305,70860.6,3517.28,3557,64804.2,3663.2,8586.24,10.53
6718.4,6748,65248.5,3714.12,3788,64257.8,4846.52,9483.24,10.532
5835.05,5904,64770.6,3356.92,3348,65710.6,2630.36,7516.86,10.5331
16820,16361,67374.8,8711.88,8525,66972.6,6303.44,15408.9,10.5331
11583,11912,63725.9,3832.68,4060,61866.6,4984.08,9493.38,10.5351
5341.7,5560,62962.9,2304.32,2424,62300.3,4606.36,9087.78,10.5361
12457.9,12139,67257.7,5548,5563,65359.3,2891.8,8982.48,10.5381
16710.8,16119,67942.3,8007.36,8083,64922.7,3898.8,8163.48,10.5401
15482.3,14245,71228.6,8753.68,8385,68417.6,12949.6,21591.2,10.5412
11547.3,11165,67779.7,5516.84,5597,64597.4,3666.24,9790.56,10.5422
32102.2,23587,89195.3,25412.1,19831,83980.1,6708.52,14078.2,10.5432
12865.4,12625,66784.2,3739.2,3877,63206.7,16064.1,22991.3,10.5442
6420.05,6547,64265.2,3773.4,3799,65094.4,7380.36,11302.2,10.5452
11867,12392,62759.8,4588.12,4716,63758.9,5446.92,13253.8,10.5493
13807.3,14705,61535.2,7913.88,8021,64660.8,7340.84,13945.6,10.5523
4876.3,6040,52909.5,2972.36,3148,61879.5,2517.88,6502.08,10.5533
8132.15,8996,59242.8,3784.04,3716,66736,8947.48,15554,10.5543
16376.1,16540,64886.6,11127.2,10844,67247.3,9080.48,12936.3,10.5554
11469.3,11645,64546.9,7707.92,7709,65526.8,2632.64,9939.54,10.5574
9579.05,10193,61588.6,3840.28,3921,64186.8,7446.48,13476.1,10.5574
8251.1,8633,62636.9,5687.84,5641,66080.2,3978.6,9085.44,10.5594
24439.3,19562,81875.9,17671.5,15342,75486.9,11006.3,17625.7,10.5645
12110.1,11568,68607.4,8158.6,7968,67103.7,25202.4,29502.7,10.5645
12493.6,12204,67091.4,6216.04,6264,65034.2,2200.96,7077.72,10.5645
19507.8,16052,79645.1,13176.9,11056,78107.8,13711.9,25828.1,10.5645
15833.3,15176,68374.7,12648.7,11912,69589,11023.8,14692.1,10.5655
25710.1,20244,83231.4,22490.7,17732,83123.7,7482.2,11037,10.5655
5729.1,6197,60587.7,2973.88,3093,63012,2081.64,5649.54,10.5665
5006.3,5452,60178.4,2852.28,2892,64635.9,5419.56,8641.62,10.5675
14159.6,11689,79387.8,11341.5,10137,73323,19143.6,27846.8,10.5766
12415.6,12240,66476.5,4211.92,4192,65847.4,8105.4,11803,10.5776
12927.8,12753,66434.5,5614.88,5605,65651.5,11371.9,19273,10.5787
17173,16661,67550,8565.96,8421,66664.1,6075.44,14362.1,10.5797
5591.3,5849,62648.6,2773.24,2893,62823,10748.7,14918.3,10.5807
12292.1,12407,64929.3,4799.4,4947,63580.6,2213.88,7728.24,10.5807
17528.5,16061,71524.3,13525.7,12157,72914.5,2437.32,6852.3,10.5817
12148.5,10612,75024.9,13935.4,12756,71595.2,9723.44,15705.3,10.5837
13344.5,13473,64910.9,5733.44,5861,64109.7,4809.28,10867.7,10.5847
10502,10800,63728,6023,5968,66140,5169.52,12473.8,10.5868
11328.8,12084,61440.5,4909.6,5140,62598.4,2360.56,7950.54,10.5878
13787.1,13520,66831,11919.8,11284,69228.9,3511.96,10325.6,10.5878
9696.7,9732,65298.3,4430.04,4516,64288.6,2420.6,7934.94,10.5898
11237.8,11101,66343.9,5504.68,5565,64825.6,2574.88,8635.38,10.5898
20889,16998,80538,18053.8,16066,73644.6,5714.44,13342.7,10.5898
10152.3,10405,63944.7,4083.48,4065,65833.9,10988.8,18353.4,10.5908
9139,8913,67197.7,5792.72,5637,67346.4,7284.6,15188.9,10.5918
7756.45,8077,62935.1,3163.88,3145,65929.4,7619.76,13464.4,10.5929
10830.3,10974,64677.8,4657.28,4698,64968,7391.76,13730.3,10.5939
12398.8,13024,62389.8,5719.76,5936,63148.6,2469.24,7168.98,10.5949
17472.6,16793,68188.4,10853.6,10777,66001.6,3933.76,9275.76,10.5979
26728.6,20341,86116.2,19577.6,15925,80567.5,4303.12,10881,10.5979
15050.1,15469,63761.3,6071.64,6201,64168.8,2713.96,9961.38,10.5989
22963.2,19764,76144.3,17596.3,15348,75136.2,28313.8,36961.9,10.602
5010.85,5613,58505.4,2891.04,2937,64510.5,2302.8,6222.06,10.602
13716.3,14072,63879.4,6690.28,6808,64402.8,2546.76,9278.1,10.603
9678.5,10169,62374.9,4356.32,4457,64055.6,4684.64,11611.9,10.603
10058.1,10269,64190.1,5260.72,5309,64940,2970.84,7486.44,10.605
9995.05,10268,63793.9,4378.36,4348,65993.6,3124.36,9049.56,10.606
12667.2,12734,65192.2,5261.48,5422,63595.8,5624,14114.9,10.6091
15164.5,14687,67666.7,10120.9,9867,67222.5,3983.16,8441.16,10.6101
19624.1,16511,77892.8,14775.2,12975,74628.5,13896.6,28568.3,10.6162
13863.8,13581,66900.9,8271.08,8025,67545.6,4678.56,11560.4,10.6162
12007.4,11803,66671.2,8769.64,8395,68460.6,2829.48,10198.5,10.6172
37076.6,28960,83903.8,26491.3,21044,82500.2,13487,27071.5,10.6182
7500.35,8033,61190.4,3072.68,3125,64438.8,5043.36,10350.6,10.6192
11560.3,12182,62191.1,3296.12,3430,62978,4452.84,10514.4,10.6202
29380.6,22880,84156,26210.1,20196,85051.8,20279.1,32635.2,10.6202
8334.3,8714,62680.4,3842.56,3898,64603.9,3255.84,7986.42,10.6222
25926.5,18649,91110.6,23727.2,18585,83668.9,5152.04,14575.1,10.6243
10816,10461,67760,3606.96,3609,65499,7141.72,12655.5,10.6243
10324.6,10652,63521.7,4445.24,4664,62462.1,8676.16,15596.9,10.6263
8909.55,8668,67362.3,4385.96,4232,67920.2,2190.32,6117.54,10.6263
11356.1,11168,66640.1,3946.68,3808,67922.7,12166.1,18595.2,10.6273
21092.5,17551,78760.1,10942.5,7835,91528.6,8554.56,16838.6,10.6273
14084.2,14274,64664.6,5802.6,5926,64171.3,8274.88,16202.2,10.6283
13034.4,13180,64812.3,5922.68,6044,64220.5,2544.48,8076.12,10.6304
22653.1,18612,79765.6,19418.8,16416,77523.6,4240.8,8556.6,10.6364
10333,10680,63407,5467.44,5468,65529.3,2486.72,8892,10.6374
15102.7,15366,64413.2,4679.32,4758,64452.3,3371.36,9613.5,10.6395
8734.7,9216,62113.4,4056.12,4128,64394.8,7661.56,13235,10.6415
22590.1,19287,76759.7,18725.6,16611,73879,7774.8,18429.1,10.6456
6444.1,6732,62733.3,3211,3148,66847.5,4263.6,8751.6,10.6476
16205.8,16325,65057.5,10700.8,10805,64904,3651.04,9695.4,10.6476
13258,13457,64567.1,6200.08,6161,65951.7,3589.48,10696.1,10.6486
16969.5,14301,77764.9,12499.7,10877,75313.2,5839.08,15270.8,10.6527
15024.7,15356,64122.3,6494.2,6744,63108.5,3500.56,9399,10.6547
13057.2,13484,63461.6,6332.32,6584,63030.8,4879.96,13870.7,10.6547
10477.3,10364,66252.8,6295.08,6056,68123.2,5105.68,11277.2,10.6557
15929.5,13601,76756,17841,17109,68339.9,27404.8,43198.7,10.6587
6548.75,6448,66560,3106.12,3136,64911.6,10345.9,14356.7,10.6587
8518.9,8561,65213.7,3482.32,3493,65335.6,2837.84,8034,10.6608
6487,6709,63367.4,3952,3973,65189.6,5288.84,11588.5,10.6608
9071.4,8826,67358.2,8040.8,7594,69391.9,9566.88,18832.3,10.6638
6041.75,6480,61103.7,2323.32,2372,64191,4478.68,10044.1,10.6648
12655.5,12569,65987,5018.28,4733,69486.2,5936.36,11581.4,10.6648
17071.6,16128,69370.3,13178.4,11940,72333.3,13613.9,16100,10.6658
13416,13720,64083.9,6488.12,6476,65658.7,6389.32,13841.1,10.6658
21160.1,16956,81785.1,16293.6,13928,76667.1,28085.8,41120.8,10.6658
5113.55,5384,62244,2822.64,2776,66637.1,2874.32,6863.22,10.6658
12264.2,12269,65510.4,6424.28,6269,67159.3,2371.2,8625.24,10.6668
5577,5920,61738.9,2813.52,2788,66135.9,4352.52,7932.6,10.6679
9399,9981,61714.5,3980.12,4105,63542.3,6748.8,12615.7,10.6679
9643.4,10113,62492.8,4679.32,4741,64683.4,10983.5,17582,10.6699
12333.1,12728,63502.7,6286.72,6376,64618.3,4021.92,9590.88,10.6709
28989.3,18297,103834,28655.8,16665,112690,20813.4,26081.6,10.6709
10542.3,10169,67942.1,8520.36,8285,67397.8,7107.52,13629.7,10.6719
13843.7,14133,64194.5,6919.04,6961,65141,9047.8,17954.8,10.6729
5974.15,6233,62814.4,3378.96,3453,64130.8,6038.96,11425.4,10.675
13051.3,13464,63527.4,6270.76,6348,64738.6,3664.72,9126,10.675
12227.8,12425,64495.9,5131.52,5065,66396.7,8398.76,15634.3,10.676
5686.85,5896,63211.2,2773.24,2744,66234.3,5475.8,9895.86,10.676
12077.6,12330,64194.7,5285.04,5290,65474.6,4519.72,10186,10.676
19918.6,17485,74657.4,15538.2,13981,72835.4,9897.48,22303.3,10.677
13821.6,13513,67032.7,8212.56,7773,69242,2799.08,6794.58,10.678
4987.45,5388,60664,2909.28,2920,65295.4,4156.44,8446.62,10.68
7926.1,8553,60732.5,3788.6,3933,63129.8,11969.2,15159.3,10.681
11409.4,11966,62487.9,4598.76,4702,64097.1,2440.36,8360.82,10.6831
19956.9,19681,66454.9,8721.76,8625,66271.2,6510.16,13420.7,10.6851
7150.65,7693,60915.8,3424.56,3497,64178.4,7502.72,12297.5,10.6851
11360,11588,64246.8,3695.88,3712,65251.4,6051.12,12170.3,10.6881
16617.9,16145,67455.6,9838.96,9601,67160.3,2943.48,10501.9,10.6881
13649.3,13625,65653.1,7460.92,7337,66642.9,2140.92,7047.3,10.6881
26875.5,24028,73302.6,17811.4,16028,72827.9,2557.4,7744.62,10.6881
18938.4,17781,69801.9,11533,10965,68930.9,6716.88,11567.4,10.6932
12013.9,11600,67874.7,6207.68,6000,67804.4,3160.08,9070.62,10.6932
17020.3,16317,68360.6,12736.8,12173,68571.6,8797.76,13290.4,10.6952
10491.6,10333,66542.2,7505,7149,68799.5,4551.64,12461.3,10.6993
14677.6,14762,65161.5,5887.72,6058,63693.9,8483.12,16357.4,10.7033
12542.4,12354,66535.4,4385.96,4450,64592.9,5135.32,11409.8,10.7043
11997,11401,68962.3,6114.2,5997,66816.8,5739.52,9195.42,10.7084
6690.45,6501,67445.8,3199.6,3265,64223.3,3356.92,7569.9,10.7084
6405.1,6441,65170.7,2980.72,3005,65006.5,6248.72,10413.8,10.7104
22526.4,21261,69436.5,13979.4,13661,67063.6,3660.92,11373.2,10.7135
16142.7,15941,66365.4,9545.6,9713,64406.5,4466.52,9315.54,10.7145
6158.1,6325,63806.7,2818.08,2949,62626.6,2823.4,6264.18,10.7145
8782.15,8820,65254.8,4346.44,4352,65452.3,9748.52,12666.4,10.7145
13705.9,13760,65278.3,5016,5092,64557.9,3930.72,9577.62,10.7165
10789.3,10859,65115.7,5595.88,5711,64214.9,5271.36,12081.4,10.7165
12146.5,12100,65788.1,4608.64,4724,63935.6,3941.36,9982.44,10.7175
9820.2,10016,64254.9,4654.24,4768,63972.4,7847,12869.2,10.7175
9157.2,9316,64418.9,3502.08,3636,63122.2,4073.6,10173.5,10.7185
13373.1,13175,66521.4,5312.4,5271,66050.7,3657.88,9010.56,10.7185
7028.45,7028,65540.2,2130.28,2196,63574.7,11637.9,14943.2,10.7185
9738.95,9860,64731.4,3170.72,3280,63352.5,10269.1,13127.4,10.7195
11984.7,11897,66019.1,5190.8,5181,65660,9396.64,14800.5,10.7195
6835.4,6688,66980.4,3319.68,3360,64749.6,22117.5,17189.6,10.7195
13277.5,12800,67981.1,4592.68,4560,66005.7,6365,14012.7,10.7266
12692.5,12357,67315.6,5361.8,5425,64772.5,6800.48,13791.2,10.7266
7727.2,7804,64891.1,3258.12,3292,64861.5,2609.84,7687.68,10.7337
6842.55,6921,64793.1,3414.68,3577,62562.1,11425.1,16527.4,10.7337
10065.3,10250,64354.8,4499.2,4730,62338.2,6185.64,12465.2,10.7378
14158.3,13636,68046.2,7251.16,7236,65673.3,6162.08,11540.9,10.7388
13207.3,13100,66073,4788.76,4872,64416.3,7745.92,13406.6,10.7398
5666.05,5749,64590.4,2816.56,2965,62255,10020.6,13463.6,10.7408
10643.8,10300,67723.2,6767.04,6504,68186.5,2086.2,5356.26,10.7408
7729.15,7555,67046.7,3299.92,3303,65474.9,4293.24,7590.18,10.7429
9720.1,9886,64436.2,4682.36,4862,63114.6,3109.16,9838.14,10.7479
7299.5,7300,65531.5,2872.8,2900,64921.3,2693.44,7658.04,10.7479
20441.8,16402,81677.7,14221.9,12370,75347.2,3613.8,7619.04,10.751
26199.5,20949,81961.6,17906.4,15777,74381.1,6115.72,16015,10.751
7202.65,7058,66879.1,3366.04,3398,64919.6,14294.8,15890.2,10.752
23545.6,19774,78036,18682.3,15114,81008.6,2702.56,6074.64,10.754
10833.5,10551,67291,2927.52,2995,64059.4,13265,17177.2,10.754
16569.1,16248,66831.4,10071.5,9928,66483.4,6222.12,12793.6,10.755
7715.5,7829,64585.9,2644.8,2737,63328.3,2350.68,6934.98,10.7571
6352.45,6337,65695.8,3091.68,3189,63536,11115.8,15135.9,10.7571
26330.8,21848,78982.9,19417.2,16908,75261.9,23522,35022,10.7581
11616.8,11050,68897.6,5045.64,5102,64812.1,4337.32,10758.5,10.7591
12957.8,12609,67348.7,4563.04,4593,65108.5,3648.76,9108.06,10.7591
5777.2,5652,66987.7,3923.12,3920,65588.2,8661.72,11626.7,10.7601
6549.4,6420,66856.9,2300.52,2356,63992.7,2242.76,6341.4,10.7601
15882.7,15365,67744.3,10492.6,10129,67888.3,11251,15012.7,10.7611
12537.2,12560,65417,6133.2,6048,66459.2,2812,7621.38,10.7621
15431.6,12844,78739.4,12443.5,11292,72218.9,21114.3,28625.2,10.7621
10844.6,10573,67219.5,8221.68,7913,68092.5,2913.84,7794.54,10.7641
15198.3,15384,64744.9,6385.52,6536,64027.1,7668.4,16197.5,10.7641
7931.3,8349,62257.2,1820.2,1917,62226.7,6263.16,11677.4,10.7641
16257.8,16385,65027.2,6232.76,6385,63973.4,6441,13536.9,10.7652
8912.15,9092,64239.6,3535.52,3636,63724.9,2522.44,7336.68,10.7652
18376.1,18428,65351.6,8639.68,8840,64050.9,3755.16,7335.12,10.7662
8295.95,8621,63065,4230.16,4345,63803.9,3841.8,9848.28,10.7672
9345.7,9340,65576,6268.48,6104,67301.9,4629.92,9342.84,10.7672
11047.4,10141,71393.6,8201.16,7805,68862.4,8520.36,20592,10.7702
12301.3,12668,63638.7,5458.32,5576,64152.9,6105.08,11310.8,10.7702
14806.3,14715,65942.8,6143.84,6303,63881.1,5610.32,14138.3,10.7723
11702.6,11361,67506.5,6586.92,6369,67778.4,22087.1,28909.9,10.7723
8175.7,8385,63900.1,3632.04,3733,63763.6,4670.2,9837.36,10.7733
11776.7,10922,70664.5,10591.4,10442,66473.4,22813.7,30016,10.7733
20612.1,20005,67525,9992.48,9733,67283.2,4589.64,10017.5,10.7753
6323.85,6409,64665.3,2856.08,2777,67402.3,17637.3,52564.2,10.7763
12452.7,12525,65157.7,5460.6,5417,66063.5,5162.68,10434.1,10.7763
8600.8,8984,62740.7,4457.4,4524,64571.2,6154.48,11373.2,10.7773
15998.4,14284,73402,9763.72,8824,72515.3,25813.4,40853.3,10.7783
9352.85,9692,63242.7,8844.88,8812,65780.5,2422.88,9444.24,10.7824
11332.8,11307,65685.3,8154.8,8139,65663.2,2717,8471.58,10.7824
9174.75,9421,63823,3797.72,3769,66035.4,4159.48,10103.3,10.7844
11683.1,12019,63704.4,5257.68,5351,64393.1,5738,12636.8,10.7844
8609.9,8385,67293.8,8616.12,8305,67991.1,13312.2,25667.5,10.7864
12863.5,12958,65058.1,6843.8,6638,67567.8,2814.28,5801.64,10.7875
18764.2,15769,77984.1,13021.8,11549,73893.8,10431.8,22162.9,10.7885
12076.3,12339,64141,5250.84,5383,63927,2691.92,9292.92,10.7925
4876.95,5308,60214,3123.6,3228,63416.4,6713.84,12213.2,10.7956
11805.3,12156,63645.3,4141.24,4220,64312.9,6496.48,12910.6,10.7966
6786,7061,62983.6,3600.12,3617,65230.1,8452.72,14218.6,10.7986
9750.65,10065,63489.2,5141.4,5313,63419.3,3112.96,9273.42,10.8006
13339.9,12553,69644.5,10835.3,10057,70607.9,9161.8,14628.9,10.8016
15598,15375,66486.8,8020.28,8031,65448.5,2315.72,8406.84,10.8027
12042.5,12408,63605.8,4392.8,4591,62706.7,4229.4,12392.6,10.8047
19701.5,13642,94645.8,26547.6,21054,82636.1,17849.4,40386.8,10.8057
13783.9,13955,64732.5,8937.6,8835,66297.1,2279.24,5199.48,10.8128
7778.55,8092,62997.4,2916.12,3036,62948.2,2221.48,6838.26,10.8128
10700.9,10952,64033.7,4632.96,4700,64601.2,20121,24925.7,10.8138
7682.35,8193,61451.3,3471.68,3621,62833.5,6756.4,12585.3,10.8148
5463.25,5809,61635.3,3156.28,3185,64945,5063.12,9501.96,10.8169
7908.55,8176,63392.2,5487.96,5540,64920.4,6233.52,14524.4,10.8199
6369.35,6593,63312.9,3131.2,3125,65666,2272.4,6240,10.8219
10877.8,11201,63644.7,4644.36,4769,63823.2,2194.12,8614.32,10.825
15308.8,15308,65539.4,5310.12,5304,65611.6,15301.1,23363.3,10.829
16343.6,16184,66182.3,6160.56,6168,65456.9,3366.04,9976.2,10.829
15809.3,15293,67748.5,11339.2,11289,65827.4,3415.44,3371.16,10.831
13456.9,13624,64732.4,5005.36,5020,65344.9,4370,11448.1,10.831
9981.4,10040,65153.5,7098.4,6792,68492.5,3535.52,9309.3,10.8321
8375.25,8642,63513.1,3746.8,3862,63581.1,3348.56,8007.48,10.8321
8679.45,8992,63258.1,4325.92,4276,66301.1,9471.88,17679.5,10.8321
12736.1,13036,64028.3,9224.12,8808,68632.1,3119.8,9185.28,10.8331
10050.9,10365,63550.3,3789.36,3945,62950.4,2911.56,8410.74,10.8351
10039.3,10097,65161.2,7446.48,7269,67136.1,3575.8,8994.96,10.8361
6568.9,6925,62166,3354.64,3437,63965.6,7729.2,13406.6,10.8371
7221.5,7493,63161.4,3290.04,3361,64152.4,6410.6,12242.1,10.8371
22763.6,19676,75820.2,8650.32,7036,80572.4,4125.28,10220.3,10.8381
20857.2,16648,82105.8,15779.1,13032,79350.9,2737.52,4339.14,10.8381
13414,13572,64773.3,5210.56,5204,65618.6,3644.96,10428.6,10.8392
5388.5,5787,61023.1,2719.28,2751,64780.3,6868.12,10570.6,10.8392
21161.4,17837,77750.4,21402.4,18329,76524.9,2447.96,4963.92,10.8422
13386.7,13740,63851.1,6253.28,6268,65382.1,6935,14206.9,10.8452
6737.25,7033,62780.1,28947.6,27661,68584.4,17185.1,262143,10.8452
12231.7,12688,63179.1,4975.72,5008,65113.6,10063.9,19746.5,10.8473
17310.8,13225,85783,23431.6,19021,80732.4,8777.24,19516.4,10.8493
6885.45,7184,62812.5,2889.52,2948,64236,6868.88,11428.6,10.8493
17236,17149,65868.7,9037.16,9177,64537.4,3811.4,8898.24,10.8533
10309,10452,64639.4,4955.2,4944,65684.5,6684.2,14185.1,10.8564
25414.3,20433,81513,17431.4,15154,75384.8,9157.24,21094.3,10.8604
12531.3,12328,66617,6949.44,6760,67372.6,2160.68,7428.72,10.8614
6241.95,6321,64716.4,3060.52,3041,65956.7,3152.48,8095.62,10.8635
12098.4,12328,64315.7,5564.72,5644,64615.4,3909.44,8797.62,10.8645
9717.5,9105,69944.6,6791.36,6273,70951.5,5848.96,9942.66,10.8645
9384.7,9469,64952.5,3891.96,3881,65721.1,3078.76,8134.62,10.8655
7241,7641,62105.2,3421.52,3593,62408.2,4034.08,8947.38,10.8655
9215.7,9149,66013.8,6845.32,6749,66471.3,7644.08,15645.2,10.8675
18387.2,14548,82830.9,15184,13392,74305.6,17571.2,26734.5,10.8685
12670.4,12471,66584.1,7662.32,7516,66811.8,5012.2,9098.7,10.8706
11213.1,11481,64007.1,5151.28,5209,64809.8,7088.52,12629,10.8706
21605.3,17837,79381.5,14831.4,12473,77927.6,2598.44,6425.64,10.8716
13627.9,12676,70457.4,7932.88,7264,71570.7,3970.24,13593.1,10.8726
14839.5,14184,68564.7,8803.08,8540,67554.9,2766.4,6330.48,10.8726
11882,12025,64756.7,4385.2,4541,63287.5,3744.52,9767.16,10.8736
12444.3,12635,64546.6,5874.8,6059,63543.6,18358.6,22784.6,10.8736
7982,7833,66782.6,2797.56,2793,65643,3866.12,9441.9,10.8746
7147.4,7297,64192.4,3135.76,3205,64120.2,3496,9037.08,10.8767
30971.2,20253,100219,21203.2,15881,87499.3,8389.64,12437.9,10.8787
12858.9,12704,66335.3,4757.6,4628,67371.2,5277.44,13346.6,10.8797
20636.8,16930,79885.2,17709.5,14450,80319.1,5551.8,8180.64,10.8827
11116.3,11163,65261.8,6686.48,6715,65257.7,3535.52,9660.3,10.8837
14626.3,14178,67608.2,6374.12,6242,66923.1,5348.88,13497.1,10.8848
24327.5,16881,94445.3,29019.8,21825,87140.6,12957.2,24533.3,10.8858
17399.2,16602,68682.9,9701.4,9418,67508.1,3401,5853.12,10.8868
8200.4,8464,63495,3049.88,3120,64063.1,5412.72,10481.6,10.8888
8689.2,8908,63926.3,2964,3080,63067.8,3138.04,7213.44,10.8898
14878.5,14772,66008.5,5161.16,5296,63867.4,7043.68,15950.2,10.8929
15969.2,13952,75011.3,11417.5,10164,73618.3,20536,21500.7,10.8949
11848.8,11621,66820.9,5472.76,5409,66308.5,4005.96,10767.1,10.8959
13527.1,13184,67241.8,6645.44,6608,65907.3,3220.12,11585.3,10.9
10827,10556,67218.8,7428.24,7180,67801.8,11409.9,22041.2,10.902
9898.2,9749,66539,4279.56,4225,66382.3,2444.16,8933.34,10.902
13971.7,14114,64875.5,6795.16,6886,64671.5,2164.48,6813.3,10.902
7631.65,7737,64643.6,3451.92,3625,62406.9,4893.64,10965.2,10.904
10037.9,10008,65732.1,6178.04,6184,65472.8,4777.36,10106.5,10.904
5916.3,6141,63138,3803.04,3933,63370.5,9129.88,13783.4,10.905
17769,14692,79261.7,10934.1,9568,74893.2,8985.48,15432.3,10.9081
16779.8,15388,71463.3,10796.6,9560,74012.9,5176.36,13305.2,10.9091
12438.4,12716,64105.3,4317.56,4408,64191.4,17804.5,19470.4,10.9121
10749.7,10708,65791.2,5164.96,5332,63482.9,12117.4,19617,10.9152
13056.5,12323,69437.2,10110.3,9671,68512.8,21131,24130.1,10.9152
7454.85,7412,65914.9,4525.8,4500,65911.7,15192.4,17560.1,10.9162
12455.9,12200,66910.9,6004.76,5788,67990.3,3532.48,9106.5,10.9192
9323.6,9626,63477.2,3522.6,3662,63041.3,3176.8,8253.96,10.9202
14313.6,13930,67340.9,9140.52,8686,68965.4,7423.68,19490.6,10.9212
14457.9,14433,65649.3,6038.2,6053,65375.8,7800.64,16731,10.9223
8982.35,8905,66105.3,4747.72,4601,67625.9,10222,14851.2,10.9243
13111.8,13089,65650.2,6811.12,6869,64983.8,2506.48,9466.86,10.9253
14212.9,12368,75311.8,9124.56,8404,71155.1,12964.8,21790.9,10.9294
11640.8,11488,66408,6029.08,6144,64310.2,2409.96,8606.52,10.9304
14842.1,13893,70013.1,6691.04,6549,66957.4,8236.88,17993,10.9304
13614.2,13424,66464.8,5343.56,5424,64564.1,4005.2,10818.6,10.9314
12453.3,12386,65892.4,4388.24,4386,65569.5,2260.24,7150.26,10.9324
6696.95,6581,66690.7,4190.64,4081,67296.7,18893.6,21609.9,10.9324
16034.8,15292,68719.6,9350.28,9036,67815.4,10611.9,17002.4,10.9334
5351.45,5588,62761.7,2811.24,2912,63268.3,2809.72,6147.18,10.9365
5792.15,6077,62464.1,2713.2,2797,63572.5,2309.64,5648.76,10.9365
5721.3,6009,62398.3,2785.4,2877,63449.4,8271.08,11954.3,10.9395
15017.6,12840,76650.6,6130.16,5400,74397.4,9120,17633.5,10.9395
20838.3,16801,81284.6,16384.8,13777,77941.3,8087.16,13228.8,10.9415
14827.8,14624,66449.3,7793.04,7748,65917,5485.68,14146.1,10.9415
10557.3,10144,68206.2,9234.76,8512,71100.7,7728.44,16734.9,10.9425
10865.4,10977,64869.7,5444.64,5537,64442.8,14777.4,19242.6,10.9446
28483.6,23920,78039.5,15309.4,12564,79856.7,7082.44,17342.5,10.9466
10353.2,10625,63859.5,5174.08,5301,63966.9,3713.36,10906.7,10.9476
10370.1,10356,65625.2,4244.6,4404,63164,8481.6,15855.8,10.9506
14320.8,13901,67515.1,7817.36,7581,67579.3,10933.4,18900.2,10.9527
14554.1,14185,67241.5,6977.56,6845,66805.2,3727.8,10542.5,10.9537
13954.2,13397,68261.7,9980.32,9633,67898.9,2903.2,8597.16,10.9547
16733.6,16128,67996.9,6813.4,6640,67247.4,6279.12,13097,10.9547
36375.9,26163,91118.5,47395.9,37859,82044.9,2553.6,992.94,10.9567
6221.15,6395,63754.4,2653.92,2751,63223.3,10143,18149.8,10.9588
10410.4,10588,64436.7,4708.2,4856,63541.3,3635.08,10292.1,10.9598
9835.15,8942,72081.9,7336.28,6890,69780.9,6274.56,11647.7,10.9598
10875.1,11001,64786.3,6626.44,6541,66392,3254.32,9650.16,10.9608
14058.2,14103,65327.8,5961.44,6087,64184.2,4381.4,12437.9,10.9628
10864.8,11009,64677.3,5191.56,5253,64769.5,5164.96,9920.04,10.9628
15212.6,14820,67272.1,8305.28,8164,66670.1,2818.84,7633.08,10.9669
9536.15,9653,64742.7,4131.36,3953,68493,18506.8,24726,10.9669
9899.5,9560,67863.4,7276.24,7144,66749.1,8813.72,13469.8,10.9669
6673.55,6997,62506.5,2871.28,2945,63895.5,8351.64,14116.4,10.9679
11807.3,12240,63219,4418.64,4560,63504.4,3698.16,10836.5,10.9679
8316.75,8608,63318.6,3921.6,4084,62930,7366.68,11398.9,10.9689
10466.3,10664,64321,4939.24,4952,65367.1,3554.52,8799.96,10.976
15558.4,15640,65194.1,7510.32,7560,65105.3,6801.24,14597.7,10.976
10052.9,10196,64616.2,4030.28,4048,65249.1,5575.36,12576.7,10.978
10006.1,9990,65641.6,4222.56,4150,66681.9,6594.52,13692.9,10.978
10773.8,10497,67263.8,5985,5797,67661.4,3279.4,5243.16,10.98
9295.65,9292,65561.7,6802,6664,66893.1,10430.2,17443.9,10.98
12818,12961,64812.9,3422.28,3445,65103.8,5602.72,10147,10.98
23187.4,21009,72331.5,13723.3,12661,71034.8,14107.1,24879.7,10.9811
9851.4,9904,65187.9,5168.76,5012,67585.8,8822.08,15920.6,10.9811
9911.85,10168,63885,4959,5084,63924.7,3622.16,10835,10.9821
18619.3,16994,71803.6,12265.6,11042,72798.5,3972.52,9929.4,10.9821
21065.2,17135,80567.8,17207.2,15116,74602.3,3789.36,9094.02,10.9841
9227.4,9360,64607.6,6287.48,6192,66546.6,14637.6,24151.9,10.9871
17617.6,15812,73019.7,10581.5,9540,72690.6,9139.76,19002.4,10.9881
12379.9,12525,64776.8,5069.96,5197,63934,3758.2,10657.9,10.9881
12069.2,12301,64301,6088.36,6205,64304.1,2850.76,9370.14,10.9902
6975.15,7139,64031.9,3114.48,3127,65273.6,2817.32,7950.54,10.9912
7900.1,8281,62521.5,3307.52,3433,63140.6,2498.12,6576.18,10.9932
11659.7,11769,64927.4,4836.64,4873,65047,7346.92,12194.5,10.9963
6747,7018,63005.3,3858.52,3978,63567.6,3242.92,8757.84,10.9963
21769.8,18709,76257.7,19900.6,17685,73746.4,16364.3,26712.7,10.9973
12402,12373,65689.6,3977.08,4001,65144.2,2857.6,8964.54,10.9983
12106.9,12256,64738.7,5851.24,5844,65617.2,2141.68,6333.6,10.9993
11354.2,11638,63937.9,4347.2,4338,65675,3598.6,8201.7,11.0003
14585.3,14589,65519.6,5651.36,5721,64738.3,3265.72,9707.1,11.0013
10778.9,11080,63755.3,4198.24,4328,63571.1,10543.5,17095.3,11.0013
11226.1,11420,64423.6,5139.12,5064,66508.2,2162.2,7453.68,11.0044
13442.6,13477,65369,4824.48,4789,66021.5,4642.84,11629,11.0074
11084.4,11281,64394.2,5521.4,5633,64237.6,2679.76,7684.56,11.0094
17555.8,14788,77802.3,14617.8,13200,72575.4,4232.44,12271,11.0115
12440.3,12577,64823.9,5791.2,5937,63926.6,6862.04,14875.4,11.0125
6957.6,7213,63215.5,3005.8,3081,63936.4,2213.12,6562.92,11.0135
12588.5,12652,65207.3,5457.56,5612,63732.5,3562.88,9827.22,11.0135
14030.9,13279,69246.9,7624.32,7071,70664.3,3458.76,9895.08,11.0165
12419.5,12493,65150.7,5335.2,5433,64356.3,2920.68,8370.18,11.0165
15744.3,15208,67847.1,11737.4,11144,69025.9,10105.7,16134.3,11.0186
9957.35,10188,64052.3,4449.04,4568,63829.3,2387.16,7661.94,11.0186
24211.2,23737,66845.2,9888.36,9837,65878.2,12210.2,25740.8,11.0186
12862.8,12714,66303.3,4579.76,4574,65618.5,12464,18043.7,11.0196
11484.8,11580,64997.5,2786.16,2872,63577.2,2222.24,6409.26,11.0226
14219.4,13873,67172.4,6194.76,6133,66195.9,6121.04,11666.5,11.0226
21982.3,18342,78543,17428.3,15081,75736.5,4012.04,12122.8,11.0246
6085.3,6317,63132.2,2639.48,2777,62290.6,2647.08,7027.02,11.0256
7872.15,8068,63945.1,2850,2964,63015.4,3794.68,8434.14,11.0267
14901.9,15213,64195.8,5408.16,5645,62786.4,8355.44,16445.5,11.0287
22372.3,18720,78322.4,15839.9,14116,73539.6,7520.96,10625.9,11.0287
5781.75,5944,63747.1,2644.04,2716,63799.6,3717.16,8108.1,11.0297
16037.4,16208,64846.4,8577.36,8832,63646.5,3342.48,9388.08,11.0338
8379.15,8837,62140.5,3330.32,3461,63061.5,2734.48,6960.72,11.0348
17117.1,15248,73569.4,13988.6,12768,71800.9,12298.3,24997.4,11.0368
6785.35,7155,62150.2,3956.56,4119,62951.5,3477,9416.16,11.0398
15670.8,15712,65364.4,8845.64,8852,65488.9,5525.96,10731.2,11.0439
10543.6,10636,64967,4884.52,4924,65010.5,2555.88,7619.04,11.0439
12030.2,12337,63906.2,2808.2,2885,63791.4,5310.12,12447.2,11.0449
5831.15,6073,62926.1,2968.56,3050,63786.1,6255.56,11242.1,11.0469
13581.7,13683,65051.1,6332.32,6375,65097.2,4176.96,11694.5,11.0469
11084.4,11535,62976.2,3955.8,4075,63619,5693.92,11789.7,11.0479
11878.8,12140,64125.7,8379.76,8140,67466.3,4191.4,7992.66,11.05
15195,15112,65896.2,6071.64,5964,66718.8,3030.12,8326.5,11.05
7900.1,8123,63737.7,3697.4,3803,63716.2,7235.96,9203.22,11.053
11159.8,11352,64426.7,4690.72,4632,66366.8,2390.2,6696.3,11.055
5079.1,5405,61584.4,2498.88,2537,64551.3,5405.12,9165.78,11.0561
12392.3,12381,65595.6,5209.04,5305,64350.5,2408.44,9111.96,11.0591
6975.15,7353,62168.3,3450.4,3513,64368.2,2818.08,7996.56,11.0642
11122.1,10880,66994.6,6978.32,6804,67215,11178.1,21243.3,11.0652
15950.3,16229,64410.8,6830.12,7045,63537.1,3318.16,10883.3,11.0662
5487.95,5444,66065.1,3569.72,3552,65862.9,3264.96,8587.02,11.0672
12448.1,12235,66677.7,6162.84,6043,66835.7,3839.52,6852.3,11.0702
11764.3,11781,65443.4,5567.76,5525,66043.2,4895.16,12108.7,11.0743
18740.8,18245,67316.9,11194,11045,66420.3,5781.32,11784.2,11.0753
8488.35,8725,63758.4,4677.04,4625,66273.4,5100.36,10600.2,11.0763
16409.9,16351,65772.1,8144.92,8299,64319.3,2729.16,10058.9,11.0763
16788.2,14608,75317,13446.7,12132,72637.8,9300.12,20127.9,11.0844
11081.2,11288,64335.4,5597.4,5724,64086.5,3277.12,11310.8,11.0885
15550.6,15328,66487.7,11196.3,11440,64140,5831.48,12386.4,11.0905
6492.85,6436,66114.9,3198.84,3220,65105.3,2403.12,6608.16,11.0936
22204.6,15201,95730.8,28731,21393,88015.6,22277.9,34369.1,11.0946
12231.7,12285,65251.7,5065.4,5245,63291.9,6846.84,15373,11.0946
7661.55,7904,63525.7,2754.24,2836,63646.6,2835.56,6720.48,11.0956
17993.3,18151,64966.6,9379.16,9507,64654.7,2707.88,8302.32,11.0966
27107.6,22292,79693.3,16304.3,13840,77205,16083.1,32192.2,11.0976
11980.1,12273,63972.2,5623.24,5813,63396.6,4471.84,10923.1,11.0986
14669.8,13624,70566.9,10059.4,9324,70704.7,5965.24,9476.22,11.1017
7309.25,7648,62633.2,3382,3504,63254.2,2422.12,4672.2,11.1027
36608.6,31179,76948.7,18496.1,15723,77094.8,24227.3,34457.3,11.1037
17278.9,16718,67735,11051.9,11070,65429,3296.12,10200.8,11.1057
7950.8,7544,69069.9,5139.88,4904,68688.2,2659.24,8055.84,11.1077
16747.9,16765,65469.1,7042.16,7129,64737.7,3978.6,10701.6,11.1098
11898.3,11492,67852.7,4553.92,4500,66321.3,5788.92,11209.4,11.1148
10244.6,10117,66362.9,4604.84,4513,66869.7,13502.9,19264.4,11.1189
15730,15372,67062.3,8592.56,8444,66689,3904.88,7165.08,11.1199
5876.65,6081,63333.7,2504.2,2533,64790.9,2591.6,5113.68,11.1219
6589.7,6733,64141.2,3863.08,3805,66536.3,2330.16,5296.98,11.1219
18820.8,18465,66798.6,8492.24,8433,65996.4,5462.88,11895.8,11.123
13416.6,13101,67115,5500.88,5577,64641.5,2522.44,5450.64,11.126
12022.4,11689,67405.3,5255.4,5325,64679.4,17316.6,24288.4,11.126
25359.8,20415,81409.6,18544,15643,77689.7,2547.52,5449.86,11.128
11616.8,11166,68181.9,4775.08,4746,65937.6,2141.68,7319.52,11.128
21651.5,18248,77759.4,15783.7,13548,76350.7,4419.4,11161,11.13
13689,13857,64741.4,6045.04,6197,63929,3146.4,10022.2,11.13
14920.7,14115,69277.1,9584.36,9431,66601.7,2683.56,5091.84,11.1331
17245.1,15130,74697.8,12197.2,11082,72131.2,7099.92,12699.2,11.1331
13304.8,12773,68264.8,7393.28,7121,68041.9,10819.4,16675.6,11.1351
10972.6,11029,65201.2,4300.08,4353,64739.3,2290.64,8850.66,11.1361
11292.4,10980,67400.9,6453.92,6384,66253.8,6923.6,14217.8,11.1382
13491.4,13308,66439.2,5405.88,5372,65949.3,6035.16,13282.6,11.1382
13227.5,12777,67846.7,5627.04,5469,67429.8,4645.88,10615.8,11.1392
14040,13584,67736,5471.24,5456,65719.1,2349.92,7122.18,11.1392
29180.4,24988,76531.5,24725.8,21752,74495.8,2123.44,207.48,11.1422
14813.5,13972,69483.1,6543.6,6324,67811.7,2882.68,9565.92,11.1422
7594.6,7364,67588.2,3277.12,3316,64767.6,6555.76,12458.2,11.1432
13825.5,13445,67390.7,5991.84,6097,64405.6,3327.28,9767.94,11.1432
14538.5,13897,68561.4,6007.8,5853,67269.3,5196.12,10345.1,11.1442
16846,16058,68752.2,6461.52,6426,65898.3,5627.8,13814.6,11.1442
10279.1,9772,68936.9,4887.56,4924,65051,3060.52,7553.52,11.1463
23852.4,16788,93113.6,21030,16096,85625,11360.5,28429.4,11.1493
13390,12576,69777.9,5465.16,5344,67021.8,11155.3,19206.7,11.1513
12978.5,12421,68477.8,6164.36,6049,66785.8,4187.6,11843.5,11.1523
12106.3,11321,70081.7,7585.56,7161,69421.5,14466.6,21525.7,11.1554
24583,19260,83648.6,20854.4,17500,78097.9,2590.08,5663.58,11.1554
12454,12672,64408.6,4718.84,4868,63527.9,2492.04,8431.8,11.1564
12335.7,11852,68210.6,10697,10236,68487.6,17743,18355,11.1564
15187.2,14708,67671.4,6058.72,6068,65435.8,2876.6,8138.52,11.1594
9785.1,8688,73811.7,8506.68,8256,67525.9,8425.36,14389.4,11.1594
13410.1,12725,69064.6,5785.12,5729,66178,3431.4,9507.42,11.1594
11326.3,11241,66033,5772.96,5881,64332,12774.8,17837.8,11.1625
30449.9,24340,81987,23024.2,20116,75010.6,17558.3,32024.5,11.1645
10790,10213,69238.6,7915.4,7377,70319.1,3717.92,8183.76,11.1696
9163.05,8934,67216.2,3897.28,3954,64595.9,2939.68,8089.38,11.1736
13131.3,12733,67586,5071.48,5177,64200.2,12641.8,19459.4,11.1797
10787.4,10479,67464.7,7045.96,6927,66661.5,6358.92,13228,11.1797
44010.2,37768,76367.6,34693.2,28956,78521.1,7026.2,22492.9,11.1807
6909.5,7335,61734.3,2878.88,2995,62995.1,3444.32,8850.66,11.1817
8819.2,8899,64948.3,4416.36,4407,65675.2,9788.8,19214.5,11.1838
9356.1,9336,65677.1,5842.88,5724,66897.1,4710.48,12568.9,11.1868
8211.45,7919,67956.3,3347.04,3323,66010.1,10594.4,15461.9,11.1878
7055.75,6937,66657.9,2941.96,2969,64939.1,2359.04,7278.96,11.1878
5356,5393,65086.4,2710.16,2693,65953.6,5809.44,10277.3,11.1898
17646.8,14516,79671,14209,12324,75559.8,2619.72,6413.16,11.1898
11276.2,11240,65747.1,3785.56,3804,65218.3,2569.56,7397.52,11.1919
9082.45,9137,65144.7,5605,5605,65536,7621.28,11599.4,11.1919
18424.9,15366,78582.2,13411,11970,73425.3,27274.1,35739.6,11.1929
11049.3,10853,66721.7,4277.28,4341,64574,6949.44,13785.7,11.1929
11235.9,11201,65740.2,6367.28,6241,66862,2131.04,7721.22,11.201
11042.2,11380,63590.6,3202.64,3188,65837,5697.72,11157.9,11.204
16627.6,16748,65065.1,7641.04,7660,65373.8,2969.32,7148.7,11.2051
4705.35,5161,59750,1998.04,2093,62562.6,2172.84,5370.3,11.2051
9932,9649,67458.1,5798.8,5637,67417.1,4572.92,10970.7,11.2091
6587.75,6877,62779.5,2885.72,2957,63956.2,3657.88,8169.72,11.2111
11257.3,11233,65678.1,5480.36,5557,64632.1,4101.72,10889.6,11.2121
10623.6,10664,65287.7,4316.8,4268,66285.3,2559.68,7876.44,11.2132
13148.2,13193,65313.4,5510.76,5721,63127.6,10674.2,15856.6,11.2142
13938.6,14052,65007.1,5184.72,5316,63917.6,4055.36,10204,11.2142
9893,10128,64015.4,5728.12,5680,66091.2,22223.9,23486.6,11.2152
7223.45,7141,66292.7,5358,5169,67932.3,2767.92,6884.28,11.2162
8750.3,9261,61922,3296.88,3465,62356.2,9047.8,14861.3,11.2162
12069.8,12536,63099.1,6253.28,6428,63754.7,4414.84,12110.3,11.2172
9088.3,9298,64058,3851.68,3897,64773.9,4297.04,10140.8,11.2223
11874.2,12092,64355.6,5782.08,5720,66247.3,7080.92,12402,11.2253
11989.9,12282,63977.4,5437.04,5610,63515.5,3530.2,11680.5,11.2253
12028.3,11925,66103.4,4335.04,4385,64789.3,9131.4,15465.1,11.2253
7280.65,7315,65228.3,3221.64,3175,66498.7,3742.24,10149.4,11.2273
24918.4,21500,75955.9,20245.6,18188,72950.2,16294.4,23293.9,11.2284
5514.6,5696,63448.9,2817.32,2800,65941.4,2270.88,5778.24,11.2294
11930.1,12537,62363.5,4928.6,5097,63370.8,8909.48,15307.5,11.2304
32563,27956,76336.1,24335.2,19936,79997.6,13232.4,33002.6,11.2304
14553.5,14417,66156.5,8816,8245,70074.6,7555.16,13900.4,11.2314
15184.6,15380,64703.6,11198.6,11168,65715.6,13706.6,18950.1,11.2324
9608.95,9119,69057.1,7685.12,7355,68477.5,16914.6,16359.7,11.2365
8446.1,8890,62263.6,3346.28,3338,65698.6,6220.6,11492.5,11.2365
12038,12249,64407.1,5291.88,5245,66121.8,2648.6,8359.26,11.2375
7432.1,7577,64282.7,3267.24,3193,67059.8,4581.28,10730.5,11.2395
13276.3,13152,66155.1,7060.4,6852,67529.2,4863.24,11236.7,11.2405
11746.1,11926,64547.7,4885.28,4930,64941.5,7996.72,12469.1,11.2436
18575.7,18056,67422.3,11057.2,10764,67321.4,3032.4,7236.84,11.2436
5737.55,5945,63249.1,2472.28,2445,66267.2,13073.5,14698.3,11.2456
12701.6,13024,63913.9,6596.8,6720,64334.5,4037.88,9804.6,11.2456
7996.95,8113,64598.6,3267.24,3233,66230.1,2107.48,5941.26,11.2466
11109.8,11472,63466.9,6691.8,6832,64191.1,8923.16,14621.1,11.2496
6150.3,6609,60987.5,3436.72,3541,63606,9863.28,13723.3,11.2527
12880.4,12877,65553.3,5952.32,5933,65749.4,11354.4,19935.2,11.2537
11359.4,11649,63906.7,4512.12,4581,64550.6,4997.76,11618.9,11.2547
14564.5,14024,68062.1,6706.24,6444,68203,7785.44,12347.4,11.2557
13272.3,13452,64660.8,5725.84,5708,65740.8,3394.16,10615.8,11.2578
11193,11101,66079.1,4826,4633,68266.1,3754.4,12795.9,11.2578
11975.6,12016,65315.7,4594.96,4740,63530.7,9104.8,16412,11.2588
5309.85,5218,66689.6,2766.4,2822,64244.8,8881.36,12438.7,11.2608
14083.5,14192,65035.2,7050.52,7188,64282.5,3559.08,9225.06,11.2628
13976.9,13745,66641.9,5778.28,5681,66658.2,12071.1,17244.2,11.2628
17146.3,17052,65898.6,9832.88,9960,64699.6,2523.96,5945.94,11.2638
6838,7428,60330.5,2655.44,2708,64264,2014,4094.22,11.2649
13213.2,12844,67419.8,6696.36,6216,70600.5,12176,22507.7,11.2669
11617.4,12081,63021.4,5344.32,5457,64182.8,6135.48,10895,11.2699
29646.5,26038,74618.4,22640.4,20578,72104.3,22168.4,31195.3,11.2719
16545.8,13871,78173.3,11772.4,10363,74449.1,8217.12,19963.3,11.273
13604.5,12712,70137.2,9893.68,9144,70909,17869.1,27871.7,11.275
11229.4,11585,63524.4,4587.36,4753,63252.1,2803.64,10015.2,11.275
15334.1,15260,65854.4,5888.48,5752,67091,5006.12,12082.2,11.2801
15380.3,15092,66787.9,10551.1,10388,66564.8,3058.24,8554.26,11.2801
11333.4,11581,64134.9,4584.32,4745,63316.8,9807.04,15235,11.2811
9480.9,9881,62882.3,4199,4281,64280.7,2577.16,7840.56,11.2821
14502.1,14469,65686.1,7393.28,7109,68156.7,2340.8,4952.22,11.2831
30416.7,25860,77084,24899.1,22116,73783.2,9080.48,19773.8,11.2851
33917,28368,78355.4,21968.6,18448,78042.7,6741.2,18735.6,11.2851
12541.8,12644,65006,6539.8,6468,66263.5,6082.28,13158.6,11.2851
13597.3,13600,65523.2,11128.7,10740,67907.7,5193.08,11902,11.2851
18249.4,17257,69304.8,14454.4,13853,68381.3,8952.8,13032.2,11.2861
14617.2,14940,64120,6259.36,6412,63975.9,4889.84,13653.9,11.2871
10325.3,9586,70590,8736.2,8402,68142.8,14256.1,16486.9,11.2892
9127.95,9501,62962.8,3781.76,3933,63015.9,11409.9,17886.2,11.2902
13469.3,11904,74153.6,10387.7,9616,70795.2,19440.8,20982.8,11.2922
13358.1,13237,66135.8,6383.24,6289,66518,3014.16,9723.48,11.2953
5874.05,5732,67160.1,2325.6,2352,64800.4,2673.68,6154.2,11.2963
13517.4,13553,65363.9,5546.48,5509,65981.9,4357.08,10965.2,11.3003
13781.3,14093,64086.5,6279.12,6445,63849.3,2870.52,8240.7,11.3003
34733.4,24881,91487,28573,20725,90352.6,4942.28,9108.84,11.3003
13720.8,12927,69560.6,10865,10367,68683.9,15607.4,19217.6,11.3013
22355.4,18389,79671.9,21018.6,17333,79471.1,3389.6,5626.92,11.3013
9405.5,9249,66644.9,2967.04,2913,66751.8,3110.68,8427.9,11.3044
14784.2,14472,66950,7004.16,6956,65989.7,6150.68,11604.8,11.3064
7545.2,7816,63265.4,3078,3132,64406.1,2926.76,6223.62,11.3064
15932.8,15380,67891.5,10176.4,10016,66585.5,6746.52,12466,11.3105
5225.35,5500,62263.4,2960.2,3068,63233.3,5041.84,9689.16,11.3115
10656.8,10437,66915.9,7535.4,7249,68125.3,15022.9,21094.3,11.3135
7317.7,7443,64432.7,3762.76,3879,63572.1,5200.68,10058.9,11.3155
13489.4,13269,66624.8,7085.48,6965,66669.6,3270.28,9849.06,11.3186
13387.4,13380,65572.2,5778.28,5936,63794.7,10997.2,18492.2,11.3196
15355.6,15028,66964.6,6939.56,7088,64163.5,5310.12,12951.1,11.3236
5181.15,5045,67304.6,2419.84,2513,63106.5,5928.76,9550.32,11.3236
10609.3,10664,65199.8,3720.2,3788,64363,4456.64,10243,11.3277
21156.8,16145,85880.2,26096.1,21813,78404.4,15798.1,30745.3,11.3297
6128.85,5924,67802.2,2484.44,2480,65653.3,3068.88,6806.28,11.3307
18775.3,15361,80102.5,19044.1,16817,74214.9,5447.68,8395.14,11.3307
9690.85,9508,66796.3,8619.92,8352,67638.3,10604.3,19308.9,11.3307
10000.9,10265,63849.9,3875.24,3949,64311.9,8982.44,15123.4,11.3317
12006.1,11733,67061.7,7631.16,7281,68687.8,9538.76,19626.4,11.3338
6943.3,6876,66177.4,3152.48,3196,64643.6,2419.84,6040.32,11.3368
10171.2,10236,65121.1,5337.48,5448,64206.5,6529.16,15569.6,11.3368
7538.05,7780,63497.9,3501.32,3536,64893.2,5568.52,10721.1,11.3399
13100.1,13175,65163.4,7163,7155,65609.3,10275.2,16810.6,11.3399
11079.3,11121,65290,4297.8,4401,63999.2,3359.2,9930.96,11.3429
15438.1,14289,70806.5,13685.3,12181,73629.5,10841.4,18225.5,11.3449
10976.5,11185,64314.6,6340.68,6177,67272.6,6464.56,14678,11.3449
6465.55,7058,60034.9,2523.2,2630,62874.7,11520.8,15093,11.348
15117.7,15096,65630.2,5913.56,5932,65332.3,6536.76,14684.3,11.349
10947.3,10764,66652,8264.24,8024,67498.2,3779.48,7931.82,11.35
10507.3,9843,69958.7,8739.24,8179,70025,3585.68,8763.3,11.353
24342.5,19841,80404.7,19446.9,16917,75336.7,10424.9,17128,11.354
12694.5,13052,63740.9,5121.64,5272,63666.9,2161.44,8107.32,11.354
13900.9,13844,65805.4,5572.32,5668,64429.7,2751.2,8844.42,11.3551
14743.3,14008,68976.1,8925.44,8520,68654.6,2592.36,9066.72,11.3591
5686.2,5676,65653.8,2960.96,3084,62921.4,5630.08,9390.42,11.3601
6601.4,6416,67429.8,3277.88,3312,64860.9,2113.56,5266.56,11.3611
11128,10754,67815.2,6381.72,6198,67478.6,3546.16,10631.4,11.3611
13906.1,13813,65977.7,7635.72,7809,64081.8,4186.08,10963.7,11.3622
21604,18180,77879.1,12342.4,10724,75426.3,8700.48,21891.5,11.3622
13028.6,13148,64940.9,4764.44,4904,63670.9,2961.72,9313.2,11.3632
7066.15,7592,60996.7,3496,3512,65237.4,2641,6446.7,11.3672
13141,13111,65686.2,6459.24,6391,66235.8,8018,16587.5,11.3672
25628.8,23013,72985.4,18506.8,16545,73306.7,8780.28,17680.3,11.3682
7133.1,6972,67050.3,6040.48,5608,70590,15395.3,22427.3,11.3682
7777.9,8110,62852.3,3412.4,3518,63568.8,8695.92,13808.3,11.3703
12546.3,12034,68325.9,7506.52,7206,68269.1,15630.9,20074.9,11.3723
5153.85,5284,63921.8,2897.12,2928,64844.8,5633.12,10685.2,11.3733
12292.1,11836,68061.7,7349.2,7228,66634.9,4348.72,9035.52,11.3763
14663.3,14144,67942.4,5856.56,5872,65363.7,8322.76,15176.5,11.3763
11131.9,10985,66412.4,3986.2,4125,63330.8,2932.08,7176,11.3763
11930.8,10508,74409.4,8252.84,7656,70645,6484.32,17291.8,11.3774
11967.8,12024,65229.7,5102.64,5304,63048,3483.84,9237.54,11.3784
8327.8,8312,65660.6,4290.96,4332,64915.1,5198.4,11485.5,11.3794
24434.8,19433,82404.1,21500.4,17433,80826.6,21835.6,30928.6,11.3794
32282.2,27892,75851.5,21687.4,19140,74258.3,27642,40808.8,11.3814
7974.2,7970,65570.5,3634.32,3670,64898.9,3683.72,7920.12,11.3814
6146.4,6213,64833.5,3838,3841,65484.8,14446.8,17372.9,11.3814
18629,18373,66449.1,6475.96,6645,63868.9,9377.64,16506.4,11.3824
14869.4,13950,69855.3,10512.3,9866,69829.3,3736.92,8416.2,11.3834
11718.2,11837,64878.3,3920.84,4057,63336.5,12798.4,21091.2,11.3845
22633,18441,80433.6,15168.1,13337,74533.6,3234.56,9242.22,11.3845
14650.3,14692,65350.2,8026.36,7872,66821.1,3441.28,9437.22,11.3855
18480.1,15028,80590.6,17583.4,14132,81541.4,11649.3,15288,11.3855
8087.3,8395,63133.9,3188.2,3247,64349.2,3192,7909.2,11.3875
10849.8,10583,67188.2,5437.8,5379,66252.4,4307.68,9324.9,11.3905
10838.1,10449,67976.4,5736.48,5297,70973.4,2795.28,8545.68,11.3926
12127,12485,63657.1,4917.96,4977,64758.6,3713.36,9669.66,11.3936
7777.9,7677,66397.4,3686.76,3721,64932.9,8733.92,13697.6,11.3946
7755.8,7328,69361.9,4619.28,4416,68552.8,17443.5,24255.7,11.3976
7807.15,7860,65095.3,3011.88,3120,63264.9,6181.84,10119.7,11.3976
9491.3,9397,66193.7,5099.6,5045,66245.3,4046.24,10679.8,11.3976
7532.85,7711,64021.9,3261.16,3199,66809.4,7042.92,11536.2,11.3986
21754.2,20724,68793.8,16606.8,15840,68708.4,10738,16383.1,11.3997
5095.35,5324,62721.4,2517.12,2460,67057.7,2029.96,4180.8,11.4007
10526.8,11053,62415.7,4712,4713,65522.1,4396.6,10389.6,11.4007
12656.8,12938,64111.6,5493.28,5582,64494.4,10008.4,17266.9,11.4027
6815.9,6833,65372,2903.96,2901,65602.9,3446.6,7705.62,11.4027
13703.9,13912,64555.9,5088.96,5080,65651.6,10190.8,17292.6,11.4037
8023.6,8374,62793.7,4319.08,4466,63380,4639.04,11572.1,11.4037
10404.5,10464,65163.7,4808.52,4848,65002.3,4173.92,11643.8,11.4047
9755.2,9599,66602.4,4091.84,4063,66001.2,3033.16,8722.74,11.4068
14802.4,14860,65282.2,6168.92,6348,63687.2,3769.6,11118.1,11.4068
13501.1,12897,68606,6766.28,6501,68210.3,14599.6,25215.1,11.4118
16279.9,15511,68784.7,9852.64,9079,71120.5,4248.4,12808.4,11.4149
12289.5,12646,63688.8,4573.68,4601,65146.9,6026.04,13604.8,11.4179
4951.7,5365,60487.3,2476.84,2501,64902.9,2308.12,5715.06,11.4189
5845.45,5632,68019.8,13292.4,11940,72959,28671,41959.3,11.4199
21105.5,18180,76082,13977.2,12388,73943.1,3458.76,10658.7,11.4199
45871.1,33346,90152.1,39577,31830,81486.6,47757.6,79238.6,11.422
5229.9,5349,64076.8,2147.76,2209,63719.2,14369.3,33777.1,11.423
7853.3,7710,66754.1,3110.68,3066,66491,2270.12,4777.5,11.423
26182,20420,84028.6,23757.6,18400,84618.4,23714.3,26754,11.424
5482.75,5792,62036.9,3640.4,3764,63384,7910.08,13582.1,11.429
10163.4,9976,66767.1,9233.24,9032,66996.2,4401.16,12005.8,11.429
9476.35,9800,63371.6,3764.28,3800,64920,12163.8,16325.4,11.4311
13076,12361,69327.1,9973.48,9373,69734.6,9319.12,11914.5,11.4321
12701.6,13109,63499.5,6139.28,6257,64303,3250.52,9079.98,11.4331
14777.7,14732,65739.5,5833.76,6008,63635.4,5009.16,9510.54,11.4361
12730.3,12234,68194.4,8705.04,8622,66167.2,3245.2,8939.58,11.4382
15792.4,14964,69164,13076.6,12800,66952,8152.52,11839.6,11.4412
12991.5,12736,66851,4884.52,4964,64486.7,9272.76,16158.5,11.4422
21466.3,17405,80828.1,19924.2,16873,77386.9,4575.96,10630.6,11.4443
12262.9,12821,62683.2,4965.84,5093,63899.7,2102.16,7713.42,11.4483
13330.2,12616,69246,4959,4776,68047.1,4000.64,7076.94,11.4483
4710.55,5088,60674.3,2740.56,2724,65934.4,3700.44,7448.22,11.4493
13581.1,13655,65181.3,5222.72,4919,69582.5,4537.2,11191.4,11.4513
5522.4,6059,59732,2894.84,3032,62571.3,3124.36,6191.64,11.4534
9301.5,9321,65398.9,3092.44,3065,66122.7,3613.04,8739.12,11.4544
10676.9,10788,64861.1,6301.92,6116,67528.2,7884.24,12896.5,11.4595
6182.15,6431,63000.1,1517.72,1583,62833.4,2713.96,5953.74,11.4615
5134.35,5778,58235.5,1482.76,1558,62371.1,4061.44,4482.66,11.4615
51245.3,42881,78319.4,33830.6,29045,76334.1,35934.3,44711.2,11.4666
12649,12401,66846.6,6328.52,6241,66455,5013.72,9976.98,11.4696
10814,10876,65162.7,6086.08,6012,66343.5,2537.64,8390.46,11.4716
11190.4,11277,65032.7,6887.88,6813,66256.3,4726.44,8028.54,11.4747
12888.2,13006,64942.4,5554.08,5742,63391.2,9642.12,15755.2,11.4757
8613.15,9113,61941.3,3083.32,3225,62656.9,2556.64,7828.08,11.4767
6366.1,6640,62832.6,2802.88,2992,61393.6,2257.96,5196.36,11.4767
11824.1,11962,64780.8,7777.84,7354,69313.1,11495.8,21411,11.4787
5000.45,5445,60185.4,1887.08,1989,62177.8,5127.72,9049.56,11.4828
6763.9,7199,61575.1,3367.56,3355,65781.3,9477.2,14324.7,11.4868
8371.35,8428,65095.5,3834.2,3868,64963.3,2560.44,7070.7,11.4909
18991.7,18709,66526.3,9831.36,9829,65551.7,3054.44,7076.94,11.4919
11206,11870,61870,5263.76,5502,62698.3,5477.32,13263.1,11.4929
21760.7,18328,77810.4,14057,12444,74030.6,5020.56,14313,11.4949
13497.2,13533,65362.9,5823.88,5769,66159.4,2252.64,7395.18,11.4959
13090.3,13481,63636.9,6918.28,7001,64761.7,2253.4,5470.92,11.499
9031.75,9344,63346,5320,5184,67255.3,3449.64,8828.82,11.5
6277.7,6853,60034.3,2865.2,2929,64108.5,6528.4,13026.8,11.501
15214.5,14792,67408.1,12179,11628,68641.5,16064.1,18374.5,11.501
12380.5,12287,66035,6884.84,6687,67474.9,6245.68,13781,11.503
9560.85,9341,67078.5,9534.2,9433,66239.1,7111.32,11880.2,11.503
21766.5,19117,74619.1,10743.4,9309,75634,14439.2,24665.9,11.5041
8700.25,8712,65447.6,5548,5532,65725.5,8235.36,15254.5,11.5041
11996.4,11820,66514,7676,7464,67397.4,7039.88,14634.4,11.5051
11033.8,11215,64476.8,6138.52,5871,68522.2,3752.12,8171.28,11.5081
14659.4,14307,67150.5,8895.04,8711,66920.6,17878.2,25063.7,11.5101
14160.9,14705,63111.1,5116.32,5269,63637,2375.76,8224.32,11.5111
9408.1,10011,61589.2,4119.96,4267,63277.6,5254.64,10985.5,11.5111
8340.15,8760,62395,3629.76,3724,63877.5,3971.76,8913.06,11.5162
7851.35,8280,62143.2,3250.52,3352,63551.9,7164.52,13187.5,11.5203
8334.95,8512,64172.8,6555,6336,67801.2,3932.24,9630.66,11.5203
8526.05,9025,61912.8,4928.6,5041,64074.7,2971.6,8430.24,11.5223
23526.1,19972,77198.4,13004.4,11136,76531.4,4334.28,11608.7,11.5243
5833.1,6197,61687.6,2384.12,2481,62976.9,3505.12,8248.5,11.5253
13725.4,13768,65333.2,6741.2,6856,64438.6,6381.72,12766.3,11.5264
13038.3,13556,63033.4,7954.16,7844,66456.4,10338.3,14992.4,11.5294
9332.7,9833,62201.5,3432.16,3497,64320.9,7693.48,12219.5,11.5314
23100.3,19631,77118.1,17696.6,15723,73762.3,6494.2,20076.4,11.5314
8809.45,9045,63829.3,6943.36,6757,67343.5,2109,5644.08,11.5334
13504.4,13001,68073.6,7585.56,7081,70205.8,16623.5,21617.7,11.5345
8615.75,9104,62021.3,3407.84,3508,63664.8,3689.04,9774.96,11.5345
16200.6,15297,69407.2,10577.7,10373,66829.1,2878.12,6211.92,11.5385
19024.8,18236,68370.9,8155.56,8216,65053.9,3151.72,9246.12,11.5395
13532.3,13691,64776.6,6762.48,6939,63868.8,3782.52,10129.1,11.5395
21495.5,17857,78889.5,17838.7,15669,74610.9,15687.2,27331.2,11.5405
15939.3,14561,71739.4,8897.32,8241,70755.3,3268,12373.1,11.5416
9984.65,10493,62361,3724,3865,63145.2,2118.12,7096.44,11.5416
13038.3,13021,65623.3,5106.44,5225,64048.9,4677.8,11898.9,11.5426
11019.4,10577,68277.5,8876.8,8485,68562.2,11716.9,14634.4,11.5476
12796.5,12742,65816.6,10165.8,9906,67254.5,19133.8,23010.8,11.5497
10114,10413,63654.2,4686.92,4765,64462.1,7517.92,13844.2,11.5507
13548.6,13024,68175.8,8746.08,8480,67592.3,3596.32,9172.8,11.5507
11002.5,11060,65195.6,3936.8,4032,63988.6,2165.24,8583.9,11.5517
12130.9,12385,64191.7,4690.72,4757,64622.9,5019.8,11869.3,11.5537
8088.6,8145,65082.2,2964.76,3073,63227.6,5863.4,11781.9,11.5557
12577.5,12780,64497.6,6150.68,6364,63339.2,3097,8756.28,11.5568
9348.95,9369,65395.7,5719,5561,67398,17751.3,23948.3,11.5568
12056.8,12003,65830,5777.52,5607,67529.1,10833.8,19544.5,11.5578
7328.1,7972,60242.6,2891.8,2928,64725.8,4011.28,8922.42,11.5618
14309.7,14685,63861.3,7691.96,7737,65154.5,2898.64,8503.56,11.5689
10266.1,10244,65677.4,4936.96,4864,66519,4162.52,9851.4,11.5689
11395.8,11863,62955,4419.4,4515,64148.3,3080.28,7975.5,11.5709
25885.6,17204,98607.2,25368.8,19504,85242.5,23934.7,32257.7,11.5709
11259.9,11432,64549.7,4087.28,4236,63235.1,4719.6,11622.8,11.573
14650.3,14364,66842.5,5209.8,5352,63794.7,8427.64,18996.1,11.578
9098.05,8826,67556.1,4316.04,4414,64081.6,5856.56,12514.3,11.5791
12851.1,12547,67124.6,5079.08,5216,63815.7,6247.96,13678.1,11.5831
15263.3,14677,68153.9,5273.64,5173,66811,8166.96,16067.2,11.5831
9341.15,9297,65847.2,4508.32,4577,64552.6,3337.92,9572.94,11.5862
16961.1,15645,71049.1,6996.56,6909,66366.6,2894.84,9249.24,11.5862
7515.95,7737,63663.6,3365.28,3465,63649.9,3982.4,9349.08,11.5912
5120.05,5060,66313.7,2809.72,2900,63495.8,7744.4,10163.4,11.5922
27926.6,22978,79650,17476.2,14550,78716.2,5000.04,11463.7,11.5922
12010,10947,71900.1,9691.52,9251,68656.7,8498.32,12736.6,11.5922
5497.05,5026,71678.2,3014.92,3014,65556,3375.16,8416.98,11.5932
12814.8,12373,67875.8,5297.2,5409,64181.4,10608.1,15950.2,11.5943
16672.5,15872,68841.3,7080.92,7024,66067.1,5342.04,10845.9,11.5943
11048,11181,64756.7,4649.68,4729,64436.8,12081.7,15728.7,11.5963
12047.8,11841,66680.3,8745.32,8465,67706.2,2709.4,5990.4,11.5973
8862.75,8919,65122.7,3382.76,3383,65531.4,3166.92,8709.48,11.6054
11275.5,11620,63593.3,3803.04,3812,65382,7007.2,15214.7,11.6095
21713.3,17493,81346.8,20453.9,16613,80687.7,21052.8,28835,11.6105
24454.9,21056,76115.1,16929.8,15172,73128.7,7064.2,13930,11.6115
6990.75,7473,61306.8,3639.64,3733,63897,10989.6,15355.1,11.6176
7137,7256,64461.2,3429.88,3532,63641.2,2875.08,6666.66,11.6196
12071.8,11978,66049.2,4632.96,4634,65521.3,5432.48,10376.3,11.6206
13047.4,13341,64094,5121.64,5273,63654.8,2805.16,8210.28,11.6216
27002.9,23735,74559.3,15639.3,14355,71399.2,3458.76,6821.1,11.6216
8492.9,8317,66922,3786.32,3741,66329.9,2482.92,6991.14,11.6237
22430.8,17813,82525.6,18151.8,15185,78340.4,16910,26513,11.6247
38182.9,31497,79447.5,28804.8,23657,79796.6,10042.6,20439.9,11.6287
12238.8,12505,64141.2,4529.6,4573,64914,7498.92,13804.4,11.6297
10749.7,11180,63013.6,2586.28,2668,63528.7,7745.92,14321.6,11.6297
6761.3,6997,63328.4,3192.76,3217,65042.2,5258.44,9512.1,11.6308
9374.3,9432,65135.1,7683.6,7608,66187.2,2052.76,5286.84,11.6318
12816.7,13033,64448.3,5928,6029,64438.1,3657.12,9710.22,11.6328
8204.3,8521,63100.2,3369.84,3405,64859.3,3414.68,9445.8,11.6328
9192.3,8929,67468.5,4342.64,4357,65320,10551.1,14877.7,11.6389
14773.2,13660,70876.8,9606.4,8988,70045.1,5947,12204.7,11.6409
10653.5,11071,63064.6,5142.92,5167,65230.6,4921,10959.8,11.6419
17139.8,16016,70134.7,10522.2,9712,71003.2,8925.44,20145.1,11.6439
12794.6,12501,67075.2,10347.4,9729,69701.6,4255.24,8558.16,11.646
5587.4,6073,60295.7,2631.12,2717,63464.5,4879.2,9831.9,11.647
9022,9096,65002.8,7073.32,6956,66641.3,19304.8,28745.3,11.648
10056.8,10648,61897.3,6094.44,6188,64545.1,3565.92,11042.5,11.649
6980.35,7493,61052.2,2690.4,2789,63219.1,6384,9629.1,11.65
5509.4,6112,59074.6,2967.8,3060,63561.4,4974.2,8416.98,11.65
13010.4,13346,63888,4359.36,4454,64143.5,2289.88,7972.38,11.652
10467.6,10465,65552.3,4805.48,4805,65542.5,2909.28,8603.4,11.653
10044.4,10399,63301.6,6734.36,6316,69877,3454.2,7453.68,11.6561
23024.9,18637,80966,18834.3,15949,77392.1,10089.8,16667,11.6561
38286.3,31436,79817.1,22427.6,17708,83002.9,15871.8,31103.3,11.6571
11254.1,11749,62775.4,7248.88,7361,64537.8,3828.12,12268.6,11.6581
23624.3,20441,75741.8,16510.2,14313,75596.7,5973.6,12502.6,11.6601
9894.3,10368,62541.7,4325.16,4288,66103.9,3292.32,8595.6,11.6612
9153.95,9165,65457,7429.76,7069,68880.6,11527.7,18332.3,11.6612
11139.7,12037,60650.6,4925.56,5057,63832.6,7397.08,13168,11.6622
18430.1,15366,78604.4,16601.4,14018,77613.9,2874.32,7479.42,11.6632
6443.45,6676,63253.1,3925.4,3844,66923.8,6183.36,12008.9,11.6713
18599.8,15464,78825.2,15355.8,13340,75439.1,3706.52,9216.48,11.6713
10682.1,10911,64161.1,4366.96,4283,66820.7,11576.3,18272.3,11.6743
11281.4,11581,63840.6,5782.08,5933,63868.9,10316.2,19108.4,11.6753
9276.8,9993,60839,3690.56,3801,63631.8,2514.08,7321.08,11.6784
14066,14241,64730.7,5936.36,5957,65308.9,4744.68,11673.5,11.6794
9248.2,9248,65537.4,5260.72,5220,66047.2,2531.56,6160.44,11.6804
9435.4,9972,62009.5,5075.28,5152,64560.1,6814.16,15870.7,11.6804
50449.8,37789,87493,33944.6,25917,85835.4,39537.5,65119.9,11.6824
12279.8,12508,64340.3,4836.64,4872,65060.4,3461.04,7726.68,11.6835
12817.3,12946,64884.7,5212.84,5286,64629,4021.92,10566.7,11.6845
11243,11151,66077,5471.24,5311,67513.3,2438.08,8520.72,11.6845
15283.4,15677,63890.8,7267.12,7373,64594.9,2271.64,7599.54,11.6895
29553.5,20208,95844.3,34557.2,26468,85565.2,21209.3,35597.6,11.6895
5931.9,6350,61220.9,3274.84,3358,63913,3777.96,9059.7,11.6926
7045.35,7085,65169.2,2960.96,3037,63895.1,5443.88,8669.7,11.6936
9683.05,9588,66185.7,7960.24,7716,67610.5,6048.08,10781.2,11.6946
13817.7,14182,63852.5,5383.84,5414,65170.9,9508.36,19109.2,11.6956
16326,14833,72132.7,16596.9,15425,70515,14493.2,22976.5,11.6966
10738.6,10675,65926.8,4525.8,4419,67119.9,3985.44,9110.4,11.6987
26247,19173,89715.9,27974.1,21889,83754.8,13603.2,29423.9,11.6997
7601.1,7716,64560.1,4368.48,4276,66953.4,10124.7,15079.7,11.7007
7878,7848,65786.5,3119.04,3084,66280.6,3563.64,8561.28,11.7017
10683.4,10545,66396.1,6930.44,6705,67739.5,16818.8,22013.2,11.7017
12855,13285,63415,4731,4897,63314.4,6214.52,11275.7,11.7027
9533.55,9705,64378.2,2732.96,2685,66706.6,3787.84,8124.48,11.7027
7294.95,7560,63238.3,3328.8,3336,65394.6,2230.6,6100.38,11.7078
15226.9,14857,67167.7,9343.44,9177,66724.6,8352.4,13309.9,11.7088
16994.3,16624,66995.6,6333.84,6192,67037.2,8638.92,13508,11.7088
9523.8,9653,64658.8,4029.52,3969,66535.3,4921.76,11526.8,11.7098
7846.15,8028,64051.5,3382.76,3420,64822.4,5066.16,9462.96,11.7108
6936.15,7275,62483.5,3211.76,3327,63266,16634.1,15356.6,11.7149
13956.8,13753,66507.1,6741.2,6649,66444.8,2327.88,7055.88,11.7169
7837.7,7905,64978.1,3728.56,3717,65739.8,11444.8,14504.9,11.7169
23485.8,18046,85291.2,12418.4,8938,91055.3,8825.12,12564.2,11.7169
11320.4,11095,66867.4,4972.68,4903,66467.4,5594.36,12784.2,11.7189
9691.5,9276,68471.6,9266.68,8924,68052.6,7068.76,12626.6,11.7199
9715.55,9612,66242,3638.12,3688,64649.6,16233.6,21584.2,11.722
16555.5,16050,67600.1,7704.88,7462,67669.1,2996.68,6444.36,11.722
10606.7,10305,67454.7,7599.24,7457,66786.1,6392.36,11499.5,11.723
19220.5,18859,66792.2,5618.68,5679,64839.9,3826.6,11870.8,11.724
8242.65,7972,67761,3385.8,3380,65648.5,3391.12,9055.02,11.725
8845.2,8908,65074,3958.08,3992,64979.1,11497.3,16828.5,11.726
17472,16756,68336.4,8365.32,8304,66019.9,4252.2,13026.8,11.7281
24433.5,17889,89511.6,21871.3,18257,78509.9,5406.64,14631.2,11.7281
12680.8,12677,65555.9,13846.4,13461,67412.5,11635.6,16944.7,11.7291
8934.25,9148,64004.7,2246.56,2248,65494,4544.8,9319.44,11.7301
9220.25,9444,63983.3,4352.52,4340,65725.1,2333.2,6752.46,11.7301
17672.8,17180,67416.1,7920.72,7980,65049.2,2583.24,8066.76,11.7362
15393.3,14985,67321.7,6212.24,6393,63683,7004.16,14412.8,11.7412
9880.65,10216,63384.7,3777.2,3916,63213.1,7634.96,14417.5,11.7443
28109.9,21445,85904,22064.3,18101,79885.5,5190.04,12264.7,11.7453
14201.2,13564,68614.7,5865.68,5880,65376.4,3185.92,8322.6,11.7483
8191.3,7753,69240.9,7274.72,6925,68845.6,17569.7,22405.5,11.7504
17223,16304,69230.2,9599.56,9760,64458.7,4167.84,10417.7,11.7514
26927.5,19681,89666.4,21684.3,16961,83786.5,18331.2,32660.2,11.7544
11015.5,10556,68389.1,4440.68,4472,65077,11600.6,17472.8,11.7595
15778.1,15264,67743.3,6526.12,6736,63494,5188.52,13077.5,11.7615
11255.4,10410,70858.2,7784.68,7278,70098.5,9481,19262.1,11.7615
13985.4,13516,67812,8171.52,7912,67685.6,13999.2,17070.3,11.7625
9275.5,9367,64895.8,4965.08,4915,66203.8,2071,6938.88,11.7625
11330.1,11161,66529.2,4437.64,4413,65901.9,4094.12,8653.32,11.7656
5989.75,5968,65774.8,2878.88,2884,65419.6,8882.12,13676.5,11.7656
16443,15484,69595.2,8563.68,8552,65625.5,2675.96,6544.2,11.7676
16814.2,14132,77974.5,11158.3,10020,72981.2,18981,29154.1,11.7686
13834.6,13228,68541.3,6630.24,6732,64545.4,3971.76,10022.2,11.7706
11804.6,11917,64918.1,5757,5865,64329.2,11647.8,17797.3,11.7706
11664.3,10783,70892,6493.44,6287,67687.9,5465.16,12104,11.7716
10455.3,8934,76695.2,8591.8,7686,73259.5,16248,27982.5,11.7727
9182.55,9100,66130.5,3612.28,3720,63638.3,4917.96,8174.4,11.7727
22670,17331,85725.3,17226.9,14487,77930.8,6947.16,19589.7,11.7727
12652.9,12433,66695.1,7324.88,7201,66663.4,3256.6,10417.7,11.7787
9636.25,9520,66336.3,6166.64,6052,66777.4,4099.44,11025.3,11.7797
10328.5,9421,71848.9,7980.76,7385,70822.9,15208.4,18550.7,11.7808
12805.6,12492,67181.5,7225.32,6940,68230.3,9543.32,20099,11.7818
8776.95,9395,61224.7,3437.48,3575,63015,10820.9,14742,11.7838
10286.3,10313,65366,5633.88,5805,63604.1,4606.36,11026.1,11.7858
13067.6,13258,64594.8,5973.6,6126,63905.6,8239.16,16946.3,11.7899
14127.1,14172,65328.4,6738.92,6796,64985.6,3243.68,9696.18,11.7909
5702.45,5763,64847.4,3011.12,3027,65192.2,12959.5,15562.6,11.7939
14985.1,14724,66698.1,8275.64,8224,65947.5,2302.8,8728.2,11.799
7949.5,8404,61991.7,5257.68,5268,65407.6,4696.8,10466,11.8061
9571.25,9833,63791.5,3515.76,3693,62390.7,3283.2,8682.96,11.8071
11570,12096,62686.1,5332.92,5520,63314.9,2549.8,9232.86,11.8071
9697.35,9269,68564.6,7042.92,6641,69502.3,9330.52,13889.5,11.8081
12281.1,12280,65541.9,5115.56,5260,63736.4,2154.6,8526.18,11.8122
13998.4,14044,65323.2,8629.8,8636,65489,4575.2,10466.8,11.8142
7768.8,7875,64652.2,3684.48,3768,64083.4,6031.36,11908.3,11.8162
9393.8,9541,64524.9,4598,4485,67187.2,4015.08,10581.5,11.8203
7840.95,7912,64947.5,3565.92,3512,66542.2,3139.56,8463.78,11.8284
11893,12037,64752.3,4609.4,4517,66876.6,4535.68,11649.3,11.8294
13773.5,13933,64785.8,6565.64,6461,66597.4,4959.76,12773.3,11.8294
13408.2,13866,63372.3,5698.48,5776,64656.4,5206.76,13615.7,11.8325
18974.1,18264,68084.2,9900.52,9564,67842,6226.68,12937.9,11.8365
20376.8,19872,67201,10310.2,10420,64845.2,3639.64,11065.1,11.8375
12117.3,12377,64160.9,5834.52,5917,64622.5,3356.16,9674.34,11.8385
4882.8,5112,62597.6,1855.92,1964,61929.5,4174.68,8419.32,11.8406
7375.55,7765,62249.1,3540.08,3617,64142.3,6876.48,13263.9,11.8436
19517.5,16396,78013.1,15044.2,13480,73140.7,4366.2,7073.04,11.8497
15315.9,14928,67239.2,5962.96,5828,67053.6,2472.28,7905.3,11.8497
10566.4,10613,65248.2,4085.76,4133,64786.9,4873.88,11748.4,11.8537
15830.1,14984,69236.6,9619.32,9388,67150.8,3571.24,6440.46,11.8537
13794.3,13708,65948.6,6318.64,6188,66919.6,2868.24,9540.18,11.8568
10968.8,11224,64045.6,6903.08,6780,66725.7,5688.6,10345.9,11.8578
8106.15,8449,62876.6,3248.24,3269,65119.8,6018.44,10785.1,11.8578
5804.5,5984,63570.1,2622,2644,64990.7,2766.4,7441.98,11.8598
22441.9,17401,84521.1,18536.4,15837,76706.5,10265.3,25498.2,11.8618
12060.1,11920,66306.3,4661.84,4500,67893,2299.76,7469.28,11.8629
10004.1,9467,69254.5,8954.32,8623,68054.1,3651.04,7233.72,11.8649
13438.7,13721,64187.9,5286.56,5389,64290.2,2934.36,9408.36,11.8659
5747.3,5917,63656.4,2955.64,2953,65594.6,3964.92,7858.5,11.8669
7045.35,6944,66492.5,3337.92,3268,66938.2,8033.2,12012.8,11.8669
17371.3,16974,67069.8,8064.36,8202,64436.2,6094.44,14548.6,11.8669
19082,15052,83082.7,15487.3,13352,76016.7,4681.6,10136.1,11.8689
9440.6,9524,64962.1,4709.72,4768,64734.9,22458.8,19110.8,11.87
12623.6,12928,63993.2,3935.28,4096,62964.5,4328.2,11892.7,11.872
24037,19329,81498.7,18159.4,15701,75797.5,2592.36,5445.18,11.873
11562.8,11377,66606.6,5943.2,5925,65737.3,5260.72,12532.3,11.873
14036.7,14301,64325,5419.56,5561,63869.1,4933.16,14025.2,11.8791
6891.95,7089,63714.3,4020.4,4053,65008.9,7643.32,12086.9,11.8801
30044.3,20073,98091.1,31728.5,22685,91662.2,6347.52,14593,11.8801
8793.2,8820,65336.9,5912.8,5808,66718.5,5875.56,13166.4,11.8811
9544.6,9888,63260,3587.96,3728,63074.2,4104,9741.42,11.8831
14105.6,14316,64573.1,5153.56,5244,64405.7,5126.2,14007.2,11.8841
15067,14996,65846.3,7349.2,7396,65121.3,8105.4,14882.4,11.8841
5420.35,5572,63752.3,2459.36,2592,62182.3,2847.72,7083.96,11.8862
27071.8,20789,85342.3,25521.6,21029,79536.9,20587.6,22038.1,11.8862
10746.4,10659,66073.7,5324.56,5351,65212.2,2819.6,8640.06,11.8872
9986.6,10032,65239.4,5394.48,5472,64607.6,2992.88,8537.88,11.8882
6160.7,6737,59929.9,3141.08,3269,62971.5,5442.36,9725.82,11.8912
15921.1,16114,64751.5,6684.2,6726,65128.7,2618.2,10211,11.8912
6117.8,6613,60628.5,3133.48,3201,64153.6,8976.36,13220.2,11.8933
8561.15,8892,63097.6,3592.52,3608,65254.8,10474.3,13725.7,11.8933
10695.1,10917,64203.9,5766.12,5905,63994.7,17485.3,23289.2,11.8943
16302,16093,66387.1,7633.44,7529,66445.1,6346.76,14151.5,11.8953
14552.2,14625,65209.8,5981.96,6005,65284.6,9259.84,18637.3,11.8973
11500.4,11841,63651.2,4948.36,5029,64485.1,3235.32,8862.36,11.8983
6556.55,6633,64780.7,3388.84,3465,64095.5,2356.76,6122.22,11.9014
11926.2,11677,66934.6,6594.52,6377,67771.4,10315.5,19220.8,11.9014
11079.9,11216,64740.8,5832.24,6052,63156.3,2728.4,8668.92,11.9024
21164,17155,80851.3,14349.6,12327,76288.9,6225.16,13101.7,11.9044
13694.2,13593,66023.9,5358.76,5305,66200.1,2315.72,8586.24,11.9064
14190.8,14314,64971.9,7494.36,7518,65329.9,3239.88,7678.32,11.9085
11932,12056,64862.2,5475.8,5548,64683.1,2296.72,9030.06,11.9095
14292.2,14652,63926.7,6061,6220,63860.7,2204,7142.46,11.9125
18819.4,14345,85977.8,15930.4,14185,73599.7,14635.3,17347.2,11.9125
14125.8,14322,64638.2,5306.32,5446,63855.1,3717.92,10017.5,11.9146
13481,13385,66006,6425.04,6205,67860,17806.8,22995.2,11.9156
13270.4,13586,64013.6,8113,8169,65086.7,2613.64,4822.74,11.9186
16963.7,16765,66312.7,10038.1,9689,67897.2,8083.36,12115.7,11.9196
7878.65,7979,64711.8,2978.44,3051,63977.4,2056.56,4231.5,11.9196
16540.5,16276,66601.2,7571.12,7616,65149.8,3492.2,11623.6,11.9216
6497.4,6768,62915.7,3613.04,3664,64624.5,2152.32,6388.2,11.9216
11004.5,10853,66450.8,7999.76,7617,68829.2,4223.32,11152.4,11.9227
10188.1,10489,63655.9,5182.44,5229,64952.5,2878.12,9105.72,11.9247
9266.4,10000,60728.3,3521.08,3652,63186.6,3447.36,9892.74,11.9257
14204.4,14116,65946.6,6982.88,6676,68548.5,11853,18686.5,11.9267
6543.55,7013,61149,3185.16,3121,66883.3,2964,8323.38,11.9277
28867.1,24609,76875.8,18399.6,16225,74319.6,8873.76,23718.2,11.9287
14898,14617,66795.9,11051.2,10413,69552.4,19465.1,25278.2,11.9298
11698.7,12180,62946.3,5155.84,5300,63753.4,7441.16,14676.5,11.9308
9074.65,9185,64748.6,4154.92,4133,65883.6,10779.1,15323.1,11.9318
16983.2,14285,77914.7,15176.4,13241,75115.4,9534.2,16641.3,11.9318
14316.9,14648,64054.6,7252.68,7432,63954.7,8900.36,17087.5,11.9328
12075.7,11736,67433,6645.44,6364,68434.3,16226,25341.4,11.9358
14144,14217,65199.5,7285.36,7181,66488.4,2256.44,7861.62,11.9379
11098.8,11030,65944.5,5279.72,5206,66464,9251.48,17195.1,11.9399
17294.5,16680,67950.6,12336.3,11944,67688.6,3099.28,4445.22,11.948
11009,10561,68316.4,5358.76,5269,66652.4,2251.12,7222.8,11.948
8828.3,8657,66832.8,3765.8,3781,65272.5,3294.6,7670.52,11.949
13570,13317,66781.3,8540.12,8305,67391.4,9115.44,12809.9,11.95
14943.5,14853,65935.3,6192.48,6257,64860.2,3170.72,9712.56,11.9521
12971.4,13081,64986.9,4325.92,4429,64010.7,3548.44,10518.3,11.9531
12385.1,12381,65557.7,6630.24,6605,65786.4,2219.2,7320.3,11.9551
6627.4,6693,64893.7,3017.96,3029,65297.1,3229.24,6711.12,11.9551
10975.3,10345,69528.7,7714.76,7129,70920.8,8494.52,16507.1,11.9561
6271.2,6632,61970.7,2530.04,2584,64167.5,6959.32,8814.78,11.9581
11232.6,11413,64500.4,8162.4,8101,66032.7,3955.8,10018.3,11.9581
28893.1,23421,80848,27711.1,24045,75528.2,10817.1,18847.1,11.9591
8043.1,8366,63006.5,4013.56,4046,65010.6,3579.6,8569.08,11.9591
7869.55,8258,62453.2,3738.44,3750,65334,6586.92,11932.4,11.9612
9906.65,10297,63051.6,3691.32,3757,64390.3,3527.92,9950.46,11.9622
12722.4,11681,71379,8219.4,7541,71431.7,12139.5,21078.7,11.9622
13873.6,13773,66014.7,8297.68,8157,66666.3,9152.68,17873.7,11.9622
13998.4,13632,67297.5,5647.56,5728,64615.7,7584.04,16071.9,11.9632
10261.5,10172,66113,8119.08,7884,67490.1,6202.36,12232,11.9642
10917.4,9289,77024.7,6817.2,6061,73712.6,12402.4,20692.6,11.9642
13173.5,13213,65340.3,9234.76,8809,68703.5,3545.4,6381.18,11.9673
11794.3,10360,74608.9,7709.44,7004,72136.8,4715.8,8892,11.9683
11139.7,11452,63748.8,4337.32,4392,64720.1,8509.72,15968.2,11.9703
17260.8,15896,71162.6,13849.5,12824,70776.6,10439.4,18622.5,11.9703
9954.75,9844,66273.3,5766.88,5668,66679.3,11586.2,17181.1,11.9733
15260,14952,66886.2,8660.96,8652,65603.9,2840.88,8081.58,11.9744
9695.4,9000,70599.8,9030.32,8504,69592.1,9020.44,15078.2,11.9764
12413.7,12485,65161.7,4533.4,4661,63741.9,3163.12,10062,11.9774
17207.4,16452,68545.3,9682.4,9072,69945.5,13534.1,20401.7,11.9804
6783.4,6529,68089.6,3036.96,3061,65021.3,11286.8,15539.2,11.9814
20699.3,16884,80345.1,18585.8,16356,74470.5,4719.6,10068.2,11.9825
13588.9,13432,66301.5,5318.48,5276,66063.7,18494.6,27848.3,11.9835
11222.9,11408,64472.6,4978.76,4992,65362.2,13816.8,18103,11.9845
11128,11235,64911.9,5660.48,5699,65093,6114.96,13548.6,11.9865
14691.3,14483,66478.6,8358.48,8371,65438,2821.12,8087.82,11.9865
12786.1,12420,67468,5516.08,5348,67595.7,5016.76,11923.9,11.9875
11558.9,11741,64519.8,4262.84,4329,64534.4,2845.44,8270.34,11.9906
5964.4,6280,62242.5,1648.44,1656,65236.8,2830.24,5595.72,11.9926
13683.1,13597,65951.2,6256.32,6233,65781.2,2682.8,9727.38,11.9946
8705.45,8696,65607.2,5607.28,5564,66045.8,2348.4,8826.48,11.9977
19817.8,19449,66778.9,9639.84,9709,65069.2,3138.04,10360,12.0007
15166.4,14665,67776.9,5833.76,5981,63922.6,2926,8546.46,12.0037
13157.3,13345,64614.2,5263,5409,63767,2158.4,7850.7,12.0058
15041.6,15093,65313,6517.76,6657,64165.2,2254.92,6991.92,12.0068
8143.85,8241,64763.4,3224.68,3329,63482.3,2487.48,6865.56,12.0088
10255.7,10387,64707.6,5624,5587,65970,3857,9919.26,12.0098
8678.15,8189,69450.6,6804.28,6557,68007.5,2919.92,9438.78,12.0119
16071.9,15737,66930.7,7188.84,7081,66534.1,4560,11069,12.0119
14977.3,14877,65977.8,6504.08,6589,64691.4,5297.2,12088.4,12.0129
10058.8,9925,66419.2,3875.24,3957,64181.9,5911.28,12119.6,12.0159
13902.2,13613,66928.3,5908.24,5805,66701.5,2840.88,9903.66,12.019
17176.9,16500,68224.6,9215,8880,68008.4,6050.36,10285.1,12.02
8253.05,8252,65544.3,3246.72,3352,63477.6,2280.76,6429.54,12.021
11516,11805,63931.9,5556.36,5597,65060.1,2228.32,8009.82,12.022
7318.35,7541,63601,5701.52,5557,67240.4,2893.32,8748.48,12.026
13512.2,13817,64090.3,6655.32,6749,64626.3,6398.44,14476,12.0271
15354.9,15368,65480.3,5035.76,5148,64107.1,2875.84,9218.04,12.0291
16098.5,16229,65009.2,7685.88,7717,65271.7,2739.8,9578.4,12.0301
52651.3,32204,107147,47600.3,30648,101786,4116.16,337.74,12.0342
8316.75,8381,65033.6,3308.28,3437,63081.6,2983,8199.36,12.0362
5907.2,6312,61333.1,2770.2,2860,63478.3,9091.88,11732.8,12.0372
11206,11612,63244.6,5415.76,5528,64205.4,2210.84,7496.58,12.0372
6845.8,6877,65238.7,3096.24,3165,64112.2,6833.92,11433.2,12.0382
8851.7,9321,62236.3,4759.88,4809,64866.6,4162.52,9598.68,12.0423
17480.4,14284,80201.5,13686.1,11932,75170.2,5044.88,12519,12.0433
26732.5,21652,80913.7,25612,21316,78744,9180.04,23222.2,12.0453
5571.15,5781,63157,2687.36,2705,65108.6,3885.88,8210.28,12.0473
10749,10265,68626.4,3940.6,3853,67026,2347.64,7810.92,12.0494
6778.2,7224,61491.7,2533.84,2588,64164.5,13584.2,15227.2,12.0524
5525.65,5996,60395.1,2273.16,2344,63555.4,4545.56,9428.64,12.0524
15007.2,13845,71037.3,10795.8,10033,70518.6,9889.12,14779.4,12.0544
40443.6,24109,109939,37877.6,25293,98143.7,2612.88,402.48,12.0595
15442.7,14889,67973.2,6073.16,6073,65537.7,5863.4,12989.3,12.0605
8589.1,8077,69691.1,3332.6,3337,65449.6,2107.48,5745.48,12.0656
17613.7,17342,66562.8,7983.8,8078,64771.8,4098.68,12317.8,12.0656
7000.5,6877,66712.9,5630.08,5469,67466.3,4159.48,9441.9,12.0686
11857.3,11613,66914.7,6344.48,6281,66198.4,2180.44,7789.86,12.0717
14076.4,14157,65162.9,7264.08,7401,64323.6,3002.76,7934.94,12.0727
4776.85,5072,61722.3,2644.8,2692,64386.9,3860.04,7981.74,12.0737
9021.35,9320,63436,3844.84,3932,64083.3,10100.4,16432.3,12.0767
11893,11892,65541.8,5406.64,5360,66106.3,10708.4,15729.5,12.0787
12788.8,12785,65555.2,5183.2,5173,65665.2,2270.12,7225.92,12.0798
11624.6,11428,66663.4,5288.84,5140,67433.7,11316.4,19892.3,12.0798
8431.8,8117,68077.7,3430.64,3569,62995.4,2735.24,7600.32,12.0828
9579.05,9633,65169,3930.72,4021,64064.6,3125.88,8253.96,12.0858
14962.3,13552,72356.3,9747.76,9396,67989.5,12219.3,24548.9,12.0869
8583.9,8880,63350.7,4365.44,4500,63576.3,6285.96,13466.7,12.0899
14629.5,14477,66226.6,8860.08,8633,67259.8,2660.76,7291.44,12.0909
8222.5,8373,64358,3542.36,3569,65046.8,2407.68,7175.22,12.0919
7644.65,7761,64553.5,2954.88,2961,65400.5,7756.56,12444.1,12.0919
6591,6861,62957,4353.28,4361,65420,12997.5,15712.3,12.0919
5869.5,6109,62966.7,3338.68,3273,66851.1,5988.04,10699.3,12.0929
6004.05,6156,63918.4,3503.6,3548,64715.9,7534.64,11578.3,12.0929
21305,15106,92430,10201.5,6898,96921.4,4008.24,14163.2,12.095
12118.6,12284,64653.6,6379.44,6440,64919.7,4550.12,12104,12.095
20094.1,15337,85863.4,20431.1,16573,80792.3,5391.44,16702.9,12.096
30111.2,23585,83670.6,25328.5,20165,82317.4,5814,8896.68,12.096
9755.2,9718,65786.9,5358,5142,68289,3090.92,7672.08,12.098
10918.7,10976,65193.9,3917.8,3984,64447,4063.72,9183.72,12.099
8570.25,8469,66319.5,2996.68,3057,64242.9,4035.6,9283.56,12.099
13668.8,13717,65305.9,6144.6,6245,64482.4,10032.8,19300.3,12.1021
6121.05,6527,61460,2777.04,2875,63303,4529.6,9533.94,12.1061
10776.3,10767,65592.9,3436.72,3387,66498,2904.72,9036.3,12.1071
39759.2,33197,78490.8,37217.2,31353,77793.7,15348.2,39353.3,12.1102
7690.8,7832,64354.5,4007.48,3980,65988.5,8343.28,13788.1,12.1112
6061.25,6225,63812.1,3536.28,3557,65154.2,10567.8,13457.3,12.1132
16252.6,15948,66787.7,5010.68,4920,66743.9,2353.72,8998.86,12.1132
13194.3,13255,65236.1,5799.56,5763,65951.8,4884.52,11937.9,12.1142
11129.3,10549,69141.1,8068.92,7717,68524.7,5751.68,16562.5,12.1152
15815.1,15425,67193.6,11650,11141,68530.4,13327.4,17006.3,12.1163
12918.8,12752,66393,7043.68,7088,65126.2,4398.12,10991.8,12.1173
10298.6,10532,64083.7,4489.32,4640,63407.8,4439.92,10552.6,12.1173
16978,16853,66022.1,8198.12,8129,66093.3,4249.16,13022.1,12.1193
12381.8,12320,65865,4636,4576,66395.3,5544.2,12795.9,12.1213
5687.5,6123,60874.7,2860.64,2975,63016.8,6368.04,11665.7,12.1223
24542,18513,86878.8,22558.3,17621,83898.9,19983.4,27612,12.1254
5846.75,6164,62163,2958.68,3024,64120.4,6559.56,11116.6,12.1274
13955.5,13888,65854.5,8135.8,8096,65858.2,3760.48,10792.9,12.1274
12221.9,12297,65136,5744.08,5705,65984.9,7913.12,16043.8,12.1284
14465.1,14633,64784,6442.52,6541,64549.3,2543.72,5176.86,12.1284
7808.45,8249,62036,3014.16,3033,65128.9,2207.04,6676.02,12.1304
15851.5,15991,64964.5,9241.6,9175,66011.7,6824.04,12455.8,12.1304
10766.6,10792,65381.8,4639.04,4584,66322.9,2147.76,7506.72,12.1315
7967.05,8282,63043.8,3542.36,3642,63743,3732.36,8897.46,12.1335
9256.65,9236,65682.5,6268.48,5952,69020.7,7728.44,16257.5,12.1345
9512.1,9792,63662.7,3202.64,3248,64620.8,2850,8482.5,12.1386
13841.1,13961,64973.2,4461.2,4521,64669.1,2802.12,9724.26,12.1396
15696.2,14725,69858.5,8610.8,8033,70249.9,20246.4,24899.9,12.1477
11937.9,12280,63710.3,4455.12,4540,64310.7,2283.8,6700.2,12.1477
13152.8,13192,65341,5272.12,5224,66139.7,3893.48,10008.2,12.1487
14403.3,13467,70092.7,11374.2,10655,69959.4,4264.36,7920.9,12.1517
18551,14981,81153.4,15206.1,13169,75673.6,4496.16,13409,12.1527
16979.9,16542,67271.1,8081.08,8110,65302.3,6410.6,13435.5,12.1548
10355.1,10295,65918.9,3806.84,3815,65395.8,5346.6,11427.8,12.1548
8425.3,8557,64527.3,3390.36,3529,62961.4,5402.08,10488.7,12.1548
13592.8,13692,65061.2,5743.32,5816,64717,2250.36,7287.54,12.1558
13865.1,14036,64738.3,3923.88,3972,64742,2559.68,7512.96,12.1568
7289.75,7021,68044.6,7058.88,6749,68545.1,5820.08,15171.8,12.1588
12086.1,12176,65052.1,4349.48,4320,65983.2,5156.6,11712.5,12.1588
10132.2,10297,64487.1,7121.2,7145,65317.7,4164.8,10338.9,12.1588
12837.5,12793,65764,5717.48,5789,64726.3,5249.32,10524.5,12.1598
29471,22921,84263.8,28156.5,24445,75486.3,7917.68,18252,12.1609
5105.1,5253,63690.8,2612.12,2545,67264.4,2337.76,6129.24,12.1619
12212.8,12044,66454.8,8496.04,8220,67736.8,4398.12,10190.7,12.1639
39529.1,25697,100813,43900.6,31921,90131,32761.3,55139,12.1649
6430.45,6689,63002.8,2971.6,3029,64294.1,9501.52,14197.6,12.1649
16500.9,15509,69727.4,9439.96,8657,71463.2,5756.24,13419.9,12.169
10793.9,11131,63551.3,4251.44,4459,62485.4,3416.2,9987.9,12.169
7053.8,7484,61768.8,2868.24,3020,62242.7,3610,9851.4,12.17
10388.3,10264,66329.7,7505.76,7340,67016,7458.64,14061.1,12.174
10812.1,11038,64194.8,5421.08,5486,64760.5,2080.88,5889.78,12.1771
11566.8,11832,64066.8,4414.84,4572,63283.2,4259.8,10945,12.1771
5175.3,5101,66490.6,2307.36,2333,64815.8,7049,11709.4,12.1811
9249.5,9224,65717.2,6374.12,6460,64664.8,11106.6,19471.9,12.1821
12744.5,12732,65600.6,3942.88,4040,63960.5,6979.84,13454.2,12.1842
9571.25,9705,64632.8,3957.32,4109,63116.8,4807.76,9805.38,12.1872
15550.6,14945,68191.6,8941.4,8901,65833.4,3367.56,8117.46,12.1913
22772.1,18609,80197.4,22281.7,19089,76497,23213.4,41177,12.1913
7164.3,7077,66344.4,2737.52,2801,64050.7,2078.6,6736.86,12.1923
7655.05,7636,65699.5,5785.88,5696,66570.1,7871.32,16115.6,12.1943
12276.5,12213,65877,5438.56,5605,63589.9,2602.24,8303.1,12.1943
10990.2,10880,66199.8,4027.24,4096,64435.8,2423.64,8367.06,12.1943
12849.2,12809,65741.7,4874.64,5053,63222.7,2613.64,8332.74,12.1984
7272.85,7188,66309.6,2868.24,2884,65177.9,3917.04,9665.76,12.1994
15001.3,14761,66603.1,5985.76,6061,64722.4,6985.92,14081.3,12.1994
17057.9,14348,77914,13874.6,12716,71507,8054.48,17772.3,12.2014
5559.45,5697,63953.7,2745.12,2837,63413.5,3435.96,7002.84,12.2034
11235.3,11176,65883.4,5145.2,5176,65146,2194.88,6613.62,12.2034
19728.8,17732,72916,17439.7,16052,71201.7,17459.5,25796.9,12.2044
14276.6,14104,66338,6547.4,6556,65450,3036.96,8268,12.2054
7905.3,7981,64914.4,2618.96,2685,63924.1,2191.08,5899.14,12.2054
10721.1,10589,66353.6,5725.84,5853,64112.2,4475.64,12143,12.2085
9246.25,9175,66044.9,4773.56,4819,64918,9011.32,16184.2,12.2085
10180.3,9989,66791.1,5637.68,5749,64267,2093.8,6398.34,12.2095
14496.9,14141,67185.6,9890.64,9597,67541.2,8838.04,16899.5,12.2115
12626.9,12628,65530.3,4230.92,4244,65334,3343.24,9915.36,12.2115
13714.3,13060,68819.6,7710.96,7236,69837.7,2225.28,7297.68,12.2115
8496.15,8453,65870.5,4433.84,4497,64615.6,23528.1,23386.7,12.2125
11024.6,10578,68303.2,7106.76,6754,68958.9,7933.64,15028.3,12.2125
35781.8,29132,80495.6,36221.6,28632,82907.9,20017.6,41170.7,12.2136
13254.1,13449,64586.5,5634.64,5865,62961.9,2250.36,8363.16,12.2146
6305,6357,64999.9,2848.48,2821,66174.4,3165.4,7333.56,12.2146
17111.9,16997,65979,7447.24,7633,63941.1,3110.68,9757.02,12.2156
10164.7,10309,64618.7,4883.76,4993,64102.2,4285.64,10079.9,12.2166
9616.1,8841,71281.6,6669,6189,70618.8,8110.72,18184.9,12.2176
11397.1,11197,66707.2,7137.16,7001,66810.6,9142.04,16873,12.2206
24356.1,11972,133328,12815.9,7700,109078,3198.08,10352.2,12.2227
7614.1,7576,65865.6,3230,3208,65985.4,5239.44,9788.22,12.2237
14077.7,13020,70859.9,9579.04,8984,69876.7,2222.24,9626.76,12.2237
9687.6,9623,65975.9,3660.16,3671,65342.5,4916.44,11330.3,12.2257
12031.5,12129,65009.2,5360.28,5269,66671.3,4290.2,10786.6,12.2267
12745.2,12632,66123.3,5348.12,5340,65635.7,4334.28,10119.7,12.2277
7337.2,7672,62676.1,3597.08,3740,63031.6,2400.08,8083.92,12.2298
14507.3,14633,64973.3,5594.36,5709,64220,10307.1,20375.2,12.2298
6116.5,6333,63295.6,2591.6,2637,64407.7,6802,9027.72,12.2318
8388.9,8587,64024.1,3754.4,3839,64091.8,3099.28,6818.76,12.2318
14560.6,14395,66290.1,7100.68,7167,64929.6,4434.6,8787.48,12.2328
28158.6,24317,75889.5,21629.6,19273,73549.4,11450.9,23096.6,12.2338
39525.2,32953,78606.6,28028,22717,80857.8,17578.8,37652.2,12.2379
13173.5,13280,65010.7,5663.52,5728,64798.3,3138.8,9980.88,12.2379
11900.2,12159,64141.1,3771.88,3845,64289.7,2595.4,8598.72,12.2399
10004.8,10281,63775.4,4849.56,4973,63909.3,9857.96,14973.7,12.2429
15559.7,15232,66945.9,6729.04,6708,65741.6,3134.24,8490.3,12.245
6383.65,6336,66028.9,3751.36,3892,63167.8,6418.2,12473,12.246
25337,19524,85048.4,16492,13540,79824.2,6564.12,15214.7,12.246
8694.4,9069,62829,3434.44,3549,63420.5,3897.28,8342.1,12.249
6650.8,6745,64620.7,3366.04,3353,65790.9,2132.56,5230.68,12.2511
24716.9,20356,79575.9,18599.5,15780,77245.6,11101.3,14680.4,12.2511
18023.8,17642,66954.5,8393.44,8349,65884.8,6598.32,13051.7,12.2521
9529.65,9364,66695.3,5420.32,5220,68051,18034.8,24084.1,12.2541
13181.3,12615,68478.2,9744.72,9027,70746.6,3701.2,7376.46,12.2541
8186.75,8484,63239.8,3991.52,4084,64052,6731.32,12707,12.2551
5903.95,6104,63388.1,3252.8,3240,65794.9,3602.4,7718.88,12.2561
9899.5,10105,64203.2,3306.76,3293,65809.8,12237.5,19749.6,12.2582
13373.7,13304,65879.6,5598.92,5564,65947.3,4415.6,11785.8,12.2582
5937.1,6297,61790.3,2612.12,2697,63473.4,4797.88,9739.08,12.2582
9249.5,9256,65490,5304.04,5176,67157.2,8446.64,14462.8,12.2602
14760.2,14732,65661.4,4593.44,4520,66600.8,6380.2,12651.6,12.2663
11562.2,11091,68320.3,7466.24,7155,68386.8,19012.9,22367.3,12.2673
9035.65,9612,61606.4,3847.88,4012,62855.1,2481.4,7040.28,12.2683
7766.2,8173,62274,3454.2,3565,63499.1,2146.24,6427.2,12.2693
9661.6,10129,62511.9,4735.56,4833,64214.7,6565.64,13341.9,12.2713
6366.75,6752,61796.7,3198.08,3300,63511.9,2220.72,7034.04,12.2723
9705.8,9881,64374,4387.48,4361,65933.9,12352.3,19752.7,12.2734
12166.7,11836,67367.1,8040.04,7836,67242.5,5899.88,11975.3,12.2744
6107.4,6145,65135,3076.48,3125,64518.5,7074.84,12683.6,12.2744
6048.9,6181,64135.4,3408.6,3461,64543.8,7861.44,13068.9,12.2744
17830.1,16860,69307,8961.92,8588,68389.4,6236.56,11516.7,12.2754
12879.8,13145,64213.6,6301.16,6365,64878.7,2445.68,7292.22,12.2815
12097.8,11693,67804.8,10279.8,9757,69047.3,9991.72,16452.5,12.2825
10650.9,10940,63804.1,4822.2,4792,65949,3801.52,10339.7,12.2825
22018.8,18290,78896.7,19791.2,16930,76611.5,7347.68,14141.4,12.2855
8635.25,8868,63815.9,4305.4,4464,63207.6,17555.2,19202,12.2875
13466.7,13644,64684.4,7250.4,7256,65485.4,5434,13937,12.2875
12502.8,12683,64604.6,4955.2,4991,65065.9,4595.72,11832.6,12.2886
9059.7,9445,62862.5,3898.04,3985,64105.9,6380.96,11268.7,12.2916
10164,10260,64923.1,3948.2,4100,63109.6,14363.2,17968.1,12.2926
10962.9,11020,65196.4,6297.36,6172,66867.1,3777.96,10416.1,12.2946
26551.2,22017,79032.5,24707.6,21669,74726,2048.2,544.44,12.2946
58028.7,32521,116939,91687.2,59261,101396,15211.4,25295.4,12.2957
5642.65,6024,61387.2,2831,2888,64242.5,3297.64,6700.98,12.2967
15067,14723,67067.2,10287.4,9975,67588.2,2726.88,7452.12,12.3048
17756.7,17417,66814.2,8151.76,7833,68203,13984.8,19724.6,12.3048
9378.2,9245,66480.2,4419.4,4349,66596.9,8325.04,14078.2,12.3088
14406.6,13700,68916.1,7280.8,7408,64410.7,4148.08,10414.6,12.3129
13993.8,13563,67617.9,4943.04,4891,66233.3,4408.76,9076.08,12.3129
10938.8,10699,67005.2,5098.08,4971,67211.4,2630.36,7688.46,12.3139
8420.75,8354,66059.6,4050.04,4070,65214.6,7431.28,13949.5,12.3159
11824.1,12119,63941.5,4984.08,5079,64311.2,9461.24,13760.8,12.3169
9147.45,8790,68201,7383.4,7266,66594.9,2873.56,6252.48,12.3169
12848.5,12341,68231.3,7714,7109,71113.3,7259.52,15632,12.318
11944.4,11661,67128.7,6300.4,6173,66888.6,11043.6,17475.1,12.319
11163.1,11072,66075.2,5719.76,5572,67273.9,4927.08,12966.7,12.321
12894.7,12769,66181.1,5945.48,5845,66662.6,3841.8,9937.2,12.322
26364,20892,82701.1,21248.8,16520,84295.6,18075.8,29345.2,12.323
13645.4,13741,65080.3,5819.32,5801,65743,4335.8,11508.1,12.324
8600.8,8743,64470.1,4411.8,4419,65429.2,3188.96,6980.22,12.325
13657.8,13688,65391.4,6424.28,6316,66659.5,3784.04,9733.62,12.3301
10275.8,10632,63340.7,4449.8,4568,63840.2,2725.36,8289.84,12.3301
13000,12925,65916.3,4914.92,4877,66045.6,2902.44,8000.46,12.3352
6815.25,7001,63797.2,3039.24,3101,64230.8,5472,10732,12.3362
30187.3,20248,97706.2,29246.3,20860,91883.4,15010.8,28796.8,12.3392
11464.7,11672,64372.1,5161.16,5240,64550,9981.08,18567.9,12.3403
14523.6,14173,67157.2,6777.68,6765,65658.8,4576.72,12257.7,12.3403
9840.35,9865,65372.2,2580.2,2729,61962.6,10851.3,15710.8,12.3413
8990.15,8949,65837.3,3989.24,3973,65803.9,2928.28,8175.18,12.3433
35157.8,27662,83294.9,31369,24542,83766.6,19062.3,41811.9,12.3433
12359.8,12377,65444.7,6032.88,6169,64089.9,2680.52,8049.6,12.3443
21386.9,15308,91561,31873.6,24796,84242.3,5457.56,13154.7,12.3453
6434.35,6551,64369,3251.28,3347,63661.8,2546,7178.34,12.3504
7749.3,7801,65101.7,4304.64,4377,64452.6,4460.44,11466,12.3534
7311.85,7386,64878.1,2118.88,2106,65936.8,8604.72,17338.6,12.3555
26853.4,22276,79002.9,21070.2,17972,76833.9,14912,33350.5,12.3605
13070.8,12804,66901.8,5660.48,5668,65449.1,2341.56,6825,12.3615
9902.1,9693,66949.8,4147.32,4233,64209.5,3403.28,9350.64,12.3615
16323.4,15940,67112.5,9299.36,8708,69986.6,14896,20422,12.3646
14324,14336,65481.4,6650.76,6816,63947.2,5266.8,12110.3,12.3646
21142.5,17996,76994.8,16264,14348,74287.5,12733,19269.1,12.3696
14617.2,14169,67609.1,7924.52,7385,70323.8,3646.48,7704.84,12.3707
8063.25,8237,64153.6,4776.6,4713,66420.4,3655.6,9678.24,12.3707
6225.05,6351,64236.3,2911.56,2859,66740.8,6017.68,10582.3,12.3707
14378,14604,64521.8,5149.76,5224,64604.6,9286.44,17024.3,12.3778
28114.4,24241,76007.9,21670.6,18117,78390.9,2976.16,4275.96,12.3808
4975.1,5168,63089.8,2491.28,2516,64892.1,12675.3,17112.4,12.3818
15956.2,15508,67430.1,8514.28,8512,65553.6,5053.24,13132.9,12.3848
6411.6,6716,62565.6,3666.24,3772,63698.5,10048.7,16518.8,12.3848
7983.3,7982,65546.7,3210.24,3294,63869.6,2642.52,6802.38,12.3848
14277.2,13907,67280.8,6190.2,6183,65612.3,4797.88,11313.9,12.3869
13976.3,13652,67092.8,11205.4,10964,66979.2,11387.8,14826.2,12.3879
38230.4,23670,105850,41123.6,28178,95644.7,2640.24,308.88,12.3879
19901.7,16509,79004,17709.5,15197,76371.1,9873.92,15667.1,12.3889
21205.6,20757,66952.4,9547.12,9569,65386.1,2438.08,4979.52,12.3899
11622.6,11640,65438.3,5244,5276,65138.5,8841.08,17776.2,12.3899
10605.4,10509,66137.2,5540.4,5465,66440.2,2140.92,8347.56,12.3909
7294.95,7128,67071,3627.48,3612,65816.9,2979.96,8223.54,12.394
29302.6,21545,89133.4,26086.2,20365,83947.4,7506.52,18676.3,12.395
5706.35,5692,65701.2,2656.96,2728,63829.4,2710.92,6956.04,12.395
17158,13855,81159.9,18023.4,15839,74574.3,2292.92,6063.72,12.396
14214.2,13064,71306,11624.2,10728,71010.8,7619,11349,12.4041
7696.65,7700,65507.5,2953.36,3012,64260.1,6051.88,10065.1,12.4051
14047.1,14336,64215.5,5259.2,5344,64496.1,2689.64,8377.98,12.4061
11603.8,11436,66497.6,4875.4,4828,66179.4,3385.8,8296.08,12.4071
17720.9,16736,69392.9,12232.2,12036,66604.3,7655.48,13238.9,12.4102
18846.1,14416,85675.5,20140,16052,82226.2,29098.9,38426.7,12.4163
4787.25,5087,61674.3,2707.12,2763,64210.6,6222.88,10603.3,12.4173
5818.15,5841,65279.6,3281.68,3317,64838.2,6331.56,11502.7,12.4183
14006.8,13716,66925.7,5904.44,5796,66762.1,6205.4,14543.9,12.4193
12241.4,11675,68715.7,8007.36,7503,69941.4,5663.52,11793.6,12.4203
8550.75,8613,65062.3,3354.64,3425,64189.7,3803.8,9200.88,12.4213
6782.75,6880,64609.6,4063.72,4068,65467,2530.8,5726.76,12.4213
21697.6,14638,97142.9,24119.4,19114,82697.8,11110.4,24958.4,12.4234
11961.3,12220,64148.6,6133.96,6152,65343.8,16052,22004.6,12.4234
10042.5,10285,63990.8,5684.8,5769,64579.5,2255.68,7124.52,12.4244
11843.6,11769,65951.7,5372.44,5437,64757.8,15580,20317.4,12.4254
5564,5357,68068.4,2458.6,2585,62331.4,2543.72,6693.96,12.4264
26625.9,21484,81221.3,20171.2,17740,74517.3,13447.4,22467.9,12.4264
5707,5570,67147.9,3102.32,3126,65039.6,3515,7388.94,12.4335
17232.8,17233,65535.2,6950.96,6981,65254,5668.84,12392.6,12.4345
11521.9,11268,67012.7,6892.44,6836,66077.1,4850.32,12024.5,12.4355
12620.4,12556,65872.1,4430.04,4492,64632,3820.52,9793.68,12.4426
13917.1,12448,73270.8,12308.2,11188,72097.8,13145,19943,12.4426
12962.9,13278,63981,6197.8,6318,64289.2,8393.44,17807.4,12.4457
15143.7,15130,65595.3,9765.24,9162,69851,16448.7,22478.8,12.4467
13133.9,13220,65109.2,6635.56,6544,66452.9,4762.16,11821.7,12.4467
12667.8,12436,66757.8,8406.36,8068,68284.5,11725.3,16571.9,12.4477
12110.8,11949,66423.4,5139.12,5161,65258.2,5175.6,9360.78,12.4487
10381.1,10549,64493.2,4311.48,4485,63000.5,6926.64,12253,12.4487
10225.1,10617,63117.2,4843.48,4953,64086.9,3669.28,9482.46,12.4487
14034.1,13348,68904.9,9515.96,8868,70324.5,10472,15454.9,12.4497
11541.4,11396,66372.2,6220.6,5844,69759.3,16845.4,21476.5,12.4497
29972.8,24273,80925.2,16148.5,13745,76995.8,23772,29795.2,12.4558
12805,13140,63865.2,5543.44,5572,65200.1,6878,14296.6,12.4588
13362.7,13136,66667,5865.68,5952,64585.6,9424.76,14930,12.4619
6832.8,6653,67307.1,2959.44,2973,65237.1,4678.56,10293.7,12.4619
9952.15,10296,63347.3,5164.96,5144,65803,11587.7,19045.3,12.4639
6873.1,7416,60738.3,3040,3164,62967.6,2326.36,7263.36,12.4659
15083.2,15017,65825.1,5628.56,5565,66284.5,8266.52,15038.4,12.4659
9412,8857,69642.6,10291.2,9885,68228.8,5190.8,14079.8,12.4659
11899.5,11911,65473,6631,6739,64485.7,5504.68,11324.8,12.4659
8520.85,8164,68400.6,6865.84,6464,69610.1,7330.96,15451,12.473
6612.45,6949,62362,3159.32,3173,65253.5,2844.68,6615.96,12.4751
10412.3,10568,64570.8,5158.88,5160,65521.8,7003.4,10480.1,12.4761
8869.25,9479,61320.3,2625.8,2723,63196.6,4847.28,11044.8,12.4771
10520.3,10865,63456.5,4625.36,4609,65768.6,5091.24,12705.4,12.4781
5063.5,5297,62647.1,2723.08,2833,62993.2,4239.28,8994.18,12.4822
28843.7,17588,107477,35360.5,25616,90466.4,3272.56,3105.18,12.4842
19251,15057,83790.7,15588.4,13841,73809.6,12573.4,22886.8,12.4882
14448.8,14686,64477.7,5770.68,5934,63732.3,2724.6,10190.7,12.4892
15780,13614,75963.1,11511.7,10426,72360.6,21068,42168.4,12.4903
5318.3,5820,59886.6,3580.36,3656,64180.1,7616.72,13223.3,12.4913
13092.9,13537,63386.2,4998.52,5137,63769.3,6293.56,13143,12.4923
12069.2,12589,62830,5047.16,5181,63843,4341.12,11475.4,12.4923
11585.6,11861,64014.3,4948.36,4961,65369,6953.24,12868.4,12.4923
12763.4,13174,63493.4,5478.08,5570,64454.5,7348.44,15258.4,12.4923
5565.95,5965,61151.7,2745.12,2873,62618.9,14133,16889.3,12.4933
8488.35,8376,66415.1,3394.16,3384,65732.8,11409.9,16748.2,12.4953
10916.8,10992,65087.4,4632.2,4692,64700.7,6604.4,12533.8,12.4953
8822.45,8754,66048.4,4717.32,4706,65693.6,10935.6,15298.1,12.4963
5944.9,6217,62667.7,3140.32,3081,66797.8,3602.4,9516,12.4984
7024.55,7601,60565.8,2744.36,2801,64210.8,3246.72,6841.38,12.4984
13018.2,12116,70416,9586.64,8644,72682.8,5252.36,12053.3,12.4994
40743.3,35951,74272,24911.3,22351,73043.1,6436.44,12008.9,12.4994
17282.8,17173,65955.2,11378,11233,66381.7,8652.6,13494,12.5014
9533.55,9064,68931,5892.28,5672,68081.2,16529.2,24155,12.5014
7458.1,7720,63312.7,3109.16,3116,65392.1,2073.28,6247.8,12.5034
15165.1,15528,64004.6,6515.48,6428,66427.9,9135.2,17010.2,12.5055
9506.25,9498,65592.9,6042,5726,69152.7,4798.64,9674.34,12.5065
13411.4,13347,65852.5,9261.36,8839,68667.6,6951.72,14774.8,12.5085
8033.35,8286,63537.7,3453.44,3412,66332,3838.76,9778.08,12.5115
15557.7,13960,73036.7,10861.9,9884,72020.1,3098.52,10413.8,12.5126
6076.85,6577,60552.3,3239.88,3317,64012.3,10048.7,12153.2,12.5186
11224.2,11524,63831.1,5699.24,5664,65943.7,7284.6,15274.7,12.5186
7560.8,8112,61082.9,2784.64,2900,62929,3071.16,9806.16,12.5217
12853.1,12677,66446.4,6362.72,6257,66643.3,7337.04,14541.5,12.5227
14864.8,14729,66140.5,6779.96,6825,65103.5,11190.2,20489,12.5237
7698.6,8065,62558.6,4328.96,4369,64935.4,5161.16,10765.6,12.5257
7281.3,7796,61209.3,3841.04,3856,65281.7,7636.48,12646.9,12.5257
8598.2,8457,66630.2,4569.88,4393,68174.7,3319.68,7723.56,12.5267
17962.1,14752,79796.9,15802.7,14000,73974.6,13290.1,25689.3,12.5278
20563.4,16408,82133.3,15731.2,13448,76662.9,4960.52,13074.4,12.5278
13455,13492,65356.3,5382.32,5284,66755.4,10260,19252.7,12.5288
10325.3,10170,66536.4,4910.36,4874,66024.9,2950.32,8555.82,12.5298
25543.7,21540,77717.4,29352.7,23892,80514.8,37328.9,56079.7,12.5298
10017.8,10402,63115.4,4376.08,4370,65627.2,3110.68,7236.06,12.5308
13651.9,13644,65574.2,5696.96,5528,67539.1,3731.6,8732.1,12.5318
8059.35,8152,64791.2,3571.24,3496,66946.5,3460.28,9123.66,12.5338
14112.1,13544,68285.1,9912.68,9784,66397.9,5252.36,8445.84,12.5349
7761,8058,63120.5,4629.92,4650,65253,14203.6,17270.8,12.5379
22468.5,21473,68574.4,10137.6,10037,66193.1,5778.28,10912.2,12.542
20846.8,18050,75690.6,17105.3,15414,72727,2558.16,5860.14,12.545
7897.5,8096,63929.2,2945.76,3024,63840.4,3773.4,7125.3,12.546
9666.8,9653,65629.7,4432.32,4501,64536,8308.32,13154.7,12.547
9419.15,9261,66655.2,4237.76,4221,65796.2,10699.3,13242.8,12.547
8043.75,8117,64944.6,3288.52,3349,64352.5,4834.36,8576.88,12.549
13473.2,13134,67228.5,7115.12,7162,65107,2166,6013.02,12.5501
9399,9484,64948.6,3831.16,3852,65181.4,2645.56,6529.38,12.5511
33011.5,21552,100383,28363.2,19056,97544.6,22252,42525.6,12.5602
17096.3,16864,66438.8,9192.96,9280,64921.3,7372,12451.1,12.5643
9757.15,9345,68426.4,6994.28,6677,68650.2,2631.12,6676.02,12.5663
23503.3,18763,82093.3,12067.3,10475,75498,8594.08,23247.9,12.5713
25130.3,19217,85702.2,23580.5,19777,78139.9,7446.48,14861.3,12.5724
9332.05,9321,65613.7,4297.8,4381,64291.4,6717.64,13027.6,12.5734
7715.5,7780,64992.7,3769.6,3876,63737,4056.88,9208.68,12.5744
11221.6,10697,68750,7159.96,7165,65489.9,6646.2,16402.6,12.5764
11108.5,10674,68203.7,3819.76,3890,64352.6,5759.28,11609.5,12.5764
10035.3,9777,67267.7,4152.64,4193,64905.2,2357.52,7614.36,12.5764
15724.8,15392,66953,6976.04,6996,65349,3578.08,7364.76,12.5795
19019.6,14854,83914.9,17443.5,14610,78246.3,3240.64,8257.08,12.5835
16235,15564,68361.6,6751.08,6568,67362.8,9706.72,16971.2,12.5835
14292.2,14268,65647.1,4495.4,4588,64213.3,7250.4,15692.8,12.5845
6314.1,6248,66229.3,2585.52,2524,67133.4,12998.3,13063.4,12.5886
12915.5,12765,66308.7,4700.6,4553,67660.6,4556.96,8608.86,12.5886
14429.3,14197,66608.6,5136.08,5217,64519.5,2375.76,7459.92,12.5896
9861.15,9804,65918,6893.2,6696,67466.1,2055.04,6090.24,12.5936
11497.8,11724,64271.8,6232.76,6440,63427,7593.92,14168.7,12.5936
10688.6,10704,65441.7,5596.64,5588,65637.3,9696.84,18060.9,12.5947
14639.3,14541,65979,8294.64,8349,65109.3,4532.64,10717.2,12.5947
9577.1,9300,67488.7,6663.68,6228,70120.6,5751.68,14188.2,12.6028
11156.6,11489,63639.9,5187.76,5301,64136,4878.44,11200,12.6078
10903.1,10652,67080.9,8669.32,7944,71519.7,5156.6,11250.7,12.6099
10603.4,10685,65035.8,5814.76,5689,66984.7,2694.2,8878.74,12.6099
12445.5,12600,64732.7,7668.4,7788,64529.6,5901.4,12230.4,12.6109
14602.9,14590,65593.9,6370.32,6228,67033.6,5571.56,12503.4,12.6119
5463.25,5981,59862.8,2562.72,2617,64176.7,4968.88,9724.26,12.6139
23871.9,18625,83998.3,23432.3,18773,81801.6,5429.44,10613.5,12.6149
22144.8,19955,72727.9,18010.5,15875,74351.8,18174.6,21357.2,12.618
12874.5,13240,63727.1,5304.04,5336,65143.5,10227.3,17073.4,12.619
16217.5,15955,66614.2,9998.56,9879,66329.1,6998.08,12694.5,12.6271
9737,9089,70208.4,5630.84,5425,68022.6,6320.16,14846.5,12.6332
7928.7,7644,67976.9,2851.52,2888,64708.2,5082.88,10165,12.6342
24826.1,23321,69765.6,14550.2,13545,70399.6,17953.5,32281.1,12.6352
6165.9,6389,63247.5,3135,3201,64184.7,5751.68,9154.08,12.6443
7343.05,7736,62207.1,3292.32,3452,62504.5,2874.32,7177.56,12.6453
6302.4,6429,64245.5,3534,3609,64174.1,4430.8,9504.3,12.6464
16011.4,15649,67053.9,7841.68,7685,66872.1,6336.12,12590.8,12.6474
14020.5,14124,65055.8,6220.6,6328,64423.7,3340.2,10468.4,12.6484
14598.3,14416,66365,6239.6,6116,66860.4,6952.48,16852.7,12.6494
8313.5,8439,64561.4,6249.48,6067,67507.2,10658.2,20994.5,12.6504
14251.2,14154,65986.3,7777.84,7450,68419.9,5680.24,13056.4,12.6504
5179.2,5456,62211.2,2503.44,2499,65652.4,2498.88,4591.86,12.6534
5192.2,5532,61510.5,3188.96,3256,64186.6,10832.3,13023.7,12.6545
12692.5,12944,64262.9,5338.24,5520,63378.1,2470,8706.36,12.6565
14095.9,14288,64654.9,5135.32,5156,65273.1,2260.24,8185.32,12.6575
12926.5,12990,65215.9,5155.84,5182,65205.2,2489.76,8197.02,12.6575
10956.4,11171,64277,4842.72,4899,64783.1,5930.28,12000.3,12.6585
15587.6,15740,64901.7,9619.32,9528,66164.1,9939.28,16456.4,12.6626
26083.8,19760,86509.7,26229.1,19028,90338,14573.8,28725.8,12.6626
15119,14956,66250.2,6693.32,6572,66745.8,8750.64,15860.5,12.6636
15865.8,15741,66055.8,7213.92,7213,65544.4,5209.04,9481.68,12.6727
16907.1,16164,68549.1,9272,8624,70460.3,9291.76,20633.3,12.6737
8250.45,8537,63336.2,3347.04,3385,64801.1,5816.28,11572.1,12.6778
8466.25,8379,66218.4,3698.16,3643,66528.3,3441.28,8223.54,12.6818
16528.8,16404,66034.8,7510.32,7632,64491.1,2326.36,5616.78,12.6828
14795.9,14948,64869.4,6481.28,6484,65508.5,6272.28,12499.5,12.6828
10441.6,10257,66715.5,4780.4,4709,66529.7,4896.68,10844.3,12.6849
23563.1,19429,79480.9,15149.1,13217,75116.1,20769.3,30640,12.6859
26464.8,21464,80804.8,21379.6,17800,78715.2,12684.4,28398.2,12.692
11271,11356,65045.5,4577.48,4588,65385.7,6451.64,14227.2,12.692
15009.1,15053,65345.1,5781.32,5785,65494.3,3245.2,7231.38,12.695
12038.6,12090,65257.6,5489.48,5486,65577.6,2286.08,5844.54,12.695
6267.3,6605,62185.3,3180.6,3277,63608.1,12065.8,15252.1,12.695
15841.1,15792,65740,7572.64,7536,65854.6,5214.36,12549.4,12.698
12153,12304,64732,7349.96,7428,64847.5,2168.28,7834.32,12.7001
14742.6,14303,67550.5,6654.56,6475,67353.4,3996.08,9185.28,12.7021
15615.6,15660,65350.2,8164.68,8268,64717,2896.36,6584.76,12.7021
24159.2,18845,84016.8,22356.2,18781,78011.5,26548.3,42891.4,12.7062
10325.9,10680,63363.1,4344.16,4456,63891.1,14193.8,17866.7,12.7062
12595.7,13057,63220.6,5854.28,5989,64061.8,2745.12,9408.36,12.7112
8952.45,9465,61987.1,3287.76,3389,63578.2,2778.56,6380.4,12.7122
9602.45,9861,63817.7,3527.16,3665,63071.2,7541.48,14032.2,12.7153
10552.1,10804,64008,4148.08,4272,63635,2656.2,9580.74,12.7153
14058.8,14121,65247.6,5459.08,5469,65417.1,2802.88,9646.26,12.7163
6510.4,6906,61781.9,3026.32,3102,63937.1,3033.16,8686.08,12.7163
11393.8,11576,64504.8,4739.36,4812,64546.7,4453.6,10859.2,12.7163
9644.05,9001,70218,8445.88,8109,68258.6,3563.64,8913.06,12.7173
11590.1,11560,65706.9,6914.48,6776,66875.3,15459.2,21635.6,12.7183
10461.8,10625,64529.1,3331.84,3425,63753.4,3272.56,9094.8,12.7183
12999.3,12768,66723.5,7831.8,7504,68398.8,2300.52,6562.92,12.7193
7038.85,7296,63226.2,3290.04,3392,63566.1,4024.96,8051.94,12.7203
18218.2,16246,73491.8,13217.9,11878,72928.9,3587.2,4792.32,12.7203
8377.2,8145,67404.3,6172.72,6001,67411.3,11917.6,21959.3,12.7214
14140.7,14541,63732.1,4065.24,4221,63117.6,4454.36,11052.6,12.7224
17000.1,16544,67342.8,9778.92,9440,67888.9,2974.64,7355.4,12.7224
11432.2,11480,65263.1,4383.68,4332,66317.8,3841.8,9169.68,12.7234
16127.1,16265,64980.6,6327.76,6429,64504,6546.64,13646.9,12.7234
9010.95,9189,64266.1,3337.16,3413,64079.7,5812.48,10980.1,12.7254
15384.8,15160,66508,8432.2,8476,65197.3,5403.6,10619.7,12.7264
7086.3,7233,64206.8,2840.88,2961,62877.4,2171.32,5445.96,12.7285
7894.9,7284,71032.4,3746.8,3796,64686.6,4294.76,7960.68,12.7345
18014.1,16217,72798.4,13507.5,12537,70609.1,6354.36,14946.4,12.7355
10627.5,10400,66969.6,6570.2,6388,67405.2,4704.4,11350.6,12.7386
10370.1,10275,66142.6,4596.48,4759,63297.9,4148.84,10785.8,12.7396
10531.3,10580,65234.3,4779.64,4948,63306.1,7847.76,13259.2,12.7467
13837.8,13602,66672.4,3790.12,3942,63011,10308.6,17825.3,12.7477
11373,11156,66811.1,7039.12,6964,66242.9,8689.84,11590,12.7487
12962.9,12558,67649.3,5989.56,5914,66373.3,3432.16,9966.06,12.7518
12087.4,11860,66792.6,5943.2,6004,64872.3,3366.8,9835.02,12.7528
11042.2,10781,67123.8,5364.08,5357,65622.6,2690.4,7991.88,12.7538
12040.6,12075,65349.3,4314.52,4353,64956.7,2372.72,8489.52,12.7548
21326.5,17847,78313.1,13512.8,11575,76507.5,15248.6,28129.9,12.7568
15689,15848,64878.7,5253.12,5352,64325.2,3934.52,11874.7,12.7578
7844.2,8181,62838,3268,3265,65596.2,3078,8431.02,12.7578
17440.1,11956,95597,23645.1,19316,80224,25859,40724.6,12.7599
9524.45,9248,67495.1,7650.16,7216,69479.1,2354.48,7445.88,12.7609
12348.7,12336,65603.5,5573.08,5524,66118.3,4417.12,11575.2,12.7639
10918.7,11013,64974.8,4783.44,4837,64810.3,3066.6,9110.4,12.7649
6748.3,6885,64234.8,3964.16,4049,64162.8,11631.8,16894,12.7649
13085.8,12941,66269.3,6574.76,6505,66238.8,5424.88,12370.8,12.767
20315.8,16722,79620.4,13216.4,11254,76963.7,14879.3,24097.3,12.768
5262.4,5375,64163.1,1567.88,1627,63154.6,5850.48,8953.62,12.769
5298.8,5644,61527.7,1402.2,1468,62598.5,6840,10523.8,12.772
14671.8,13940,68976.4,8401.04,7952,69236.7,7030.76,12292,12.7741
11876.8,11804,65940.2,5722.8,5788,64797.8,3565.92,9733.62,12.7741
10672.3,10180,68705.6,5766.88,5424,69678.9,14325.2,16539.1,12.7761
11395.1,10955,68169.1,7728.44,7243,69928.4,7295.24,13780.3,12.7761
12520.3,12465,65826.7,8385.08,8165,67302.5,11801.3,14749.8,12.7771
34331,29770,75576.7,18026.4,16158,73114.3,17272.5,33153.1,12.7781
22898.8,17966,83529.9,20568.6,17674,76269.5,2055.8,4046.64,12.7801
15580.5,15277,66838,7636.48,7721,64818.6,4089.56,11416.9,12.7812
13795.6,13228,68348.1,8973.32,8940,65780.3,4232.44,6629.22,12.7822
13815.1,13273,68212.6,7215.44,6877,68761.2,10224.3,14258.4,12.7852
8557.25,8672,64668.8,2754.24,2820,64007.8,4435.36,10509.7,12.7893
11826.1,11941,64905.4,4953.68,4913,66078.6,2351.44,7065.24,12.7893
8310.25,8500,64073,4693.76,4692,65560.6,4361.64,10013.6,12.7903
9818.25,9757,65947.4,6587.68,6397,67489.5,5279.72,12015.1,12.7913
12981.1,12837,66271.9,5112.52,5205,64371.6,4813.08,12893.4,12.7964
20054.4,16668,78851,16853,15048,73397,20817.2,23427.3,12.7974
21227,18690,74432.1,11586.2,9986,76037.8,14232.5,25524.7,12.7984
12406.5,12184,66733.1,6498,6220,68465.1,5493.28,13487,12.8014
29948.1,23829,82365.1,29272.9,24017,79878,24703.8,40258.9,12.8035
9790.95,9724,65987.2,4302.36,4232,66625.6,3030.12,8469.24,12.8045
13754,13006,69305.1,6067.84,6062,65599.1,5023.6,13185.9,12.8085
11825.4,11412,67910.3,4316.04,4404,64227.1,15650.7,17546.1,12.8106
14559.3,13945,68423.2,5821.6,5949,64132.5,4233.2,11165.7,12.8106
9521.2,9275,67275.6,4042.44,4223,62733.9,5309.36,11912.2,12.8116
11489.4,10603,71014.7,4306.16,4383,64387.1,4455.88,9668.88,12.8126
7647.9,6932,72304.2,3387.32,3444,64457.4,2805.16,6797.7,12.8126
13200.2,12249,70625.2,6010.84,6137,64188.8,3796.96,9436.44,12.8126
10480.6,11112,61812.2,4558.48,4700,63562.7,3499.8,9637.68,12.8247
21065.2,16908,81649.5,15917.4,13608,76658.3,7045.2,14224.9,12.8258
15200.9,15136,65817,8774.2,8532,67396.4,3438.24,9269.52,12.8258
34611.2,27984,81056.3,28756.1,22804,82641.7,27191.3,48747.7,12.8278
9374.3,9496,64696.1,4256,4348,64149.3,14030.4,17426,12.8298
39955.5,24012,109051,39853.6,27976,93360.3,10722.8,27948.2,12.8318
40948,21947,122275,32551.6,21807,97826.3,16343,29596.3,12.8339
12734.8,12485,66847.2,5653.64,5697,65037.2,3018.72,9212.58,12.8349
11457.5,11536,65090.3,5162.68,5296,63886.2,4752.28,11221.9,12.8349
13752,13108,68756.1,4696.04,4592,67020.8,8075,13632.1,12.8349
5210.4,5651,60426.3,2304.32,2387,63266,6254.04,10252.3,12.8389
8283.6,8396,64658.6,3873.72,3800,66807.4,2340.04,7590.96,12.842
6464.9,6620,64000.6,3062.04,3144,63827.6,7053.56,11681.3,12.842
12827.8,12621,66609.6,5339,5341,65511.5,5929.52,12590.8,12.8481
5497.05,5415,66529,2333.96,2327,65732,6080.76,9797.58,12.8491
6457.1,6744,62748,2277.72,2248,66402.4,7042.16,7768.8,12.8501
38086.1,28549,87429,28885.3,22101,85653.5,2895.6,1285.44,12.8501
10154.9,10504,63358.2,4084.24,4140,64653.3,9030.32,14885.5,12.8511
40601.6,29025,91675,30308,21681,91613.3,13463.4,26250.1,12.8511
9226.75,9437,64075.9,3452.68,3469,65227.7,7384.16,12301.4,12.8531
5258.5,5469,63013.5,2375.76,2381,65391.8,3425.32,7982.52,12.8592
24495.3,18363,87421.5,21657.7,17851,79511.5,11406.1,30161.8,12.8592
11816.3,12024,64404.2,4484.76,4588,64061.3,11875,16600,12.8602
6638.45,6784,64129.9,2920.68,2964,64578.2,4126.8,7825.74,12.8602
11674.6,11660,65618.3,8078.04,8284,63906.6,2207.04,5784.48,12.8602
22252.1,19944,73120.4,17452.6,16044,71290,10557.2,20025.7,12.8612
6266.65,5933,69221.5,2900.16,3017,62998,9111.64,12347.4,12.8643
11051.9,9956,72750.2,9112.4,8528,70027,15114.1,22110.7,12.8653
5386.55,5384,65567,2124.2,2184,63741.6,2198.68,5452.98,12.8663
14179.7,13664,68009.7,6893.96,6884,65630.8,8046.12,14998.6,12.8663
33288.4,25862,84355.1,26417.6,21170,81781,18576.7,44956.1,12.8673
8087.3,7909,67013.4,3097,3205,63327.6,7502.72,13227.2,12.8673
24930.8,20740,78778.3,14427.1,12628,74872.8,5034.24,13387.1,12.8683
15827.5,15181,68326.9,7647.12,7801,64243.3,2376.52,5653.44,12.8693
24547.9,19604,82063.4,18394.3,16032,75192.6,10218.2,21206.6,12.8714
24724.7,21099,76797.9,17998.3,15563,75791.2,5912.04,9479.34,12.8744
13559.6,11800,75308.9,9474.92,8620,72035.8,14507.6,18667,12.8744
11410.1,11305,66145.3,5918.88,6009,64553.1,4080.44,10095.5,12.8764
13579.8,13421,66311.4,7420.64,7453,65251.5,7609.88,12201.5,12.8785
10343.4,10130,66916.9,5366.36,5238,67142,6366.52,12806,12.8795
13707.2,13232,67889.6,5823.12,5796,65842.6,2329.4,6604.26,12.8805
27054.9,20674,85763.4,24707.6,19718,82119.8,5608.04,12218.7,12.8835
12548.9,12468,65961.2,6007.8,6100,64545.4,2179.68,9552.66,12.8835
12086.1,11069,71557.9,9897.48,9069,71522.9,2067.2,5612.1,12.8856
8700.9,8697,65565.4,9050.08,8681,68322.3,2593.88,6207.24,12.8856
14858.3,15033,64774.6,6481.28,6345,66943.6,10950.8,16213.1,12.8866
21461.7,17499,80376.8,14294.8,12367,75752.1,3553.76,8919.3,12.8866
11321.7,11625,63826.1,3657.88,3581,66943,2623.52,5283.72,12.8896
15117.7,14196,69791,12224.6,11012,72752.6,6485.08,11356,12.8906
5749.25,6508,57895.3,2449.48,2536,63300.1,3271.8,6464.64,12.8926
15256.8,14763,67728.1,7805.2,7739,66096.6,2590.84,9196.98,12.8957
10636.6,10317,67566.2,5271.36,5229,66066.9,3600.12,9318.66,12.8977
15097.5,14700,67308.4,6881.04,6696,67347,2811.24,10228.1,12.8997
17020.3,15301,72899.8,13692.2,12529,71620.2,14091.9,19198.1,12.8997
8759.4,9069,63298.7,3123.6,3261,62774.7,2640.24,6249.36,12.9089
14658.1,14561,65973.3,9550.92,9233,67792.6,2325.6,6041.88,12.9089
13852.8,13616,66675.8,9104.04,8804,67769.5,5815.52,11124.4,12.9089
15752.7,15581,66258.4,7819.64,7949,64469.5,4662.6,10775.7,12.9089
11819.6,11684,66296.6,5576.88,5520,66211.3,3780.24,9233.64,12.9099
4993.95,5008,65352.1,2878.88,2912,64790.6,3114.48,7365.54,12.9119
11940.5,11659,67118.3,5294.16,5323,65180.9,3283.2,9267.96,12.9139
17184.7,16553,68037,6906.12,7081,63917.5,5380.04,13335.7,12.9149
8631.35,8621,65614.7,3366.8,3465,63678.7,6653.04,12614.9,12.916
10286.3,10317,65340.7,4444.48,4637,62815.1,2568.8,7583.94,12.917
19970.6,17599,74367.5,20149.1,18011,73315.9,11973.8,19535.1,12.918
5294.25,5627,61660.6,2381.08,2363,66037.4,6056.44,8561.28,12.919
14698.4,15048,64013.7,6721.44,6972,63180.8,2539.92,8646.3,12.921
8029.45,8205,64133.8,3724,3853,63341.8,3043.8,9212.58,12.922
14213.5,14229,65464.8,8746.08,8661,66179.8,4762.16,8204.04,12.9241
13685.1,13400,66930.4,10159.7,9532,69851.5,10107.2,18874.4,12.9261
8694.4,9025,63135.3,4058.4,4229,62892.2,2265.56,8268,12.9261
20836.4,16068,84984.7,16949.5,13732,80891.6,12981.6,30057.3,12.9281
13858.6,13916,65265.9,5901.4,5912,65418.5,6322.44,14806,12.9312
6730.1,7120,61947.2,3008.08,3056,64508.4,2109.76,6308.64,12.9322
12216.8,12388,64630,5884.68,5856,65857,3510.44,10467.6,12.9332
15667.6,15758,65160,7106,7198,64698.4,2530.8,8841.3,12.9352
11504.3,11545,65305.2,9227.16,9005,67152.8,6781.48,12090,12.9352
21068.4,16068,85931.2,19958.4,16484,79349.1,8082.6,15061.8,12.9372
22684.3,19646,75671.5,18620,16414,74343.9,16386.4,26684.6,12.9372
19107.4,17908,69925.3,10561.7,10132,68315.5,2310.4,5216.64,12.9383
17894.5,14452,81146.8,18010.5,15120,78064.5,9189.92,19542.1,12.9413
9023.3,9250,63929.8,4347.2,4390,64897.1,2616.68,8474.7,12.9423
9768.2,10089,63452.2,4027.24,4157,63490.3,6887.12,14847.3,12.9443
10156.3,10348,64321.6,6816.44,6648,67196.5,13249.8,21581,12.9454
10264.1,10437,64450.6,4933.92,4961,65178.3,5354.2,12207,12.9464
10625.5,11032,63121.5,5962.2,5800,67368.7,5547.24,12572,12.9514
10912.2,11532,62013.7,6012.36,6092,64679.3,2118.88,6395.22,12.9525
24893,20004,81553.2,15022.2,12596,78159.1,10406.7,21308,12.9575
13822.2,12995,69708,8774.2,7907,72723.7,7551.36,14711.6,12.9575
8398.65,8976,61320.6,5003.08,5060,64798.8,4107.8,11125.9,12.9606
5889,5777,66806.6,2302.8,2337,64576.9,17119.8,17724.7,12.9646
4772.95,5065,61757.2,2498.88,2541,64449.7,4619.28,7431.84,12.9707
8948.55,9120,64304,3185.92,3232,64601.6,3802.28,9850.62,12.9717
8224.45,8271,65167.2,4609.4,4431,68174.6,11508.7,20369.7,12.9727
14409.2,13294,71033.6,13639.7,13134,68059.4,9310,14543.9,12.9727
13179.4,13221,65329.8,7068,7313,63340.4,2393.24,8348.34,12.9758
9082.45,8188,72695.1,4643.6,4524,67268.6,9407.28,16300.4,12.9778
14150.5,13141,70570.5,6423.52,6341,66388.9,2460.12,8796.84,12.9788
5825.3,5493,69500.6,3238.36,3157,67225,4135.92,8402.94,12.9798
5278.65,5125,67500.8,3095.48,3121,65000.1,3489.16,6646.38,12.9849
13658.4,13616,65740.3,7438.88,7396,65916,9516.72,17126.5,12.9869
12209.6,12151,65852.1,5717.48,5731,65381.4,3211.76,9952.02,12.994
12821.9,12583,66780.3,7397.08,7607,63727.5,5047.92,11223.4,12.995
17771.6,14628,79620.1,14523.6,12836,74152.3,6526.12,15336.4,12.995
12194,11779,67845,4935.44,5091,63533.5,8424.6,14422.2,12.9991
10338.9,10412,65075.9,4701.36,4792,64296.4,2371.2,7827.3,13.0001
10972,10900,65968.9,6143.08,6256,64353.1,6304.2,12423.8,13.0011
11056.5,10833,66888.1,5880.88,5985,64395.9,4005.96,11768.6,13.0031
13961.3,13401,68276.3,7096.88,7165,64912.9,2206.28,8125.26,13.0041
11466.6,11364,66128,4588.12,4720,63704.9,7146.28,13603.2,13.0041
15852.8,14992,69299.1,9026.52,8864,66737.6,2555.12,6240,13.0052
9383.4,9353,65749,4348.72,4413,64581.4,4110.08,10085.4,13.0052
10706.1,10752,65256.5,4390.52,4464,64457.2,2682.8,7342.14,13.0062
41674.1,31925,85549.1,35896.3,29605,79463,9259.08,17986,13.0072
13465.4,13173,66990.7,7310.44,7349,65192.1,3093.96,9034.74,13.0072
17588.3,16381,70366.3,14147.4,13437,69000.8,9389.04,16638.2,13.0082
6663.15,6369,68562.8,2815.8,2853,64681.5,4917.96,8587.02,13.0092
8504.6,8292,67216.3,3634.32,3764,63278.1,3057.48,7834.32,13.0123
10370.1,10333,65771.3,4354.8,4313,66171.1,4600.28,11840.4,13.0133
10240.8,9977,67268.5,4464.24,4525,64656,8331.12,11156.3,13.0133
17527.3,16613,69142.6,7641.04,7553,66299.9,10694.7,14601.6,13.0143
12776.4,11694,71602,5883.16,5610,68727.1,10127.8,18617.8,13.0163
6622.85,6528,66488.2,3273.32,3204,66953.9,7071.04,10906.7,13.0173
9829.95,9757,66026,4713.52,4745,65101.2,2796.04,8514.48,13.0214
8297.25,8741,62209,3876,4037,62922.4,8990.04,12273.3,13.0224
40736.8,29923,89219.9,32676.2,22179,96553.8,13076.6,37941.5,13.0224
11913.2,11488,67961.7,7027.72,6880,66943.1,3454.2,8321.82,13.0244
16773.3,16199,67859.2,6767.8,6771,65505,2764.88,9166.56,13.0244
11755.9,11520,66878,5454.52,5616,63651.6,2636.44,9034.74,13.0264
10135.4,9937,66844.8,7177.44,6933,67846.6,24521.4,27005.2,13.0264
9319.7,9392,65031.5,3042.28,3156,63174.5,8451.96,11622.8,13.0264
8399.95,8380,65692,3721.72,3692,66063.6,3340.96,8562.06,13.0315
9368.45,8831,69524.5,6495.72,5979,71199.8,6231.24,17039.9,13.0315
16396.3,15962,67318.9,6321.68,6442,64312,5599.68,13409.8,13.0315
19749.6,14837,87235.3,16133.3,13461,78546.2,27474.8,39237.1,13.0315
10535.8,10272,67219.4,5779.04,5664,66867.1,2881.92,8636.16,13.0345
11064.9,11272,64332.2,8075,7864,67294.4,5602.72,12044.8,13.0345
9020.7,9494,62268.9,3411.64,3506,63772.2,4670.2,8615.88,13.0366
16883.1,16994,65108.3,6884.08,6982,64616.9,7268.64,14373.8,13.0376
11432.2,11734,63850.4,5147.48,5206,64799.3,2650.88,9077.64,13.0396
15709.8,15916,64687.1,7821.92,7996,64109.2,2345.36,7704.06,13.0396
7379.45,7824,61812.3,3554.52,3636,64067.4,3574.28,9114.3,13.0416
14710.8,14917,64630.1,7242.8,7073,67109.3,10923.5,15992.3,13.0427
11755.3,11709,65794.9,4821.44,4765,66312.3,9758.4,14662.4,13.0437
10871.3,10781,66084.6,7052.8,6745,68526.7,2876.6,7695.48,13.0437
4954.3,5309,61157.5,2387.92,2397,65287.7,7832.56,10586.2,13.0457
20335.9,16905,78836.6,12286.9,8857,90915.2,6709.28,18291.8,13.0467
10495.5,10188,67514.4,7397.08,6904,70216.5,5466.68,13125.1,13.0477
8590.4,8886,63355.9,5084.4,4982,66883,10500.2,15369.9,13.0487
14160.2,14124,65704.2,9067.56,8856,67101.6,12420.7,19576.4,13.0498
14094.6,14212,64994.6,6114.96,6292,63692,2690.4,10372.4,13.0518
14012.7,14125,65015,4627.64,4733,64077.1,4693.76,13296.7,13.0518
14335.7,12988,72336.6,10858.1,9452,75285.4,14300.2,21213.7,13.0518
14705.6,13932,69175,12759.6,11880,70388.5,9903.56,15504.8,13.0528
9796.15,10148,63263.7,5047.16,5120,64603.6,10663.6,19654.4,13.0558
20479.5,17176,78140.9,19680.2,15320,84188.1,10546.5,20589.7,13.0579
14658.1,14535,66091.3,6593.76,6540,66074.7,2749.68,8141.64,13.0599
5846.1,5673,67535.7,2796.04,2825,64864.2,4950.64,8493.42,13.0599
11714.9,11801,65058.1,4477.16,4553,64444.4,3891.96,10198.5,13.0629
14597,14589,65572.2,5768.4,5817,64988.5,2555.12,9394.32,13.0639
6493.5,6071,70096.9,2794.52,2839,64509.2,2599.96,5486.52,13.065
11340.5,11309,65718.8,3937.56,3977,64886.1,3638.88,9995.7,13.066
11449.8,11689,64194.6,5149,5117,65945.8,8941.4,13409.8,13.067
9233.9,9685,62483.5,4112.36,4129,65271.9,3059.76,8738.34,13.068
5904.6,6341,61025.7,2813.52,2837,64993.6,2384.88,4389.06,13.068
15028.6,14848,66333.4,11743.5,11488,66993.7,2131.8,2472.6,13.069
14599,14353,66659.2,6306.48,6177,66909.7,2907.76,8769.54,13.071
7020,7501,61333.5,2720.8,2717,65627.7,11886.4,14368.4,13.071
13189.1,13029,66341.6,9648.96,9393,67321.9,11987.5,15320,13.0761
12779.6,12501,66996.8,3980.12,3857,67628,2276.96,6255.6,13.0771
10369.4,10083,67397.8,5156.6,5203,64951.6,6440.24,14987.7,13.0771
9852.7,9118,70816.7,7133.36,6650,70299.5,17872.2,27493.4,13.0791
14421.5,13281,71164.1,11867.4,10929,71163.1,6344.48,11742.9,13.0802
9394.45,9260,66487.5,3228.48,3228,65545.8,9684.68,12898.1,13.0802
6347.25,6812,61064.8,2493.56,2536,64439.3,5948.52,9942.66,13.0812
12942.8,12512,67792.5,6051.88,5908,67132,4808.52,12891.8,13.0832
10401.9,10380,65674.6,5459.84,5436,65823.4,4208.88,11083,13.0832
12385.8,12033,67457.2,4838.92,4629,68508,3871.44,9842.04,13.0842
15712.4,15135,68036.4,8553.04,8319,67379.7,8030.16,14188.2,13.0842
5379.4,5996,58796.6,2884.96,3000,63022.9,4435.36,8094.84,13.0873
20641.4,17153,78864,15914.4,13701,76123.4,7770.24,16435.4,13.0873
16087.5,12688,83095.1,20152.2,17024,77578.3,6581.6,14018.2,13.0873
12200.5,12478,64078.5,4696.04,4702,65452.9,2483.68,8435.7,13.0893
12916.8,13144,64403.2,6045.04,6104,64903,6195.52,12172.7,13.0903
7735,8121,62421,3561.36,3657,63822.1,10338.3,14397.2,13.0923
8902.4,9328,62545.8,3036.2,3104,64104.5,9406.52,13853.6,13.0944
14612,14644,65392.8,9624.64,9424,66931.3,7826.48,9714.9,13.0954
10956.4,11077,64822.5,6684.2,6549,66888.9,12747.5,18686.5,13.0954
9691.5,8804,72142.5,9265.92,8420,72120.1,6433.4,17045.3,13.0974
13736.4,14243,63205.2,6064.8,6167,64449.9,3297.64,10274.9,13.1025
5105.1,5522,60588.2,2522.44,2482,66603.8,10215.9,11729.6,13.1035
11681.1,11561,66217.1,5193.08,5081,66981.6,3793.16,10597.1,13.1035
11266.4,11292,65387.7,4883,4840,66118.2,13853.3,17942.3,13.1055
9425.65,9560,64615,3779.48,3804,65113.6,3359.96,9068.28,13.1065
28162.5,24368,75741.2,22109.2,19328,74966.2,7857.64,23975.6,13.1065
5278.65,5384,64253.6,2495.08,2568,63675.1,13670.1,13757.6,13.1085
6550.7,6590,65145.2,3135,3086,66576.6,2390.2,6886.62,13.1126
14637.3,14309,67039.9,5647.56,5617,65892.6,2747.4,9569.04,13.1126
14395.5,13897,67887.1,7370.48,7117,67870.1,2491.28,7984.86,13.1136
5968.3,6069,64448.6,3043.04,3077,64812.7,4632.2,8434.14,13.1156
17441.4,16725,68343.4,8277.92,7985,67940.1,2229.08,5668.26,13.1156
11818.3,10824,71556.2,8066.64,7292,72498,19826.9,31768.6,13.1166
16198.6,15804,67172.5,8263.48,8140,66530.1,3131.2,8919.3,13.1177
15104,14441,68545,9392.84,8857,69500.9,5542.68,9310.86,13.1177
16569.1,16184,67095.6,10836.1,10972,64724.1,3308.28,7204.08,13.1177
11900.2,12033,64812.7,6197.04,6161,65919.4,3790.88,8558.16,13.1187
9625.85,9997,63102.9,5715.96,5625,66595.8,4096.4,11276.5,13.1197
14444.3,14249,66434.3,10779.8,10557,66919.4,3749.84,9287.46,13.1207
6697.6,6925,63384,6276.84,5977,68823.6,6064.04,15259.1,13.1217
13690.9,13721,65392.5,5267.56,5325,64829.1,10788.2,17618.6,13.1237
17586.4,17197,67020,8029.4,8009,65702.9,3441.28,10008.2,13.1278
10216,10120,66158,4879.2,4792,66728.6,3654.08,9799.14,13.1278
9601.8,9990,62989.3,3762.76,3794,64996.4,8578.88,22432.8,13.1308
12484.5,12504,65434.1,5200.68,5116,66620.8,10196.2,15565.7,13.1319
14820.6,14176,68516.2,10655.2,10384,67247.6,3363.76,8251.62,13.1319
20296.3,15593,85303.3,17399.4,14749,77313,12767.2,21100.6,13.1329
5151.9,5640,59864.3,2341.56,2364,64913.9,10246.3,14097.7,13.1369
12643.8,13245,62561.3,6548.92,6729,63782.1,5644.52,12584.5,13.1379
12093.9,12469,63564.5,5877.08,5909,65182,2767.92,7252.44,13.14
14145.9,14404,64361.9,5306.32,5236,66416.2,6352.84,13689,13.141
16398.8,15453,69547.3,12202.6,11033,72483.2,13832,14321.6,13.144
13099.4,13085,65608.4,7780.12,7529,67721.9,2910.8,5636.28,13.145
37992.5,23917,104105,38661.2,24729,102459,9663.4,15859,13.146
13627.9,13721,65091.3,5479.6,5401,66489.7,4911.12,11892.7,13.146
9466.6,9657,64243.9,7650.16,7001,71612.8,10252.4,22439,13.1501
7701.2,7780,64872.2,4226.36,4192,66073.2,8590.28,14191.3,13.1511
20933.3,18094,75819.7,15672.7,13658,75203.4,4135.16,5732.22,13.1552
13646.1,13892,64376,7215.44,7252,65205.6,2456.32,7407.66,13.1552
8460.4,8812,62921.1,3768.08,3848,64174.9,5285.8,11456.6,13.1582
14810.2,13660,71054.5,8972.56,8124,72381.3,14655.1,21570.1,13.1582
12069.2,11884,66557.3,5872.52,5676,67805.1,4216.48,9870.12,13.1602
8890.05,9088,64108.5,3678.4,3524,68407.4,3337.16,9559.68,13.1653
7876.7,8072,63950.4,5250.08,4940,69649.6,6428.08,13072,13.1663
10665.2,9565,73074.2,8683,7785,73095.6,9204.36,17372.9,13.1683
13773.5,14098,64027.5,6522.32,6626,64510.5,2984.52,8968.44,13.1704
10012.6,9972,65802.8,7802.16,7744,66028.2,9344.96,13613.3,13.1724
14920.1,14739,66341.3,6033.64,6051,65348,5475.8,11712.5,13.1734
5049.85,5200,63643.6,2577.16,2592,65160.8,5012.2,7644,13.1744
9062.3,9400,63181.6,3711.08,3852,63138.5,7384.16,12831.8,13.1754
7657.65,7732,64905.8,4582.8,4628,64895.9,8657.16,12311.5,13.1764
12566.4,12449,66154.3,5381.56,5393,65397,3876.76,12211.7,13.1775
26451.1,18925,91598.4,30387.1,22765,87478.5,13892,15776.3,13.1795
8121.75,7555,70452.3,5206,5031,67815.6,4527.32,11551.8,13.1805
12390.9,11656,69668.3,10606.6,9528,72954.6,16020.8,18839.3,13.1815
14442.3,14385,65797.3,4113.88,4145,65044,13533.3,21556.9,13.1825
8112,7672,69294.6,4830.56,4764,66451.6,8864.64,16851.9,13.1825
13632.4,13484,66257.5,4169.36,4220,64749.6,5227.28,10405.2,13.1825
10750.3,10276,68561.2,5120.12,5188,64678.5,2416.8,8078.46,13.1835
12244.7,12093,66358.1,5201.44,5421,62881.7,3651.04,10667.3,13.1846
10672.3,10304,67878.8,4249.92,4432,62843.6,2495.84,6532.5,13.1866
9573.2,8969,69950.8,4978,4873,66948.1,2087.72,5664.36,13.1866
15083.9,14637,67537,6040.48,6185,64004.7,6601.36,14047.8,13.1876
11297.6,10852,68227.3,4930.88,4944,65362.1,3796.2,10246.1,13.1886
12110.8,11913,66624.1,4976.48,5193,62803.5,4605.6,10980.1,13.1927
14993.5,14084,69768.3,7583.28,7584,65529.8,5959.92,13641.4,13.1937
10660.6,10483,66646.6,4573.68,4759,62984,3384.28,8675.94,13.1937
26384.8,21645,79887,10038.8,7741,84989.7,2450.24,8343.66,13.1967
5939.7,5873,66280.3,2637.2,2661,64949.8,4199,7898.28,13.1967
12267.4,11840,67902,5378.52,5252,67114.8,6887.88,14853.5,13.1977
8087.95,7905,67052.7,3470.92,3441,66105.8,9662.64,14635.1,13.1977
12037.3,11913,66220.1,6182.6,6317,64141.7,7290.68,15363.7,13.1987
22263.8,19226,75891,15923.5,14430,72319,7247.36,17130.4,13.1998
13555.7,13012,68274.6,5756.24,5664,66603.3,5028.92,11183.6,13.2018
12444.9,12224,66720.3,4269.68,4320,64772.6,15495.6,17355,13.2028
11655.1,11485,66506.9,5720.52,5741,65302.2,6323.96,15289.6,13.2028
17502.5,17188,66735.3,7026.96,7220,63783.8,2426.68,7916.22,13.2048
10275.8,10236,65791.1,6060.24,6296,63081.9,6562.6,12734.3,13.2058
16898,16580,66793.2,10003.1,10100,64907.4,3587.2,7315.62,13.2069
7028.45,6912,66640.1,3967.96,3888,66883.8,5009.16,11312.3,13.2079
13270.4,13089,66444.3,6231.24,6405,63758.1,7066.48,15827.8,13.2089
18493.1,17811,68046,8457.28,8407,65928,3894.24,10041.7,13.2129
12700.3,12480,66693.1,7038.36,7056,65372.2,7616.72,16667.8,13.215
18903.3,18809,65864.6,8051.44,8221,64184.3,8503.64,15650.7,13.215
9579.05,9575,65563.7,4582.8,4535,66226.8,8486.92,14096.9,13.219
11620,12000,63461,4862.48,4960,64247.5,12750.5,19052.3,13.219
31010.8,20636,98484.5,23696.8,18216,85254.4,10344.4,21847,13.22
12463.8,12683,64403.1,4542.52,4587,64900.5,2375,8409.96,13.221
15524.6,15729,64684.4,6730.56,6837,64515.7,6070.12,14090.7,13.2221
12907.7,13153,64313.8,6243.4,6421,63723.3,2720.8,8288.28,13.2231
8717.8,8689,65753.2,3350.08,3377,65013.6,3417.72,8302.32,13.2251
12792,12832,65331.7,5608.8,5652,65035.1,6573.24,14168.7,13.2251
11029.8,11189,64603.8,7432.04,7409,65739.8,2466.2,5647.98,13.2261
11603.8,11568,65738.8,4759.88,4772,65369.6,9246.92,17203.7,13.2261
5631.6,5926,62280.2,2077.08,2166,62845.6,3079.52,5743.92,13.2281
8010.6,8256,63588,3455.72,3588,63119.9,5013.72,10343.6,13.2312
4938.05,5068,63855.6,2875.84,2920,64544.9,4429.28,9032.4,13.2322
13582.4,13900,64038.6,5424.12,5608,63387.1,5545.72,15010.3,13.2352
6552.65,6808,63077.9,3093.96,3196,63443.6,5541.92,11447.3,13.2383
13667.5,13796,64925.8,7540.72,7652,64582.9,8810.68,17711.5,13.2393
11591.4,11660,65150.7,4442.96,4396,66236.1,6317.12,13359.1,13.2433
6782.75,6866,64741.4,3220.88,3254,64869,17307.5,19442.3,13.2494
8315.45,8072,67512.5,6430.36,6124,68814.5,11767.8,20765.2,13.2515
5384.6,5721,61682.4,2714.72,2813,63246.3,3861.56,9236.76,13.2515
13283.4,13281,65547.8,8498.32,8625,64573.4,5738.76,12866.9,13.2535
8960.9,9201,63825.8,3097.76,3205,63343.2,6135.48,11669.6,13.2545
25379.3,21408,77693.1,15415.1,13296,75981,21631.1,23738.5,13.2545
7939.75,8173,63665.7,3951.24,4013,64527.4,3113.72,7573.02,13.2565
5283.2,5409,64011.8,2387.16,2421,64620,5075.28,8916.18,13.2596
14781,14552,66567.3,6138.52,6120,65734.3,4780.4,11135.3,13.2596
20104.5,19476,67650.9,9500,9280,67089.7,2324.84,6109.74,13.2616
26059.8,17905,95384.3,30786.8,23041,87567.7,12678.3,28184.5,13.2626
14353.9,13784,68245.8,6157.52,6076,66415.3,5602.72,11096.3,13.2636
11742.9,11215,68620.8,7992.16,7403,70751.6,4579,12396.5,13.2667
9343.1,9609,63722.5,4304.64,4477,63012.9,2546.76,8601.84,13.2738
13626.6,13348,66903.9,5296.44,5236,66292.5,2951.08,9643.92,13.2748
5567.9,5720,63793.3,3545.4,3480,66767.6,5221.2,6503.64,13.2748
8202.35,8533,62996.5,4832.08,4917,64404.1,22219.4,21684.8,13.2788
12554.8,12574,65435.7,5912.8,5854,66194.3,2837.84,8963.76,13.2788
13905.4,13794,66065.5,9209.68,8994,67107.6,3522.6,9521.46,13.2798
7558.85,8033,61667.7,3439.76,3477,64834.1,3393.4,9314.76,13.2819
7525.05,7245,68069.2,6684.96,6297,69573.7,9082,17407.3,13.2829
6172.4,6692,60447.5,2750.44,2784,64746,9046.28,10492.6,13.2829
8333,8330,65559.6,6127.12,5818,69018,15412.8,22388.3,13.2839
10555.3,10960,63116.4,4519.72,4532,65358.4,2390.96,7800.78,13.2849
16445,14888,72389.8,8968,8252,71222.4,5017.52,14808.3,13.2859
16082.3,16228,64947.6,5731.16,5844,64270.6,4583.56,11246.8,13.292
10166,9824,67817.5,7002.64,6512,70473.7,5277.44,8380.32,13.294
11072.1,9957,72875.5,10209.8,9317,71816.3,16998.9,20547.5,13.294
11486.1,10389,72457,11779.2,10689,72220.4,6846.84,11858.3,13.294
13378.3,13421,65327.5,6036.68,5993,66013.7,5821.6,12501.8,13.2971
13608.4,13567,65736,6343.72,6235,66678.8,4343.4,11109.5,13.2981
8555.3,8681,64587,3902.6,3881,65900.8,2125.72,5711.16,13.3001
15104,13385,73952.9,12774.8,11613,72092.6,10412,17247.4,13.3011
6778.2,6976,63677.8,2881.16,2896,65200.2,4068.28,8551.92,13.3011
9883.9,9970,64970,4592.68,4582,65688.8,2749.68,8803.86,13.3042
13923.6,14097,64730.1,5087.44,5233,63713.1,9608.68,18084.3,13.3062
17590.3,17100,67415.1,7790,7592,67245.2,5943.2,11235.1,13.3082
15661.1,15168,67666.5,10388.4,9956,68382.6,4853.36,9244.56,13.3092
13462.1,13360,66037.1,6935.76,6960,65307.8,4332,8541.78,13.3092
17388.1,16992,67063.9,9604.88,9236,68153.5,2527,5059.08,13.3092
10754.3,10728,65696.4,4516.68,4552,65027.5,7851.56,13028.3,13.3102
10429.3,10548,64798.2,4256.76,4292,64997.9,4009,10136.9,13.3113
10682.8,10504,66651.3,4883.76,4824,66347.9,6215.28,10867.7,13.3123
13577.2,13736,64778.3,5048.68,5160,64122.2,10773.8,16330.9,13.3143
12959.7,12713,66807.7,6802.76,6681,66730.4,2228.32,5155.02,13.3153
18634.8,14772,82673.5,18202.8,16260,73366.3,13984,26561.3,13.3163
7716.8,7950,63613.6,3205.68,3310,63470.5,14432.4,15922.9,13.3173
4804.8,5009,62864.3,2473.04,2565,63186.4,2099.12,5314.14,13.3173
58435.6,34815,110000,72091.3,48843,96729.9,12838.7,38150.6,13.3183
8204.95,8444,63680.7,3232.28,3404,62229.9,9055.4,15620.3,13.3194
10436.4,10616,64427.3,3758.96,3932,62651.9,2787.68,9260.94,13.3204
11636.9,11525,66172.6,3003.52,3073,64054.2,2447.2,6793.8,13.3204
7479.55,7628,64260.6,4414.08,4424,65389.1,4146.56,9891.96,13.3234
13528.4,13179,67273.7,5548,5439,66849.4,9941.56,16743.5,13.3295
7770.1,8003,63628.8,3288.52,3367,64008.5,7669.92,11544.8,13.3305
7242.95,7242,65544.6,3767.32,3706,66620.4,2373.48,7376.46,13.3356
11425,11044,67797.2,6304.2,5792,71331.5,14162.6,23229.2,13.3356
9066.2,9117,65170.8,5425.64,5373,66178.1,4227.88,9721.92,13.3376
20452.3,17900,74880.4,16307.3,14104,75774,5466.68,13825.5,13.3376
10833.5,11057,64211.6,4983.32,5109,63923.8,4970.4,11925.4,13.3386
14316.9,13732,68327.4,7727.68,7328,69110.4,25847.6,35244.3,13.3386
21756.1,18124,78669.8,19437.8,17288,73685.4,16248.8,24917.1,13.3406
11999,11601,67784.4,5465.16,5329,67210.5,9882.28,16086.7,13.3406
16369.6,15901,67467.3,12151.6,11789,67551.9,6137,9648.6,13.3417
5621.85,5885,62605.5,2763.36,2825,64106,3043.8,6814.08,13.3467
16803.1,16443,66971.4,9846.56,9467,68163.5,4430.8,8873.28,13.3508
5510.7,5692,63448.6,2928.28,3000,63969.3,6771.6,10079.9,13.3528
11849.5,11822,65688.4,5434,5502,64726,2553.6,8602.62,13.3548
49654.8,36026,90328.6,40265.6,29546,89313.1,3557.56,348.66,13.3579
22381.4,19049,77000.9,12850.1,11293,74572.1,2187.28,7424.82,13.3579
7846.8,7997,64305.1,4086.52,4125,64924.7,2514.08,7204.86,13.3599
10459.1,10340,66291.2,6819.48,6496,68799.5,3275.6,8397.48,13.3599
7798.7,7859,65033.2,3518.8,3539,65161.9,3198.84,8829.6,13.365
6613.1,6800,63734.7,3026.32,3104,63895.9,4603.32,10311.6,13.365
8596.25,8505,66239.1,4069.04,4009,66517.5,11479.8,15946.3,13.366
7657,7725,64959.1,2811.24,2845,64758.3,3262.68,8799.96,13.368
8191.3,8145,65908.5,3432.92,3473,64779.7,6191.72,10656.4,13.369
10477.3,10125,67816.6,6285.96,5801,71014.8,9540.28,16642.9,13.369
15625.3,14974,68386.7,8879.08,8622,67490.1,5183.96,9921.6,13.369
12099.1,12188,65058,5157.36,5256,64306.1,2214.64,6595.68,13.3711
8384.35,8209,66935.9,4410.28,4325,66828.2,2191.08,8160.36,13.3741
16675.1,16309,67007.1,6184.12,6241,64938.7,11903.9,19842.4,13.3802
13046.8,12229,69918.6,6437.2,6177,68296.6,10880.9,21437.5,13.3802
24134.5,18617,84958.8,17187.4,13997,80473.9,8552.28,14607.8,13.3812
26072.1,18401,92857.1,24304.8,18725,85064.9,10744.9,25254.8,13.3812
21255.6,20484,68004.8,11248.8,11024,66872.2,5551.04,10339.7,13.3812
7549.1,7781,63582.8,2843.16,2981,62505.6,3592.52,7943.52,13.3822
7236.45,7239,65512.9,3921.6,3879,66255.7,5599.68,10051.1,13.3832
6259.5,6513,62985.2,2427.44,2529,62904.2,3499.04,8620.56,13.3842
17313.4,16845,67358.3,8795.48,8893,64817.3,3120.56,7626.84,13.3873
33704.4,24832,88951.9,28923.3,22480,84320.2,5405.12,8421.66,13.3934
10859.5,10853,65575.5,5264.52,5329,64743,2381.08,7294.56,13.3954
13052,13244,64585.9,4540.24,4664,63797,7527.8,16059.4,13.3974
15980.9,13643,76766.4,10491.8,9471,72599.6,2750.44,9214.92,13.4004
26005.2,21445,79472,18762.1,15905,77308.7,6735.12,13930,13.4004
10229,9748,68770.1,7287.64,7124,67041.4,4110.08,9177.48,13.4015
11591.4,11162,68057.4,6467.6,6302,67258.1,4727.2,12868.4,13.4015
12019.8,12136,64908.5,5725.84,5788,64832.2,4875.4,11682.8,13.4035
15042.3,15020,65633.3,6612.76,6680,64876.3,5900.64,12960.5,13.4035
12851.1,12760,66004.1,5110.24,4952,67630.2,3116.76,9930.18,13.4055
14058.2,12300,74903.9,12583.3,11692,70532,4278.04,13373.1,13.4055
11038.3,10881,66483.4,5557.88,5537,65783.1,5666.56,12365.3,13.4075
7768.15,7445,68380.6,3771.12,3669,67360.1,9943.84,14307.5,13.4096
9856.6,9926,65077.8,5899.12,5778,66909.8,8139.6,16033.7,13.4096
9826.05,9888,65125.4,5931.8,5808,66932.9,22581.1,27355.4,13.4116
15234,14773,67581.3,6528.4,6341,67472.8,3357.68,9886.5,13.4126
13941.2,14284,63963.2,5347.36,5512,63578.5,3154.76,10430.9,13.4177
13376.3,13408,65381.3,6672.8,6660,65662,8600.16,13684.3,13.4197
8425.3,8308,66461.3,3403.28,3472,64238.9,5014.48,10389.6,13.4227
4898.4,5161,62201.4,2498.12,2521,64941.2,2428.2,4793.88,13.4268
11327.5,10551,70359.4,8974.08,8339,70527.1,6558.04,11280.4,13.4278
13607.7,13532,65902.9,5084.4,5084,65541.2,9152.68,15236.5,13.4309
4807.4,5128,61438.7,2233.64,2348,62344.1,5405.88,9167.34,13.4309
9475.05,9508,65308.9,5157.36,5088,66429.4,8176.08,14651.5,13.4309
8393.45,7960,69104.7,7475.36,6972,70267.5,3934.52,10462.9,13.4319
11968.4,11792,66516.6,5034.24,4948,66678.2,3728.56,11054.9,13.4349
14978.6,15176,64683.6,6371.84,6552,63734,2307.36,9456.72,13.4349
13702,13603,66013,8113.76,7975,66676.3,8611.56,13939.4,13.4349
29547,23652,81870.3,22895.8,19684,76229.2,1899.24,209.04,13.4359
9731.15,9496,67158.9,6820.24,6460,69190.6,5335.2,11375.5,13.438
12966.8,12984,65449.4,3629,3544,67107.8,3657.12,10445,13.438
16979.3,14001,79476.8,15496.4,13493,75266.6,8238.4,16227.1,13.441
11864.4,11664,66662.3,6593,6464,66843.9,2280,4958.46,13.442
12066.6,12029,65740.9,5661.24,5613,66099.2,3894.24,10594.7,13.444
8637.85,8765,64585.3,6175,6029,67123,2647.84,8614.32,13.445
5287.75,5600,61881.8,2834.04,2916,63694,2707.12,5849.22,13.4471
8425.95,8728,63268,4867.04,4952,64411.6,11678.9,16407.3,13.4491
25178.4,21189,77874.9,17223.9,14833,76099.5,2987.56,5956.86,13.4501
6217.25,6409,63575.2,2271.64,2253,66078.2,4348.72,9212.58,13.4501
9453.6,8972,69053.8,7036.84,6508,70861.5,8891.24,15390.2,13.4511
11850.8,11847,65557,5110.24,5043,66409.8,3431.4,10005.8,13.4521
10283.6,10524,64039.3,3489.92,3528,64828.6,3749.08,10999.6,13.4521
10953.1,11073,64826.7,3895,4033,63293.5,7080.92,14430.8,13.4542
11239.8,11198,65780.6,6664.44,6442,67798.9,3350.08,8097.18,13.4542
17865.9,17509,66871.9,8703.52,8705,65524.9,3860.8,10846.7,13.4562
14009.4,14173,64779.7,5624,5789,63668.1,5142.16,14223.3,13.4572
5148.65,5258,64173.1,2618.2,2698,63597.6,9275.8,12313.1,13.4582
6362.85,6436,64791.1,2682.04,2576,68233.8,16599.9,21261.2,13.4582
11599.9,11745,64726.4,4449.04,4549,64095.9,4769,12260.8,13.4592
15379.6,12823,78602.6,14570,13091,72939.9,8511.24,18444.7,13.4603
5987.15,5929,66178.8,2419.84,2457,64544.8,3650.28,7151.04,13.4684
7398.95,6969,69579.2,10546.5,9101,75945.1,22315.9,32405.1,13.4724
12415.6,12185,66776.5,5593.6,5709,64211.3,4146.56,11091.6,13.4724
13597.3,13045,68310.9,6070.88,6113,65084.4,9474.16,16909.6,13.4744
7140.25,6849,68322.9,3559.08,3669,63572.6,2245.8,6404.58,13.4755
6861.4,6625,67874.5,3405.56,3441,64861,3046.08,6324.24,13.4755
9686.3,9498,66835.3,4838.92,4766,66538.7,6067.84,12656.3,13.4805
6764.55,6733,65843.1,3224.68,3245,65125.6,3508.92,7945.08,13.4805
6064.5,6040,65801.8,2875.08,2908,64794.1,4218,7055.88,13.4825
12518.3,12341,66477.8,6140.8,6245,64442.5,5529.76,10604.9,13.4825
16939.6,16796,66096.5,6869.64,6988,64426,5101.88,12180.5,13.4856
11999.6,11756,66894.3,4921.76,4860,66368.8,5201.44,11149.3,13.4866
18536.7,14129,85980.7,20656.8,17201,78702.6,3389.6,9491.04,13.4886
9627.8,9686,65142.2,1625.64,1638,65041.5,2380.32,7333.56,13.4937
14073.8,13773,66967.3,6169.68,6137,65885,2854.56,9110.4,13.4947
15481.7,15008,67604.5,6626.44,6432,67517.2,3589.48,9566.7,13.4957
10241.4,10536,63703.5,2224.52,2328,62622.9,5149.76,11066.6,13.4978
14162.2,13773,67387.9,7752,7581,67014.3,2796.04,6077.76,13.4998
16051.7,15916,66095,10114.1,10268,64553.6,3471.68,10479.3,13.5008
12308.4,12363,65246.6,4630.68,4731,64146.3,7907.04,13469,13.5028
13106.6,12726,67496,5301,5238,66324.2,4318.32,10706.3,13.5028
18907.8,18925,65476.6,7476.88,7437,65887.4,14807.8,23934.3,13.5119
11037,11109,65111.3,4136.68,4149,65341.4,6115.72,14030.6,13.513
6483.1,6612,64258.4,3837.24,3760,66882.3,4555.44,37053.9,13.513
16487.3,16457,65656.5,9852.64,9945,64927.4,5036.52,8970,13.515
14615.2,14217,67371.8,9791.84,9657,66451.1,3097,9056.58,13.515
8999.9,9283,63537.4,3171.48,3319,62623.1,3115.24,9113.52,13.516
7281.95,7597,62818.2,3705.76,3833,63360.5,10142.2,14589.1,13.517
6364.15,6797,61362.5,3139.56,3309,62180.2,8910.24,12411.4,13.518
7417.8,7652,63530.2,5251.6,5140,66958.9,2214.64,6533.28,13.518
7377.5,7283,66386.3,3961.88,3943,65849.8,18880.7,21502.3,13.5231
8463.65,8193,67700.9,4858.68,4753,66993.2,12942.8,16716.2,13.5231
15141.7,14691,67546.8,11789.9,11939,64717.4,3231.52,8859.24,13.5231
6082.05,6416,62124.9,2167.52,2288,62085.1,2294.44,5885.1,13.5241
12997.4,13275,64165.5,5836.04,5983,63926.2,3876.76,9367.02,13.5251
9769.5,9768,65546.1,7111.32,6940,67153.8,7516.4,13850.5,13.5251
6205.55,6601,61609.9,2636.44,2749,62852.6,3226.2,7722,13.5282
11863.1,12002,64777.8,5301.76,5330,65188.8,10031.2,15247.4,13.5282
17988.8,15109,78027.1,14877.8,13217,73770.8,5419.56,11890.3,13.5332
16598.4,16413,66276.3,8718.72,8633,66186.7,3139.56,9423.18,13.5353
11922.9,12381,63111.4,5101.88,5321,62837.2,8139.6,15766.9,13.5353
11178.7,11116,65905.7,6738.16,6584,67070.5,3022.52,9598.68,13.5363
8800.35,8921,64649.7,4292.48,4345,64743.8,3065.84,7649.46,13.5363
18770,18158,67745,10310.2,10090,66966,6010.08,7502.04,13.5383
30095,23203,85002.2,24756.2,21031,77144.5,2051.24,223.08,13.5403
7397,7460,64982.5,4009,3984,65947.3,2577.92,4719,13.5403
11560.3,11473,66034.4,7737.56,7717,65710.6,7834.84,15790.3,13.5403
11094.2,11013,66019.2,5104.92,4945,67655.4,2612.12,8584.68,13.5444
5745.35,6028,62463,2707.12,2744,64655.2,2871.28,6327.36,13.5484
11162.4,10996,66528,8563.68,8084,69424.7,2636.44,6890.52,13.5535
9632.35,8989,70226.5,8983.96,8377,70284.5,2668.36,7206.42,13.5576
11111.8,11329,64279.3,6522.32,6453,66240,5188.52,13702.3,13.5576
7807.15,7801,65587.7,3553.76,3357,69377.2,2342.32,6322.68,13.5596
9703.2,9944,63949,4898.96,4972,64573.3,12885.8,17317.6,13.5626
10546.9,10624,65060.4,5351.92,5264,66630.6,9447.56,15020.5,13.5626
12760.8,13065,64010.1,5557.88,5561,65499.2,11512.5,21214.4,13.5626
10312.3,9096,74299,9820.72,8312,77431.5,17882,30869.3,13.5646
10726.3,11093,63369.6,5066.92,5169,64241.8,2334.72,7475.52,13.5687
10658,11029,63331.8,3812.16,3873,64506.5,5998.68,12997.1,13.5697
15884,15658,66482.1,6875.72,6750,66756.6,2256.44,7324.98,13.5707
5441.8,5816,61319.4,3090.92,3148,64347.7,13609.3,14232.7,13.5728
19186.7,15321,82071.6,15429.5,13149,76902.4,5541.92,14670.2,13.5758
13389.3,13261,66170.3,5309.36,5289,65788.3,2475.32,8955.18,13.5768
10325.9,10205,66312.4,5231.84,5117,67006.8,2174.36,6782.88,13.5819
11477,11289,66627.7,7496.64,7277,67514.1,3211.76,9433.32,13.5819
17331.6,16272,69803.6,14566.9,13984,68267.9,8901.88,12414.5,13.5829
12447.5,12545,65026.7,4698.32,4753,64782.1,4462.72,12164.9,13.5839
14047.8,13972,65891.5,5876.32,5872,65584.2,9150.4,15701.4,13.5839
11766.3,12057,63955.9,4139.72,4249,63850.5,2304.32,7125.3,13.5849
10726.9,10873,64655.7,5691.64,5693,65520.3,2169.8,8350.68,13.5869
13898.9,14029,64928.5,6644.68,6813,63916.9,2485.96,8254.74,13.5869
15600,15758,64878.9,6537.52,6606,64856.6,3348.56,9361.56,13.589
17365.4,14572,78099,12896.4,11452,73802,5192.32,17519.6,13.589
6594.25,6925,62405.9,1963.84,1961,65630.9,4845,8498.1,13.59
14354.6,12407,75823.6,8793.96,7699,74856.6,3534.76,9750.78,13.591
11239.8,11486,64131.3,4574.44,4654,64415.7,4509.84,11538.5,13.592
8372,8581,63939.8,3340.96,3377,64836.6,3896.52,8927.1,13.593
17563,15328,75091.9,10979.7,9760,73726.1,4119.2,10267.9,13.5951
8325.2,8729,62504.3,2954.12,3033,63831.6,9447.56,14665.6,13.5971
8938.8,8849,66201.1,6264.68,6017,68233.7,5192.32,10559.6,13.5981
17535.7,14981,76711.8,17949.7,15905,73961,5738,13880.9,13.5991
5148.65,5401,62474,2824.92,2809,65907.4,15725.2,16786.4,13.6011
14185.6,14221,65372.9,6055.68,6173,64290.5,2663.8,9599.46,13.6011
15418,15601,64767.3,6567.92,6661,64620.2,3755.16,11118.9,13.6032
6714.5,6769,65008.3,6884.08,6901,65375.3,2931.32,6579.3,13.6032
10649.6,10307,67714.4,4515.16,4263,69412.5,4211.16,9497.28,13.6042
9465.95,9565,64857.3,4379.12,4409,65091.9,7058.12,12601.7,13.6052
7822.75,8066,63559.6,2818.08,2898,63728.7,4671.72,10329.5,13.6072
7229.95,7468,63447,3123.6,3192,64131.7,9714.32,15310.6,13.6072
5708.3,5891,63503.5,2750.44,2803,64307.1,4069.8,7686.12,13.6092
14071.2,13968,66020.2,5812.48,5744,66317.3,3068.12,9301.5,13.6092
12389,11136,72910,10083.7,9360,70603,5265.28,16411.2,13.6103
10290.1,10168,66323.3,6323.2,6028,68745.4,3547.68,6784.44,13.6123
8039.85,7750,67987.1,5475.8,5282,67940.6,3921.6,11897.3,13.6133
11735.8,11617,66205.9,4582.04,4481,67013.7,9769.8,14905,13.6143
6217.25,5824,69961.1,5979.68,5652,69335.5,6277.6,11613.4,13.6143
6663.15,7001,62373.4,1772.32,1833,63366.5,2900.92,6859.32,13.6143
12197.3,12168,65693.5,4796.36,4808,65377.3,5842.12,12931.6,13.6153
13237.3,13294,65256.2,4772.8,4862,64333.6,10127.8,14645.3,13.6163
6002.75,6285,62592.9,2675.2,2733,64150,2333.2,6825.78,13.6163
11834.5,11624,66723.1,5787.4,5608,67632.5,3984.68,11126.7,13.6174
11917.1,11872,65785,5894.56,5812,66466.9,5877.08,13799,13.6174
14408.5,14557,64867.7,4666.4,4649,65781.3,3819,9646.26,13.6194
9956.7,9993,65297.9,3749.08,3769,65189.6,3932.24,9225.84,13.6194
9198.15,8393,71822.9,7124.24,6857,68090.2,7717.04,16865.9,13.6194
15979.6,15835,66134.5,8142.64,8271,64518.9,2084.68,5757.96,13.6224
5552.95,5941,61255.4,2729.92,2769,64611.1,4904.28,8704.8,13.6234
10159.5,10373,64187.1,4268.92,4289,65229.2,6617.32,12863.8,13.6244
15247,14965,66771.2,5750.16,5589,67425.8,4352.52,10869.3,13.6255
14286.3,14036,66704.9,6849.88,6676,67242.9,2881.92,7956,13.6315
16843.4,16487,66952.9,7221.52,7143,66256.4,5621.72,12235.9,13.6346
8685.3,8673,65628.9,4131.36,4101,66021.2,2893.32,8058.18,13.6346
12680.2,12688,65495.7,4581.28,4708,63772,2253.4,8523.06,13.6376
27322.7,21353,83858.2,26091.6,20525,83309.9,27699,36933.8,13.6417
20222.8,16338,81118.9,16138.6,13762,76853.6,2919.92,8265.66,13.6427
11951.5,11809,66327.1,6555,6389,67238.8,5628.56,11341.2,13.6437
11033.8,10171,71095.1,7003.4,6495,70665.9,13398.8,22900.8,13.6447
22315.8,17844,81959.7,16398.5,13604,78998.3,1959.28,1393.86,13.6457
7571.85,7499,66172.7,3492.2,3579,63946.6,7786.96,12514.3,13.6478
14831.7,14580,66667.4,5773.72,5680,66617.3,4824.48,11515.1,13.6498
10290.1,10296,65498.8,4183.8,4328,63352.5,3642.68,10176.7,13.6498
8552.7,8813,63600.3,3670.04,3821,62946.8,18861.7,20493.7,13.6498
17328.3,17180,66101.9,6878,6812,66171,2746.64,5336.76,13.6508
13161.2,12152,70978.6,10945.5,10120,70882,12046,18687.2,13.6538
13068.9,12941,66183.7,4174.68,4109,66583.6,11054.2,20762.8,13.6559
17406.3,17516,65125.8,8111.48,8232,64576.5,4154.92,8835.84,13.6569
7232.55,7526,62980.6,3182.12,3154,66120.3,3103.84,8025.42,13.6579
9810.45,9465,67927.9,6707,6345,69275,2197.16,6191.64,13.6579
10229.7,10448,64166.7,3730.84,3744,65305.6,11333.9,14004.1,13.6609
13117.6,13112,65564.2,5857.32,5980,64191.5,2581.72,9031.62,13.6609
9807.2,9744,65961.1,3280.92,3328,64608.9,4838.16,9587.76,13.6609
13856,13813,65740.3,8040.04,7973,66087.1,10636.2,19248.8,13.662
10038.6,10333,63668.8,4179.24,4265,64218.2,4740.12,10650.1,13.664
14472.2,14393,65896.8,9163.32,8809,68172,2176.64,4906.98,13.664
6501.95,7022,60682.4,2805.16,2894,63524.2,5246.28,10030.8,13.664
11596.6,11845,64161.9,4990.16,5013,65237.4,12879,15960.4,13.666
10634,11166,62413.6,5282.76,5438,63665.1,5012.96,10788.2,13.6701
11278.1,11697,63189.3,4655.76,4721,64630.3,8869.2,18316.7,13.6711
10353.2,10300,65874.5,6135.48,5804,69278.9,9646.68,14780.2,13.6711
13187.2,13068,66133.8,6026.04,5932,66574.9,4024.96,9825.66,13.6751
6904.95,7236,62537.7,3189.72,3264,64044.6,11429.6,16763.8,13.6782
14217.4,14278,65258.1,5418.04,5430,65391.7,2592.36,8545.68,13.6782
17462.3,13822,82796,19336.7,17082,74186.2,7745.16,17279.3,13.6782
12374,12060,67242.6,8460.32,8268,67060.4,7549.84,13346.6,13.6812
29104.4,23293,81886.6,22369.1,19385,75624.5,4568.36,9780.42,13.6812
15330.2,15367,65379.3,4017.36,4067,64736.1,2729.16,9118.98,13.6832
14239.5,13225,70563.6,10479.6,9497,72316.9,22263.4,27105,13.6842
11644.8,11694,65260,7348.44,7321,65781.6,2835.56,6704.88,13.6863
6830.85,7065,63364,3012.64,3021,65354.6,3943.64,7237.62,13.6863
12266.1,12300,65355.6,5185.48,5196,65403.3,3360.72,9375.6,13.6863
12927.2,13308,63660.7,5323.8,5484,63621.5,6182.6,11944.9,13.6873
26382.2,24509,70544.9,12095.4,10841,73119.1,20804.2,34811.4,13.6893
15691,15552,66121.7,9867.84,9492,68130.9,3758.2,8649.42,13.6924
14755.6,13432,71994.2,11403,10216,73150.9,6713.08,14965.1,13.6944
35439.9,27157,85524.6,32268.8,25361,83386.7,33836,55665.5,13.6964
7943.65,8419,61835.7,3489.92,3651,62644.6,2499.64,7053.54,13.6995
8026.85,8260,63686.2,3340.2,3412,64156.9,2949.56,7473.18,13.7005
5461.95,5780,61929.8,2958.68,3060,63366,4990.92,10703.9,13.7005
19433.7,16029,79456.4,13111.5,11309,75981.7,12236,25310.2,13.7015
13179.4,13184,65513.1,5592.08,5552,66009.1,3437.48,9519.12,13.7015
10392.8,10891,62538.4,3490.68,3659,62521.2,4952.16,12001.1,13.7015
14586,14680,65116.4,6171.2,6136,65912,6228.96,12643.8,13.7035
15284.7,15173,66018.7,6798.2,6737,66131.3,2973.88,8394.36,13.7035
5612.1,5838,63000.1,3877.52,3950,64333.5,4232.44,7036.38,13.7065
16642.6,15237,71581.6,13401.1,12181,72100.3,9284.16,16392.5,13.7065
12842.7,12888,65305.6,5905.2,5944,65108.2,5250.08,13928.5,13.7076
9812.4,9980,64435.4,3416.2,3436,65158.3,3486.12,9875.58,13.7086
17969.9,16604,70927.2,7507.28,6840,71929.4,5041.84,13809.1,13.7106
9883.25,9617,67350.4,7077.12,6725,68967.5,19691.6,25871,13.7116
9493.9,9260,67191.4,5659.72,5596,66282.2,3660.16,9190.74,13.7126
9331.4,8726,70082.8,6000.96,5654,69557.6,4073.6,11148.5,13.7126
10578.1,10536,65797.9,4466.52,4492,65164.3,2793,9043.32,13.7207
14701,14461,66623.9,9182.32,9001,66856.2,5473.52,8689.2,13.7207
11874.2,12036,64655,4872.36,5088,62758.4,6745.76,13470.6,13.7207
6984.9,7049,64940.1,3086.36,3161,63988.5,3775.68,8198.58,13.7218
10668.4,10700,65342.8,5968.28,5960,65627,5904.44,13125.1,13.7238
9700.6,9808,64818.4,4215.72,4340,63659.3,3916.28,10876.3,13.7248
5498.35,5305,67924.6,3250.52,3309,64377.8,5784.36,10459,13.7288
6031.35,6113,64660.6,3094.72,3061,66257.9,5896.84,9500.4,13.7309
13104.6,13236,64885.6,5530.52,5652,64127.4,4944.56,10700,13.7349
14350,14477,64961.3,6706.24,6889,63797.4,2900.92,9941.1,13.7349
5929.3,5972,65067.4,3301.44,3296,65644.2,4959,10473.1,13.7359
7929.35,8125,63957.9,3332.6,3469,62959.1,5415,11742.1,13.737
6817.85,7002,63812.4,2998.2,3070,64003.3,7238.24,13114.9,13.738
13990.6,13970,65632.6,6228.96,6402,63764.6,3453.44,7871.76,13.738
12200.5,11687,68415.5,7639.52,7191,69623.6,6867.36,16522,13.739
13428.3,12760,68968.7,6102.04,6028,66341,2505.72,8575.32,13.741
11884.6,11784,66095.5,6308.76,6376,64844.9,3207.2,7416.24,13.741
15891.2,14284,72909.9,10138.4,9308,71382.7,2996.68,13927.7,13.741
23076.9,18413,82136,19236.4,16285,77413.2,1890.88,177.84,13.742
13184.6,12724,67908.4,6031.36,5844,67637.1,2649.36,8926.32,13.742
10916.1,10629,67306.2,3876,3809,66688.8,7125.76,13628.9,13.742
14976,13896,70629.5,11786.1,10940,70604.4,9782.72,14624.2,13.742
12213.5,12108,66107,5664.28,5640,65818.1,3223.16,9278.1,13.7471
10624.3,9910,70259.4,8698.2,8354,68236.2,6339.16,14142.2,13.7481
10406.5,10466,65163.4,5216.64,5330,64142.2,11975.3,18163.9,13.7501
13239.2,13201,65725.6,5270.6,5393,64048.6,2794.52,8043.36,13.7501
14253.2,14232,65633.6,5662.76,5724,64834.8,5263,12632.1,13.7511
10908.3,10989,65054.7,4600.28,4573,65926.9,10667.4,22159,13.7522
12506,12476,65693.6,4250.68,4316,64544.2,3981.64,11320.9,13.7532
7150,7145,65581.9,2422.12,2413,65783.7,2744.36,6131.58,13.7542
10361.6,10391,65350.9,5005.36,5155,63633.6,3866.88,10494.9,13.7542
7777.9,7739,65865.4,4649.68,4559,66839.5,6051.12,11461.3,13.7552
17699.5,16988,68280.8,10445.4,10184,67218.4,3948.96,10119.7,13.7562
9856.6,10041,64332.4,2985.28,3001,65192.7,2740.56,6764.94,13.7603
10211.5,10052,66575.9,6532.2,6368,67225.9,4726.44,12349.7,13.7603
10871.9,11049,64485.5,4740.12,4861,63906.3,14056.2,18294.9,13.7613
12914.2,12843,65899.3,6086.08,6271,63603.5,6909.92,14972.9,13.7633
13903.5,13773,66157,7574.92,7625,65105.6,3153.24,9824.88,13.7633
7020,7184,64039.9,3255.84,3200,66679.6,7913.88,12102.5,13.7643
13844.3,14085,64416.3,5241.72,5345,64269.7,2244.28,8225.1,13.7663
7491.9,7550,65031.7,5720.52,5598,66970.3,4489.32,10689.1,13.7674
12431.9,11604,70211.7,7207.08,6608,71477.5,7652.44,15940.9,13.7674
9668.1,10160,62363,3871.44,4016,63177,9654.28,15425.3,13.7684
14213.5,14191,65640.1,5827.68,5775,66133.8,6884.84,12328.7,13.7694
9096.1,9388,63498.3,4183.8,4252,64484.8,9419.44,14593.8,13.7704
11071.4,11261,64432.9,5975.88,6013,65131.4,6055.68,12973.7,13.7704
9446.45,9782,63287.9,4723.4,4761,65018.4,4749.24,10124.4,13.7724
20381.4,17656,75652.2,14862.6,13020,74810.5,5009.16,12412.9,13.7745
7273.5,7501,63548.3,6385.52,6237,67096.6,3170.72,7408.44,13.7745
15848.9,15424,67341.6,8024.08,7716,68152.7,2859.88,8931.78,13.7745
8804.25,8936,64569.8,4400.4,4444,64893,2809.72,7384.26,13.7755
12416.3,12537,64905.1,8545.44,8461,66190,6099,13090,13.7775
21397.3,17290,81104.5,22034.7,18894,76429.8,6856.72,13341.1,13.7785
26055.9,21098,80936.6,21606,18046,78464.7,4537.96,9639.24,13.7795
11550.5,11871,63766.6,5686.32,5807,64174,3734.64,11714.8,13.7816
8268.65,8296,65319.9,4117.68,4040,66796.1,5092,8385.78,13.7816
10695.8,11056,63400.6,4819.16,4928,64088.6,2637.2,8870.16,13.7826
7125.3,7432,62831.5,3554.52,3656,63716.9,3549.2,6796.14,13.7856
19867.9,16644,78230.1,14509.9,12452,76367,4868.56,14068.9,13.7856
12066.6,12215,64739.8,4111.6,4131,65228.2,10564,16637.4,13.7886
11101.3,11269,64561,4603.32,4645,64947.9,2226.04,6213.48,13.7886
10067.2,9759,67605.7,7246.6,7023,67622.5,4805.48,10933.3,13.7907
11501.1,11599,64982.9,4724.92,4763,65012,2575.64,7876.44,13.7917
16987.8,16401,67880.6,8964.96,8641,67993,6811.88,13676.5,13.7937
13695.5,13012,68978.5,11840,11380,68185.3,7745.92,12994.8,13.7957
11055.8,11060,65511.4,5451.48,5476,65242.6,14909.7,17738.8,13.7957
12847.3,13007,64731.1,5844.4,5967,64189.5,7979.24,15048.5,13.7978
12210.9,12397,64552.2,5592.84,5741,63844.7,7784.68,15029.8,13.8008
10622.9,10810,64402,3447.36,3530,64001.7,7669.92,12801.4,13.8028
15997.8,15744,66592.5,6443.28,6400,65979.2,2164.48,5710.38,13.8028
13547.9,13473,65900.6,7310.44,7221,66347.7,5722.8,13027.6,13.8049
7144.15,7317,63987.8,3373.64,3413,64780.2,10892.3,15172.6,13.8079
8708.7,8582,66503.5,4234.72,4361,63638.3,4477.16,10475.4,13.8099
24362.6,19017,83958.1,17955.8,15225,77290.5,21986,33802.1,13.8109
13138.4,13085,65803.7,4807.76,4909,64184.4,6494.96,12480,13.812
11604.4,11521,66010.7,5399.04,5413,65367,2205.52,7636.98,13.814
7090.2,7105,65399.5,3616.84,3733,63496.7,2716.24,5655,13.815
8627.45,8792,64309.4,4400.4,4568,63131.5,13378.3,19347.9,13.815
8603.4,8753,64415.9,3029.36,3137,63287.3,6872.68,13319.3,13.815
7762.3,7740,65724.8,3614.56,3580,66168.7,2727.64,7311.72,13.815
14144.6,13844,66959.2,6201.6,6192,65637.6,4232.44,11140,13.816
11536.8,11308,66862.3,6128.64,5864,68493.6,8493.76,16167.1,13.8191
9201.4,8977,67174.2,6992,6769,67695,9337.36,17980.6,13.8201
11521.3,11596,65113.5,5512.28,5640,64051.9,2473.04,8660.34,13.8211
11902.1,11784,66193.1,4750.76,4668,66697.9,2925.24,9141.6,13.8241
12717.3,12769,65270.4,7707.92,7701,65594.9,9183.84,15837.1,13.8261
9576.45,9921,63260,3676.12,3749,64262,2943.48,8992.62,13.8292
10392.2,10633,64051.8,4112.36,4249,63428.5,3175.28,9348.3,13.8302
14249.3,14204,65745,6071.64,6040,65879.3,4002.92,12055.7,13.8302
6353.75,6456,64498,2960.2,2956,65629.1,5389.16,9817.86,13.8302
12708.1,12605,66072.3,6689.52,6569,66738.4,3730.08,11092.4,13.8353
18168.1,17673,67372.1,12340.9,11737,68907.9,7620.52,9817.86,13.8363
16582.8,16524,65769.2,5730.4,5752,65289.9,2230.6,8352.24,13.8383
8208.85,8313,64714.9,2803.64,2797,65691.6,3786.32,8348.34,13.8403
7181.85,7481,62915.3,3123.6,3129,65422.9,3932.24,10399,13.8434
6708,7010,62712.6,3660.92,3769,63656.7,9500,12398.9,13.8454
11571.3,11724,64682.4,6688.76,6760,64845.3,7726.92,16551.6,13.8454
10506.6,10695,64381.5,4555.44,4643,64300.1,12875.9,18394.7,13.8454
21503.9,18541,76009,15323.9,13369,75119,2105.2,5408.52,13.8454
17133.3,17312,64859.7,6716.12,6868,64086.7,5679.48,14632.8,13.8464
11531.6,12037,62784.6,4346.44,4533,62838.8,3920.84,9913.02,13.8495
9930.05,10017,64967.1,3819,3765,66476,6167.4,13374.7,13.8505
15045.5,15060,65473.1,5598.16,5684,64546.3,4110.08,10041.7,13.8505
6888.05,7060,63939.8,3540.84,3568,65037.1,7017.08,10365.4,13.8525
12507.3,12449,65842.9,6105.84,6081,65803.7,3490.68,8460.66,13.8555
31200.6,23878,85633.9,24438.6,19158,83599.8,23998.5,32748.3,13.8576
21659.9,17497,81128.6,13841.9,12333,73554,25191.7,39157.6,13.8586
6265.35,6489,63277.2,1697.84,1741,63911.3,2953.36,5957.64,13.8596
8164.65,8296,64498.4,2919.16,2940,65071.4,3199.6,7767.24,13.8606
14989,14493,67778.9,8997.64,8909,66188,4473.36,10842,13.8626
6140.55,6312,63755.9,2777.04,2828,64355.1,2827.96,6452.94,13.8637
7083.05,7344,63207.3,2626.56,2708,63565.1,2416.8,6852.3,13.8637
11256.7,11232,65680.1,4468.8,4512,64908.5,2369.68,6214.26,13.8637
8256.3,8405,64376.5,4093.36,4133,64907.4,9322.16,14736.5,13.8647
7664.8,7861,63900.3,3583.4,3637,64570.2,13252.1,17042.2,13.8677
15427.7,15033,67256.9,5573.08,5437,67176.3,2955.64,9373.26,13.8687
12408.5,12009,67716.2,6461.52,6221,68069.8,5250.08,14539.2,13.8758
9954.1,10230,63768.5,4235.48,4278,64884.6,2577.16,8074.56,13.8768
14506,14201,66943.8,10194.6,9817,68057,6049.6,10069,13.8778
10504,10862,63376,4105.52,4266,63070.6,4954.44,12905.9,13.8799
14474.2,14744,64336.8,6073.92,6236,63832.7,7169.08,14044.7,13.8809
11475.8,11597,64850.8,5548.76,5529,65770.2,13083.4,19956.3,13.8809
14787.5,14469,66978.6,5686.32,5537,67303.4,4031.8,9753.9,13.8829
12912.9,12853,65841.4,7049.76,7061,65431.7,6486.6,11726.5,13.8829
19983.6,15732,83247.2,17563.6,14580,78947.1,13352.4,25070.8,13.8839
10936.3,10774,66522.9,6155.24,5862,68814.4,2695.72,6541.08,13.8849
11896.9,10664,73113.1,8194.32,7580,70847.4,14085.8,20091.2,13.8849
16260.4,16191,65816.9,6671.28,6703,65225.9,3160.84,8314.02,13.886
5189.6,5404,62935.9,3057.48,3116,64305.2,3608.48,6381.18,13.889
10316.1,10224,66126.7,7691.2,7264,69390.2,16709.4,23105.2,13.889
16756.3,16685,65816.3,6966.16,6989,65321.8,10358,19405.6,13.891
14177.8,13760,67525.9,7926.8,7652,67889.5,2602.24,9047.22,13.892
29665.3,19301,100728,30865.1,21685,93280,6434.92,14869.9,13.8941
10158.2,10188,65344.3,5446.92,5448,65523,7262.56,13203.8,13.8951
11941.8,12196,64170,4271.2,4288,65279.2,3410.12,8608.86,13.8951
27063.4,20496,86535.3,26970.1,20576,85901.7,2799.84,1768.26,13.8971
20809.1,17688,77100,13211.1,11352,76268.6,4449.04,9486.36,13.8971
24833.3,17717,91859.3,22955,18017,83497.9,22429.1,37875.2,13.8991
10060.7,10277,64156.7,4072.84,4053,65856.8,7685.12,12748.3,13.9001
18493.8,17667,68603,10357.3,9811,69185.1,6960.08,18698.2,13.9012
15130,14805,66974.9,7023.16,6801,67676.8,6414.4,13526,13.9032
9794.2,10124,63401.1,4094.12,4220,63581.1,2503.44,8221.2,13.9032
7486.05,7736,63418.5,3629.76,3708,64153.2,22383.5,20779.2,13.9042
6061.9,6155,64544.7,2610.6,2715,63015.9,3150.2,7842.9,13.9062
11906.7,11913,65501.3,4591.92,4589,65577.7,5066.92,10482.4,13.9062
13993.8,13733,66780.8,6558.04,6421,66934.7,4319.84,10137.7,13.9072
10989.5,10969,65658.8,4843.48,4809,66005.9,13728.6,16141.3,13.9082
7810.4,8014,63871,1986.64,1950,66767.4,2856.08,7336.68,13.9093
11911.3,11861,65813.6,6450.12,6341,66663.8,2641.76,7724.34,13.9103
13536.9,13305,66678.3,5399.04,5453,64887.5,4227.12,9278.1,13.9123
11316.5,11067,67013.5,5721.28,5569,67328,9786.52,18308.9,13.9153
12010.7,12277,64114.5,4712.76,4801,64331.5,5690.12,11653.2,13.9153
8165.3,8497,62977.6,3724.76,3813,64019.4,3264.2,8781.24,13.9164
9401.6,9431,65331.7,5112.52,4983,67239.4,3318.16,9137.7,13.9184
10147.1,10213,65113.4,7164.52,7029,66799.5,9353.32,15526.7,13.9184
15218.4,14924,66829,5760.04,5672,66553.2,5139.12,11551,13.9194
12548.9,12284,66949.3,5000.8,4972,65915.6,3733.88,11507.3,13.9194
14978.6,14813,66268.7,6048.84,5977,66323.7,3774.92,10086.2,13.9204
7342.4,7320,65736.5,3358.44,3260,67514.9,2728.4,6048.9,13.9204
18952,14844,83673,14655.8,12380,77583.6,15805,21261.2,13.9214
14554.8,14482,65865.4,6266.96,6381,64364.8,2633.4,8564.4,13.9255
13121.5,13121,65538.7,4861.72,4945,64432.3,7075.6,11841.2,13.9275
17752.8,17265,67387.6,8885.16,8881,65566.7,12833.4,20308.9,13.9285
11174.8,11126,65823.4,5542.68,5554,65402.4,3397.96,9644.7,13.9295
8268.65,8253,65660.3,2568.8,2617,64329,4388.24,9291.36,13.9305
6627.4,6672,65097.9,3264.96,3316,64527.3,10371.7,15602.3,13.9305
5728.45,5817,64538.4,3084.08,3053,66203.2,4301.6,8839.74,13.9316
6509.1,6717,63507.6,2558.16,2617,64062.5,8116.04,14215.5,13.9326
5732.35,5980,62821.9,2559.68,2636,63638.5,2140.92,5984.94,13.9356
16660.8,15925,68564,8718.72,8625,66248.1,2765.64,5119.92,13.9366
7813,7931,64560.9,3808.36,3759,66396.6,4067.52,8956.74,13.9376
10613.8,10444,66601.8,5271.36,5132,67315.6,3649.52,9580.74,13.9387
12621.7,12380,66815.5,3896.52,3852,66293.5,5098.84,11742.1,13.9387
13299,13565,64250.9,5563.2,5693,64041.8,2831.76,7099.56,13.9397
11232,11164,65935.2,5605,5592,65688.4,2507.24,7836.66,13.9397
10007.4,10145,64647.1,4441.44,4437,65601.6,3969.48,9904.44,13.9417
10865.4,10545,67527.2,5466.68,5473,65460.3,3633.56,9845.94,13.9427
6535.1,6808,62909,3629,3720,63932.8,3675.36,8703.24,13.9458
13791.7,13896,65044.1,6884.84,6812,66236.8,5227.28,9325.68,13.9468
8680.1,8994,63248.7,2339.28,2406,63718.6,2536.12,7702.5,13.9468
21231.6,17234,80737.7,19357.2,16802,75502.5,2827.96,5662.8,13.9508
6873.75,6949,64826.3,2910.8,2961,64424.9,6435.68,11275.7,13.9518
18840.3,18790,65711.3,11039.8,10930,66194.1,6878,11366.9,13.9539
14127.1,13756,67304,9755.36,9676,66073.5,14499.3,18372.9,13.9559
11990.5,11832,66414.2,5829.96,5660,67503.9,5668.08,11655.5,13.961
9904.05,10168,63834.8,5777.52,5928,63872.4,2272.4,7528.56,13.961
11661.6,11632,65703,3841.04,3936,63954.9,9888.36,16911.2,13.964
11125.4,10970,66464.4,3769.6,3754,65808.3,4651.2,10465.3,13.965
12905.8,12593,67163.6,8876.04,8501,68427.3,2638.72,7014.54,13.967
15275,15104,66278,6881.8,7008,64355.8,3829.64,11995.6,13.9721
14660.1,13818,69529.9,7249.64,7088,67030.5,6117.24,13027.6,13.9751
11806.6,11488,67353.5,5066.16,5008,66297.1,7232.16,12224.2,13.9792
7550.4,7432,66580.1,3655.6,3740,64057.1,4175.44,9513.66,13.9802
13517.4,13119,67526.2,6162.08,6107,66127.1,2767.16,8801.52,13.9802
12963.6,12913,65792.8,5453.76,5669,63047.7,5460.6,13363,13.9812
13252.2,13160,65995.1,5233.36,5292,64809.8,6067.84,11203.1,13.9822
10482.5,10424,65904.1,4894.4,5052,63491.6,7919.2,13003.4,13.9873
12510.5,12285,66739.2,5874.04,6045,63682.6,4084.24,11932.4,13.9903
15825.5,14948,69383.4,11840.8,12096,64153.3,2872.04,9703.98,13.9903
9935.9,9536,68284.3,3897.28,3924,65089.7,6648.48,12797.5,13.9924
14551.5,14312,66632.9,6434.16,6552,64357.3,3128.16,9039.42,13.9944
14980.5,14879,65983.3,6966.16,7211,63310.8,2150.04,8481.72,13.9964
9452.95,9549,64876.8,3570.48,3725,62817.4,2506.48,7805.46,13.9974
7866.95,7581,68008,3428.36,3401,66063.2,5041.84,9764.04,13.9985
10834.2,10809,65688.8,5385.36,5481,64392.4,3869.92,9902.88,13.9985
17112.5,16509,67931.9,10277.5,9897,68055.5,5573.08,12203.1,14.0015
24443.9,20632,77644.2,20513.2,18108,74240.7,11080,27800.8,14.0015
9298.25,9250,65877.9,3676.12,3714,64867.6,6526.12,11844.3,14.0035
20019.3,16598,79045,18171.6,15709,75809.7,11363.5,21307.3,14.0066
5991.7,5884,66735.6,3450.4,3448,65581.6,4501.48,9115.86,14.0076
14708.2,14152,68111.7,6642.4,6472,67261.5,4126.8,9629.88,14.0076
9159.15,9083,66085.4,3374.4,3375,65524.4,5459.08,9402.12,14.0096
13228.8,12989,66745.9,4951.4,5001,64886,7777.08,14954.2,14.0106
9725.95,9626,66216.5,3914,3978,64481.6,8974.84,17819.9,14.0106
13273.6,12705,68469.3,5402.08,5285,66987.8,4873.88,11685.2,14.0116
13681.8,13545,66198.1,7911.6,7881,65790.5,4327.44,11763.2,14.0208
8422.05,8308,66435.7,6669.76,6320,69162.9,6332.32,13511.9,14.0208
11304.8,11344,65309.5,4408.76,4384,65906.1,10438.6,15980.6,14.0238
12832.9,13092,64239.3,5244,5380,63879.3,13277.2,21944.5,14.0248
8554,8689,64517.8,4088.04,4069,65842.7,5789.68,10819.4,14.0258
11646,11885,64218.4,5509.24,5629,64141.7,11293.6,20955.5,14.0279
12640.5,13005,63699.4,3667.76,3789,63439,2209.32,6418.62,14.0279
10979.1,11137,64607.1,4719.6,4817,64210.9,3714.88,9193.86,14.0309
13192.4,13453,64266.5,4543.28,4617,64489.6,7367.44,15074.3,14.0309
11418.5,11389,65706,5886.2,5901,65371.6,3254.32,9807.72,14.0319
9314.5,9352,65273.2,4262.84,4248,65764.9,2194.12,5824.26,14.0329
9670.7,9469,66932,6086.08,5933,67226.9,9946.12,13343.5,14.0349
20027.8,17009,77167.5,16482.1,14385,75090.2,8613.84,20521,14.039
17906.2,14994,78264.7,13473.3,11926,74038.6,6468.36,17252,14.041
9885.2,9612,67398.7,6050.36,5896,67251.8,2777.04,6534.06,14.0441
8201.05,8661,62055.6,3013.4,3137,62953.8,12137.2,16486.1,14.0471
11248.3,11292,65282.1,4582.8,4520,66446.5,3154.76,9740.64,14.0471
12456.6,12521,65198.9,5580.68,5549,65910.2,6042,11332.6,14.0512
14970.8,14952,65618.4,4841.2,4908,64644,6598.32,13301.3,14.0522
17708.6,17285,67142.1,7574.16,7377,67287.5,4016.6,7792.98,14.0552
13520,13461,65823.2,5416.52,5281,67217.8,7000.36,14657.8,14.0552
8413.6,8520,64717.6,4908.08,4844,66403,5820.84,12375.5,14.0562
9448.4,9281,66718.1,4772.04,4513,69297.7,5789.68,12145.4,14.0572
12785.5,13213,63415.6,5269.08,5405,63888,10216.7,16801.2,14.0572
14133.6,13856,66849,6694.84,6848,64070.3,3539.32,10417.7,14.0572
14922,14737,66358.9,6086.84,6097,65426.8,2773.24,8926.32,14.0572
13891.1,13994,65054.3,6879.52,6990,64500.2,5490.24,13611.8,14.0583
5107.05,5129,65255.5,2402.36,2493,63153.3,2967.8,6201.78,14.0583
12684.1,12613,65905.4,5694.68,5809,64246.3,5630.84,12408.2,14.0593
10464.3,10649,64399.6,4952.92,4973,65271.4,2492.04,8587.8,14.0623
13722.1,13733,65484.2,5826.92,5717,66796.1,4476.4,11915.3,14.0623
16704.3,16649,65753.9,6647.72,6717,64860.1,6917.52,13638.3,14.0643
6928.35,7073,64195.7,2994.4,3045,64447,7940.48,11271.8,14.0664
5134.35,5341,63000.3,4056.88,3981,66785.1,6401.48,12298.3,14.0674
10794.5,10657,66381.9,6201.6,5973,68044.2,4708.2,12462.8,14.0684
18097.9,17528,67667,10665.1,10156,68821.1,14637.6,15997,14.0694
9875.45,10269,63024.4,4614.72,4637,65221.1,2821.12,8486.4,14.0704
25936.9,21037,80800.7,22587.2,19357,76472.3,8432.2,17134.3,14.0704
6089.85,6485,61542.7,1874.92,1841,66743.5,2409.2,5125.38,14.0724
13776.7,13935,64791.8,3658.64,3711,64611.3,6714.6,13185.1,14.0735
10844.6,11325,62756,3736.92,3885,63038,6397.68,13756.1,14.0755
11721.4,11741,65426.9,5486.44,5453,65937.9,8569.76,16502.5,14.0765
10071.8,9465,69737.2,7569.6,7193,68967.2,13528,15851.2,14.0785
10043.8,9920,66353.9,4322.88,4260,66503.4,5697.72,12310.7,14.0887
10307.7,10516,64237.9,4667.92,4784,63945.8,3677.64,10439.5,14.0887
23419.5,19432,78984.2,16521.6,14508,74632.1,12846.3,23968.6,14.0907
13390.6,13413,65426.8,5072.24,5169,64309.2,2660.76,7262.58,14.0927
15928.2,15901,65648.3,4907.32,5005,64257,6655.32,14299.7,14.0937
11296.3,11265,65718.4,7577.96,7461,66563.4,3188.96,8119.8,14.0968
14426.1,14013,67468,11342.2,11017,67470.7,6312.56,13349.7,14.0978
11362,11509,64698.9,5715.96,5793,64664.4,5717.48,12400.4,14.0998
10377.3,10201,66668.3,7739.08,7181,70629.2,15241,23409.4,14.1008
8191.3,8556,62742.5,2501.92,2520,65065.8,5510.76,10193,14.1059
12082.2,12207,64866,5009.16,5023,65355.4,3117.52,9573.72,14.1059
10810.8,10697,66233.2,4549.36,4573,65197.2,4029.52,8966.1,14.1059
6590.35,6174,69955.5,5698.48,5434,68725.7,2151.56,6910.8,14.1089
10256.3,10607,63369.5,4278.04,4431,63273.7,3147.92,9168.9,14.1089
16629.6,16886,64540.9,7104.48,7318,63623.8,2637.96,9278.1,14.111
6478.55,6577,64555,3175.28,3221,64605.8,2900.16,7421.7,14.111
10507.9,10577,65107.8,5052.48,5109,64811,6305.72,13392.6,14.111
8817.25,8780,65814,4992.44,4924,66446.9,5787.4,12499.5,14.114
13963.9,13573,67423.7,6339.16,6145,67606.7,13340.3,21676.2,14.1181
11024.6,11360,63601.4,5477.32,5536,64841.3,3928.44,10326.4,14.1201
15689.7,14381,71499.9,8783.32,8125,70846,9809.32,14661.7,14.1211
9790.3,10203,62885.1,4084.24,4193,63836.1,9025,17124.1,14.1211
13413.4,13345,65871.9,7113.6,7025,66362.5,2318,6477.12,14.1221
12428.6,12656,64358.7,5019.04,5104,64445.1,10646.8,18545.3,14.1231
6788.6,7003,63529.6,2831,2923,63473.3,5927.24,11299.1,14.1241
14898.6,14377,67913.9,6922.84,6745,67263.9,4701.36,12397.3,14.1252
12310.3,12045,66979.8,5310.12,5213,66757,3662.44,8469.24,14.1262
7040.15,7445,61972.2,3409.36,3493,63966.7,2907.76,7951.32,14.1272
4836,5168,61325.9,2197.16,2260,63713.7,9443.76,10959.8,14.1282
20640.8,17928,75452.5,17527.9,16076,71454.8,6587.68,17245,14.1282
13053.3,13104,65282.4,4976.48,4880,66831.7,3451.92,10511.3,14.1302
23433.1,22248,69027.1,18330.4,17816,67428.4,4150.36,6167.46,14.1312
11061,11324,64014.2,5432.48,5356,66471.8,4917.2,12619.6,14.1322
6795.75,6869,64837.1,3169.2,3169,65540.1,8815.24,18211.4,14.1393
14801.1,14749,65767.7,6372.6,6393,65326.9,4890.6,11978.5,14.1393
5359.25,5563,63135.7,2692.68,2735,64521.9,2047.44,5501.34,14.1404
11275.5,11351,65100.4,6261.64,6327,64859,11752.6,17127.2,14.1404
11085.1,11441,63497.3,4363.92,4517,63315,4922.52,12036.2,14.1424
16613.3,15761,69080.2,13597.2,12613,70649.6,19187,20967.2,14.1424
9597.25,10009,62840,4454.36,4569,63891.6,3163.12,9122.88,14.1424
12022.4,12036,65461.9,5964.48,5844,66887.1,2148.52,6421.74,14.1434
7495.8,7593,64697.1,3574.28,3709,63155.6,13279.5,18203.6,14.1444
6596.2,6892,62723.2,3443.56,3544,63678.7,7524,12190.6,14.1454
21095.1,18916,73085.7,12596.2,11296,73079.6,15738.8,24924.9,14.1464
21497.4,16931,83211.7,17177.5,14199,79283.5,7178.2,16725.5,14.1515
23898.5,15532,100838,9381.44,6764,90896.2,7348.44,12583.7,14.1556
6227,6249,65305.3,2997.44,2941,66793.7,7743.64,13550.9,14.1556
14726.4,14890,64815.9,6613.52,6750,64210.9,5853.52,12180.5,14.1566
9963.2,10169,64209.7,3980.88,4157,62759.4,5165.72,10987.9,14.1586
16025.1,15875,66155.6,6676.6,6743,64890.6,2131.04,6947.46,14.1586
6774.95,6992,63501.6,2554.36,2660,62933.3,9411.08,13610.2,14.1606
14469.6,14382,65935.4,10806.4,10890,65033.1,3063.56,5328.18,14.1627
4913.35,5064,63586.4,2032.24,2124,62704.8,4867.8,7435.74,14.1627
12239.5,12365,64870.8,7469.28,7309,66973.1,2564.24,6014.58,14.1647
16885,13612,81294.3,12926.1,11000,77011.2,9565.36,19188.8,14.1657
9129.25,9065,66000.5,5570.8,5565,65604.3,6774.64,14009.6,14.1677
8098.35,7837,67721.5,6331.56,6061,68461.5,12869.1,20453.2,14.1698
8718.45,8749,65307.2,4183.8,4141,66213.4,11976.1,14287.3,14.1708
10613.2,10532,66041.3,5700,5712,65398.3,2840.88,9737.52,14.1708
14000.3,12456,73661.4,12166.8,11148,71525.5,8035.48,14281.8,14.1708
10439.6,9121,75010.7,7773.28,7189,70862.4,14009.1,18064.8,14.1718
6844.5,6636,67595.1,5630.84,5688,64877.4,7293.72,13815.4,14.1728
7677.8,7729,65101.9,3385.8,3445,64409.8,4248.4,9658.74,14.1799
8058.05,8134,64924.1,3949.72,3986,64939.5,5364.84,10140.8,14.1799
9035.65,9068,65302.2,3360.72,3336,66021.6,3289.28,8971.56,14.1809
9324.9,9500,64328.1,3226.2,3288,64304.2,3594.04,8668.14,14.1819
25785.5,22599,74776.7,14061.5,12183,75641.1,37634.4,41846.2,14.1819
12884.3,13106,64427.4,3845.6,3910,64456.6,4632.96,11713.3,14.185
5469.1,5336,67170.7,1940.28,1980,64221.3,8139.6,10240.6,14.186
10719.1,10726,65494.1,4548.6,4646,64162.1,3364.52,9238.32,14.189
11120.8,11165,65276.8,5314.68,5337,65261.9,3194.28,8170.5,14.19
22643.4,18141,81801.3,19332.1,16477,76892,8603.96,16855.8,14.1931
6864,6624,67910.5,3342.48,3364,65116.8,2895.6,6498.96,14.1941
10431.8,10521,64980.7,3917.8,3961,64821.2,3365.28,8467.68,14.1951
11973.6,12025,65256.1,5648.32,5769,64165.1,9202.84,18395.5,14.1981
8552.7,8127,68968.8,6222.12,5999,67973.5,8898.08,14055.6,14.1991
14677.6,12989,74056.1,13651.9,12541,71341.2,16086.9,20003.1,14.2022
12442.9,11682,69804.9,6653.04,6438,67725,6523.84,15464.3,14.2042
11178,10685,68560.1,9601.84,9261,67948,5997.92,10718,14.2133
19852.3,19117,68056.7,13334.2,12697,68824.9,3022.52,8643.18,14.2143
15808,15362,67438.7,7788.48,7606,67108.3,2888.76,8183.76,14.2143
11245.6,11373,64802.2,4895.16,4921,65191.9,8644.24,15898.7,14.2143
28704,25049,75098.6,16454.8,14745,73135.3,2713.2,6042.66,14.2143
14537.2,14099,67573.1,7239,6743,70356.7,4041.68,10918.4,14.2154
7166.9,7290,64429.3,2911.56,2894,65933.7,3941.36,8148.66,14.2164
11948.3,11862,66012.8,5056.28,4934,67160.2,7448,14209.3,14.2174
21497.4,15808,89123,21586.3,17076,82846,11485.1,30367.7,14.2214
7554.95,7700,64301.5,3724,3796,64293,6343.72,11285,14.2214
6438.9,6425,65677.8,2676.72,2681,65431.4,6612,10554.2,14.2214
10903.8,11127,64221.1,3439,3507,64265.3,5457.56,12352.9,14.2235
5047.9,5221,63363.2,2414.52,2401,65905,3555.28,6321.12,14.2245
19784.7,15356,84436.7,17319.6,14632,77573.8,9673.28,20852.5,14.2265
14380.6,14439,65270.9,8703.52,8887,64182.9,4109.32,9015.24,14.2265
15876.2,15932,65306.7,9137.48,9292,64446.2,3339.44,8140.86,14.2265
15652.6,15706,65313.4,6849.12,6862,65413,2508,8595.6,14.2296
5234.45,5520,62145.8,2748.92,2720,66232.8,3573.52,7204.08,14.2296
20881.9,15178,90164.5,22261.2,17086,85386.1,21036,40366.6,14.2306
26273.6,19505,88278.4,21603,16405,86301.4,26226.8,44677.6,14.2316
11406.8,11617,64350.5,4965.08,4837,67271.3,6647.72,13472.2,14.2316
11852.1,12149,63934.4,6187.92,6145,65993.7,7042.92,13544.7,14.2336
7619.3,7834,63739.9,3633.56,3562,66852.6,4832.08,11036.2,14.2346
12580.1,12872,64049.8,2990.6,3048,64301.8,2561.2,6476.34,14.2366
11785.1,12133,63657.1,4330.48,4213,67363.5,13861.6,22506.9,14.2366
8062.6,7817,67595,6916,6349,71388.7,4408.76,9480.12,14.2377
13951.6,12340,74095,10575.4,9392,73793.6,8300.72,17213.8,14.2417
8321.3,8203,66481.1,6634.04,6411,67816,9521.28,17952.5,14.2417
60951.8,36681,108899,64674.5,35965,117851,6125.6,620.88,14.2437
20917,16885,81185.5,15655.2,13185,77814.3,3535.52,8172.06,14.2468
6141.85,6594,61042.2,2827.2,2866,64648.8,2900.16,8093.28,14.2508
9183.2,9314,64615.7,5164.2,5234,64662,2998.96,9358.44,14.2539
21182.8,17876,77659.4,16466.2,14624,73791.5,20488.8,30165.7,14.2549
10319.4,10660,63442,5082.88,5012,66462.8,6964.64,15337.1,14.2559
4901.65,5229,61433.3,3017.2,3085,64095.7,3145.64,6833.58,14.2569
34429.2,29921,75410.3,24597.4,21745,74132.7,2140.92,91.26,14.261
12753.6,11237,74381.3,4830.56,4261,74296.1,2735.24,9136.14,14.263
9250.8,9648,62837.9,4241.56,4208,66058.7,14670.3,17557.8,14.265
6342.05,6691,62118.2,2930.56,2867,66988.9,5280.48,9625.98,14.266
7510.75,7620,64596.4,3543.88,3492,66509.7,14522.1,19130.3,14.266
11460.1,11742,63962.9,4620.8,4570,66264.5,2295.2,7859.28,14.2671
11163.1,10956,66774.8,8372.16,7928,69207.6,7915.4,14335.6,14.2691
6147.05,6369,63252.2,3342.48,3377,64866.1,2219.2,5527.86,14.2711
5283.2,5545,62441.8,3412.4,3513,63659.3,4273.48,7069.92,14.2721
10290.8,10204,66093.5,6587.68,6424,67205.8,8825.12,23310.3,14.2731
14375.4,14397,65437.7,7558.96,7273,68112.7,13429.2,19631,14.2752
31448.3,20078,102649,33856.5,24862,89245.4,24562.4,44949.8,14.2762
9731.15,10033,63564.3,3652.56,3733,64123.8,5146.72,11788.9,14.2772
12965.5,12235,69449.1,7535.4,7051,70038.3,22306.8,31838.8,14.2772
10697,10312,67983.1,5898.36,5592,69126.4,4600.28,10331.9,14.2802
8870.55,9181,63319.9,4232.44,4317,64252.3,2758.8,8819.46,14.2802
12371.4,12425,65253.6,5429.44,5369,66273.8,5682.52,10575.2,14.2812
13999,13749,66727.9,7767.2,7701,66099.4,10532.1,17949.4,14.2812
8366.15,8676,63195.5,4332,4464,63598.1,4369.24,10855.3,14.2843
10221.9,10332,64837.6,4319.84,4424,63993,4115.4,10562.8,14.2873
11144.9,11229,65045.2,4472.6,4461,65706.4,3688.28,9427.86,14.2914
7253.35,7465,63677.9,3832.68,3945,63670.1,6285.2,12610.3,14.2934
17236,13318,84816.2,9521.28,7474,83487.6,2599.2,9311.64,14.2944
11255.4,11173,66019.3,5800.32,5765,65937.5,6466.08,12140.7,14.2944
19026.8,19004,65614.6,7319.56,7496,63993.4,2261.76,5772.78,14.2944
14145.9,14128,65619.3,6403.76,6484,64725,3875.24,8959.86,14.2954
10370.8,10245,66340.4,5484.16,5477,65621.7,3179.84,8663.46,14.2954
10539.1,10452,66082.1,5139.12,5140,65524.8,5389.16,41742.5,14.2954
41724.8,34193,79971.8,22372.1,18065,81161.3,10935.6,25633.9,14.2964
10326.5,10084,67112.3,7694.24,7376,68363.6,18043.9,20038.2,14.2964
11724,11697,65687.6,8163.92,7845,68200.2,4863.24,10303,14.2975
20356,16160,82552.9,19553.3,16100,79592.8,2602.24,6614.4,14.2995
31577.6,22833,90635.2,17055.9,13381,83534.6,43519.9,50871.6,14.3025
12390.9,12345,65779.9,4799.4,4733,66455.4,3333.36,10264,14.3025
10241.4,10425,64381.8,5243.24,5229,65714.5,2366.64,7453.68,14.3056
10601.5,10484,66270.5,6293.56,5984,68926.3,3385.04,10565.1,14.3056
14339,13698,68602.8,9813.12,9097,70695,11710.1,16956.4,14.3076
7556.25,7741,63971.9,3556.04,3629,64218.4,2067.2,6256.38,14.3096
34856.9,24057,94957,28932.4,20557,92237,3689.8,9065.16,14.3137
12785.5,11853,70691.9,6992.76,6521,70277.2,23242.3,29715.7,14.3198
7701.2,7584,66548.8,5597.4,5396,67982.1,4373.04,11175.1,14.3208
9473.1,9292,66813.3,4373.04,4476,64028.5,7156.16,14962.7,14.3218
8726.9,8633,66248.8,3324.24,3293,66157.7,6179.56,11271,14.3218
12716.6,12848,64865.7,4382.92,4548,63157.2,2531.56,9068.28,14.3238
9808.5,9528,67465.4,3757.44,3720,66195.6,2796.8,8400.6,14.3248
8160.75,8113,65921.7,4269.68,4373,63987.6,2827.96,8603.4,14.3258
14131.6,14025,66034.4,7366.68,7453,64777,4646.64,11329.5,14.3269
12871.9,12817,65817,3119.04,3141,65077.8,4304.64,10874,14.3309
11435.4,11359,65977.1,4296.28,4331,65010.6,5982.72,11095.5,14.3329
23559.3,21056,73327.3,11805.8,10960,70593.8,3352.36,10991,14.3329
14222,14204,65619,4651.2,4780,63770.1,6592.24,13338.8,14.335
12083.5,11741,67447.8,5354.2,5177,67779.2,4190.64,9722.7,14.335
17035.2,16608,67221.8,6553.48,6484,66238.3,3637.36,12321.7,14.335
13323,11768,74196.1,11692.6,10712,71535.3,12302.9,17518,14.339
47663.8,28493,109630,44771.6,29533,99351.6,7917.68,12196.1,14.339
9956.7,9901,65904.7,4015.84,4121,63863.6,2929.04,7171.32,14.34
13513.5,12872,68802.1,7824.96,7592,67547,11675.9,19776.1,14.34
10985.6,10520,68436.8,4098.68,4076,65900.7,6152.2,12025.3,14.34
11655.1,11240,67956.6,4670.2,4572,66943.6,10342.8,14367.6,14.3421
22131.2,21484,67510.3,10147.5,10236,64969.5,3321.96,8128.38,14.3421
15271.1,14784,67695.3,7398.6,7252,66860.8,5034.24,11581.4,14.3461
11860.5,11433,67986.8,9253,8973,67581,4170.12,8349.9,14.3461
11520.6,9881,76410.7,8676.16,7709,73758,2371.2,7271.16,14.3481
10626.8,10340,67354.1,4824.48,4704,67214.5,5151.28,11512,14.3512
7955.35,7865,66288.9,18690.7,17933,68304.9,4125.28,300.3,14.3512
10198.5,10388,64340.5,4461.2,4516,64740.7,5076.04,9764.82,14.3532
12833.6,12809,65661.9,6181.84,6189,65460.2,2207.04,8866.26,14.3532
9201.4,9200,65546,4174.68,4132,66212.9,10352.7,17726.3,14.3532
15354.3,15005,67061.6,6422.76,6349,66297.4,2723.08,9189.96,14.3542
6679.4,6768,64678.1,2719.28,2832,62927.5,5129.24,11597,14.3562
8524.75,8637,64684.3,3987.72,4073,64163.8,2182.72,6242.34,14.3573
22462.7,17456,84332.9,16678.2,14368,76073.4,4295.52,7727.46,14.3613
11904.1,11727,66525.7,4576.72,4703,63776.3,2547.52,7621.38,14.3633
11253.4,10851,67966.6,4877.68,4787,66777.5,18822.9,20764.4,14.3633
33087.6,19733,109888,20298.1,12609,105500,24626.3,50617.3,14.3654
14401.4,13821,68288.1,5758.52,5645,66853.9,10684.8,16809.8,14.3664
11137.8,10949,66665.8,4346.44,4401,64723.5,3029.36,9434.88,14.3674
7020.65,6996,65766.9,2792.24,2832,64615.9,4182.28,9208.68,14.3674
9673.95,9484,66848.6,4141.24,4204,64557.6,9392.84,12884.8,14.3694
8711.3,8257,69141.8,3112.96,3121,65367.2,5481.88,10889.6,14.3735
14146.6,13597,68185,7484.48,7565,64838.5,12622.8,20286.2,14.3745
13533,13487,65759.5,5275.92,5397,64065.7,4591.92,12565.8,14.3765
24147.5,17888,88468.8,25077.7,19072,86173.1,2136.36,251.16,14.3806
13789.7,12904,70034.5,7786.2,7080,72072.9,19357.2,25821.9,14.3816
19578,14716,87188.4,22979.4,19564,76976.9,12780.9,28885,14.3836
14340.9,14352,65485.5,5988.04,6128,64039.2,3763.52,10653.2,14.3846
9602.45,9488,66326.5,4607.88,4560,66224.1,3694.36,9827.22,14.3846
11414.6,11503,65032.6,4350.24,4491,63481.9,7244.32,13728,14.3856
13702.6,13709,65505.6,6944.88,7065,64421.8,2190.32,6496.62,14.3917
20697.9,16432,82550,16869.7,14708,75168.2,14763.8,26843.7,14.3938
13050.7,13149,65046.1,5424.88,5485,64817.7,9361.68,17188.1,14.3938
11572.6,11444,66272.4,5900.64,5684,68033.8,3369.08,7558.2,14.3958
12856.3,12964,64991.8,3354.64,3380,65044.3,2386.4,4906.2,14.3978
5924.75,6019,64509.8,3008.08,3080,64005.7,4204.32,7541.82,14.4019
12535.3,12244,67094.9,4997.76,4960,66034.9,2369.68,8301.54,14.4029
10530,9969,69224,9082.76,8785,67757.3,2861.4,9264.06,14.4029
23609.3,17716,87336.8,20284.4,16816,79053.2,13768.9,22192.6,14.4039
11104.6,11056,65824.1,5452.24,5472,65299.3,2791.48,9507.42,14.4059
9828.65,9806,65687.4,4834.36,4894,64737.4,6440.24,12872.3,14.4079
12292.8,11898,67710.6,7512.6,7150,68859.5,12106,19700.5,14.4079
28582.4,21908,85502.1,20781.4,15584,87393,13391.2,29094.8,14.413
10709.4,10112,69407.8,7467,7028,69629.7,9807.8,15455.7,14.414
7948.2,7701,67639.7,7261.8,6961,68368,8951.28,17751.2,14.4171
11614.2,11629,65452.6,5161.16,5225,64735.3,2746.64,8909.16,14.4181
8581.3,8633,65143.5,4164.8,4249,64237.3,3708.04,9170.46,14.4191
11376.3,11377,65532,3684.48,3745,64476.9,2425.16,7910.76,14.4201
19148.3,15409,81439.8,16717,14577,75156.9,3315.12,8526.96,14.4201
9353.5,9535,64288.5,4212.68,4415,62532.8,2320.28,6506.76,14.4201
12042.5,11473,68789.4,10215.9,9525,70289.8,6175.76,10822.5,14.4211
7930,8077,64343.3,3910.96,4045,63364.3,2978.44,8722.74,14.4242
14128.4,14057,65868.9,6880.28,7037,64076.5,12067.3,18787.1,14.4282
17371.3,14540,78297.3,13708.9,12264,73257.1,3847.88,8601.84,14.4282
8056.1,8096,65213,3539.32,3636,63793.4,2634.16,7981.74,14.4292
9362.6,9217,66571.3,4031.8,4065,65000.8,11214.6,13458.1,14.4302
12606.8,12477,66217.5,5623.24,5597,65843.2,5013.72,12205.4,14.4313
17017.6,16281,68501.2,11225.2,10985,66969,3697.4,9012.12,14.4323
16226.6,15853,67080.5,7125,7197,64880.4,6072.4,12660.2,14.4363
9945.65,10104,64508.9,4012.04,4140,63510.4,5165.72,11159.5,14.4373
13670.8,13940,64270.4,5987.28,6196,63328.3,5966.76,12473,14.4373
15301,14802,67745.3,5703.04,5734,65182.1,2608.32,8237.58,14.4383
12576.2,12868,64049.9,4928.6,5056,63884.6,4642.08,11314.7,14.4394
10162.8,10006,66562.7,7033.04,6822,67563.4,5214.36,12540.1,14.4394
10598.3,10980,63257.5,4529.6,4672,63538.5,2376.52,8073.78,14.4404
4814.55,5208,60584.9,1906.08,2012,62085.9,3426.84,6495.84,14.4414
10067.8,10389,63510.1,4048.52,4133,64196.4,4923.28,9955.92,14.4414
6221.15,6677,61061.7,2745.12,2869,62706.2,4868.56,8647.08,14.4414
10838.8,11232,63241.5,4851.08,5024,63280.3,10148.3,19506.2,14.4424
13657.1,13937,64220.1,5639.2,5841,63271.8,2206.28,8810.1,14.4444
15136.5,14816,66953.9,6570.96,6416,67118.8,2677.48,7924.8,14.4465
4889.95,5144,62299.3,2813.52,2892,63757.6,2338.52,6014.58,14.4485
10573.5,10741,64514.3,5968.28,5957,65660.1,2206.28,7497.36,14.4485
13896.3,13829,65855.2,4712,4885,63215.1,2514.84,9330.36,14.4505
13458.2,13091,67374.5,8941.4,8631,67892.9,15111.1,19025.8,14.4536
12142,11701,68006,5458.32,5329,67126.4,2201.72,8134.62,14.4556
17231.5,16231,69575.7,10821.6,10663,66511,6274.56,9429.42,14.4556
10898.5,11252,63477.4,4678.56,4768,64306.6,6061,13151.6,14.4566
5846.75,5661,67686.4,2966.28,3049,63758,7249.64,7294.56,14.4576
10870.6,11081,64291.6,5313.92,5341,65203.7,3450.4,9402.12,14.4596
11917.1,12292,63537.2,5063.12,5200,63810.9,5855.04,12503.4,14.4606
12048.4,11932,66175.3,8313.64,8136,66966.9,9627.68,16785.6,14.4647
15946.4,15584,67060.2,12009.5,11428,68870.8,7994.44,12387.2,14.4647
15676.7,15571,65980.9,5912.8,5843,66318.9,4447.52,10721.1,14.4667
9490,9688,64196.6,5078.32,5208,63904.1,2213.88,8051.94,14.4677
9195.55,9061,66509.2,7154.64,7009,66897.8,7596.96,15887,14.4698
12641.2,12944,64002.9,5691.64,5764,64713.3,8502.12,14703.8,14.4698
13048.8,13253,64526,5968.28,6081,64321.2,2356,7019.22,14.4698
5606.25,6176,59490.2,1940.28,2020,62949.6,5763.08,10397.4,14.4718
7497.1,7493,65571.9,3182.88,3233,64520,7087,11799.8,14.4718
9043.45,9359,63326.4,3812.92,3995,62549.1,3331.84,10564.3,14.4738
8674.9,8685,65459.8,3704.24,3789,64070,16392.4,20364.2,14.4748
7328.75,7737,62077.9,4342.64,4361,65260.1,11226,15036.1,14.4769
20540.6,17021,79087.7,16251.1,14089,75593.1,15998.8,24725.2,14.4779
30432.3,24602,81067.2,18870.8,15930,77634.4,15097.4,27102.7,14.4789
13118.9,13201,65128.7,5158.12,5153,65601.1,3624.44,8823.36,14.4819
5038.15,5581,59161.5,3310.56,3405,63718.3,3626.72,7349.94,14.484
12112.1,12648,62759.2,3858.52,3948,64050.7,3184.4,8052.72,14.488
12075,11881,66606.4,6006.28,6057,64987.2,4788.76,12183.6,14.488
14530.7,14797,64356.8,6475.2,6505,65235.8,11537.6,15246.7,14.489
8546.2,8537,65606.6,3593.28,3549,66353.7,5976.64,12095.5,14.49
9003.8,9456,62402,3689.04,3792,63756.6,7384.16,13465.1,14.4921
5635.5,6064,60905,3166.92,3188,65102.7,5593.6,10703.9,14.4931
12897.3,13516,62536.1,4813.84,4872,64753.7,6225.16,14735,14.4961
14329.2,14393,65245.7,7837.88,7657,67084.1,3616.08,10814.7,14.4992
10234.9,10198,65773.1,7517.16,7154,68862.8,2765.64,6481.8,14.5042
12054.9,12135,65103.4,5907.48,5939,65188.2,15124,19633.4,14.5042
9634.3,10056,62787.7,5468.96,5640,63548.5,4822.96,12293.6,14.5042
11530.3,11422,66157.7,4633.72,4586,66217.9,5156.6,11331.8,14.5052
7676.5,8145,61766.4,3706.52,3745,64862.6,2368.16,6709.56,14.5073
8584.55,8932,62986.7,4261.32,4260,65556.3,9897.48,14533.7,14.5073
15419.9,15617,64709.1,8554.56,8561,65486.7,4550.88,11864.6,14.5073
13557,13792,64419.6,6456.2,6612,63991.8,3292.32,11296,14.5083
11080.5,11505,63118.2,3275.6,3365,63794.9,4049.28,10270.3,14.5093
19521.4,16969,75393.8,11482.8,10297,73083.4,2093.8,4766.58,14.5103
11788.4,12016,64294.7,5211.32,5200,65678.7,2246.56,7399.86,14.5113
13976.3,13718,66770,6836.2,6662,67249.7,2483.68,8119.8,14.5144
10525.4,10053,68615.9,8153.28,7605,70260.8,20528.4,22789.3,14.5144
10420.8,10200,66954.7,5511.52,5480,65913,4069.04,9011.34,14.5154
6713.85,6838,64346.1,3363,3394,64937.4,3105.36,6253.26,14.5164
12327.9,12236,66028.2,5953.84,5960,65468.3,3629,10220.3,14.5204
13292.5,13192,66035.3,5562.44,5576,65376.6,2662.28,7169.76,14.5255
10604.1,11052,62880,6008.56,6088,64680.8,4522,9437.22,14.5265
15501.8,15106,67253.4,7497.4,7334,66996.1,3180.6,10824.1,14.5316
14088.7,14135,65321.6,6190.2,6343,63957.3,10218.2,18310.5,14.5336
37242.4,24142,101098,32477.1,22382,95095.1,11984.4,23240.1,14.5357
20405.4,17340,77121.8,16365.8,14444,74255.9,7897.16,15078.2,14.5357
9876.1,9581,67554.5,4542.52,4601,64703,3510.44,5381.22,14.5377
23374,18577,82458.9,18984,15857,78459.9,14248.5,18571.8,14.5407
11220.9,11352,64779.4,6162.08,6220,64925.7,2792.24,8239.14,14.5427
13101.4,13253,64786.3,4845.76,4821,65872.6,3272.56,10058.9,14.5448
12084.8,12184,65002.4,5316.96,5272,66094.9,6194,11986.3,14.5458
5384.6,5810,60737.5,2323.32,2386,63814.4,9509.12,13288.9,14.5458
12767.9,12793,65407.7,5674.92,5805,64067.4,6263.16,12507.3,14.5478
14870.7,14064,69295.1,7463.2,7332,66708.7,7185.04,13774,14.5488
9204.65,9264,65116.1,3723.24,3696,66019,4103.24,10659.5,14.5509
13402.3,13307,66005.6,6596.8,6571,65793.3,4010.52,10520.6,14.5529
13508.9,13305,66540.6,6368.04,6173,67606.7,8176.08,16838.6,14.5529
5790.2,6072,62494.5,2699.52,2700,65524.4,4104,6620.64,14.5559
6222.45,6432,63400.9,2966.28,3012,64541.2,2655.44,5618.34,14.5569
15017.6,15232,64613.5,2986.04,3044,64288.1,9860.24,15742.7,14.558
26399.1,19625,88157.5,22556,17097,86461.5,2611.36,6541.08,14.558
13321.1,11841,73727.9,8575.08,7893,71199.3,3696.64,12397.3,14.559
15682.5,15617,65811.1,10713,10609,66178.2,6843.04,9517.56,14.561
6926.4,7119,63763,4138.96,4043,67091.5,5496.32,10939.5,14.562
23628.8,18515,83636.9,20735.8,16599,81869,5673.4,8777.34,14.563
11503,11600,64988.3,4306.16,4228,66747.5,3294.6,9981.66,14.564
13311.3,13597,64159.2,6016.16,6153,64078.5,3603.16,9201.66,14.565
5343.65,5604,62491.3,2823.4,2788,66368.1,4732.52,7778.16,14.565
6058,6497,61107.8,2603,2705,63064.8,7600,12498.7,14.5661
11297,11038,67073.8,7505.76,6954,70735.9,31351.5,38194.3,14.5671
7512.7,7672,64175.2,2652.4,2716,64001.4,9606.4,13706.2,14.5691
30533.7,24008,83349.7,20786.8,16956,80342.1,2285.32,3770.52,14.5701
18102.5,17323,68485,10947.8,10411,68915.1,11272.3,15966.6,14.5742
7850.05,8181,62884.8,4738.6,4821,64415.9,2921.44,8806.2,14.5762
8169.85,8226,65088.7,6435.68,6166,68402.3,12304.4,19828.4,14.5802
11815.7,12029,64373.9,5684.8,5737,64939.7,2570.32,7413.12,14.5823
37523.2,27363,89870.3,36892.7,27847,86824.4,14386,29996.5,14.5823
6169.15,6595,61304.2,1917.48,2003,62737.9,2823.4,6176.82,14.5853
12416.9,11340,71759.9,9002.2,8284,71217.8,11986,15772.4,14.5853
14153.1,14645,63334.8,6472.16,6517,65085.1,2296.72,8460.66,14.5873
9652.5,10101,62626.1,4408,4481,64468.4,2814.28,9411.48,14.5894
8753.55,9080,63179.8,4759.12,4828,64601,4968.12,12249.1,14.5894
13206,13012,66513.4,8631.32,8100,69834.8,7938.2,11375.5,14.5904
9689.55,9919,64020,4379.88,4325,66367.6,4950.64,12029.2,14.5924
19847.1,15789,82380.1,14943.1,12509,78288.6,2801.36,5872.62,14.5944
13315.2,13653,63914.8,6363.48,6469,64467,2972.36,8267.22,14.5955
9958,9105,71675.7,8149.48,7653,69787.6,10726.6,16309.8,14.5965
21729.5,14398,98907.1,28480.2,20826,89622.6,15371,35491.6,14.5995
13596.7,13928,63977.1,5487.96,5596,64270.7,2890.28,9821.76,14.6066
5526.3,5764,62833.4,3217.08,3172,66467.4,2541.44,7219.68,14.6076
9274.85,8736,69578.4,9180.04,8816,68242.2,11084.6,16010.3,14.6096
19511.7,15321,83461.8,19770.6,17033,76069.3,4190.64,9856.08,14.6127
19515.6,17699,72262.5,14652,13347,71944,6263.16,13883.2,14.6137
9884.55,10044,64495.6,4889.84,4924,65081.3,8310.6,16203.7,14.6147
49417.5,33856,95658.9,44307.2,28384,102301,23519,38166.2,14.6147
6443.45,6693,63092.5,3278.64,3313,64856.3,4475.64,9497.28,14.6157
14701,13952,69054.5,11279.9,10820,68321.7,7568.08,12245.2,14.6198
18233.8,16088,74277.1,9109.36,8108,73629.9,12656.3,22456.2,14.6208
12183.6,12163,65647,6016.16,6039,65288.1,5297.2,11870,14.6228
11509.5,11169,67534.2,4410.28,4309,67076.4,3698.92,9382.62,14.6228
20784.4,15511,87816.8,18522.7,14819,81915.5,9313.8,18076.5,14.633
19301.1,9937,127294,7894.88,4277,120972,4335.8,14051.7,14.633
5276.05,5162,66984,2869.76,2970,63324.1,2684.32,6084.78,14.634
21593,17116,82678.1,12732.3,11272,74026.2,5463.64,15071.2,14.635
14036.7,13758,66863.8,5952.32,5950,65561.6,2254.16,7128.42,14.636
12958.4,12348,68775.6,10118.6,9640,68790,13197.4,14362.9,14.6411
10895.9,10804,66093.8,4061.44,4020,66211.6,3129.68,10216.4,14.6431
11887.8,11996,64945.2,4672.48,4712,64986.3,6635.56,14697.5,14.6431
8739.25,8741,65522.9,4043.96,4005,66173.5,5886.96,10551.1,14.6451
14465.1,14609,64890.5,6059.48,6145,64623.9,4915.68,11037.8,14.6461
8705.45,8761,65120.5,3064.32,3069,65436.1,7140.2,12602.5,14.6461
13737.7,13764,65411,5351.92,5280,66428.7,4015.08,10350.6,14.6471
10678.8,10217,68498.5,8353.16,7677,71308.2,6525.36,11252.3,14.6502
12904.4,12879,65665.5,7024.68,7007,65701.4,2799.84,8579.22,14.6502
19749.6,19060,67907.1,12355.3,12292,65873.6,5848.96,11625.9,14.6522
7619.3,7957,62754.6,3767.32,3873,63747.8,5953.84,14150,14.6542
19401.8,18720,67923.1,14355.6,13712,68612.3,5039.56,10999.6,14.6553
8836.75,9160,63223.3,3882.84,3900,65247.6,10728.9,17996.2,14.6553
6123,6387,62827.1,2795.28,2887,63453.9,4175.44,7216.56,14.6573
12330.5,10964,73704.1,9064.52,8148,72907.8,17119,23659,14.6593
7021.3,6503,70759.3,6048.84,5635,70349,7138.68,13340.3,14.6593
11246.3,11113,66322.1,6344.48,6041,68828.3,3663.2,10175.9,14.6654
13637,13541,66000.6,5662,5697,65133.4,2970.84,9699.3,14.6694
13882.7,13749,66173.3,5810.2,5797,65685.2,2096.08,6936.54,14.6694
8778.9,8713,66031.7,7092.32,6845,67903.9,2574.12,8062.86,14.6705
8050.25,8144,64781.6,3748.32,3732,65822.6,6405.28,11382.5,14.6705
25543.7,18197,91994.9,25813.4,20577,82213.5,14994,33338.8,14.6715
7412.6,7548,64360.4,2957.92,2984,64963.2,6327,11276.5,14.6725
20562.1,16097,83714.8,15828.5,13857,74860.2,9661.88,17399.5,14.6725
14064,14273,64576.6,5146.72,5361,62916.5,4889.08,11632.9,14.6735
28210,23071,80133.9,21792.2,17887,79844.4,15169.6,30438.7,14.6735
12241.4,12061,66516.5,7973.16,7789,67085.5,12571.9,20971.9,14.6745
12742.6,12136,68811.7,6994.28,6888,66547.2,6108.88,12941,14.6776
13975,13764,66540.6,5854.28,5840,65696.3,3420.76,10083.8,14.6786
10191.3,10004,66763.3,4183.04,4080,67191.1,6374.12,12735.1,14.6796
13040.3,12762,66965.1,5398.28,5358,66028.7,7134.88,13874.6,14.6806
11011,10793,66859.7,4620.04,4553,66501,5248.56,12225.7,14.6816
21760,17169,83060.5,19410.4,16289,78094.4,2333.96,2547.48,14.6826
13193,13076,66122.6,6628.72,6740,64454,2642.52,7749.3,14.6846
23047.7,17440,86608.6,19925.7,16112,81048.2,5183.2,9010.56,14.6857
12840.8,12803,65729.2,4737.08,4819,64421.9,3941.36,7633.86,14.6857
11756.5,11804,65272.6,2884.2,2936,64379.7,7883.48,13864.5,14.6877
17312.1,16432,69046.1,12783.2,12660,66173.8,3958.08,6377.28,14.6877
20410,16937,78974.4,14447.6,12701,74548.3,2453.28,7930.26,14.6877
18197.4,17705,67358.6,11744.3,11597,66368.3,2569.56,7617.48,14.6897
20441.8,16234,82522.9,19345.8,15966,79409.1,2821.88,7944.3,14.6917
9659.65,9592,65998.2,3755.16,3656,67313.5,6641.64,11574.4,14.6968
10693.8,10689,65565.4,4820.68,4785,66024.7,6029.84,13610.2,14.6999
11532.3,11804,64027.5,3700.44,3852,62957.4,4509.08,8965.32,14.7009
10000.9,9988,65620.6,3875.24,3876,65523.2,5376.24,11088.5,14.7009
10600.8,10674,65086.9,5063.12,4978,66656.6,13136.6,17433,14.7019
7210.45,7476,63208.1,3056.72,3140,63797.8,6185.64,9947.34,14.7049
12623.6,12859,64336.5,5137.6,5339,63063.8,7307.4,14118,14.7049
12036.7,12238,64458,5432.48,5610,63462.2,7454.84,13930.8,14.7059
10925.2,10900,65687.5,4675.52,4660,65754.3,6848.36,14266.2,14.708
7374.9,7438,64980,3239.12,3246,65397.1,6700.92,10976.2,14.709
7879.3,8165,63242.8,3724,3729,65448.1,2913.08,8679.06,14.712
5905.9,6209,62336.8,3116.76,3153,64782.7,12224.6,16195.1,14.712
12600.3,12736,64837.5,6665.96,6692,65281,3153.24,9395.88,14.713
41154.1,29101,92679.8,32301.5,22697,93268.4,4651.96,7733.7,14.714
11381.5,11801,63206.3,5074.52,5245,63405.9,6571.72,12485.5,14.7161
26620.8,19684,88631.3,22854,17776,84257.3,23518.2,42405.5,14.7191
8543.6,8865,63160,4141.24,4277,63455.8,4495.4,10094.8,14.7201
14221.3,14200,65634.5,5605,5624,65314.6,5031.2,11735.9,14.7211
12773.8,12844,65177.8,6487.36,6412,66306.2,6821.76,12368.5,14.7221
5184.4,5432,62548.8,2565.76,2568,65478.8,3818.24,7440.42,14.7252
22085.7,18129,79839.4,14867.9,12453,78244.7,3825.84,8402.16,14.7272
9583.6,9672,64937,4075.88,3976,67182.3,6286.72,11108.8,14.7292
14349.4,14625,64301,6030.6,6017,65684.1,7081.68,14313.8,14.7313
18161,17187,69250,12709.5,12007,69370.2,5213.6,10431.7,14.7323
9925.5,10021,64911.4,4463.48,4449,65749.3,2923.72,9241.44,14.7363
12435.1,12332,66084.2,6054.16,5948,66705.7,5091.24,13572,14.7465
12971.4,12960,65593.6,5342.04,5380,65073.6,6900.8,13972.9,14.7465
8245.25,8369,64566.9,4123,3973,68010.3,7950.36,11810,14.7536
12500.1,12448,65810.5,7023.92,7076,65053.7,3853.96,9427.08,14.7566
9160.45,8788,68313.5,6912.2,6608,68553,9475.68,17649.8,14.7576
12052.3,12152,64998.3,4350.24,4476,63694.7,9240.84,14767.7,14.7617
11828,11513,67329.4,5609.56,5465,67269.6,2599.96,7219.68,14.7617
14314.9,13664,68658.1,5417.28,5204,68221.9,6995.04,14582.9,14.7627
13226.8,12607,68758.2,9736.36,9077,70296.6,2606.04,6755.58,14.7627
10166.6,9368,71123.1,7519.44,7244,68027.9,3021.76,8148.66,14.7657
11549.8,11473,65975,5800.32,5793,65618.8,3030.88,8106.54,14.7667
12754.9,12749,65566.6,3876.76,3949,64337.1,9490.88,13809.9,14.7667
33621.3,27516,80077.1,21802.9,18060,79118.1,9784.24,23731.5,14.7667
13464.7,13105,67335,6411.36,6273,66981.5,5332.92,12483.1,14.7708
10271.9,9684,69514.9,7071.8,6768,68477.8,13012.7,14092.3,14.7738
5882.5,5864,65742.8,2649.36,2728,63646.8,5411.2,9736.74,14.7749
16799.9,16545,66545.7,7248.88,7265,65390.6,2188.04,7687.68,14.7759
9035.65,9117,64951.2,1818.68,1869,63771.5,3243.68,7799.22,14.7769
11885.3,11618,67043.5,8554.56,8278,67725.5,2740.56,7466.94,14.7769
19933.5,16400,79656.4,18882.2,15680,78919.9,16039.8,26427.2,14.7809
7967.05,7849,66521.7,4206.6,4185,65874.3,15466.8,21616.9,14.783
8449.35,7852,70521.7,7606.84,6952,71709.1,6881.04,14669.5,14.786
12129.6,11984,66332.5,6253.28,6116,67007,4885.28,11694.5,14.788
10026.3,10161,64666.9,5522.92,5525,65511.3,2625.04,8991.84,14.788
10275.2,10248,65709.9,4658.04,4588,66536.5,3008.84,5389.8,14.788
12416.3,12380,65728.2,7198.72,7068,66748.1,6799.72,13351.3,14.789
13295.8,12926,67410.7,5801.08,5806,65480.5,3279.4,8395.14,14.789
12529.4,12180,67416,4716.56,4576,67549.1,15292.7,25413.2,14.7901
9753.25,9724,65733.1,4048.52,4136,64149.9,9711.28,15701.4,14.7911
7835.75,7760,66175.7,4974.2,4884,66746.3,2155.36,7174.44,14.7911
13622.7,13360,66824.6,5048.68,4948,66869.5,2416.04,6633.12,14.7921
7493.2,7724,63577.7,2717.76,2776,64161.1,2599.2,7970.82,14.7931
12123.1,11732,67721,9113.92,8724,68465.1,8704.28,13506.5,14.7961
22268.3,17684,82525.4,17803.8,15172,76904,14126.9,21712.9,14.7972
14579.5,14121,67663.9,9539.52,8809,70970.8,2492.8,5339.1,14.8022
6872.45,7173,62790,3217.08,3297,63947.4,7332.48,11881,14.8022
13487.5,13097,67490,6731.32,6557,67278.3,6357.4,14915.2,14.8042
12989.6,12938,65797.4,5913.56,5962,65003.5,2546,8515.26,14.8063
20614.8,19588,68971.2,12433.6,12196,66812.8,2900.16,6509.1,14.8113
10951.8,10809,66402.1,4912.64,4925,65371.5,9465.04,15953.3,14.8124
14284.4,13913,67285.5,4903.52,4873,65946.5,6220.6,14425.3,14.8124
20099.3,16137,81627.8,16223.7,13837,76840.2,9006.76,21170.8,14.8144
10221.9,9912,67585,4003.68,3928,66798.7,2938.16,6977.88,14.8144
9299.55,9077,67142.8,3724.76,3621,67413.9,3129.68,8647.86,14.8154
9191.65,9293,64821.3,3567.44,3613,64709.6,10332.2,12688.3,14.8164
10908.3,11048,64707.3,3733.88,3804,64328,3111.44,8324.94,14.8174
9219.6,9289,65046.4,4127.56,4249,63662.9,14961.4,19454.8,14.8195
16577.6,16019,67821.3,8119.08,7991,66586.4,2370.44,7347.6,14.8205
16673.1,15716,69527.3,9130.64,8708,68716.8,2894.08,5452.98,14.8225
6087.25,5981,66700.2,2636.44,2649,65225.3,4319.84,8147.88,14.8265
6121.05,6189,64816.5,3047.6,3065,65163.9,2214.64,6482.58,14.8316
7816.25,8000,64030.7,4038.64,4132,64055.3,12945.8,17041.4,14.8326
14803.1,14613,66388.5,6817.2,6881,64928.4,6755.64,11884.9,14.8336
15703.3,15737,65395.9,7471.56,7517,65139.8,9621.6,17043.8,14.8336
19933.5,16970,76980.9,19490.2,16062,79523.7,22873,32632.1,14.8347
7772.05,8140,62573.6,3106.12,3228,63061.6,2377.28,7575.36,14.8387
20267.6,14456,91883,20172.7,15404,85824.3,5019.04,14609.4,14.8407
26673.4,22860,76468.4,17295.3,14236,79619.7,18799.4,25891.3,14.8407
24256.7,22918,69364.1,13460.4,13106,67308,4290.2,5344.56,14.8407
29642.6,22725,85485.5,22042.3,17829,81023.2,4028.76,8395.14,14.8488
11282.7,11382,64964.2,5170.28,5222,64886.9,7223.04,12897.3,14.8488
12692.5,12870,64632.4,5261.48,5430,63502.1,2985.28,10279.6,14.8499
13628.5,13876,64367.3,5386.88,5568,63404.2,4566.84,10612.7,14.8509
28736.5,22808,82570.8,21994.4,18492,77948.6,3388.08,5233.8,14.8549
11284,10815,68378,6640.12,6235,69794.2,2321.04,5174.52,14.859
10153.6,9949,66884.1,4626.12,4669,64934.1,12110.6,18649.8,14.859
6564.35,6472,66471.1,2883.44,2940,64275.2,7339.32,10640.8,14.859
8613.15,8600,65636.2,3682.96,3784,63786.1,8480.84,14972.1,14.859
9993.75,10188,64286.5,4319.84,4440,63762.4,5706.84,11271.8,14.861
15683.8,15632,65753.4,7200.24,7344,64253.1,4603.32,10560.4,14.8651
13595.4,13876,64210.7,5318.48,5444,64025,7147.04,14742,14.8661
11520.6,11629,64925.1,4055.36,4045,65703.9,10273.7,18787.9,14.8671
14064,14146,65156.3,4370.76,4358,65727.9,4380.64,10296.8,14.8671
15233.4,15171,65805.5,6657.6,6728,64850.3,7790.76,16075,14.8722
8494.85,8620,64584.5,3788.6,3752,66175.3,3023.28,8475.48,14.8742
13234,12676,68420.9,11441,10688,70153.4,14004.5,17995.4,14.8742
11941.8,12279,63736.3,5121.64,5203,64511.2,4693.76,12632.9,14.8742
9515.35,9677,64441.3,4181.52,4201,65232.1,3717.16,10960.6,14.8742
15373.8,15120,66636.1,9458.96,9540,64979.3,4059.92,8780.46,14.8752
5509.4,5949,60693.2,2992.88,3065,63993.9,2920.68,8022.3,14.8752
13345.1,12981,67374.5,5864.16,5809,66158.3,3595.56,9137.7,14.8762
12922,11990,70630.2,10060.1,9266,71152.6,16545.2,17116.3,14.8762
17285.4,16723,67740.2,11173.5,10675,68596.5,3043.8,6496.62,14.8772
4908.8,5560,57860.3,3356.16,3420,64312.7,7150.84,12015.1,14.8803
13144.9,13412,64231.1,5867.96,5840,65849.8,12481.5,18322.2,14.8813
13702.6,14185,63307.5,6172.72,6169,65575.5,2840.12,9195.42,14.8823
8585.85,9013,62430.1,4202.04,4241,64934,2970.84,8310.12,14.8823
5554.25,6032,60345.4,2727.64,2756,64861.6,2710.16,6544.98,14.8823
6605.3,7128,60730.2,2444.16,2508,63867.8,7904.76,14844.2,14.8843
6517.55,6712,63637.4,3822.04,3752,66759.4,23391.3,19423.6,14.8853
5248.1,5641,60971.4,3027.08,3069,64640.8,2266.32,6567.6,14.8874
12923.9,13447,62986.8,4297.8,4407,63912.1,5008.4,12441,14.8874
6617,5983,72480.6,2924.48,2891,66295,4838.16,9268.74,14.8914
12285.6,12097,66558,4805.48,4849,64947.8,2811.24,8593.26,14.8934
12608,12524,65975.8,7875.12,7868,65595.3,5582.2,13257.7,14.8955
19155.5,18765,66899.8,7060.4,7213,64149.5,4951.4,14456.5,14.8965
6145.75,6120,65811.8,2696.48,2796,63203.3,4218,6867.12,14.8975
12664.6,11914,69664.9,2905.48,2750,69241.3,6772.36,11566.6,14.8975
12737.4,12480,66887.7,4012.8,3984,66009.8,4475.64,10757,14.8975
5859.75,5858,65555.6,2475.32,2450,66213.3,11172.8,13372.3,14.8975
10164.7,10164,65540.5,4878.44,4948,64614.7,5035.76,11287.4,14.8985
18330,17596,68269.8,8046.88,8076,65299.7,9826.04,16230.2,14.8995
12874.5,11173,75516.6,7973.16,7285,71726.7,8671.6,17557.8,14.9005
12626.3,12428,66581.4,6418.2,6248,67321.2,5455.28,14260.7,14.9016
7677.8,7509,67009.2,3152.48,3169,65194.4,2592.36,6338.28,14.9046
11404.3,11217,66630,3291.56,3301,65348.6,6491.16,14316.1,14.9046
15328.9,14768,68025.3,11247.2,10448,70549.3,7248.88,12583,14.9056
14535.3,13860,68729.1,5443.12,5296,67356.6,2126.48,8246.94,14.9066
15171.6,15416,64497.2,6792.88,6888,64631,2568.04,10224.2,14.9097
16636.8,16157,67482,8285.52,8365,64913.3,3613.04,12909,14.9107
11777.3,11888,64926,6963.88,6752,67592.5,8819.04,14642.9,14.9117
28074.1,21205,86765.7,25056.4,20033,81969.7,2119.64,1320.54,14.9127
18608.2,18696,65228.2,9009.8,9068,65115.4,4532.64,8661.12,14.9137
5364.45,5745,61194.9,2539.16,2645,62913.6,5131.52,9594,14.9157
17373.2,15321,74314.3,10096.6,8985,73643.9,5847.44,17867.5,14.9157
17233.4,17093,66074.5,9584.36,9621,65286.4,5913.56,11441,14.9157
23659.3,17509,88556.7,21209.3,16357,84977.3,35912.3,43914.8,14.9168
25396.1,20024,83118.4,18585.8,16412,74216.4,24567,34835.6,14.9228
12561.3,12276,67058.8,6442.52,6432,65643.2,7255.72,14660.9,14.9239
16979.9,16174,68801.7,7193.4,7226,65240.3,7450.28,16325.4,14.9249
14561.3,13920,68555.3,8368.36,8336,65790.4,2984.52,11042.5,14.9259
6678.1,6740,64934.1,2799.08,2784,65891,2634.92,6816.42,14.9299
12775.8,12926,64774.2,5728.88,5838,64311,2699.52,9877.92,14.9309
4893.85,5165,62095.5,2762.6,2857,63370.6,7177.44,10992.5,14.932
11747.4,11749,65527.4,5307.08,5393,64491.9,3191.24,7905.3,14.934
10663.3,10832,64515,5011.44,5172,63501.5,2524.72,8285.16,14.935
7509.45,7720,63748.6,3565.16,3656,63907.6,5227.28,9960.6,14.937
10082.1,9980,66206.8,5741.8,5528,68070.7,2280,6912.36,14.9401
6554.6,6839,62810.7,3664.72,3735,64302.8,3373.64,8256.3,14.9411
5826.6,6052,63095.2,3182.12,3280,63580.3,6754.88,12455,14.9421
9987.9,10113,64725.3,4582.8,4657,64491.8,7346.92,13416.8,14.9431
15451.8,15072,67187.4,8720.24,8372,68262,2145.48,4179.24,14.9441
14886.3,14844,65722.8,6209.2,6268,64921.2,3438.24,9438,14.9441
17028,16421,67958.7,13227.8,12677,68383.5,13816,17741.9,14.9451
13188.5,13368,64656,7754.28,7640,66516.3,5738,12573.6,14.9461
7608.25,8120,61405.7,3023.28,3176,62384.7,8707.32,12742.9,14.9472
7111.65,7588,61421.9,3459.52,3552,63829.7,4256,10971.5,14.9482
13344.5,13540,64589.7,5792.72,5892,64431.7,2134.08,7645.56,14.9502
8640.45,8864,63883.2,4097.16,4132,64983.4,4951.4,11207,14.9502
7057.7,7005,66029,2763.36,2841,63745,2677.48,5997.42,14.9512
13407.5,13515,65015,6183.36,6255,64785.4,7387.96,14635.9,14.9532
9833.2,8756,73598.5,8483.88,7860,70737.9,6408.32,11646.2,14.9532
7976.15,8309,62910.7,4096.4,4097,65526.4,13993.9,19602.2,14.9532
5175.95,5520,61451.3,3426.84,3472,64683.6,10204.5,11402.8,14.9543
16274,16571,64361.6,7661.56,7775,64579.8,8217.88,14092.3,14.9543
15622.7,14884,68788.8,9994.76,9428,69475.7,17264.2,16306.7,14.9543
7330.05,7797,61611.2,3230,3301,64126.4,3116.76,6900.66,14.9553
13065.6,12600,67958,5191.56,5228,65079.2,7315.76,14279.5,14.9583
8378.5,8183,67101.7,4068.28,4055,65750.6,7815.08,13110.2,14.9593
10628.8,10984,63416.7,4276.52,4280,65482.7,3316.64,9249.24,14.9614
15465.4,9797,103455,7268.64,3985,119538,14146.6,23320.4,14.9614
5635.5,6004,61513.7,2919.16,2964,64544.6,2867.48,5535.66,14.9664
7447.7,7624,64020.5,3096.24,3032,66924.5,4595.72,10480.9,14.9705
6575.4,6886,62579.9,3632.8,3718,64034.2,12641.8,19734,14.9705
6169.15,6275,64430.5,3209.48,3191,65915.5,3470.92,8466.9,14.9715
6537.05,6876,62305.4,3564.4,3580,65250.4,2190.32,5545.02,14.9735
13454.3,13288,66356.4,6137,5992,67121.9,5547.24,12346.6,14.9786
5150.6,5410,62393.7,2465.44,2466,65521.1,3556.8,8636.16,14.9786
10030.1,9566,68715.9,8344.04,7790,70197.1,6002.48,11227.3,14.9806
12955.8,13273,63969.8,5449.2,5565,64172.3,2446.44,8022.3,14.9816
17594.2,17545,65719.8,9047.04,9101,65147.4,4262.84,10149.4,14.9816
11510.2,11688,64539.1,5785.88,5884,64443.1,3501.32,9617.4,14.9826
11211.8,10684,68773.8,8173.04,7548,70963,29840.6,34505.6,14.9837
15539.5,15469,65834.9,5814,5641,67545.9,2942.72,10453.6,14.9877
4720.95,5210,59384.3,2620.48,2666,64417,6182.6,10952,14.9887
13446.5,13459,65475.4,5893.04,5795,66644.7,7038.36,15284.9,14.9897
14610,14692,65170.5,8303,7984,68154.5,3562.12,6714.24,14.9897
12184.9,12181,65557,7037.6,6805,67776.1,2280.76,7846.02,14.9938
8063.25,7647,69103.3,6895.48,6379,70842.2,14250.8,19468.8,14.9938
12996.8,13161,64718.1,5717.48,5689,65864.1,3180.6,9618.96,14.9948
6969.95,7361,62054.4,4986.36,4849,67392.5,4921.76,11878.6,14.9948
15592.8,15650,65296.7,4553.92,4450,67066.4,2594.64,8153.34,14.9958
19547.4,17139,74745.4,15961.5,13939,75045.1,4149.6,11662.6,14.9968
11779.9,12092,63844.8,4486.28,4424,66458.6,13809.2,18968,14.9978
7724.6,7876,64276.2,4705.92,4468,69025.8,13819.8,20086.6,14.9989
12164.8,11405,69901.7,7706.4,6973,72428.9,3726.28,12947.2,14.9989
15959.4,14329,72993.1,11643.2,10153,75155,33140.6,26619.8,14.9989
13995.1,13854,66203.7,7980,7738,67585.6,3055.96,9161.88,15.0009
13930.8,13762,66339.8,5841.36,5794,66071.7,2872.8,9399.78,15.0059
12182.3,11600,68825.8,9676.32,9232,68690.1,8486.92,15922.9,15.008
7677.8,7848,64114.7,3181.36,3128,66654,4309.96,9430.2,15.01
12373.4,12501,64867.1,5681,5697,65351.9,5048.68,9850.62,15.011
9586.85,9665,65006.1,3833.44,3765,66727.3,11136.3,16078.1,15.0141
7859.8,8005,64347.3,1622.6,1665,63867.1,3353.88,7756.32,15.0141
10128.3,10141,65453.9,5592.84,5481,66873.3,6036.68,10638.4,15.0141
5112.9,5263,63666.9,2282.28,2261,66152.8,7069.52,11076.8,15.0151
8604.05,7732,72927.4,7478.4,6960,70417.3,7232.16,18103.8,15.0151
11214.4,11473,64059.1,4421.68,4561,63534.1,4584.32,10740.6,15.0151
8731.45,8529,67091.6,4950.64,4757,68203.7,16495.8,24505.3,15.0161
14488.5,14561,65209.7,6805.04,6833,65267.8,11377.2,18367.4,15.0191
12422.8,12324,66061.4,5052.48,4912,67410.3,16810.4,18507.8,15.0212
12907,12947,65333.8,6908.4,6931,65322.3,4116.92,7837.44,15.0212
8162.7,8348,64081.3,3306.76,3308,65511.4,2095.32,6646.38,15.0222
11915.8,12040,64860,5887.72,5820,66298.6,5401.32,14036.9,15.0262
13254.1,12424,69915,8562.92,7868,71324.3,10988.8,19205.2,15.0272
12654.8,12613,65753.4,4928.6,4977,64898.7,4947.6,11781.9,15.0282
14647.7,14723,65201,7100.68,7235,64319.3,2769.44,8453.64,15.0313
15782,15698,65886.7,5664.28,5714,64965.7,4841.2,10917.7,15.0323
9581.65,9468,66322.7,5708.36,5544,67478.9,15419.6,23599.7,15.0333
12992.2,13033,65330.8,5893.04,5929,65138.5,2389.44,9101.04,15.0343
11926.8,12040,64920.1,4119.2,4056,66557.2,5701.52,10873.2,15.0353
17041,16806,66452.6,6541.32,6514,65810.9,3074.2,10114.3,15.0364
9286.55,9249,65802.1,5937.12,5729,67916.8,4559.24,9909.12,15.0384
11050.6,10505,68940.1,9334.32,8877,68912.3,5171.04,11174.3,15.0404
11990.5,11596,67765.8,6815.68,6472,69016.1,5426.4,10269.5,15.0404
15069.6,15044,65647.5,5244,5280,65089.2,2184.24,7569.12,15.0414
4881.5,5016,63778.7,2413,2460,64283.9,5213.6,9484.02,15.0424
11872.3,11852,65648,6218.32,6024,67650,7305.12,12267.8,15.0445
13970.4,12901,70968.7,12369,11749,68994.4,20467.6,25820.3,15.0455
9119.5,9128,65475,4416.36,4376,66140.4,8428.4,13614.9,15.0465
13291.2,13272,65630.8,7562.76,7496,66119.7,2142.44,7002.06,15.0475
14498.9,14103,67375.7,7375.8,7287,66334.6,3399.48,9441.9,15.0505
13608.4,13676,65212.1,4659.56,4680,65249.8,5187,10852.9,15.0526
9982.7,9900,66083.5,4163.28,4088,66742.8,3387.32,9348.3,15.0536
5055.05,5120,64704.6,2710.92,2628,67603.8,5377.76,10418.5,15.0536
14198.6,13753,67659.4,6454.68,6361,66501.2,7856.12,12978.4,15.0566
8337.55,8405,65010.1,4409.52,4421,65365.8,3356.16,8675.16,15.0576
11805.3,11704,66103.2,6548.92,6568,65345.6,3325.76,9406.02,15.0597
8677.5,8686,65471.9,3669.28,3694,65097.4,2830.24,8149.44,15.0597
12936.9,12889,65779.8,6216.8,6377,63889.6,4451.32,13376.2,15.0597
8202.35,8077,66553.1,6106.6,5929,67499.1,11634.1,20248,15.0607
10509.2,10448,65919.9,4597.24,4544,66303.9,2388.68,6915.48,15.0607
15693.6,15392,66820.1,7128.8,7136,65469.9,2441.12,6925.62,15.0607
11188.4,10648,68862.3,4872.36,4828,66138.1,10062.4,16291.9,15.0637
7597.2,7512,66279.3,5646.8,5580,66320.6,20384,24293.9,15.0658
9382.1,9256,66428.8,4371.52,4380,65409.1,3067.36,7794.54,15.0658
5297.5,5360,64771.8,2640.24,2724,63520.8,9093.4,12082.2,15.0658
9011.6,8888,66447.4,4078.16,4040,66155,7425.2,13160.9,15.0658
10127,10133,65497.2,5179.4,5205,65213.7,2499.64,6540.3,15.0668
14769.9,14470,66894.5,7353,7414,64996.8,9908.12,16533.7,15.0718
12240.8,11893,67452.5,6070.12,6085,65375.7,3005.8,9670.44,15.0718
10390.3,10136,67179.9,5025.12,5032,65446.4,8245.24,16161.6,15.0739
12829.7,12600,66730.7,6148.4,6264,64326.6,3200.36,10869.3,15.0739
25148.5,19909,82783.3,16709.4,14277,76701.3,18660.3,24286.1,15.0799
11265.1,11048,66824.1,4727.2,4876,63536,2301.28,5388.24,15.083
18806.4,15649,78759,16112.8,14305,73818,33942.4,40415.7,15.087
10281.7,10152,66373.3,7286.88,7336,65097.2,4009.76,10274.9,15.087
9917.05,9836,66076,2868.24,2908,64640,3241.4,8686.86,15.0911
5850.65,5760,66567.4,2657.72,2708,64319.2,2326.36,5864.04,15.0921
16164.2,15643,67719.6,9532.68,9211,67824.8,4133.64,13268.6,15.0941
8131.5,7914,67337.1,3225.44,3294,64172,5271.36,10515.2,15.0962
12528.1,12244,67056.6,5537.36,5572,65128.6,3929.2,10645.4,15.0962
13684.4,13401,66922.2,6216.04,6189,65822.3,3853.96,9004.32,15.0972
27447.5,22393,80328.8,26058.1,23085,73976.4,14490.9,23231.5,15.0982
10078.9,10471,63081.9,5719,5767,64990.5,8049.16,16363.6,15.1022
11194.9,11253,65197.9,4939.24,4933,65618.9,2224.52,8005.92,15.1033
5802.55,5959,63815.4,3233.04,3171,66818.2,9004.48,14196.8,15.1053
12618.4,12345,66987.7,5074.52,4861,68414.7,2903.96,9419.28,15.1063
8622.9,8806,64173.3,4640.56,4626,65742.3,4203.56,11059.6,15.1073
14790.1,14420,67218,6482.04,6352,66877.7,3274.08,10492.6,15.1083
10436.4,10298,66416.8,4035.6,4042,65432.2,2185,7592.52,15.1103
6574.75,6685,64455.2,2735.24,2781,64457.6,10572.4,14926.9,15.1114
9876.75,9600,67425.3,6034.4,5924,66757.3,12350.8,18693.5,15.1154
13161.2,12825,67254,5881.64,5721,67376.2,2492.04,7624.5,15.1174
16511.3,15856,68244.5,9315.32,9028,67621.7,4565.32,9478.56,15.1174
14270.1,14260,65582.4,6167.4,6132,65914.3,6217.56,12867.7,15.1185
12403.9,11837,68674.9,7109.8,6537,71278.5,15996.5,25535.6,15.1195
19719.7,18757,68899.6,12375.1,11713,69240.4,4569.88,11654,15.1205
11857.9,11252,69065.3,7470.04,6852,71447.3,15434.1,20540.5,15.1205
14372.1,14201,66325.8,5883.92,5901,65346.3,2099.88,7748.52,15.1205
6212.7,6224,65417,2811.24,2816,65425.2,2853.8,6374.94,15.1225
9928.1,9841,66116,4322.88,4305,65808.2,2744.36,8087.82,15.1256
17058.6,15641,71475.8,13642,12585,71040.3,6010.84,12235.9,15.1256
18990.4,15069,82590.4,13607,11293,78964.9,7739.08,18855.7,15.1256
7534.15,7665,64417.2,3588.72,3633,64737.2,13810,17768.4,15.1286
10801.7,10796,65570.6,5605.76,5708,64362.1,12034.6,20151.3,15.1357
7588.1,7611,65338.8,3233.8,3227,65674.1,6822.52,11514.4,15.1367
10975.9,10876,66138,5703.04,5820,64219,3273.32,10410.7,15.1367
13221,13029,66501.8,4686.16,4657,65946.4,8495.28,15795.8,15.1377
15718.9,15197,67786.9,9303.16,8777,69464.7,9520.52,17338.6,15.1377
27775.1,19853,91687.5,23374.6,17373,88175.6,9510.64,19857.2,15.1387
12626.3,12600,65672.5,5557.88,5548,65652.7,2510.28,7650.24,15.1397
16155.1,15989,66216.8,6069.36,6101,65196.1,3220.12,6459.18,15.1408
20332,17241,77285.4,14899.8,13261,73635,25354.4,29767.9,15.1458
12627.5,12517,66114.8,5298.72,5365,64726.4,7340.84,13849.7,15.1468
14950.6,14921,65666.2,6843.8,6909,64917.5,3325.76,11005,15.1479
14535.3,14512,65641.2,7624.32,7636,65435.8,12392.6,20312,15.1489
7824.05,7617,67317.4,3111.44,3121,65335.3,2980.72,9077.64,15.1539
11199.5,11274,65102.9,5487.2,5546,64841.2,3768.84,10941.8,15.157
15831.4,15529,66812.2,9260.6,9069,66920.6,10747.9,16253.6,15.157
11802,11486,67339.3,7039.12,6698,68873.7,5337.48,12860.6,15.157
11666.2,11787,64864.3,4924.04,5071,63636.7,11295.9,16789.5,15.161
34522.1,27113,83445,30355.9,26029,76430.4,5624.76,16130.4,15.162
7757.75,8209,61933.5,3458,3605,62863.7,3293.08,9121.32,15.1631
6479.85,6776,62671.7,2902.44,2940,64698.7,3227.72,11501.9,15.1661
14870,15193,64142.9,7166.04,7277,64536.7,6837.72,14127.4,15.1671
22720.1,19453,76542.7,22606.2,20125,73615.9,25365.8,35468.9,15.1691
14344.8,14146,66457.2,6887.88,6710,67273.3,4168.6,11412.2,15.1691
7037.55,7137,64622.8,4008.24,3941,66654.2,18413.3,19981.3,15.1701
19706,15854,81459.3,23436.9,18974,80950.7,12719.4,20014.8,15.1712
8873.8,9440,61605.2,2930.56,2980,64448.7,3967.96,9874.02,15.1712
9052.55,9521,62311.5,5692.4,5637,66180.1,3009.6,9010.56,15.1742
15427.7,12741,79355.9,15281.3,13781,72670.8,5886.2,15711.5,15.1783
34820.5,26316,86715.2,31891.1,24328,85909.9,8214.08,21467.9,15.1793
11700.6,11913,64367.8,7795.32,7561,67567,4798.64,11636.8,15.1854
5790.2,6049,62732.1,5110.24,5073,66017.1,3581.88,9431.76,15.1864
9157.85,9504,63149.1,6338.4,6080,68321.3,2895.6,9622.86,15.1864
11502.4,11909,63298.4,5350.4,5313,65997.3,16405.4,18269.9,15.1884
14738.1,15150,63754.2,6087.6,6202,64327.2,10101.2,18665.4,15.1884
10765.3,10838,65096.4,5319.24,5218,66807.5,2260.24,8784.36,15.1884
20720,20745,65457.2,10868.8,10777,66094,3955.8,7501.26,15.1884
4737.85,5445,57024.7,2821.12,2929,63122.2,10467.5,13539.2,15.1894
9939.15,10554,61718,8104.64,8270,64225.6,19795.7,30453.5,15.1904
7122.7,7768,60091.8,3504.36,3640,63093.9,5172.56,8569.08,15.1904
10348,10952,61921.7,6565.64,6648,64724.1,3180.6,9932.52,15.1914
8642.4,9085,62343.2,3207.2,3197,65745.1,5307.08,9162.66,15.1935
23736,19261,80762.5,30710.8,26733,75287.7,30715.4,40223.8,15.1935
13984.1,14441,63462.5,5601.2,5737,63984.7,8833.48,16309,15.1945
8552.7,9105,61560.6,3135,3269,62849.6,3206.44,9625.2,15.1945
19441.5,19144,66554.4,10500.9,10680,64437.1,2308.12,2686.32,15.1975
14968.8,15120,64880.9,5681,5648,65918.9,6888.64,15040.7,15.1985
5710.9,6260,59787.5,3012.64,3088,63936.6,2288.36,5565.3,15.1995
5810.35,6277,60663.9,2669.12,2709,64571.2,3922.36,8295.3,15.2006
18199.3,16584,71919.5,11507.2,10472,72014.3,8101.6,14996.3,15.2006
15148.2,14681,67621.8,10654.4,10425,66978.4,3616.08,8332.74,15.2016
17534.4,17222,66724.8,8312.88,8182,66584.3,3570.48,8433.36,15.2026
19312.1,19071,66364.7,9719.64,9743,65378.9,4585.08,9625.98,15.2046
10231.6,10620,63139.5,3923.12,4040,63640,3608.48,8657.22,15.2046
17903.6,17437,67289.7,12261.8,11901,67523.1,13139.6,20315.1,15.2077
8858.85,8993,64558.4,5722.8,5537,67735.1,14632.3,29889.6,15.2087
6866.6,7400,60812.1,3829.64,4008,62619.6,2245.8,6222.06,15.2137
5848.7,6390,59984.4,3483.08,3606,63302,4087.28,8590.14,15.2147
11874.2,12281,63365.2,5036.52,5181,63708.4,7229.12,14402.7,15.2147
13162.5,13508,63859.8,5228.04,5312,64500.2,3402.52,9757.02,15.2178
24455.6,20138,79587,18332.7,15998,75100.2,15726.7,26840.6,15.2188
7301.45,7832,61096.5,3309.04,3448,62894.8,14035.7,18184.1,15.2188
14088.1,12984,71108.9,13600.2,11900,74899.4,12731.5,30487.9,15.2198
10512.4,10924,63067,4751.52,4812,64712.3,5486.44,10878.7,15.2198
7090.85,7438,62477.3,3650.28,3646,65612.9,16890.2,22312.7,15.2229
7846.15,8425,61033.3,3936.8,4073,63344.5,7954.16,13458.9,15.2239
9740.25,10032,63630.1,4924.04,5044,63977.4,8747.6,15325.4,15.2239
11813.8,11984,64605,4884.52,4964,64486.7,3911.72,9582.3,15.2249
10946.6,11273,63638.8,5673.4,5741,64764.3,3103.08,9599.46,15.2259
8911.5,9103,64157.3,4174.68,4219,64847.6,4877.68,10689.9,15.2279
11863.8,11992,64835.4,5198.4,5388,63229.8,12235.2,16025.9,15.2289
5900.05,6239,61975.6,2524.72,2523,65580.7,5972.08,11223.4,15.231
17810,17322,67382.3,13525,13374,66275.7,14156.5,11270.2,15.232
5770.05,6116,61829,3141.08,3232,63692.4,5687.84,9941.88,15.2381
10201.8,10545,63402.7,5334.44,5445,64205.3,4492.36,10500.4,15.2391
14694.5,14301,67339.5,7576.44,7453,66621.4,5689.36,12160.2,15.2431
13068.3,12930,66236.7,9347.24,9062,67598.8,7631.16,12998.7,15.2441
7665.45,7872,63816.4,3348.56,3380,64926.4,8611.56,14295.8,15.2452
13570,13113,67820.2,8591.8,8425,66833.5,2343.84,6123,15.2472
7657,7718,65018,3994.56,4134,63325.5,2570.32,6863.22,15.2482
5736.9,5948,63210.1,2989.84,3084,63535.1,3615.32,8338.2,15.2492
10749.7,10656,66112.3,4300.84,4368,64528.4,2803.64,8348.34,15.2512
12593.8,12385,66640.6,5360.28,5269,66671.3,5516.84,10657.9,15.2512
7288.45,7521,63509.6,3319.68,3409,63818.9,4727.96,9511.32,15.2522
15773.5,15901,65010.7,5702.28,5917,63157.8,5589.8,11889.5,15.2533
10892.7,10864,65709.1,5641.48,5424,68163.7,3664.72,10663.4,15.2543
9798.1,9683,66315,7511.08,7351,66963.2,5406.64,10622,15.2553
26137.1,21208,80767.8,22835.7,19916,75143.7,7093.08,12478.4,15.2553
13113.1,13417,64051.6,4105.52,4217,63803.5,3225.44,9539.4,15.2563
10389.6,10640,63993.7,4889.08,4944,64808,2989.84,8349.9,15.2563
14331.8,14443,65031.6,5610.32,5723,64245.7,5509.24,13038.5,15.2573
7345.65,7599,63351,2869,2895,64947.4,4377.6,9066.72,15.2593
9428.25,9732,63490.5,4365.44,4416,64785.7,6468.36,12032.3,15.2614
10405.8,10457,65215.4,7240.52,6989,67894.5,3542.36,9480.9,15.2624
13063,13486,63480.6,3362.24,3518,62634.4,7270.16,14057.9,15.2624
15210.6,15336,65000.3,5442.36,5528,64520.7,9291,15741.2,15.2685
6840.6,7157,62638.8,3100.04,3185,63787.8,5546.48,10120.5,15.2705
43574.7,33060,86379.7,33598.1,25776,85423.8,38734.9,60705.8,15.2705
10659.3,10959,63744.1,5597.4,5675,64639.9,2535.36,7108.92,15.2725
10466.9,10290,66663,6090.64,5942,67175.4,4461.96,11693.8,15.2735
11746.1,11853,64945.2,4332,4493,63187.6,2390.2,7417.02,15.2776
35166.9,27577,83573.3,35474.5,29225,79550.3,4331.24,7473.96,15.2786
14508.6,14180,67054.9,5738.76,5764,65249,4034.08,10653.2,15.2806
9563.45,9765,64183.3,2598.44,2737,62218.3,3280.16,8342.1,15.2816
15028.6,14797,66562,8588.76,8445,66651.6,3844.84,13222.6,15.2827
18105.8,16868,70344.9,14392.1,13344,70683.6,9063,12657.8,15.2837
9166.95,9008,66692.4,3923.88,3860,66620.6,5091.24,9259.38,15.2867
5047.25,5104,64807.3,2229.08,2244,65100.3,4781.92,8689.2,15.2877
4995.25,5093,64278.2,1924.32,2017,62524.7,8205.72,12615.7,15.2918
9185.8,9092,66212.1,4345.68,4416,64492.4,4989.4,11060.4,15.2918
12239.5,12204,65726.6,5249.32,5336,64471.4,2426.68,5064.54,15.2928
24237.2,19680,80711.9,23445.2,19664,78138.1,1969.16,256.62,15.2948
11679.8,11693,65462.3,4924.8,5021,64280.4,5196.88,11987.8,15.2958
17147,14761,76129.4,13753,12297,73295.4,19212,27408.4,15.2979
7530.25,7529,65546.9,3512.72,3513,65530.8,13462.6,15564.9,15.2999
13338.6,13077,66847.3,6147.64,6181,65182.3,10495.6,18836.2,15.3019
12693.8,12453,66803.5,5000.04,4997,65575.9,8113.76,14561,15.3029
9824.1,9772,65885.4,4117.68,4088,66011.8,3730.08,9701.64,15.305
12180.3,12076,66102.3,5452.24,5532,64591.1,6013.12,13248.3,15.31
12645.8,12629,65622.9,5291.12,5381,64441.3,2308.88,7250.88,15.312
17755.4,17525,66397.6,12651,12385,66943.4,12585.6,14462.8,15.3151
8655.4,8797,64481.1,3811.4,3885,64294.4,17239.1,18518.8,15.3161
5677.1,5769,64492,2599.2,2601,65490.6,2808.96,6556.68,15.3181
15579.8,15284,66804.6,7239,7284,65131.1,8404.08,16046.9,15.3222
10296.6,9821,68710,7102.96,7065,65888.1,8610.04,14914.4,15.3242
10379.2,9852,69043,5214.36,5196,65767.6,2104.44,6854.64,15.3252
12788.1,12428,67434.9,5101.12,5292,63172.2,7492.08,17338.6,15.3252
12352.6,11859,68263.8,6583.88,6531,66066.6,2864.44,8375.64,15.3273
15700.1,13888,74087.1,13705.1,12496,71877.1,5319.24,10789,15.3283
8357.7,8389,65291.5,2601.48,2629,64850,2447.2,5623.02,15.3303
10008,9765,67167.2,3990,3973,65816.4,3393.4,8890.44,15.3343
10613.8,10564,65845.3,7063.44,6884,67244.3,7571.12,13756.1,15.3364
10190.7,9734,68610.8,8503.64,8098,68818.8,4169.36,11870,15.3374
6641.7,6556,66392.7,2997.44,3036,64703.6,9980.32,14478.4,15.3394
6001.45,6114,64329.6,3151.72,3106,66500.7,7812.04,9759.36,15.3414
13187.8,13014,66411.5,5625.52,5638,65390.9,9236.28,17504.8,15.3455
6910.15,7101,63774.6,3103.08,3097,65664.7,14736.4,15461.2,15.3455
9179.95,9285,64794.5,1893.16,1973,62884,3065.08,8012.94,15.3455
10416.9,10708,63754.4,3439.76,3476,64852.7,5348.88,12226.5,15.3526
15630.5,14241,71930.6,8837.28,8193,70689.6,5661.24,16249.7,15.3526
19490.3,18896,67597,8993.84,8528,69115.9,7714,13347.4,15.3526
19130.1,12849,97572.8,6762.48,3925,112914,8877.56,10744.5,15.3566
25208.9,19874,83128.4,23913.4,20358,76981.5,3547.68,7802.34,15.3587
15011.1,14376,68431.2,9790.32,9436,67996.9,3641.16,7438.08,15.3597
7009.6,7392,62145.7,3231.52,3300,64176,2216.16,7108.92,15.3627
8451.95,7970,69499,6658.36,6310,69154.1,9698.36,16181.9,15.3627
8194.55,8249,65103.4,1881.76,1901,64872.7,4319.84,8771.88,15.3658
9775.35,9866,64933.8,3741.48,3646,67252.2,7156.92,11999.5,15.3658
16665.3,16174,67526.9,7452.56,7194,67891.4,6507.88,13791.2,15.3718
10752.9,10809,65196.2,5677.2,5689,65400.1,2802.88,8711.04,15.3759
5461.95,5544,64566.1,2519.4,2524,65416.6,14574.5,13844.2,15.3789
9809.8,9652,66607.4,3751.36,3696,66517.6,3509.68,9602.58,15.3789
6327.1,6217,66696.6,3125.88,3053,67100.4,10094.3,13168,15.38
14520.3,13860,68658.4,5639.2,5444,67885.9,19352.6,25126.9,15.381
11586.9,11616,65371.8,4104,4128,65155,4848.8,10777.3,15.383
15724.1,15572,66176.3,6965.4,6996,65249.3,2385.64,8246.94,15.385
6901.7,6888,65666.4,3273.32,3324,64536.8,6085.32,11772.5,15.385
15837.2,15219,68198.3,8685.28,8407,67705.3,5690.88,9135.36,15.3891
7894.9,7969,64926.6,4870.84,4741,67330.8,5218.92,10655.6,15.3901
7315.1,7460,64263.1,3245.2,3316,64136.7,3171.48,8411.52,15.3952
12595,12532,65865.7,6323.96,6176,67106.1,2135.6,6307.08,15.3962
10594.3,10592,65550.5,5389.16,5024,70299.4,11083.8,20324.5,15.3962
6265.35,6385,64307.9,3363.76,3269,67435.7,2175.12,6481.02,15.4033
12203.1,11372,70325.6,9092.64,8120,73386.1,8568.24,17619.4,15.4094
11793.6,11565,66831.4,4166.32,4057,67301.9,4420.16,9636.12,15.4104
7577.05,7572,65579.7,2900.92,2816,67512.3,4332,9120.54,15.4114
10680.1,10512,66584.3,7665.36,7332,68515.7,3199.6,6555.9,15.4114
15274.3,14632,68413.1,11296.6,10524,70347.5,17413.9,24865.6,15.4124
17466.8,15625,73261.1,15268.4,13545,73874.5,9195.24,14579.8,15.4154
9382.75,9308,66062.3,4579,4392,68326.4,6090.64,13194.5,15.4185
5480.8,5749,62478.6,2368.92,2369,65533.8,5270.6,10827.2,15.4185
15100.1,14653,67535.9,11417.5,11021,67893.6,5598.16,9817.08,15.4185
14058.2,13685,67323.2,6186.4,6133,66106.6,4908.08,14136.7,15.4185
9739.6,9665,66041.8,7106.76,6497,71686.7,4867.8,10343.6,15.4246
10849.1,10892,65278.2,5055.52,5032,65842.3,2981.48,8882.64,15.4266
11666.2,11348,67373.6,4439.92,4352,66860,7955.68,13130.5,15.4286
12234.9,12140,66048.6,6582.36,6492,66448.2,3857,11309.2,15.4286
41291.3,31473,85980.5,45093.1,34017,86874.8,17151.7,42269,15.4306
7007,7113,64559.4,3284.72,3213,66998.9,8812.2,11125.1,15.4317
12009.4,11164,70498.7,8272.6,7596,71373.5,16555.1,23534.2,15.4317
13907.4,13553,67249.7,7404.68,7221,67203,2722.32,8218.08,15.4337
8242,8304,65046.7,3825.84,3840,65294.3,14026.6,17734.1,15.4337
14185.6,13592,68398.1,5755.48,5580,67597,4195.96,11257.7,15.4337
7909.2,8126,63787.5,3446.6,3470,65094.1,2216.16,6667.44,15.4337
12292.1,11189,71997.4,8863.12,8229,70586.2,6964.64,11841.2,15.4357
12327.3,12301,65675.9,5893.8,5725,67468.3,2333.96,6505.98,15.4387
14066,13568,67941.4,8494.52,8368,66526.9,8037.76,14990.8,15.4398
6481.8,6088,69775.2,3361.48,3356,65643,2105.2,6495.06,15.4408
33736.9,27641,79989.3,25186.4,21997,75038.2,10076.1,21748.7,15.4418
13091.6,12288,69822.1,8522.64,8276,67489.1,4968.88,11554.1,15.4428
14532,14392,66173.7,4352.52,4444,64186.9,2505.72,4622.28,15.4428
10377.9,10165,66908.6,4937.72,4993,64810.4,2799.84,7037.16,15.4438
11259.9,11067,66678.6,4176.2,4219,64871.2,2688.88,8370.18,15.4448
8168.55,7924,67558.6,3751.36,3680,66806.8,4477.16,9488.7,15.4458
18086.3,17437,67976.2,8244.48,7849,68838.1,6681.16,13515.8,15.4479
9108.45,9129,65388.5,3737.68,3817,64174.1,4528.08,11336.5,15.4479
11705.8,11726,65423.4,4803.2,4878,64531.1,13698.2,19672.4,15.4519
11397.1,11128,67120.8,5006.88,5000,65626.2,2192.6,7242.3,15.4539
5480.8,5364,66963,1890.12,1892,65470.9,3563.64,7884.24,15.455
17741.8,17198,67608.1,6701.68,6618,66364.7,9336.6,19738.7,15.458
23598.9,17204,89896.4,22292.3,17728,82409.2,2859.12,5823.48,15.458
11018.1,10773,67027.3,9561.56,9285,67488,11346,19879.9,15.459
5082.35,5233,63649.3,5225,5301,64596.4,17204.1,27170.5,15.46
6606.6,6733,64305.7,3081.04,3049,66224.7,4477.92,9023.04,15.4631
12810.2,12804,65567.7,6959.32,6868,66407.4,7045.96,14983.8,15.4651
13601.9,13416,66444.1,8567.48,8220,68306.4,4708.96,12277.2,15.4651
10577.4,10625,65242.7,4723.4,4705,65792.3,8428.4,14125.8,15.4692
12425.4,12521,65035.6,4969.64,4921,66183.8,2182.72,4904.64,15.4702
15259.4,15007,66638.2,6108.88,5931,67501.5,7546.8,16142.9,15.4712
7941.05,8317,62573.6,3502.08,3593,63877.6,15806.5,21580.3,15.4712
8451.3,8712,63574.9,3825.84,3784,66260.6,5005.36,12055.7,15.4712
16341,15789,67827.2,8962.68,8649,67912.8,2436.56,10026.9,15.4732
9467.9,9805,63282.8,3552.24,3597,64720.5,7058.12,11954.3,15.4752
11878.1,10973,70941.7,8764.32,8281,69361,11717.7,21451.6,15.4773
14558,14691,64942.9,5287.32,5267,65788.8,2965.52,10185.2,15.4783
6662.5,7001,62367.3,3120.56,3225,63413.6,7831.04,12286.6,15.4793
12598.9,12665,65194.2,5685.56,5641,66053.7,9100.24,17144.4,15.4803
7083.7,7193,64540.2,3401,3373,66080,7228.36,10917.7,15.4813
34936.2,28156,81317.6,27413.2,22728,79045.7,16933.6,35961.1,15.4874
13057.2,12943,66114.2,4469.56,4415,66345.9,7534.64,14822.3,15.4874
15993.2,15849,66132.5,8496.04,8361,66594.5,3076.48,8006.7,15.4894
13014.9,12997,65626.5,5913.56,5877,65943.7,7528.56,15748.2,15.4894
16504.8,16044,67418.3,9205.12,9084,66409.8,4896.68,11860.7,15.4915
12805,12795,65587.2,4599.52,4591,65657.6,8056.76,13260.8,15.4925
12123.1,12391,64119.3,4959.76,5107,63646.5,3966.44,10444.2,15.4925
5630.95,5766,64001,3195.04,3234,64746.5,5339,9138.48,15.4935
15251.6,15052,66405,5842.88,5900,64901.5,2992.88,10118.2,15.4945
12037.3,11693,67466,5693.92,5277,70713.8,5176.36,11830.3,15.4975
9921.6,8639,75265.9,8876.8,8383,69396.4,15073.1,20758.9,15.4975
6702.15,6864,63990.7,3291.56,3300,65368.4,6530.68,9566.7,15.4985
5839.6,5894,64931.1,3039.24,2982,66794,9873.92,15536,15.4985
6817.2,6820,65509.1,3140.32,3076,66906.4,5711.4,10759.3,15.5006
17756.7,15388,75624.1,14521.3,12712,74863.8,5142.92,10883.3,15.5016
12688,12703,65458.6,4698.32,4795,64214.6,6987.44,14586.8,15.5016
10307.7,10104,66857.2,4905.8,4808,66869.1,8828.16,14925.3,15.5036
18416.4,17608,68545,10738,10264,68562.8,2704.08,4491.24,15.5046
12171.9,11440,69728.8,8406.36,7968,69141.5,2929.8,7922.46,15.5067
9859.2,9825,65764.1,4100.2,4017,66893.4,13540.2,17363.6,15.5087
18920.2,18697,66318.3,9548.64,9625,65016.1,5856.56,14405,15.5107
14836.2,14652,66360.1,9686.2,9388,67617.7,7957.96,14649.2,15.5107
12595,12592,65551.9,6479.76,6560,64734.4,4598,13836.4,15.5148
12709.4,12452,66891,5251.6,4852,70933.4,5304.8,12014.3,15.5158
5389.15,5476,64496.6,2294.44,2304,65264.1,2713.96,6880.38,15.5168
6980.35,6992,65426.8,2720.8,2676,66633.2,2493.56,7412.34,15.5178
5148,5203,64843.2,3708.04,3555,68357.3,10101.2,12475.3,15.5178
17015,16449,67791.3,8350.12,8197,66760.2,4959,9516.78,15.5208
8082.1,7916,66911.1,4117.68,4072,66271.2,6677.36,9495.72,15.5259
11126.7,11191,65159.4,4351,4423,64469.2,3249,9374.04,15.5259
16207.7,16120,65892.7,6703.96,6680,65771.1,12728.5,21879.8,15.5269
16185,15533,68286.9,7429.76,7193,67693.1,2973.12,10684.4,15.5269
8635.9,8533,66326.3,3733.12,3733,65538.1,3378.96,8801.52,15.5279
9304.75,9390,64941,3819.76,3898,64220.6,7614.44,14483,15.5279
9207.9,9193,65642.2,4724.16,4649,66595.5,20484.3,25394.5,15.531
12875.8,12794,65955.3,5379.28,5354,65845.4,5176.36,12376.3,15.533
8548.15,8457,66242.3,4195.2,4061,67701.7,2959.44,8251.62,15.533
12600.9,12628,65395.4,5594.36,5620,65237,13721,21915.7,15.533
7059,7254,63774.3,3611.52,3714,63727.7,2418.32,7874.88,15.536
10495.5,10399,66144.5,6942.6,6491,70095.6,2361.32,6133.14,15.5401
6204.25,6252,65035.5,3466.36,3388,67051.8,2862.92,7488.78,15.5421
14218.1,14309,65119.7,5290.36,5333,65012,4174.68,12059.6,15.5452
11875.5,11925,65264,5142.16,5093,66168.6,10212.1,16558.6,15.5452
11285.9,11068,66826.5,5293.4,5160,67230.3,3812.92,9141.6,15.5462
10550.8,10621,65102.8,5862.64,5853,65643.9,2786.92,7293,15.5462
14863.5,14449,67416.3,9555.48,9109,68748.3,2596.16,6483.36,15.5472
9462.7,9501,65271.8,4413.32,4381,66019.5,4917.96,10537,15.5553
7601.1,7793,63922.2,3088.64,3173,63793.6,7836.36,13061.9,15.5573
25108.2,19532,84245.9,20070.1,16172,81332.7,5105.68,11856.8,15.5573
30267.9,25216,78665.8,29612.6,24404,79523.6,4046.24,7951.32,15.5583
15085.2,14905,66328.3,7587.84,7561,65768.6,3129.68,9331.14,15.5604
14848.6,15056,64633.2,6640.12,6864,63398.4,2243.52,6958.38,15.5604
10169.3,10041,66373.1,5317.72,5197,67058.3,2653.92,6165.12,15.5644
10271.9,10351,65035.5,4217.24,4319,63991.9,6757.16,14635.1,15.5644
16142.1,14797,71493.5,14915,13725,71218.2,7524.76,16413.5,15.5746
7736.95,7904,64150.9,3244.44,3220,66033.4,10953.1,15250.6,15.5776
15053.3,14898,66219.4,6430.36,6322,66659.3,5015.24,11969.9,15.5776
11720.8,11909,64500.3,7996.72,7937,66029.1,4357.84,11715.6,15.5796
30336.1,24993,79546.7,24034.2,20593,76487.5,2713.2,716.04,15.5806
9704.5,10047,63301.9,4857.16,4895,65029.4,12085.5,16454.9,15.5817
5034.25,5389,61221.9,2232.12,2265,64584.6,4069.04,7537.14,15.5847
12299.9,12281,65637.1,5631.6,5469,67484.5,4173.16,10713.3,15.5857
9332.7,9631,63506.2,4045.48,4011,66099.4,7375.8,14046.2,15.5867
8756.15,8832,64973.2,7266.36,7024,67797.3,5759.28,12969.1,15.5867
9719.45,9688,65748.8,4185.32,4200,65306.9,9931.68,15153.8,15.5888
9198.15,9521,63313.7,2911.56,2933,65056.9,14820,17616.3,15.5888
11678.5,11660,65640.3,5484.16,5436,66116.6,4430.04,11168.8,15.5908
10240.8,10437,64303.7,4717.32,4849,63756.3,2827.2,8813.22,15.5928
38810.2,32308,78725.6,21791.5,18340,77869.5,31679.8,49587.7,15.5948
11340.5,10969,67755.9,6361.96,6125,68071.4,14430.1,15850.4,15.5958
13296.4,12879,67660,5543.44,5403,67239.5,2302.04,7815.6,15.5979
6951.1,6993,65143.3,3173,3285,63301.6,12740.6,18774.6,15.5979
16384.5,15971,67233,6080,6103,65289,2615.16,8611.2,15.5989
6009.9,6201,63516.3,2520.16,2525,65410.4,10819.4,13578.2,15.6029
16731.6,14411,76089.5,18133.6,14683,80937.4,17377.4,31201.6,15.604
20179.9,16916,78181,16615.9,13972,77937.2,7362.12,17218.5,15.606
14604.8,14665,65267.2,6332.32,6361,65240.5,3396.44,10292.9,15.606
16185.6,16224,65381.1,6063.28,6176,64339.9,4130.6,10670.4,15.607
11614.8,11579,65738.9,4550.12,4655,64059.4,9005.24,14322.4,15.608
10272.6,9985,67423.6,6137.76,6001,67029.5,10883.2,18102.2,15.608
16471,16129,66925.6,11637.9,11397,66921.1,14677.9,17461.1,15.609
12268.8,12261,65577.4,8619.92,8513,66359.1,13585,18652.1,15.609
20641.4,16761,80708.5,23463.5,20605,74627.7,15342.9,27015.3,15.609
5199.35,5401,63089.2,2881.16,2937,64290,10197.7,13121.9,15.61
9335.3,9124,67053.7,6692.56,6231,70390.6,3287,9494.16,15.6131
12595.7,12360,66785.8,7196.44,7016,67221.5,3894.24,8363.94,15.6131
20342.4,12939,103034,10131.6,6123,108441,3226.2,10266.4,15.6141
14714,14676,65705.9,6422.76,6420,65564.2,2650.12,7896.72,15.6141
6534.45,6692,63993.1,3323.48,3280,66404.8,6931.2,12953.5,15.6141
12312.3,12429,64920.7,5243.24,5065,67842.2,4294.76,11133.7,15.6212
15028.6,15124,65122.8,7131.84,7200,64915.6,2264.04,8875.62,15.6252
10494.3,10750,63976.9,5227.28,5386,63604.7,4103.24,9530.04,15.6252
10749.7,10971,64214,4848.8,4943,64287.1,3970.24,11537.8,15.6252
12903.8,13193,64099.4,5210.56,5369,63602,2304.32,8039.46,15.6273
16603.6,14125,77036,12457.2,11117,73436.4,13432.2,20071.7,15.6283
10405.8,10505,64917.4,4328.96,4285,66208.3,4385.96,10154,15.6293
12546.9,12875,63866.2,4286.4,4415,63627.1,3046.08,9450.48,15.6303
16634.1,16365,66613.9,9132.92,8877,67425.4,7397.08,13126.6,15.6364
9411.35,9425,65441.1,3749.84,3781,64995.9,2770.96,8757.06,15.6394
24146.8,18906,83702.9,19101.1,16350,76563.2,2957.16,4971.72,15.6415
7001.15,7239,63382.7,2745.88,2860,62921,3068.88,7199.4,15.6435
32048.9,19553,107419,37947.6,26497,93857.1,18273.4,36136.6,15.6435
10140.6,10304,64497.1,3705,3760,64577.4,7447.24,12271,15.6465
11610.9,11573,65750.9,5386.88,5349,66000.1,2322.56,8244.6,15.6496
11488.1,11561,65122.8,5324.56,5337,65383.2,11350.6,19495.3,15.6516
19229.6,15288,82432.7,14912,12360,79067.2,4312.24,13029.9,15.6516
10691.8,10664,65707.1,6070.12,5912,67288.8,11199.4,17985.2,15.6526
24171.5,18928,83691.2,21586.3,18052,78366.9,12529.4,25292.3,15.6536
11624.6,11468,66430.9,4674.76,4728,64798,4571.4,11227.3,15.6556
7236.45,7332,64681.9,3477.76,3536,64456.6,2333.2,6524.7,15.6567
10128.9,10415,63736,4399.64,4415,65308,3197.32,9062.82,15.6597
10441.6,9772,70026.7,7396.32,6776,71535.6,11610.5,23711.2,15.6607
4809.35,5076,62093.3,2499.64,2480,66055,3463.32,7332,15.6607
10678.2,10773,64959.3,4439.92,4417,65876.1,10269.9,15482.2,15.6607
6145.75,6356,63368.1,3123.6,3172,64536,10819.4,15017.3,15.6617
11167.6,10748,68094.8,4347.96,4280,66576.6,15851.3,21060.8,15.6688
9599.85,9288,67736.4,4072.84,3912,68230.5,7657,11838.8,15.6698
11185.2,10931,67060,4956.72,4855,66909.1,7322.6,14914.4,15.6709
12785.5,12405,67546.2,5263.76,5173,66685.8,2466.96,8615.88,15.6729
12535.9,12320,66684.5,5696.2,5648,66095.3,3553,9601.8,15.6739
12360.4,12044,67257.7,4361.64,4216,67799.9,7049.76,12962,15.6759
8309.6,8407,64776.7,3273.32,3367,63712.6,5928.76,9769.5,15.6769
17052.1,16298,68568.3,9360.92,8890,69007.6,3833.44,8647.08,15.6769
11657.8,11348,67324.8,4916.44,4724,68205.7,6527.64,12045.5,15.6779
15650.7,15302,67029.4,5497.08,5062,71168.8,10581.5,17660,15.682
13208.6,13136,65898.5,5332.16,5184,67409,7395.56,14051.7,15.683
10001.5,10077,65045.3,4411.04,4233,68292.4,3540.84,10781.2,15.6881
8916.7,9068,64442.5,4339.6,4284,66386.6,2364.36,8088.6,15.6911
9795.5,9669,66393.4,7697.28,7153,70522.7,2881.92,6662.76,15.6911
8191.95,8318,64542.9,4873.12,4574,69821.8,11722.2,19938.4,15.6911
5335.85,5788,60416.4,2757.28,2652,68137.7,4438.4,9228.96,15.6942
10398.7,10405,65496.3,6179.56,5685,71237.2,7476.88,14792.7,15.6962
6387.55,6845,61156.2,4107.04,3977,67678.9,11518.6,14560.3,15.6982
8316.1,8708,62586.6,3656.36,3588,66784.6,22348.6,22857.1,15.6982
19828.3,16633,78125.7,16118.1,13721,76985.2,6142.32,19070.2,15.6992
13037,12900,66232.3,5196.12,4980,68380.1,6257.08,14612.5,15.6992
13862.5,14026,64772.3,6301.92,6158,67067.7,2676.72,8242.26,15.7013
13460.8,13648,64637.3,6194,6048,67118.1,6833.92,15897.2,15.7013
4713.8,5124,60289.5,2648.6,2580,67278.5,10291.2,13421.5,15.7023
17005.9,16580,67219.7,5643.76,5376,68800.1,10706.9,18791,15.7033
10562.5,10312,67128,4732.52,4472,69353.9,3261.92,8918.52,15.7043
12956.4,12797,66352.6,4908.84,4761,67571,3935.28,10764.8,15.7053
13176.8,13097,65935.3,8609.28,8349,67579.1,5076.04,11413.7,15.7053
21282.3,17184,81166,14634.6,12128,79080.7,14484.1,26741.5,15.7053
9098.05,9260,64389.8,4769.76,4620,67660.4,8675.4,12973,15.7063
10017.1,10244,64084.7,3783.28,3748,66152.9,3934.52,9827.22,15.7084
21671,16213,87598.3,18800.9,14481,85086.3,22322,37876,15.7094
12190.1,11897,67150.6,8628.28,7993,70744.8,9905.84,19439.9,15.7094
13382.8,13254,66173.1,6560.32,6406,67114.8,4962.8,12250.7,15.7094
12777.7,12505,66965.2,5678.72,5517,67457.1,3242.92,9215.7,15.7124
11811.1,11456,67567.7,4841.96,4644,68329.6,6900.04,11665.7,15.7144
16390.4,12984,82729.6,16096.8,13848,76178.5,11042,22847,15.7155
8232.25,7812,69061.5,4854.12,4592,69276.9,4258.28,11218.7,15.7175
7105.8,6921,67285.9,3226.96,3181,66482.9,13377.5,14035.3,15.7175
15864.5,15164,68563.6,4994.72,4840,67631,2743.6,8143.2,15.7175
30874.3,25152,80446.1,18880.7,16384,75522.7,26248.9,34278.7,15.7225
20150.6,17509,75423.7,14468.1,13009,72886.7,11013.2,15016.6,15.7236
16853.8,15981,69115.4,9649.72,9485,66674.1,2839.36,5366.4,15.7246
14417.6,13872,68113.8,6852.92,6864,65430.2,3240.64,10845.1,15.7256
14912.3,14012,69746.8,5979.68,5756,68082.8,3286.24,10299.9,15.7256
13100.1,12248,70095.4,5454.52,5244,68166.9,14289.5,18541.4,15.7276
12321.4,11608,69563.7,5415.76,5288,67119.4,6115.72,11586.1,15.7296
31708.9,25380,81878.6,20425,17716,75557.3,13722.6,22475.7,15.7307
11986,11581,67827.9,4049.28,4125,64333,3213.28,9351.42,15.7307
13109.8,12165,70626.2,9331.28,8917,68580.8,4579,8605.74,15.7327
10624.3,10269,67803.2,4272.72,4269,65593.1,3298.4,9870.9,15.7347
12543,10673,77018.8,9490.88,8645,71948.5,5133.8,14898,15.7367
16218.8,13070,81324.8,11927.4,10366,75407.8,3738.44,11284.3,15.7367
11761.8,11401,67609.7,4294.76,4393,64070.4,8591.04,12876.2,15.7367
5912.4,5585,69377.8,2910.04,2853,66846.3,9519,13307.6,15.7377
9824.1,9441,68195.3,3903.36,3825,66878.6,8276.4,12373.1,15.7398
13576.5,13008,68400.4,6012.36,5956,66156.1,5861.88,12125.1,15.7398
20917,18339,74748.7,13407.2,11751,74772.5,16121.1,24031.8,15.7408
6168.5,6242,64764.3,2694.96,2738,64505.8,11697.9,14448.7,15.7428
21253,19782,70409.5,16036,15634,67221.1,2578.68,4046.64,15.7459
11452.3,11400,65836.9,4411.04,4460,64816.6,3661.68,8574.54,15.7489
12481.9,12388,66033,5998.68,6064,64830.1,2783.12,9229.74,15.7509
13614.9,12812,69643,8231.56,7884,68425.1,10894.6,15589.9,15.7519
11211.8,10617,69207.9,6368.8,5993,69645.5,6691.04,12736.6,15.756
11506.9,11269,66919.8,4404.96,4465,64654.8,3996.84,9022.26,15.76
7732.4,7825,64760.5,2941.96,2965,65026.7,3006.56,7750.08,15.7671
8730.8,8681,65912,2666.08,2665,65562.6,2751.96,6261.84,15.7671
12307.1,12092,66701.8,4506.8,4520,65344.6,8418.52,14249.8,15.7692
17922.4,16883,69570.9,8181.4,7783,68890.7,3150.96,6221.28,15.7712
16573,13285,81756.2,14867.9,12529,77770.1,12862.2,20323.7,15.7763
6943.95,7053,64522.7,2315.72,2397,63313.7,4476.4,10175.1,15.7763
11909.9,11784,66236.5,5149,5272,64007,2867.48,8152.56,15.7773
7223.45,6996,67666.7,3800,3860,64517.3,4885.28,9725.82,15.7783
11673.3,11528,66362.3,3990.76,4060,64418.3,5378.52,10889.6,15.7803
10977.2,9617,74805.2,8897.32,8021,72696,9930.92,18305,15.7813
8231.6,8236,65501,3632.8,3704,64276.2,3440.52,7605.78,15.7834
15592.2,14497,70487,11109.7,10277,70846,15200.8,19705.9,15.7844
19529.3,18837,67944.4,6606.68,6549,66113.2,3195.04,6860.1,15.7864
9972.3,9304,70243.4,6510.16,6204,68770.1,6966.92,13200.7,15.7864
21916.7,17530,81935.7,19918.1,16714,78099.3,9888.36,21727.7,15.7915
20363.2,16880,79059.4,14519.8,12660,75163.5,12733.8,23188.6,15.7925
25439,17648,94468.1,26657,20884,83652.2,10478.9,20683.3,15.7935
16844.8,16184,68211.7,8421.56,8248,66915,4550.12,11990.9,15.7975
5402.8,5582,63432.1,3242.16,3246,65458.5,5005.36,9473.88,15.7996
11704.5,11168,68684.6,7046.72,6608,69887.1,3741.48,10032.4,15.7996
19847.8,15348,84749.9,18971.1,15424,80607.6,11280.7,20288.6,15.8016
12436.4,12321,66150.1,5187.76,5201,65369.2,4006.72,10308.5,15.8057
14359.8,14175,66390.4,5270.6,5339,64696.4,2120.4,4588.74,15.8057
6325.15,6185,67021,3196.56,3149,66525.8,2123.44,6611.28,15.8077
8940.1,8651,67726.1,3897.28,3787,67444.5,3050.64,8198.58,15.8077
13363.3,12918,67795.4,7866,7618,67669.5,2593.12,5033.34,15.8087
12260.3,12032,66779.5,4997.76,4944,66248.6,4177.72,10421.6,15.8107
18948.1,15221,81583.7,16166,14581,72659.8,21394,31251.5,15.8128
14021.1,13484,68146.7,5432.48,5228,68099.3,10899.2,17291,15.8128
13254.8,12905,67312.4,5323.04,5213,66919.4,3513.48,8702.46,15.8138
10485.1,10217,67256,6381.72,6173,67751.9,9528.12,15323.9,15.8138
14417,13677,69081.8,7516.4,7017,70200.2,15990.4,26631.5,15.8158
33531.5,23809,92298,25872.7,19809,85597,6768.56,11646.2,15.8188
9206.6,9308,64822.1,3754.4,3820,64410.6,3486.12,9742.2,15.8198
12403.9,12203,66615.2,6254.04,5871,69811.8,2824.16,7895.94,15.8209
13605.1,13500,66046.5,6916.76,6920,65505.3,5291.12,11118.9,15.8239
9213.75,9184,65748.3,3664.72,3616,66419,3084.08,7784.4,15.828
10784.1,10681,66168.9,4662.6,4585,66645.2,3168.44,9363.9,15.83
6130.15,6049,66415.2,3333.36,3397,64308.2,7259.52,10327.2,15.8361
9274.85,9233,65833,3702.72,3653,66428,5440.84,12269.4,15.8371
56691,48577,76482.8,32237.7,26769,78924.5,8085.64,15847.3,15.8371
6864,6901,65184.6,2801.36,2837,64712.7,4069.04,9551.88,15.8381
6743.75,6955,63545.4,2789.96,2859,63953.4,12496.7,13733.5,15.8401
16727.1,16590,66077.6,8288.56,8378,64836.4,4895.92,11278,15.8401
16888.9,12730,86946.9,9551.68,7402,84568.9,7125,17599.9,15.8411
15664.3,14981,68525.4,8649.56,8433,67219,5643,13033,15.8452
7967.05,8017,65127.7,3166.92,3205,64757.3,6431.88,11179,15.8462
22064.3,14383,100536,11935.8,7275,107522,17157,28143.2,15.8492
23174.4,19265,78835.2,17577.3,15269,75443.4,10617.2,20009.3,15.8543
14207,13777,67581.7,7615.96,7445,67040.9,5498.6,10576,15.8543
8346.65,8203,66683.7,4413.32,4315,67029.3,11435,14953.4,15.8553
19748.9,16374,79044,19823.1,17058,76159.3,22235.3,37280.1,15.8563
11548.5,11660,64909.6,4936.96,5036,64247.1,3496,9984,15.8574
14015.9,14174,64805.2,7257.24,7454,63806.1,2134.84,8358.48,15.8594
8741.85,8557,66951.7,4701.36,4653,66217.1,3449.64,9175.92,15.8604
8496.15,8496,65537.2,3445.84,3392,66576.2,11748.1,17355,15.8655
16053.7,16228,64832.1,11151.5,10944,66778.5,9961.32,17663.1,15.8685
8697.65,8825,64590.3,4866.28,4889,65231.4,3353.12,9516,15.8685
14480,14714,64494,6721.44,6782,64950.8,3278.64,9155.64,15.8736
16615.9,13992,77826.1,13990.1,12268,74735.4,25539,30431.7,15.8746
16016,15542,67534.7,11473.7,10678,70419.7,10247.8,14482.3,15.8746
17197.7,17130,65795,9855.68,9886,65335,5779.8,11740.6,15.8756
8752.9,9179,62493.7,4445.24,4385,66436.3,18032.5,23777.5,15.8766
6357,6698,62199.5,3321.96,3306,65852.4,2555.12,7374.12,15.8766
10231.6,10524,63715.4,5190.8,5116,66494.2,5377.76,11398.9,15.8776
31266.9,26919,76121.4,28012.1,23767,77241.5,4039.4,7313.28,15.8817
11341.8,12000,61941.6,5253.88,5264,65410,5180.16,11008.1,15.8827
11433.5,12080,62028.6,4844.24,4884,65002.5,4901.24,11227.3,15.8837
9898.2,10520,61662.4,4799.4,4812,65364.4,9564.6,13532.2,15.8837
18903.3,15193,81540.6,21142.4,17977,77075.8,2396.28,2405.52,15.8847
5662.15,6080,61032,3382,3344,66280.7,4492.36,9511.32,15.8847
10891.4,11220,63616.6,4984.84,4884,66889.1,13771.2,17611.6,15.8857
8411.65,8795,62679.5,5704.56,5547,67397.5,3137.28,8646.3,15.8857
17525.9,17315,66334.4,7604.56,7319,68093,3345.52,7266.48,15.8888
9664.85,9628,65786.8,6206.16,5784,70319.3,4499.2,8035.56,15.8898
28158,20689,89195.3,35393.2,25777,89984.4,2665.32,538.2,15.8949
8285.55,8636,62876.5,4080.44,3976,67257.5,2505.72,7621.38,15.8969
8298.55,8068,67408.8,5919.64,5668,68445.6,5005.36,11271.8,15.8999
9555.65,9724,64401.4,5839.08,5804,65932.1,5412.72,13313,15.8999
26498.5,18164,95607.2,24764.6,18676,86901.5,2958.68,6555.9,15.904
9545.25,10108,61887.4,4323.64,4376,64751.8,4845,11871.6,15.905
6548.75,6677,64277.2,3600.12,3601,65520,10903.7,13678.9,15.906
9367.8,9716,63187.3,5730.4,5760,65199.2,5217.4,13771.7,15.907
8812.7,9110,63397.3,3211,3222,65312.3,3955.04,10093.2,15.9101
10489.7,10598,64866.3,5065.4,4962,66901.7,2419.84,8006.7,15.9111
13377,12913,67890.9,5781.32,5633,67261.6,2817.32,9382.62,15.9131
16029,15553,67541.7,8312.12,8001,68084.4,3052.16,6166.68,15.9161
7418.45,7773,62546.7,3239.88,3261,65111.6,4246.88,8056.62,15.9172
16606.2,16588,65607.9,8343.28,8392,65155.5,6828.6,14188.2,15.9172
11457.5,10820,69397.6,6241.12,6048,67628.6,3201.12,9019.14,15.9182
7053.8,6877,67220.9,4088.8,3913,68480.3,3736.16,8864.7,15.9182
6668.35,6694,65284.9,3142.6,3126,65884,7257.24,12292,15.9192
7390.5,7559,64075.1,3597.08,3559,66237.2,13436.8,14189,15.9212
12000.9,11976,65672.5,5269.08,5212,66253.7,2539.16,7860.84,15.9222
11391.3,10613,70341.7,8933.04,8149,71841.4,17951.2,20191.9,15.9232
15516.8,15288,66516.8,10814,10652,66532.9,9643.64,14828.6,15.9232
8011.9,8068,65080.3,3876.76,3892,65279.4,3635.08,8114.34,15.9253
12098.4,11197,70812.2,9823,9273,69423.1,7657.76,13199.9,15.9303
21310.9,19993,69856,9945.36,9501,68601.1,4595.72,8718.84,15.9313
9337.25,9380,65237.3,4092.6,4164,64412.3,7161.48,14706.1,15.9374
16058.2,15084,69768.9,6756.4,6520,67912.2,17129.6,18342.5,15.9384
22773.4,21321,70000.4,14354.1,14233,66093.7,2239.72,5683.86,15.9395
12834.9,12845,65484.5,5721.28,5865,63930.1,6341.44,14451.1,15.9395
6727.5,6697,65834.5,2812.76,2813,65530.4,6707.76,10556.5,15.9415
13575.9,13614,65352.6,4643.6,4686,64943,2324.08,7279.74,15.9435
12907,12805,66058.3,9234,8865,68263.9,7324.12,11614.2,15.9465
9898.85,10228,63427,3794.68,3840,64762.5,5016,10627.5,15.9496
23694.4,18342,84660.3,19924.9,16642,78464.1,11182.6,19702,15.9506
22058.4,17833,81064.3,18077.4,15129,78307.7,7813.56,20423.5,15.9506
9768.2,9225,69395,4498.44,4477,65849.8,3597.84,9331.92,15.9516
14419.6,13840,68280.6,5860.36,5892,65184.1,6583.12,14898.8,15.9516
9937.2,10092,64530.8,4500.72,4508,65430.2,4294,10861.5,15.9526
11233.9,11137,66106.5,7469.28,7313,66936.5,6172.72,14023.6,15.9547
7531.55,7367,66999.8,3793.92,3671,67730.4,5045.64,9902.1,15.9557
7536.1,7961,62038.2,3257.36,3321,64280.1,8089.44,14094.6,15.9557
9839.7,9838,65547.3,5904.44,5742,67390,3942.12,11010.5,15.9567
20882.5,17514,78140.8,14583.6,12778,74796.8,3130.44,7754.76,15.9567
6544.85,6071,70651.2,6896.24,6455,70015.8,32616.2,40468,15.9597
10505.9,10561,65194.4,3727.04,3781,64600.7,19363.3,20960.2,15.9597
9517.3,9360,66637.4,5504.68,5536,65165.2,8242.96,15349.6,15.9607
8180.25,7713,69506.1,7122.72,6789,68757.5,9553.2,20175.5,15.9628
10555.3,10436,66285.5,4123.76,4180,64654.2,3192.76,8629.14,15.9628
22907.9,16796,89384.1,20217.5,16908,78363.8,21956.4,29877.9,15.9628
38127.7,26696,93599.7,44440.2,30024,97003.6,33500.8,57144.4,15.9648
13837.8,13145,68990.3,5994.12,5917,66390.2,5644.52,13437.1,15.9658
12797.8,12536,66904.9,4611.68,4584,65931.7,4022.68,11544,15.9658
14130.3,9572,96745.4,5083.64,3300,100958,8500.6,10616.6,15.9668
10155.6,9837,67658.6,5348.88,5497,63770.1,2289.88,8385,15.9688
9391.2,9576,64271.3,3942.88,4060,63645.5,2294.44,8129.94,15.9759
11138.4,11133,65567.8,4830.56,4925,64279.3,3673.08,9511.32,15.978
16634.8,15784,69068.6,8926.96,8460,69153.3,11083.8,16482.2,15.98
9935.25,9741,66842.9,5543.44,5529,65707.2,3111.44,7427.94,15.982
9919,9243,70329.1,6346.76,6031,68967.2,5518.36,13908.2,15.982
14758.9,14389,67220.8,9050.08,8993,65952,7349.2,11833.4,15.982
12866.8,12484,67545.3,6724.48,6528,67508.5,10398.3,20260.5,15.984
14504.7,14061,67604.2,10586,10313,67271.1,2463.16,5234.58,15.984
16271.4,14334,74394.1,14634.6,13946,68771.7,17790.8,18281.6,15.9851
29694.6,25537,76205.7,19978.9,18117,72271.1,11020.8,26711.9,15.9861
14501.5,14161,67111.8,5952.32,5985,65178.2,5787.4,11472.2,15.9881
12701.6,12845,64804.6,2818.84,2845,64933.4,3308.28,10170.4,15.9891
12511.2,12727,64424.8,5198.4,5287,64437.7,5741.04,12898.9,15.9891
8407.1,7600,72495.8,8220.92,7476,72066.1,5387.64,10321,15.9922
11789.7,11802,65467.7,5534.32,5534,65539.8,2616.68,7996.56,15.9932
13759.2,13300,67798.7,6828.6,6528,68553.8,2669.88,9547.2,15.9962
13763.1,13017,69292.3,9985.64,9113,71811.6,6747.28,11550.2,15.9972
15514.2,15270,66584.1,4525.04,4498,65930,4411.8,10260.9,15.9982
17530.5,16573,69322.3,10855.1,10621,66980.4,2671.4,7105.8,15.9982
9937.2,10048,64813.3,4209.64,4112,67092.2,5962.96,11416.9,15.9993
9932.65,9761,66688.5,2891.8,2965,63918,6089.88,12112.6,16.0003
10919.3,10672,67055,4820.68,4740,66651.5,4135.92,10682.1,16.0013
12727.6,12616,66116,4106.28,4156,64752,2435.8,7725.9,16.0013
6571.5,6824,63111.1,4578.24,4572,65625.4,11496.5,15259.1,16.0023
11905.4,12444,62699.5,4332.76,4460,63666.3,2906.24,10470.7,16.0074
12942.1,13344,63562.4,5561.68,5604,65041.1,2142.44,8498.1,16.0074
13968.5,14437,63409.3,4176.2,4225,64779,8960.4,15265.4,16.0084
11824.8,11812,65607,5597.4,5424,67631.1,8110.72,16782.5,16.0094
6240.65,6592,62043,3046.08,3044,65580.8,12818.2,12920.7,16.0104
5066.1,5205,63787.1,2224.52,2177,66966.5,5821.6,10482.4,16.0114
27732.9,22687,80112.1,23695.3,19973,77749.6,28373.8,43257.2,16.0124
11723.4,11757,65348.7,6111.16,6221,64378.9,9121.52,17246.6,16.0134
15919.1,15653,66650.3,11400.8,11361,65765.4,2131.04,6684.6,16.0145
13576.5,13653,65169,5437.8,5521,64548.4,10786.7,14511.1,16.0175
11938.5,11773,66457.6,4194.44,4205,65371.4,17432.9,18267.6,16.0185
9963.2,9957,65576.8,5317.72,5205,66955.3,9908.88,15113.3,16.0205
14262.9,14173,65951.9,11020,10617,68023.6,5818.56,10791.3,16.0215
8269.95,8497,63784.8,3765.04,3761,65606.4,10419.6,16245.8,16.0215
13404.3,13720,64028,5797.28,5880,64614,7432.8,15980.6,16.0226
9254.05,8817,68784.6,7457.88,6949,70335.2,23586.6,28041,16.0226
13531,13543,65478.2,8901.12,8668,67298.5,9652.76,11792.8,16.0256
15193.7,15355,64847.8,5932.56,5883,66088.1,11181.1,18464.2,16.0276
10710,11108,63188.1,4838.16,4868,65134.3,5320,11498.8,16.0286
17001.4,16282,68431.6,12147.1,11098,71731,6891.68,14911.3,16.0286
8495.5,8845,62946.4,5909.76,5661,68415.8,8134.28,16307.5,16.0317
8614.45,9000,62728.5,4482.48,4524,64934.5,11634.8,14372.3,16.0327
14770.6,14980,64619.9,7295.24,7284,65637.1,5050.96,11834.2,16.0327
27760.8,18983,95840.2,24287.3,17795,89446.1,8615.36,24167.5,16.0337
9586.2,9969,63019.5,6127.88,5969,67280.4,7902.48,16801.2,16.0337
60041.1,36605,107495,69205.6,45277,100171,47502.3,73228,16.0337
13025.3,13025,65537.8,9742.44,9253,69002.5,14945.4,17728.6,16.0357
11258,11756,62759.8,7134.88,6988,66913.5,3052.16,9395.1,16.0378
18916.3,14042,88285,15935.7,12158,85899.1,6408.32,15451,16.0398
5102.5,5625,59448.4,3662.44,3513,68323.8,9788.8,13961.2,16.0408
16220.1,14046,75679.9,15257,13418,74518,9044.76,15226.4,16.0418
14170,14396,64507.2,8804.6,8444,68334.7,12886.6,8079.24,16.0428
9004.45,8613,68514.5,7624.32,6913,72279.4,5727.36,14471.3,16.0438
8607.95,8785,64215.2,4297.04,4229,66590.4,3519.56,8060.52,16.0449
10106.8,9912,66824.3,7387.96,7100,68194,4817.64,13987.7,16.0459
20127.9,16052,82176.8,16162.2,14048,75398.9,10679.5,12386.4,16.0469
11705.2,12354,62094.2,5019.8,4930,66729.7,2161.44,6205.68,16.0499
7305.35,7541,63488.1,6672.04,6309,69307.2,5054.76,11877.8,16.052
14673.1,14689,65465.1,6651.52,6517,66888.8,10958.4,20187.2,16.052
10841.3,10993,64631.9,8539.36,7889,70938.7,3462.56,9494.16,16.054
11920.3,12237,63840.2,6271.52,6173,66581.9,5295.68,12427.7,16.054
9405.5,9841,62635.8,5861.12,5925,64829.4,4077.4,10734.4,16.056
10292.8,10287,65572.6,6541.32,6303,68014,6488.88,13555.6,16.057
8533.2,9001,62130,3273.32,3289,65223.6,2215.4,7565.22,16.058
7292.35,7653,62447.6,3223.92,3137,67351.9,4602.56,8952.84,16.0631
12516.4,12890,63636.5,5516.84,5518,65522.2,3227.72,10848.2,16.0641
11616.8,11645,65377.3,4696.04,4541,67773.5,3939.08,10594,16.0651
7388.55,7520,64390.4,3657.88,3712,64580.5,12391.8,17504.8,16.0651
13038.3,13092,65267.4,5427.16,5332,66705.6,7628.12,13976.8,16.0682
11103.3,11353,64094.6,5767.64,5661,66770.6,2764.12,9045.66,16.0692
4826.25,5220,60592.6,2856.84,2864,65372.2,3220.12,7341.36,16.0702
14567.8,14361,66479.7,7056.6,6909,66936.1,7662.32,16851.1,16.0712
10723.7,10822,64940.7,5508.48,5574,64765.7,4340.36,10981.6,16.0763
9099.35,9192,64875.4,4167.08,4216,64775.6,9744.72,15840.2,16.0793
9785.1,9668,66329.8,6934.24,6756,67265,9651.24,15561.8,16.0793
17051.4,15109,73961.5,10100.4,9029,73312.6,11564.9,23966.3,16.0803
29656.2,21722,89473.9,31510.4,24526,84198.9,16831,29431.7,16.0824
5107.05,5237,63909.8,2228.32,2293,63687.4,2066.44,4763.46,16.0824
9551.75,9836,63642.1,4515.92,4684,63184.3,3304.48,10814.7,16.0834
23576.8,15424,100177,28527.4,21172,88303.9,3943.64,8699.34,16.0844
37293.8,27830,87821.9,28445.3,21665,86046.1,7088.52,20675.5,16.0854
10459.8,10184,67310.8,4606.36,4536,66552.6,4379.12,9815.52,16.0854
15681.9,15421,66644.8,8297.68,8377,64915.4,2843.92,8902.92,16.0864
6535.1,6621,64685.7,3122.84,3197,64015.8,2776.28,7005.96,16.0884
17286.1,16945,66855.2,8831.2,8981,64442.9,2124.2,5440.5,16.0895
19146.4,17270,72656.5,12522.5,11366,72204.5,9952.2,13466.7,16.0895
13401.7,13140,66841.2,7727.68,7444,68033.5,13069,23038.1,16.0915
9679.8,9790,64798.3,4259.04,4330,64462,9139,14335.6,16.0935
9472.45,9440,65761.3,4481.72,4624,63519.5,5449.96,12904.3,16.0935
15258.1,15158,65968.8,6782.24,6873,64670.6,4978.76,12724.9,16.0966
26522.6,24985,69569.1,12783.2,12649,66231.3,7191.12,12931.6,16.0966
14244.1,13872,67293.9,5028.16,5072,64969.5,4769.76,8869.38,16.0986
11243.7,11452,64344,3449.64,3596,62868.6,2841.64,9032.4,16.0996
22618.7,18625,79588.7,15732.8,13873,74321.5,5823.88,13900.4,16.1006
23442.9,14909,103049,30198.6,20413,96952.7,19256.9,43006.1,16.1047
13044.2,12734,67132.5,8562.92,8222,68253.4,9610.2,19049.2,16.1067
8347.3,8412,65031.9,4138.96,4124,65773.7,2460.88,5106.66,16.1097
14937,14668,66737.9,4942.28,4844,66865.7,2511.8,8204.82,16.1097
5343.65,5444,64328,2899.4,2852,66625.2,7305.88,11013.6,16.1118
16019.9,15801,66443.9,6422.76,6285,66972.5,7019.36,15235,16.1128
11584.3,11661,65104.9,6226.68,6237,65427.6,4585.08,11965.2,16.1138
11088.3,10337,70299.5,8456.52,7905,70108.4,6531.44,13040,16.1148
36875.1,23492,102871,32457.3,23924,88911.7,2343.84,184.08,16.1168
13776.7,13624,66270.8,9905.84,9532,68106.3,4182.28,9598.68,16.1178
4764.5,5147,60665.7,3530.96,3579,64656.3,8275.64,12487,16.1229
12051.6,12316,64129.3,6447.08,6408,65935.7,3766.56,9399.78,16.1259
24909.9,19373,84266.7,14651.3,11981,80142.4,12093.9,20607.6,16.127
11434.8,11524,65028.7,5440.08,5332,66864.4,2266.32,8401.38,16.129
14471.6,14533,65259.1,6964.64,6897,66178.7,10425.7,15862.1,16.13
30722.9,22009,91483.3,30485.9,25677,77809.8,2584.76,307.32,16.132
10279.8,10216,65945,4759.88,4648,67113.5,9336.6,15486.9,16.133
15621.4,15685,65270.5,8862.36,8837,65724.1,3263.44,10526.1,16.133
5608.2,5788,63500.2,2833.28,2860,64923.7,5699.24,11424.7,16.1361
24659.7,21115,76537.9,15426.5,13243,76341.5,5580.68,12095.5,16.1361
8303.1,8589,63354.5,4062.96,4141,64300.9,3996.84,10721.1,16.1361
13163.8,13348,64631.6,6063.28,6020,66007.2,2854.56,8403.72,16.1371
13898.9,14089,64652,5513.04,5545,65158.3,3885.12,10445,16.1381
10177,8893,74998.7,10619.5,9789,71095.9,16200.2,15277.9,16.1381
12966.2,12708,66867.5,5953.84,5780,67507.1,3967.96,10130.6,16.1391
5805.15,6128,62083.3,2717.76,2784,63976.7,4891.36,7274.28,16.1391
13491.4,13241,66775.3,4962.04,4957,65602.6,3617.6,9394.32,16.1391
12750.4,12802,65271.9,7325.64,7414,64754.9,3963.4,12122.8,16.1401
7826.65,7961,64430,3065.84,3017,66596.9,5301.76,9233.64,16.1442
8589.1,8621,65293.5,5560.16,5469,66628.4,2274.68,6904.56,16.1442
14021.8,13689,67129.3,7129.56,7133,65504.4,2836.32,9012.12,16.1452
15059.8,14560,67785.9,7491.32,7008,70055.8,16229.8,24276.7,16.1452
11957.4,11664,67184.5,7287.64,6948,68739.6,8575.84,18340.1,16.1462
6076.2,5632,70704.9,2656.2,2660,65442.4,7922.24,10179,16.1472
13768.9,13420,67240.1,6458.48,6360,66550.8,2903.2,8064.42,16.1482
10032.1,9996,65772.7,3873.72,3820,66457.6,6428.84,11283.5,16.1523
6808.1,6958,64124.1,3358.44,3358,65544.6,3008.84,6940.44,16.1533
36518.9,27970,85566.9,28593.5,23570,79503.7,24142.2,46251.7,16.1543
13104,12752,67345,7220.76,7156,66129.1,4015.84,8915.4,16.1543
72617.3,42909,110910,76722.8,45113,111456,28859.5,36550,16.1543
14515.1,13917,68352.7,5750.92,5657,66624.1,2459.36,9204,16.1543
15457,15213,66587.1,9734.84,9721,65629.3,2977.68,9505.86,16.1564
10542.3,10684,64667.1,5174.84,5288,64133.6,2888.76,9533.94,16.1564
7467.85,7596,64430.4,3597.08,3564,66144.3,5427.92,9670.44,16.1574
13685.7,13880,64618.8,5956.12,5928,65846.9,5449.96,11657.1,16.1604
11479.6,11197,67190.3,9478.72,9133,68016.8,15754,19315.1,16.1604
13747.5,13520,66638.8,5747.88,5556,67799.3,10485,15504.8,16.1624
16543.1,16229,66804.6,8318.2,8165,66765.7,3172.24,8885.76,16.1635
14254.5,14273,65451.1,5237.16,5333,64358.3,13392,21601.3,16.1635
16968.3,16520,67314.2,8064.36,7832,67480.3,6178.8,15042.3,16.1645
5490.55,5897,61018.9,3381.24,3453,64174,8888.2,13185.1,16.1665
10762.7,9533,73989.8,8375.96,7673,71540.1,7710.2,15409.7,16.1665
7118.15,7428,62802.2,3220.12,3252,64893.5,3433.68,7810.92,16.1675
13791,13925,64905.6,3795.44,3905,63697.3,2352.2,7920.9,16.1716
5638.75,5933,62285.7,3798.48,3821,65149.7,2443.4,6066.84,16.1736
8321.3,8428,64706.3,3339.44,3356,65212.6,2623.52,7765.68,16.1776
5595.2,5801,63211,2913.84,2953,64666.9,5002.32,10040.2,16.1787
11323.6,10293,72098.2,9341.16,8725,70164.2,10377.8,18426.7,16.1787
12225.2,12168,65844.1,4932.4,5096,63432.1,4289.44,10271,16.1817
9993.75,9925,65990,4234.72,4257,65193,9701.4,14575.1,16.1827
6721.65,6870,64120.8,2758.8,2838,63707.1,6414.4,12057.2,16.1837
12587.3,12367,66703.2,5715.96,5615,66714.4,5152.04,12157.9,16.1857
26830.7,19560,89896.6,25522.3,20924,79938.4,2189.56,397.02,16.1878
7350.2,7273,66231.6,3301.44,3341,64760,7743.64,11065.9,16.1888
4956.25,5237,62022.7,2501.92,2561,64024.1,3530.96,6616.74,16.1898
9422.4,9488,65082.9,6971.48,6788,67307.4,17291.5,23307.2,16.1918
8597.55,8684,64883.6,3963.4,4072,63788.2,2466.2,6853.08,16.1949
25721.8,20573,81937.7,14193.8,12137,76641.9,4617.76,9540.18,16.202
11187.8,11519,63651.7,4115.4,4287,62912.7,7834.84,11957.4,16.203
5931.9,6152,63191.3,3174.52,3116,66766.8,6184.88,11232,16.206
11899.5,11922,65412.6,4447.52,4546,64116.3,3441.28,10233.6,16.208
5313.75,5341,65201.6,2476.84,2537,63981.9,4438.4,8839.74,16.208
10604.8,10351,67142.6,5052.48,5067,65348.2,3172.24,9657.18,16.2101
19462.3,18480,69019.5,13572.8,13188,67448.4,4639.8,6348.42,16.2131
13869,13924,65277.4,5076.04,5172,64320.1,5648.32,12680.5,16.2202
15327.6,15178,66182.2,7305.12,7166,66808.3,6056.44,11388,16.2202
7517.25,7625,64609.9,3654.84,3709,64579,3651.04,8351.46,16.2202
8202.35,7509,71587.3,4748.48,4513,68955.6,9416.4,19635.7,16.2212
11807.9,11491,67343.4,4936.96,4899,66043.8,6066.32,10828,16.2232
5240.3,5105,67272.9,2506.48,2469,66530.9,9606.4,11998.7,16.2283
38332.4,27213,92314.5,36039.2,27577,85646.2,25209.2,28271.9,16.2324
20784.4,16208,84040.4,18087.2,15968,74233.8,6203.12,18974.3,16.2334
14535.9,13995,68069.2,7244.32,7403,64131.3,5331.4,11475.4,16.2334
6191.25,6081,66724.2,3099.28,3093,65669.1,6488.88,11466.8,16.2344
13996.4,13645,67224,6866.6,7033,63985.4,3976.32,10831.1,16.2354
16889.6,15064,73478.3,11270,10456,70638.2,10490.3,22219.1,16.2364
11774.8,11400,67690.4,6561.08,6524,65908.5,3705.76,9170.46,16.2364
7968.35,7657,68200.8,3508.92,3469,66290.2,5172.56,10719.5,16.2385
15789.8,15737,65755.9,7282.32,7385,64624.8,12098.4,18830.8,16.2385
34837.4,30240,75499.5,22492.2,20096,73350.4,5583.72,12244.4,16.2385
13814.4,13689,66136.6,6631.76,6713,64742.9,6149.92,14357.5,16.2405
11831.9,11221,69104.2,6542.84,6305,68008.2,2060.36,6342.96,16.2415
14154.4,13288,69809.1,5937.12,5836,66671.5,3726.28,10608,16.2415
10608.6,10011,69448.5,4227.12,4127,67125.9,10703.1,17108.5,16.2425
18779.8,15088,81571.6,28212.7,26900,68734.1,7398.6,17538.3,16.2425
8304.4,8017,67885.4,3583.4,3649,64357.8,2910.8,7669.74,16.2435
22023.3,17729,81410.1,17441.2,15573,73398.1,12549.1,24794.6,16.2435
10628.1,10475,66494.2,5468.2,5503,65121.6,9022.72,15017.3,16.2445
7215,6885,68677.2,2979.2,2961,65938.8,2204.76,4648.8,16.2456
41197,29574,91292.6,40104.4,30006,87592,8630.56,14373.1,16.2456
11922.9,11949,65393.1,4959,5065,64164.5,8667.04,13642.2,16.2466
21387.6,17009,82406.8,18851,16081,76824.9,12149.4,18362.8,16.2466
28084.5,22248,82728.7,14349.6,11964,78603.5,10098.9,19333.1,16.2466
6858.8,7297,61600.4,3139.56,3153,65256.6,2258.72,5770.44,16.2537
6128.2,6392,62831.3,2952.6,3048,63484.8,2086.96,6144.06,16.2557
5863,5964,64426.2,2747.4,2760,65236.8,8459.56,10820.2,16.2567
11643.4,11957,63817.4,5465.16,5541,64639,2852.28,10494.1,16.2587
12294.1,12700,63441.4,5000.8,5052,64871.8,8331.12,17443.9,16.2597
47141.3,32061,96361.6,39333.8,28365,90878.9,6507.12,9913.02,16.2618
6846.45,6701,66958.5,3062.8,2973,67515.5,8347.84,13620.4,16.2638
14915.5,14968,65306.4,6288.24,6364,64755.8,7066.48,15537.6,16.2648
7985.25,8457,61880.3,2506.48,2557,64241.2,9181.56,23082.5,16.2658
12366.9,12489,64895.3,4146.56,3993,68056.3,5257.68,12123.5,16.2709
17852.3,17641,66320.8,7690.44,7501,67191.1,6635.56,11944.1,16.2719
10106.8,9808,67532.9,7091.56,6720,69159.6,3840.28,11512.8,16.276
13213.8,11897,72790,9509.12,8729,71393,20985.1,39159.1,16.277
14829.1,14784,65735.9,4584.32,4580,65597.8,6866.6,14873.8,16.278
7970.3,8201,63692.4,3215.56,3162,66646.1,3000.48,8426.34,16.281
13079.3,13194,64966.3,5549.52,5552,65506.7,3802.28,11716.4,16.2831
37861.8,27976,88694.4,29899.9,23192,84491.3,32986.3,50652.4,16.2841
14522.9,15101,63027.4,6680.4,6809,64298.2,3365.28,10618.1,16.2841
23710,17105,90842.5,22919.3,18213,82470.8,17061.2,19792.5,16.2851
16374.1,15900,67490.3,8833.48,8588,67409.3,4892.88,13383.2,16.2901
12936.3,12577,67408.2,6143.08,5845,68878.2,2948.8,9137.7,16.2912
17013.1,16625,67065.9,6935.76,6801,66834.6,25904.6,25728.3,16.2912
12320.1,12833,62916.7,5814,5793,65773.6,5458.32,11161.8,16.2932
15301,15224,65867.5,7736.04,7612,66603.9,4645.12,9751.56,16.2932
22455.5,18332,80277.5,19740.2,16376,78999.5,13522.7,23799.4,16.2932
14754.3,14350,67382.6,13549.3,12846,69123.9,4174.68,10744.5,16.2942
5092.1,5621,59369.5,3073.44,3077,65460.2,6396.16,12029.2,16.2952
10485.8,9812,70036.4,6172.72,5760,70231.8,3673.08,8648.64,16.3013
12597.6,12513,65979.3,6363.48,6353,65644.1,6976.8,17332.4,16.3033
17904.3,14261,82278.4,17440.5,14305,79900.7,21222.2,24884.3,16.3043
9465.95,9694,63994.3,3699.68,3578,67764.7,2823.4,7558.2,16.3043
10519.6,10565,65254.4,5100.36,5045,66255.1,5503.92,13416,16.3053
11046.1,11441,63273.9,4803.2,4789,65730.3,2704.84,9588.54,16.3053
27485.2,20948,85987.8,19958.4,16368,79911.5,2399.32,148.98,16.3084
12393.5,12476,65102.9,5639.96,5660,65304,2322.56,7519.2,16.3094
9174.75,8385,71708.6,9266.68,8773,69223.9,5120.12,11968.3,16.3094
18513.9,17149,70752.2,14528.9,13613,69945.4,12880.5,18156.8,16.3104
7429.5,7664,63530.8,3500.56,3524,65100.1,5301.76,10714.9,16.3114
11477.7,11717,64197.5,4888.32,4949,64732.5,5750.16,13735.8,16.3114
9161.75,9236,65009.1,3448.88,3440,65705.2,3016.44,8375.64,16.3114
5287.1,5757,60186.8,2888,2969,63748.1,2964,5068.44,16.3135
14766,14752,65598.4,4807.76,4756,66249.2,7581.76,13603.2,16.3145
5701.8,5684,65741.2,3470.92,3424,66434.1,8774.2,14342.6,16.3165
5348.2,5553,63119,4370,4309,66463.8,5518.36,10236.7,16.3175
8226.4,8681,62104.1,2446.44,2509,63901.9,10554.9,15369.9,16.3195
20677.1,15340,88337.5,22923.1,18952,79268.1,8205.72,13863.7,16.3216
10260.9,10473,64208.8,4026.48,4009,65821.8,3252.04,9001.98,16.3226
13365.3,13580,64499.9,6346.76,6460,64387.2,3394.92,10628.3,16.3226
12827.1,12876,65287.1,7554.4,7624,64937.7,5123.16,12297.5,16.3236
14077.7,14158,65164.3,6590.72,6606,65384.4,2327.88,7626.84,16.3266
7138.95,7289,64186.9,3483.84,3449,66198,8319.72,13343.5,16.3266
10522.8,10757,64109.5,4292.48,4433,63458.6,6627.2,14334.8,16.3287
9837.1,10033,64256.4,5962.2,6065,64425.2,2707.88,6983.34,16.3287
11889.8,12048,64675.5,5140.64,5184,64987.8,3184.4,9795.24,16.3287
14158.3,11771,78827.5,12500.5,10991,74536.6,16918.4,27754.7,16.3297
5405.4,5429,65251.1,2048.2,2129,63048.8,12330.2,12782.6,16.3307
18598.4,15164,80379.1,13349.4,11788,74216.7,5465.16,13566.5,16.3327
12977.9,13045,65198.9,6365.76,6277,66462.7,2495.84,8682.18,16.3337
4728.1,5053,61322.1,2533.84,2553,65044.2,7910.84,10482.4,16.3337
5003.05,5508,59527.9,3062.04,3168,63344,6916.76,17714.6,16.3347
14209.6,13747,67741.6,10065.4,9155,72053.4,14820,24187.8,16.3347
6236.1,6585,62063.6,3049.12,3049,65538.6,8664,13015.1,16.3358
19026.8,11304,110310,7781.64,4188,121771,8865.4,18759.8,16.3368
10301.2,10620,63568.7,5318.48,5272,66113.8,4486.28,11914.5,16.3408
8505.9,8361,66671.8,6741.96,6413,68897.7,15884.8,22712.8,16.3418
13928.8,14085,64809.5,6216.04,6245,65232.1,3192,9831.12,16.3439
5569.2,5786,63080.4,3468.64,3486,65209.6,11131,12696.8,16.3459
11121.5,11372,64092.4,4160.24,4136,65920.1,5028.16,11663.3,16.3459
14734.8,14848,65036.6,9521.28,9572,65188.7,2095.32,4171.44,16.3469
25379.9,21853,76113,20051.1,17177,76501.6,29273.7,42759.6,16.3479
12105.6,12112,65501.4,5289.6,5364,64627,17340.2,21060,16.3479
23323.9,18573,82300,17219.3,15017,75147.2,5510,12216.4,16.3499
4897.1,5258,61037.7,2652.4,2736,63533.5,4615.48,8891.22,16.353
11934,12206,64075.6,3864.6,4010,63159.7,2711.68,9526.92,16.3601
10321.3,10264,65902.2,5201.44,5064,67314.7,4718.08,10690.7,16.3611
15044.9,15068,65435.5,5719,5784,64799.5,4452.84,13516.6,16.3611
12899.9,12936,65353.1,4801.68,4872,64590.1,9645.92,16103.9,16.3641
9330.75,9376,65219.7,3711.08,3728,65238.6,10419.6,12864.5,16.3652
7186.4,7396,63678.7,3713.36,3796,64109.3,2096.08,5558.28,16.3722
11555.7,11736,64529.2,5789.68,5880,64529.3,2859.88,8569.08,16.3733
12659.4,12632,65678.1,5360.28,5244,66989.2,4745.44,10933.3,16.3733
6631.95,6820,63729,3421.52,3396,66028.5,3458.76,7208.76,16.3743
11026.6,10772,67085,5880.88,5588,68970.9,12635,20769.1,16.3763
9913.15,9893,65669.5,3794.68,3909,63619.4,14877.8,19281.6,16.3773
14415,13549,69725.1,9867.84,9357,69113.9,7701.84,12781.9,16.3783
16545.8,16645,65145.2,7923,8117,63969.7,2274.68,8432.58,16.3814
15024.7,15197,64793.2,6091.4,6089,65561.8,13010.4,21577.1,16.3814
15184,14859,66969.4,8833.48,8811,65703.2,13313.7,14804.4,16.3844
12979.8,12968,65595.9,6194,6136,66155.5,5651.36,13285,16.3854
8353.8,8488,64499.8,4211.16,4104,67247.2,3257.36,8562.84,16.3895
12988.9,13204,64468.6,5249.32,5216,65954.6,9097.2,17647.5,16.3905
6906.25,7249,62437.3,2561.96,2513,66812.8,3606.2,7951.32,16.3915
11421.1,11554,64782.5,4614.72,4502,67176.9,3774.16,10758.5,16.3925
14682.8,14739,65286.3,7018.6,7059,65160.9,2348.4,7198.62,16.3945
8268,7916,68450.2,7031.52,6539,70472.2,5709.12,12308.4,16.3956
9311.9,9624,63410.7,3062.04,3004,66802.2,3470.16,7186.14,16.4016
13323.7,13807,63242,6153.72,6171,65352.5,5904.44,13046.3,16.4016
16215.5,15537,68398.2,10985.8,10405,69194.2,2891.04,7612.02,16.4037
8295.95,8659,62788.2,3359.96,3399,64783.3,3216.32,10200.1,16.4057
11330.1,11472,64725.7,5833.76,5728,66746,3548.44,10033.1,16.4067
11052.6,11064,65468.5,4754.56,4844,64325.9,4611.68,11837.3,16.4097
12085.4,11593,68319.9,6512.44,6221,68606.2,2609.84,8162.7,16.4128
21177,18384,75492.6,16322.5,14612,73207.8,9340.4,17814.4,16.4138
10086,10041,65830,5047.16,4973,66513.3,11273.8,18330.8,16.4148
9675.9,9496,66777.6,6961.6,6840,66701.1,8915.56,17620.2,16.4158
12202.4,11953,66903.7,7492.08,7381,66522.3,4184.56,11227.3,16.4168
12703.6,12460,66817.3,5434,5436,65511.9,3091.68,8250.06,16.4179
8019.7,8316,63200.9,3945.16,4028,64188.2,2736,6958.38,16.4199
13002.6,13047,65313,3860.04,3859,65553.7,3606.2,9455.16,16.4199
6665.75,6836,63903.8,2920.68,2820,67875.8,8060.56,11813.1,16.4209
5632.9,5788,63779.8,2757.28,2712,66630.2,7140.96,10788.2,16.4229
15250.9,13643,73260,11161.4,10367,70557.6,5810.96,15390.2,16.427
18706.3,17689,69305.2,7773.28,7401,68832.6,11146.9,18706.7,16.431
28613,23868,78564.7,23620.8,20568,75263.2,4946.84,10869.3,16.431
12010,11688,67341.8,7619.76,7400,67482.2,21942.7,27130.7,16.432
15550.6,15515,65686.4,6593,6683,64653.4,5953.08,13012.7,16.4331
16377.4,13918,77116.6,12736.8,10938,76313.9,6292.04,15445.6,16.4412
27062.1,20565,86240.8,22010.4,17189,83918.3,1950.16,258.96,16.4412
13482.9,13392,65981.1,5106.44,5188,64505.7,9359.4,15859,16.4422
17061.2,16324,68495.6,11121.1,11156,65330.9,4366.2,7399.86,16.4432
11022.7,10824,66739.1,6320.92,6248,66300.9,3224.68,8924.76,16.4462
8526.7,8412,66429.6,3271.8,3240,66179.2,7476.88,12218.7,16.4493
13133.3,12900,66721,5243.24,5236,65626.6,2973.12,8676.72,16.4503
11963.3,12040,65118.2,5988.8,6060,64766,3984.68,8654.88,16.4533
11895,11852,65773.8,4577.48,4664,64320.3,10489.5,15620.3,16.4564
35576.4,28225,82605.4,30324,25941,76609,2667.6,515.58,16.4584
21654.1,13360,106222,9755.36,5892,108508,30980.6,40155.2,16.4584
15396.5,15245,66187.5,6240.36,6313,64781.9,2131.04,7165.08,16.4604
12981.8,12973,65580.5,5707.6,5805,64436.4,3369.84,9512.1,16.4604
20257.9,16476,80579.1,17600.1,14924,77287.5,6665.2,14975.2,16.4614
12326.6,12344,65443.6,5332.92,5352,65302.4,3297.64,8260.98,16.4655
11484.2,11764,63977.3,4277.28,4404,63650.3,4020.4,9354.54,16.4675
13822.2,13863,65343.4,5220.44,5303,64515.7,4692.24,12113.4,16.4675
11620.7,11560,65880.1,5116.32,5004,67007,3135.76,7355.4,16.4685
8724.95,8977,63695.9,2585.52,2641,64159.3,5586.76,10625.2,16.4695
6959.55,7045,64741.1,3141.84,3217,64004.9,2201.72,7305.48,16.4716
5224.7,5454,62780.7,1386.24,1438,63177.1,4275.76,7840.56,16.4726
19526.6,19068,67112.4,7359.08,7388,65279.5,3542.36,9629.88,16.4736
6159.4,6378,63289.8,3391.12,3406,65249.7,3981.64,8721.96,16.4736
16581.5,16285,66729.2,9771.32,9885,64782.3,3885.12,7123.74,16.4746
12851.8,12829,65652.5,5431.72,5437,65472.4,2542.96,7943.52,16.4746
11725.3,11437,67188.3,5623.24,5497,67041,6158.28,13280.3,16.4746
29635.4,25432,76367.9,20160.5,18012,73353.3,8512,17332.4,16.4817
7092.8,7437,62502.9,3054.44,3177,63007.8,7995.96,13513.5,16.4817
12211.5,12193,65635.7,7031.52,6949,66314.2,5672.64,12335.7,16.4827
14028.9,13367,68781.4,9581.32,9479,66243.4,9611.72,15181.9,16.4848
19749.6,15726,82303.8,14857.2,13114,74247.7,4155.68,9898.98,16.4848
18525.6,13927,87175.8,18082.7,14775,80207.5,11112,15995.5,16.4868
9395.75,9301,66203.6,4417.88,4277,67694.7,2160.68,7679.1,16.4878
9060.35,9288,63929.7,4547.08,4696,63457.7,4783.44,11142.3,16.4878
10136.1,10132,65562.5,4081.96,4112,65057.2,6925.88,15132,16.4888
10841.3,9869,71993,8921.64,8365,69897,6229.72,11564.3,16.4888
15187.2,14925,66687.5,4949.12,4925,65857,7609.88,14508,16.4888
5133.7,5330,63122.4,2219.2,2226,65335.8,2351.44,6472.44,16.4888
12349.3,11916,67919.4,4005.2,3896,67372.9,2353.72,7044.96,16.4929
8910.85,8858,65927,3564.4,3662,63789.3,9149.64,14851.2,16.4949
17888.6,17742,66077.7,7270.92,7178,66384.4,4597.24,9885.72,16.4949
9431.5,9531,64851.8,6965.4,6767,67457.4,5505.44,11338.9,16.4969
16583.4,16589,65514.1,7916.16,7913,65562.2,11040.5,15463.5,16.4979
9078.55,9033,65866.5,5779.04,5673,66761,5566.24,13094.6,16.4989
22818.3,19448,76893.1,15708.4,13340,77171.5,2609.84,7281.3,16.501
10074.3,10200,64728.7,6188.68,5944,68233.7,3569.72,8317.92,16.502
4724.85,5011,61793.6,2604.52,2595,65776.4,4831.32,9354.54,16.502
9720.1,9846,64698,6415.16,6150,68361.6,3182.88,9012.9,16.504
8454.55,8880,62396.1,3570.48,3616,64711,3103.08,8246.94,16.505
12666.5,12686,65435.5,5553.32,5486,66340.2,3713.36,10853.7,16.5081
12978.5,13133,64765.3,4225.6,4265,64930.6,2227.56,7653.36,16.5101
10218,10286,65102.7,2507.24,2542,64639.8,9810.84,14526.7,16.5101
8236.8,8504,63476.8,2917.64,2972,64337.3,13742.3,18212.2,16.5121
10881.6,10808,65982.6,6157.52,6232,64752.8,16365.1,20987.5,16.5141
13982.1,14025,65335.8,7427.48,7469,65171.7,3239.88,8487.18,16.5162
13808.6,13708,66017,7457.88,7596,64344.3,5688.6,13597,16.5172
20654.4,16757,80778.6,20227.4,17829,74352.1,6565.64,13942.5,16.5192
7755.8,7944,63983.4,3703.48,3752,64688.5,2324.08,7367.1,16.5192
5096,5064,65950.1,3084.08,3016,67015.3,3418.48,7250.88,16.5192
13035.8,13110,65164.8,4876.16,4998,63938.4,6111.16,12685.1,16.5192
16432.6,15441,69744.8,12825.8,12113,69392.3,3967.2,9033.18,16.5202
6568.25,6697,64276.1,3143.36,3225,63877,5616.4,9722.7,16.5202
8633.95,8697,65060.9,3294.6,3305,65329.8,2494.32,6750.9,16.5223
7340.45,7529,63894.8,3263.44,3325,64322.6,14149.7,17055.5,16.5233
12233,11736,68311.3,4997,4984,65706.9,3530.96,10282.7,16.5263
9439.3,9348,66176.1,3555.28,3636,64081.1,4494.64,9862.32,16.5263
14276.6,13532,69142.1,6297.36,6168,66910.5,11018.5,16501.7,16.5273
10013.9,9319,70422.9,6035.92,5559,71158.5,19788.1,23877.4,16.5294
17810,16844,69294.5,8910.24,8652,67492.1,5085.16,10485.5,16.5304
22519.9,17956,82193.4,16310.4,14304,74728.4,2553.6,4514.64,16.5324
16097.2,15476,68166.8,6072.4,5972,66637.8,3305.24,9383.4,16.5334
15403,14994,67323.9,5367.88,5222,67366.8,3080.28,9573.72,16.5344
5502.25,5550,64972.2,2672.92,2618,66910.8,3325.76,7172.88,16.5344
18176.6,17747,67122.4,8553.04,8455,66295.9,2473.8,6245.46,16.5354
13697.4,13801,65044.3,5459.08,5513,64895,3337.16,10020.7,16.5364
12485.2,12579,65047.3,5949.28,5907,66005.1,7403.16,15043.1,16.5375
5610.8,5961,61685.9,2396.28,2461,63812.5,3543.12,8037.12,16.5375
23181.6,20815,72987.2,19846.6,18047,72071.2,6665.2,8713.38,16.5395
9774.7,9979,64194.3,6659.88,6639,65742.1,5332.16,12874.7,16.5405
12793.9,12960,64696.3,6797.44,6932,64263.9,3496.76,8587.8,16.5425
14610.7,14505,66013.6,5186.24,5325,63828.3,3501.32,9388.08,16.5446
8342.1,8320,65710.1,4186.08,4304,63740.5,10162.7,14010.4,16.5456
10685.3,10536,66465,7722.36,7260,69709.7,2891.04,6913.92,16.5466
9710.35,9885,64378.1,4127.56,4141,65323.3,5798.8,11222.6,16.5466
12843.3,12709,66228.8,6140.8,6101,65963.5,3652.56,10154.8,16.5516
13391.9,13184,66569.7,7311.96,7124,67265.1,4476.4,8635.38,16.5516
26632.4,21616,80745,21124.2,17940,77168.1,19589.8,34911.2,16.5527
21893.9,16229,88412.2,17119.8,13925,80571.7,19445.4,27465.4,16.5527
13445.9,13124,67143.4,9489.36,9216,67479.9,5269.84,12802.9,16.5557
15314,15300,65596,6981.36,7044,64953.2,5284.28,14503.3,16.5577
15247,14908,67026.5,8622.96,8316,67955.1,2415.28,4086.42,16.5577
12676.3,12348,67278.4,8108.44,7772,68373,5495.56,9771.84,16.5577
12253.1,11696,68657.9,5561.68,5380,67749.1,3511.96,10558.1,16.5598
10684,10628,65881.6,4696.04,4608,66788.1,6928.16,14339.5,16.5608
13963.3,13673,66927.4,5673.4,5561,66860.6,2599.96,8656.44,16.5618
11498.5,10910,69071.1,8921.64,8138,71846.7,5790.44,15026.7,16.5638
5586.75,5998,61042.6,3045.32,3162,63117.7,2694.96,7675.98,16.5638
8376.55,8844,62072.1,5027.4,5096,64653.8,12571.2,18878.3,16.5679
5972.85,6172,63421.4,2457.08,2504,64308,7985.32,17184.2,16.576
10309,10256,65874.7,4417.88,4368,66284.4,6188.68,12820.1,16.576
13978.2,13984,65509.1,5377.76,5396,65314.5,4860.96,10172.8,16.579
12276.5,10531,76398.8,11959.4,11203,69960.6,12556,20148.2,16.58
10892,10812,66021.2,5538.12,5608,64719.4,6694.08,11846.6,16.58
9993.1,10228,64030.9,3900.32,3856,66289.3,2920.68,8931,16.581
13386.7,13648,64281.5,5462.88,5556,64437.6,4012.04,9672.78,16.5831
7130.5,7512,62207.7,2997.44,3096,63449.7,2590.08,7379.58,16.5841
13143.6,12997,66275.5,5828.44,5873,65038.8,3987.72,9540.18,16.5851
8147.75,8189,65205.9,3598.6,3545,66526.9,3772.64,9424.74,16.5871
18081,17449,67909.9,10351.2,10025,67668.5,2584,8523.84,16.5881
14798.5,14972,64776.8,7399.36,7436,65213.1,3448.12,11363.8,16.5891
12269.4,11976,67141.6,4610.16,4776,63260.4,12685.2,20491.4,16.5932
7285.2,7064,67588.2,3011.88,2968,66504.9,8275.64,12690.6,16.5932
12975.9,13008,65374.5,5967.52,6052,64621.2,6260.88,12256.9,16.5973
5404.1,5559,63709.9,3328.04,3315,65793.8,3420,7718.1,16.5973
13715.6,13878,64769.3,5304.04,5414,64204.9,3603.16,10833.4,16.6044
11739.6,11356,67750.1,7184.28,6792,69321.1,2531.56,6459.18,16.6074
8281.65,8292,65454.2,3114.48,3120,65420.1,5397.52,11235.1,16.6084
9638.2,9937,63565.4,4093.36,4177,64223.7,2127.24,5722.86,16.6094
19590.3,18604,69010.6,10497.9,10380,66280.3,7843.96,15422.9,16.6094
6660.55,6861,63621.3,2541.44,2589,64332.1,3448.88,7953.66,16.6125
13225.5,13714,63201.8,4828.28,5010,63158.9,7236.72,15327.8,16.6165
16157,16018,66104.9,5982.72,6086,64423.8,3533.24,11082.2,16.6206
6809.4,7076,63066.8,2147.76,2228,63175.8,5795,10503.5,16.6226
14160.9,13984,66365,5371.68,5348,65826.2,2383.36,7991.88,16.6236
17133.3,16808,66804.6,8942.92,8840,66299,3547.68,11923.1,16.6236
12906.4,12784,66163.5,6409.08,6432,65302.5,3612.28,11731.2,16.6256
12977.3,12736,66777.4,5690.12,5744,64921.3,3117.52,8737.56,16.6277
10294,10180,66270.2,4138.2,4192,64694.9,3429.88,9669.66,16.6277
14342.2,12423,75660.8,10690.9,9911,70693.2,4901.24,14933.1,16.6277
8636.55,8856,63912,4122.24,4188,64507,8811.44,15522.8,16.6297
7903.35,8349,62037.8,3264.2,3369,63497.4,3830.4,8842.08,16.6337
14879.8,14420,67625.7,8150.24,7764,68796.3,2419.08,6878.04,16.6348
11653.2,11876,64306.5,6189.44,6224,65172.1,6159.04,14269.3,16.6358
15525.2,15316,66431.4,8891.24,8464,68844.1,5788.92,13708.5,16.6358
12754.3,13144,63593,5245.52,5276,65157.4,5510.76,13171.1,16.6368
17617.6,14789,78070.7,13409.4,11717,75002.2,7714.76,17674,16.6378
18799.3,15621,78870.2,14440.8,12693,74560,3809.88,11001.1,16.6419
9106.5,8568,69654.9,7291.44,6856,69698.3,5648.32,11630.6,16.6419
18092.1,14736,80461.7,16561.2,14416,75288,23774.3,34464.3,16.6439
6265.35,6704,61247.9,2755.76,2768,65246.2,9443,11982.4,16.6439
12808.3,12873,65206.4,5214.36,5161,66213.6,8906.44,14649.2,16.6439
5967,5888,66415.3,3353.12,3328,66030.7,8719.48,14192.1,16.6439
17926.3,15709,74786.5,16645.5,15001,72720.5,2533.84,5859.36,16.6449
9782.5,9404,68173.8,6732.08,6284,70209,8906.44,17504.8,16.6479
11272.3,11536,64037.9,4987.88,4944,66117.7,7174.4,14518.1,16.6479
10030.1,9340,70378.6,8922.4,8476,68987.5,7142.48,15694.4,16.65
14743.9,14741,65549.1,6688.76,6529,67139.6,7963.28,15313.7,16.653
32611.1,27544,77592.4,24914.3,21436,76170.2,30619.6,54071.9,16.655
13525.2,13520,65561.2,8029.4,8132,64709.1,2482.16,6080.1,16.656
15525.2,15382,66146.3,7251.16,7346,64689.9,10684.1,19227.8,16.6591
6535.75,6748,63474.6,3550.72,3560,65365.2,5982.72,12319.3,16.6591
9937.85,9756,66757.6,5605.76,5544,66266.1,6507.88,13341.1,16.6611
11507.6,11837,63712.3,4810.04,4925,64006.3,3201.12,8068.32,16.6652
21583.3,17745,79711.5,13002.8,11237,75834.7,4267.4,10870.1,16.6662
8566.35,8848,63449.9,3692.08,3728,64904.5,3509.68,9243,16.6682
17092.4,16363,68457.3,12530.9,11937,68796.5,11196.3,12460.5,16.6692
15213.9,15530,64202.1,3472.44,3566,63816.5,8083.36,14796.6,16.6692
14150.5,13561,68384.9,8556.08,7977,70293.5,20251,25486.5,16.6723
13518.7,13261,66809.6,5208.28,5161,66136.4,4585.84,12245.2,16.6743
24022,19144,82235.1,14583.6,11868,80532,2197.16,3113.76,16.6763
11906.7,11620,67153,6045.04,5684,69698.8,8486.92,13519.7,16.6773
14130.3,14108,65639.8,5779.8,5832,64949.4,3461.04,8342.1,16.6783
7521.8,7809,63125.7,2847.72,2897,64421.2,9329,13239.7,16.6794
10511.1,10632,64791.1,4815.36,4956,63676.2,3305.24,11051,16.6794
23606,23104,66960.1,7764.92,7604,66922.9,5791.96,10834.2,16.6824
13965.9,14156,64655.9,4836.64,4904,64635.8,13145,20075.6,16.6824
6927.05,7117,63786.9,3264.2,3209,66663.3,3421.52,8492.64,16.6824
21692.4,21092,67401.7,9305.44,9376,65042.8,9505.32,26646.4,16.6824
20664.1,18245,74225.6,14680.2,12885,74666.6,31758.1,39672.4,16.6844
5361.85,5674,61930.6,2046.68,2138,62736.8,2902.44,7260.24,16.6854
36186.8,30073,78859.4,30127.2,26333,74978.7,4173.16,6704.1,16.6875
9249.5,9261,65454.6,3652.56,3625,66034.3,6607.44,13478.4,16.6875
7108.4,7029,66276.3,2386.4,2421,64599.4,4719.6,9551.88,16.6956
11991.8,11929,65881.3,7381.12,7049,68623.8,3857,8744.58,16.6976
9442.55,9573,64642.9,4410.28,4357,66337.4,7247.36,14433.1,16.7017
6492.2,6672,63769.9,3535.52,3568,64939.4,4014.32,7284.42,16.7037
13279.5,13384,65024.3,5239.44,5272,65131.3,8879.08,14398,16.7047
11033.8,10993,65778.9,2248.84,2273,64839.4,3524.88,8982.48,16.7067
10712,10569,66422.7,4654.24,4685,65105.7,16342.3,19380.7,16.7077
10906.3,11024,64836.6,4969.64,5012,64982.1,11826.4,15038.4,16.7077
6256.25,6364,64426.4,3560.6,3672,63547.8,4308.44,7290.66,16.7088
8438.3,8616,64184.4,3209.48,3276,64205.3,4109.32,8530.08,16.7088
14717.9,14388,67038.9,4733.28,4644,66795.9,3576.56,10898.9,16.7108
11870.3,11837,65720.4,4491.6,4425,66522.4,10880.9,15637.4,16.7118
14541.1,14151,67342.9,5801.84,5859,64896.6,9658.84,17986.8,16.7118
14563.2,14277,66850,5163.44,5093,66442.4,3365.28,9969.18,16.7148
6463.6,6404,66145.9,3340.96,3264,67081.2,2521.68,6048.9,16.7158
13128.7,12753,67466.7,6512.44,6293,67821.3,5363.32,12216.4,16.7179
16295.5,15629,68330.8,9786.52,9821,65305.9,4851.84,10106.5,16.7179
13325,13184,66236.9,6605.92,6688,64731.7,5930.28,12626.6,16.7209
15406.3,15169,66561.2,8801.56,8789,65629.7,2192.6,8635.38,16.7229
13603.8,12025,74140.7,8929.24,8089,72343.5,6576.28,13318.5,16.724
18155.8,16808,70791.2,13313.7,12028,72541.2,17297.6,22294.7,16.728
14883,14713,66293.5,8258.16,8173,66218.9,5490.24,9801.48,16.729
10655.4,10677,65403.7,4746.2,4689,66335.5,3862.32,10164.2,16.7311
6010.55,6161,63935.6,2345.36,2369,64882,5158.12,7576.14,16.7311
8897.85,8948,65168.7,4015.08,3920,67125.6,10295,16045.4,16.7321
7365.8,7496,64397.7,4579.76,4572,65647.2,3357.68,8765.64,16.7321
11089.6,11068,65664.2,6447.84,6328,66777.1,5880.88,13455.8,16.7331
22798.8,19322,77328.4,12119.7,10622,74776.7,6574.76,18876,16.7361
11006.4,11382,63373.6,5201.44,5270,64683.4,6726,13692.1,16.7361
9875.45,9485,68233.8,3762.76,3641,67727.6,8958.12,16122.6,16.7371
18539.9,18061,67273.9,9032.6,8669,68284.7,6795.16,11056.5,16.7371
9275.5,9451,64319,5794.24,5627,67483.8,3690.56,9131.46,16.7381
11830.6,11722,66143.4,4446,4378,66553.9,4275,10718.8,16.7392
10609.9,9397,73995.3,6884.84,6149,73378.6,22663.2,33550.1,16.7402
5047.25,5215,63427.9,1925.08,2005,62923.7,6777.68,11145.4,16.7412
14373.4,14193,66369.2,6624.92,6593,65853.3,4350.24,12299.8,16.7422
14836.2,15000,64820.6,6864.32,6936,64858.7,2844.68,9610.38,16.7422
9209.2,9125,66140.7,4090.32,4149,64609.1,4791.04,11388,16.7442
10102.3,10024,66047.9,5858.84,5832,65837.6,6715.36,14327,16.7452
6184.75,6625,61181,2853.04,2965,63061.3,2847.72,7312.5,16.7463
9669.4,9372,67615.6,6504.08,6316,67487.5,23006.7,26443.6,16.7483
12874.5,12720,66332.3,7359.08,7328,65814,10735.8,19305,16.7483
16870.8,16621,66520.8,11420.5,11421,65533.2,11161.4,16480.6,16.7493
11471.2,11648,64541.3,4864.76,4976,64070.9,5025.88,10271,16.7513
12943.4,12912,65695.6,6298.88,6304,65482.8,3397.2,9545.64,16.7564
7876.05,7969,64771.6,3549.96,3621,64250.3,2603,6835.92,16.7574
10305.8,9909,68160,6187.92,5957,68076.5,9917.24,19920.4,16.7584
14792.7,14807,65472.7,4034.84,4071,64953.9,2079.36,7095.66,16.7584
9639.5,9496,66526.4,6330.8,6168,67265.8,5444.64,13243.6,16.7594
14526.2,14505,65631.8,5370.16,5481,64210.7,3386.56,10657.1,16.7615
14839.5,14666,66311.3,8266.52,8350,64880.8,5539.64,10585.4,16.7615
11719.5,11792,65133.1,5140.64,5024,67057.5,7607.6,14173.4,16.7635
8882.9,9101,63965.5,4317.56,4441,63714.4,7245.08,12653.9,16.7645
11332.8,11352,65424.9,8844.12,8776,66044.7,7534.64,12193.7,16.7645
14435.8,14360,65882.2,8288.56,8220,66082.6,3663.96,6062.94,16.7665
14452.1,14573,64992.3,6782.24,6829,65087.3,2837.08,9333.48,16.7675
12788.8,12890,65021.2,5816.28,5742,66383.8,2340.04,7877.22,16.7675
5024.5,5440,60530.4,2661.52,2708,64411.1,3546.16,7615.92,16.7686
22345.7,18236,80305.3,14535.8,12744,74750.1,6870.4,13126.6,16.7746
7820.8,8412,60930.1,2907.76,2952,64553.9,2135.6,6817.98,16.7767
11542.7,11773,64254,4849.56,4877,65167.3,10493.3,16720.1,16.7777
30727.4,19857,101413,14956,10309,95078,2298.24,6243.9,16.7797
19218.5,14492,86910.5,19098.8,15212,82281,28256,39383.8,16.7807
24363.3,17957,88916.5,24044.1,18369,85783.4,28143.6,41528.8,16.7807
15065.7,15128,65266.1,8455.76,8476,65379.5,2229.08,8931,16.7827
8221.85,8508,63331.8,6042.76,5900,67121.7,5725.08,11912.9,16.7838
18486,14592,83024.8,17790.8,15444,75494.7,12347,23503.7,16.7848
6882.2,7117,63373.9,3574.28,3533,66301.7,2482.16,6612.06,16.7888
25156.3,18692,88200.5,23971.2,19744,79567.2,19981.9,31547.9,16.7909
16816.1,16701,65987.9,7645.6,7549,66374.6,2797.56,7281.3,16.7929
7789.6,8233,62006.5,1879.48,1933,63721.5,7891.84,17984.5,16.7929
17096.9,16928,66190.1,7200.24,7056,66875.7,2295.2,7569.12,16.7939
12858.9,11500,73280.4,10517.6,9512,72464.7,6390.08,20426.6,16.7959
11549.8,11895,63634.4,4353.28,4439,64270.5,3098.52,9750,16.7969
12864.1,12804,65843.9,7522.48,7232,68168.3,4854.88,10523.8,16.7979
15856.7,15960,65112,6686.48,6744,64977,2550.56,9022.26,16.7979
12043.2,12198,64704.3,4044.72,4054,65386,4004.44,11275.7,16.8
11122.8,10617,68658.2,8483.12,7977,69694.1,7086.24,13586,16.8
6967.35,7063,64648.5,3687.52,3591,67297.5,3039.24,7860.84,16.802
21225.8,17580,79126.9,14858.8,12792,76124.4,6108.88,15167.9,16.803
13429,13112,67120.4,6248.72,6076,67399,4989.4,12263.2,16.8061
6708,6853,64149.3,2827.2,2885,64223,12817.4,16669.4,16.8061
12761.4,12633,66202.4,5728.88,5821,64498.9,11428.1,13982.3,16.8071
14123.2,13756,67285.4,6697.12,6828,64279.8,2195.64,8168.16,16.8081
12605.4,12229,67553.4,7191.88,7105,66337.4,8210.28,17491.5,16.8091
20074.6,19702,66775.4,7857.64,7974,64579.7,3005.04,8005.92,16.8091
12654.2,12510,66291.4,5487.2,5514,65217.5,5160.4,13007.3,16.8101
12002.9,12124,64881.4,5212.84,5356,63784.3,5699.24,11972.2,16.8101
17232.8,16793,67252.4,7327.92,7113,67516.2,5263.76,13118.8,16.8111
5771.35,5761,65653.7,4321.36,4213,67221.6,3891.2,9032.4,16.8111
12078.9,11877,66650.3,5328.36,5233,66730.3,6134.72,13740.5,16.8121
10190,10084,66225.2,6558.8,6496,66169.6,12220,18540.6,16.8121
7077.2,7188,64525.8,3447.36,3552,63605.3,16059.6,16889.3,16.8121
10810.8,10724,66066.4,3929.96,3924,65635.5,6355.12,13423.8,16.8152
15617.5,14833,69002.3,11225.2,10561,69657.7,6228.2,10761.7,16.8152
10656.1,10661,65505.9,3341.72,3349,65393.5,6405.28,14197.6,16.8152
14765.4,13461,71886.6,10437.1,9301,73541,4376.84,13682.8,16.8233
8788.65,8189,70335,8694.4,8253,69041.1,4631.44,11147.8,16.8253
5923.45,6012,64570.7,2388.68,2428,64474.7,2154.6,4924.14,16.8253
7406.75,7422,65401.3,3467.12,3390,67026.9,3245.96,8670.48,16.8263
13683.1,13965,64213.3,2124.96,2189,63618.7,9842.76,14235.8,16.8273
7542.6,7631,64776.8,4018.12,3995,65915.3,11395.4,17718.5,16.8294
16328.6,15651,68373.5,10130,9571,69363.9,5978.92,11403.6,16.8304
12634.7,12280,67429,6725.24,6444,68396.2,2359.8,7578.48,16.8304
12506.6,12558,65268,5899.12,5866,65906,6613.52,13413.7,16.8314
20096.7,18452,71377.5,13174.6,11936,72336.7,2412.24,7671.3,16.8375
19930.9,15648,83473.6,16999.7,13504,82500.8,23588.9,32213.2,16.8415
12794.6,12513,67010.9,5701.52,5573,67047.3,8150.24,14933.1,16.8436
13974.3,13740,66653.8,7923.76,7596,68363.8,14685.5,18059.3,16.8446
5882.5,5973,64543,3221.64,3137,67304.2,3055.96,7888.92,16.8496
5021.25,5156,63823.2,2697.24,2640,66956.9,3604.68,7614.36,16.8527
15404.3,14934,67600.1,6407.56,6310,66549.3,2136.36,5732.22,16.8537
16552.9,16197,66976,5360.28,5297,66318.9,2795.28,7024.68,16.8547
17769,16792,69349.2,9342.68,8924,68610.7,12784,22386.8,16.8547
11048,10876,66572.7,4907.32,4904,65580.4,3404.8,8558.94,16.8557
7423,7164,67905.3,2669.12,2604,67174.9,7426.72,5008.38,16.8557
5441.15,5317,67066.2,2665.32,2661,65642.4,7318.8,9884.16,16.8557
7917.65,8175,63472.9,3421.52,3483,64379.2,3860.04,10025.3,16.8588
11683.8,11684,65534.6,6716.88,6384,68953.2,9950.68,14788.8,16.8608
9417.85,9685,63728.3,4435.36,4369,66531.4,4317.56,8533.98,16.8608
6028.75,5873,67274,5199.16,4981,68406.4,9901.28,17280.9,16.8628
10357.8,9876,68732.8,7181.24,6740,69826.4,4373.04,11136.1,16.8628
5628.35,5863,62913.1,3174.52,3235,64310.8,2408.44,6175.26,16.8628
21922.5,18236,78784.6,13304.6,11500,75819.8,19889.2,30324.1,16.8648
8944.65,9172,63911.5,3876.76,3936,64549.6,4442.96,10744.5,16.8648
13490.7,13397,65994.6,6342.2,6277,66216.7,3582.64,9522.24,16.8648
12687.3,12396,67076.3,6297.36,5932,69572.5,3130.44,7573.8,16.8669
27502.8,19762,91206.5,30029.9,23053,85370.2,31242.1,60544.4,16.8679
12887.5,13011,64914.2,4271.96,4323,64762.2,10159.7,17153,16.8679
17099.5,16412,68281.5,7754.28,7448,68231,5419.56,8889.66,16.8699
9240.4,9409,64361.7,4012.04,4049,64937.8,5677.2,11246.8,16.8709
5334.55,5465,63971.6,2824.92,2861,64709.5,10193.1,12196.1,16.8719
10494.9,10589,64953.6,3749.84,3773,65133.7,11733.6,18482.1,16.88
5699.2,5769,64743.1,2839.36,2889,64409.9,5070.72,9679.8,16.88
18581.5,17925,67936.4,8538.6,8321,67249.8,2725.36,10237.5,16.88
15603.2,14779,69191,7938.96,7643,68073.8,8524.92,13092.3,16.8821
16502.8,14929,72445,11435,10513,71283.3,21943.5,20609.9,16.8861
13358.8,12317,71079.2,5832.24,5725,66763.6,3453.44,10250.8,16.8892
13822.2,13213,68557.9,5851.24,5757,66608.8,11020.8,17547.7,16.8963
11275.5,11464,64458.7,4289.44,4332,64892.1,8147.96,14923,16.8973
16176.5,15733,67383.6,7334,7189,66857.8,3455.72,9002.76,16.8983
14122.5,13463,68746.6,9876.2,9607,67372.4,4203.56,8482.5,16.9003
11525.8,11120,67927.6,6104.32,5968,67033,3017.96,6740.76,16.9023
15225.6,14557,68546.1,6624.16,6461,67191,3804.56,9171.24,16.9034
18087.5,14492,81795.9,14274.3,12312,75981.3,2628.08,6406.92,16.9054
7796.75,7545,67722.7,3197.32,3177,65955.2,2979.96,6629.22,16.9054
11776.7,11545,66851.3,4765.2,4749,65759.6,5449.96,11698.4,16.9064
8321.3,8224,66311.4,3775.68,3812,64911.6,10954.6,16883.9,16.9064
13781.9,13213,68358,4015.84,3897,67534.5,3759.72,10161.1,16.9115
6048.9,6001,66059.1,3280.92,3169,67850.5,3433.68,7276.62,16.9165
8657.35,8828,64269.2,2889.52,2892,65479.8,2358.28,7110.48,16.9165
14094.6,13669,67576.5,6017.68,5749,68598.8,2151.56,6980.22,16.9175
19378.4,15752,80623.8,14732.6,12136,79558,16805.9,26611.3,16.9186
10964.2,10628,67609.1,6061.76,5696,69744.3,2838.6,8193.9,16.9196
18784.3,17800,69160.2,10347.4,10028,67623.4,2578.68,9063.6,16.9236
17408.3,16841,67743.6,9610.96,9449,66659.3,2558.16,5548.92,16.9257
5670.6,5964,62311.9,2691.16,2728,64651,2229.84,5566.08,16.9257
16911,15913,69646.4,7212.4,6925,68255.9,6472.16,14431.6,16.9287
9350.9,9277,66058.1,3969.48,3869,67238,4742.4,11703.9,16.9307
13701.3,13481,66607.2,5172.56,5017,67568.1,3515,8409.18,16.9307
13775.4,13413,67306.9,6591.48,6517,66285,3291.56,9082.32,16.9338
5517.2,5560,65031.5,2615.16,2552,67158,14491.7,16408.9,16.9378
8849.75,8977,64607,5731.16,5633,66678,11835.5,18002.4,16.9378
8336.25,7727,70703.3,4425.48,4283,67716.1,8432.96,13333.3,16.9398
15528.5,15278,66610.5,5794.24,5838,65044.8,5660.48,16667.8,16.9409
13592.1,13077,68117.7,5352.68,5345,65630.2,9213.48,16235.7,16.9419
8497.45,8021,69428.9,3544.64,3445,67431.5,7701.08,11965.2,16.9419
16914.9,15508,71481.7,7626.6,7188,69534.9,2267.08,8401.38,16.9439
9462.05,9299,66685.1,2612.88,2595,65987.6,6221.36,10679,16.949
22596.6,17852,82953.8,17021,14028,79518.5,2196.4,4124.64,16.95
10530.6,10435,66136.7,4716.56,4579,67504.8,6661.4,13434.7,16.952
10566.4,10485,66044.8,5701.52,5557,67240.4,5729.64,12447.2,16.953
14971.4,14072,69724.9,5421.84,5400,65801.1,2494.32,7178.34,16.9561
14530.1,13400,71063,6051.12,5976,66359.8,2319.52,6992.7,16.9571
30703.4,22717,88575.9,26972.4,22109,79952.2,21309.6,32961.2,16.9571
7089.55,7049,65913,3571.24,3581,65357.4,2987.56,7590.96,16.9581
8418.8,8577,64327.2,3510.44,3457,66549.1,11429.6,15286.4,16.9611
13207.3,12984,66663.4,6241.88,6136,66666.9,6802.76,13307.6,16.9611
9686.95,9524,66657.3,4283.36,4324,64920,2579.44,8158.02,16.9632
7766.2,7689,66194,3796.96,3817,65191.9,6008.56,11739.8,16.9682
10387,10326,65923.1,4284.88,4258,65949.7,6175,10563.5,16.9733
8739.25,8196,69879.9,8128.96,7492,71107.8,2717.76,8047.26,16.9733
12951.3,12616,67277.5,4591.16,4664,64512.5,6969.2,12036.2,16.9753
13611.6,13085,68173.7,6728.28,6765,65180.3,3244.44,7750.86,16.9763
5098.6,5348,62479.8,2493.56,2544,64236.6,5326.84,9345.18,16.9794
12695.1,12149,68482.1,10492.6,10005,68729.7,6862.8,12680.5,16.9804
5924.75,6169,62941.2,3953.52,3949,65611,4889.08,10819.4,16.9814
20689.5,17157,79029.4,15858.2,13781,75414,8706.56,19095.2,16.9824
8760.7,8572,66978.7,4756.08,4632,67291.6,11738.2,16054.7,16.9844
7920.9,7540,68846.7,5971.32,5856,66826.6,5076.04,11033.9,16.9875
10457.8,9861,69502.6,7991.4,7649,68469.7,4436.88,10211.8,16.9905
12592.4,12645,65263.6,5909,5845,66253.6,2452.52,8251.62,16.9926
10292.8,10773,62614.5,4072.84,4017,66447,3792.4,8803.08,16.9926
9040.2,9222,64244,5412.72,5462,64944.7,2629.6,7533.24,16.9926
21320.6,18205,76752,17252,15581,72564.5,4472.6,15472.1,16.9936
8779.55,9224,62378.2,3667,3804,63175.7,2481.4,7271.94,16.9986
14391.6,14673,64279.4,4173.16,4117,66430,7711.72,13795.9,17.0007
15512.2,15867,64070.8,8865.4,8817,65895.8,4275,8667.36,17.0017
11534.9,11699,64616.7,6751.08,6519,67869.1,4556.96,11979.2,17.0027
10297.3,11085,60879,5139.88,5133,65623.8,6893.2,15401.1,17.0027
7151.95,7409,63262.3,3823.56,3729,67197.9,4718.08,9360.78,17.0037
10669.1,11112,62923.9,7120.44,6988,66778.1,2828.72,8345.22,17.0037
9230,9985,60580.6,4227.12,4273,64832.3,3613.04,10336.6,17.0057
11824.1,12035,64387.8,4854.12,4743,67071.4,3137.28,9446.58,17.0067
15321.1,15362,65361.7,7596.96,7410,67189.5,2451,8309.34,17.0078
13263.3,13197,65865,5948.52,5753,67763.3,12777.9,17771.5,17.0108
13122.8,13168,65311.3,11530.7,10848,69660.5,4704.4,10875.5,17.0118
10427.9,10971,62292.1,5394.48,5183,68210,6223.64,14029.1,17.0128
14781.6,14698,65909,7545.28,7326,67497.6,2383.36,9034.74,17.0159
10916.8,11632,61506.2,4184.56,4180,65607.5,3467.12,11151.7,17.0159
24502.4,20145,79711.6,22147.9,18901,76794.1,7284.6,12703.9,17.0169
5380.05,6064,58144.3,3413.92,3456,64738,3745.28,8071.44,17.0189
12832.3,13126,64069.6,6821.76,6742,66311.3,5931.04,12869.2,17.0189
8406.45,8464,65090.4,3616.84,3684,64341.3,2182.72,6579.3,17.023
6132.1,6205,64766,3109.16,3069,66393.6,3910.2,7874.88,17.024
17212.6,16601,67950.6,8451.2,8153,67933,9632.24,16422.9,17.025
17873.7,14765,79334.3,14900.6,12989,75180.8,9686.96,25123.8,17.025
16697.8,13621,80339.9,14663.4,12817,74977.2,8673.88,19732.4,17.028
11660.3,11716,65224.7,6612,6112,70897.3,19010.6,28044.1,17.0321
8760.7,9145,62782,3469.4,3357,67730.3,7501.96,12742.9,17.0321
14658.1,14637,65630.7,7016.32,7037,65343.4,6843.04,14575.9,17.0331
5933.85,6674,58268,3346.28,3378,64920.6,3886.64,8145.54,17.0341
5344.95,5889,59481.5,3392.64,3381,65761.6,2045.16,5497.44,17.0351
14359.1,14825,63476.6,3708.04,3821,63598.6,3396.44,9849.06,17.0351
7354.1,7665,62877.8,6444.8,6277,67287.9,3829.64,8725.86,17.0371
10460.4,9373,73139.4,9622.36,8605,73284.3,14296.4,25474,17.0371
12853.1,11342,74267.4,11849.9,10650,72919.9,19339,21531.9,17.0371
15578.5,15410,66252.8,6540.56,6422,66745.9,2598.44,6850.74,17.0402
13267.8,13553,64156.9,5824.64,5841,65352.4,4344.16,12110.3,17.0412
12294.1,12694,63471.4,5057.04,5030,65888.3,7619,14277.1,17.0422
14165.4,14119,65751.6,6852.16,6595,68091.5,3769.6,11100.2,17.0453
12021.1,11923,66075.2,4856.4,4675,68078.9,14104.1,18662.3,17.0463
14810.2,14581,66566.4,7009.48,6737,68186.6,5331.4,12169.6,17.0473
11553.8,10945,69181.1,4862.48,4709,67672,3322.72,8164.26,17.0524
10067.8,10117,65217.6,5822.36,5685,67119.5,2913.84,7616.7,17.0554
9941.75,10325,63103.4,6287.48,6005,68618.9,15013.8,19256.6,17.0554
14532.7,11671,81605.3,15192.4,13447,74042.5,7932.88,16715.4,17.0564
5582.2,6030,60669.2,3239.88,3278,64773.9,3369.08,7525.44,17.0584
12329.8,11929,67738.2,4848.8,4813,66023.5,4892.88,9415.38,17.0594
13462.8,13192,66881.3,9516.72,9276,67236.7,2861.4,6597.24,17.0605
20183.8,20144,65665.5,10158.9,10192,65323.3,3202.64,6588.66,17.0625
11818.3,11777,65765.8,4798.64,4801,65503.8,5107.96,9010.56,17.0635
10926.5,10384,68959.9,8620.68,8036,70304.2,9277.32,12412.1,17.0655
13449.8,13141,67076,7777.08,7713,66080.5,6224.4,11078.3,17.0665
5705.05,6063,61666.9,2521.68,2603,63488.6,2054.28,6169.8,17.0686
11362,11684,63729.9,5371.68,5376,65483.3,5205.24,10831.9,17.0696
12770.5,12445,67250.4,7701.08,7549,66856.3,2080.12,6752.46,17.0736
9781.2,9879,64887.2,5715.2,5763,64992.4,5382.32,13206.2,17.0747
7762.95,7856,64759.8,3183.64,3232,64555.4,2845.44,5955.3,17.0767
20270.3,19834,66977.5,11003.3,11146,64696.8,2264.8,4323.54,17.0767
7907.25,7704,67265,4246.88,4136,67292.9,5496.32,11333.4,17.0777
10084.1,10487,63018.2,3309.04,3411,63577,3462.56,9035.52,17.0807
13065,12819,66793.7,6199.32,5879,69106.8,6525.36,14359,17.0817
17114.5,15001,74769.4,16109.7,14745,71601.7,10949.3,19403.3,17.0838
6387.55,6508,64323.1,3035.44,3132,63515.5,3847.12,8805.42,17.0848
14178.4,14263,65147.5,5114.8,5031,66627.6,3860.8,10711.7,17.0899
7020,7134,64488.7,5909,5754,67301.4,5776.76,14288,17.0899
7110.35,7364,63278.6,3344.76,3472,63134.3,2422.88,7999.68,17.0919
19760.6,18952,68332.3,10216.7,9896,67659.7,5038.04,8269.56,17.0929
26883.3,21091,83534.6,20076.9,16055,81953.4,6729.8,9597.12,17.097
6101.55,6493,61585,2810.48,2829,65107,5158.88,10411.4,17.098
12870,12385,68102.4,9229.44,8833,68477.4,6209.96,12090.8,17.1
28126.8,23079,79869.9,18466.5,15431,78427.8,21398.6,32684.3,17.1
5778.5,5985,63274.8,3002,3089,63690.2,6117.24,11635.3,17.103
7387.25,7503,64525,2966.28,3003,64734.6,5709.88,10639.2,17.1051
6596.85,6765,63907,2875.08,2877,65492.3,6217.56,10625.2,17.1071
5534.75,5664,64040.5,2568.8,2628,64059.7,2414.52,6603.48,17.1091
8485.1,8591,64728.1,3142.6,3263,63117.8,4271.2,10714.9,17.1091
12060.1,11763,67191.3,5053.24,4995,66300.1,5926.48,13054.9,17.1101
8051.55,7779,67832.2,5202.96,5059,67400.9,7213.92,13738.1,17.1101
10026.9,9772,67245.5,4835.88,4860,65210.7,4366.96,10154.8,17.1111
10019.8,9925,66161.6,5298.72,5301,65507.8,4936.96,11971.4,17.1111
23448.1,18252,84193.2,18087.2,15052,78751.4,12495.9,28828,17.1132
9961.9,9561,68284,6266.96,5945,69085.2,10145.2,16455.7,17.1132
16203.8,16317,65081.5,6120.28,6233,64350.8,5671.88,12470.6,17.1152
11122.8,11357,64184.5,4714.28,4809,64245.2,2302.04,8247.72,17.1152
14291.5,12702,73737.3,9429.32,8634,71572.9,9091.88,17931.4,17.1182
8983,8898,66162.1,3608.48,3618,65363.6,6177.28,11592.4,17.1203
10085.4,9976,66254.7,4368.48,4284,66828.4,5521.4,10558.9,17.1243
7660.9,7480,67121,4525.8,4588,64647.5,12595.5,15626.5,17.1253
15294.5,14251,70334.7,12853.1,11899,70791,15636.2,20978.1,17.1263
11027.9,11268,64139.5,4563.04,4644,64393.5,7251.92,13469,17.1263
9502.35,9825,63383.8,4572.16,4625,64787.3,2676.72,7485.66,17.1274
4927.65,5094,63395.9,2890.28,2854,66369.1,2162.96,5193.24,17.1284
18501.6,14301,84785.7,18635.2,16157,75588.1,6124.08,11175.8,17.1324
18060.9,17473,67741,8202.68,8229,65326.4,13409.4,20609.9,17.1334
10067.2,10260,64304.5,4214.96,4192,65895,3199.6,8883.42,17.1334
16347.5,16411,65282.4,6266.2,6379,64377.1,2143.96,3166.8,17.1355
11695.4,11241,68185.5,4332.76,4249,66827.9,5216.64,11170.4,17.1365
15416.7,14840,68082.8,8843.36,8444,68635.5,6554.24,11980,17.1365
13864.5,11893,76399.9,10825.4,9909,71597.1,16211.6,19361.2,17.1415
6368.05,6572,63502.2,2669.12,2668,65563.5,7965.56,9871.68,17.1537
8099,8129,65294.1,4432.32,4309,67411.6,9252.24,13912.1,17.1537
9718.15,9764,65228.3,6323.96,6048,68526.3,3277.88,9278.1,17.1557
12391.6,12712,63884.2,5184.72,5180,65595.7,11578.6,17116.3,17.1568
11702.6,12282,62444.4,4814.6,4922,64106,3439,9801.48,17.1588
14272,14068,66486.6,9610.2,8964,70260.4,3996.84,8110.44,17.1628
14981.2,14753,66549.7,7553.64,7285,67952.7,2080.12,6477.12,17.1628
12162.1,11533,69111.1,7648.64,7053,71070.6,2219.2,8409.96,17.1649
13942.5,13993,65299.5,6322.44,6333,65426.7,10342.8,17560.1,17.1689
12968.8,12649,67192.9,5436.28,5277,67514.1,2777.04,6914.7,17.1709
8303.1,8240,66037.9,3543.88,3520,65980.6,2837.08,8023.86,17.1709
10403.9,10164,67082.8,4108.56,4032,66780.4,8845.64,15182.7,17.172
28095.6,19662,93646.3,16535.3,10388,104318,32024.1,41752.6,17.173
10530.6,10780,64020.1,4100.2,4204,63917.9,4950.64,11232.8,17.173
8212.1,8356,64407.4,2710.92,2724,65221.3,4743.92,9883.38,17.174
20997.6,20205,68106.8,15971.4,15513,67472.5,7685.12,22691,17.175
11207.9,11261,65227.3,5032.72,4925,66969.4,3489.16,8820.24,17.176
18059.6,14781,80072.7,14362.5,12589,74768.4,7198.72,20037.4,17.176
24943.1,20804,78574.8,24457.6,21204,75591.9,1912.92,184.86,17.177
6193.85,6413,63296.4,2417.56,2477,63963.4,8243.72,11219.5,17.1791
9069.45,9123,65151.3,5332.92,5283,66155.3,2662.28,7516.86,17.1791
11545.3,11541,65560.4,4053.84,4113,64593.3,2663.8,8066.76,17.1821
7415.2,7425,65449.5,3743.76,3665,66944.4,26028.5,24727.6,17.1831
12645.8,12537,66104.5,5182.44,5245,64754.3,3730.84,9781.2,17.1851
26901.5,19360,91065.1,25747.3,19780,85307.1,10359.6,24236.2,17.1861
6564.35,6415,67061.8,3154,3231,63974.2,2848.48,8475.48,17.1872
11428.9,11781,63577.6,4914.16,4965,64864.9,2244.28,6964.62,17.1902
12059.4,12125,65181.7,5885.44,5817,66307.1,3201.88,9923.94,17.1953
10844.6,10960,64846,4772.04,4740,65979,12482.2,18017.2,17.1973
10678.8,10900,64206.3,4423.96,4560,63580.8,2511.04,7080.84,17.1983
7433.4,7136,68267.3,3160.08,3108,66634.2,8249.8,13249.1,17.1983
8823.1,8978,64405.3,3885.88,3874,65737,2555.88,7648.68,17.1993
9434.1,9438,65508.9,2213.88,2186,66371.8,2959.44,8601.06,17.2003
6434.35,6584,64046.4,2435.04,2488,64141,2032.24,4740.84,17.2003
14251.9,12221,76426.8,12388,11325,71687.4,7979.24,16084.4,17.2013
8119.8,8164,65181.2,3620.64,3684,64408.9,5043.36,10345.9,17.2054
24397.8,20773,76971.6,19782.8,16961,76439.2,14532,17988.4,17.2074
18898.8,15564,79577.8,13423.1,11960,73553.3,2875.08,8906.82,17.2074
28395.9,22996,80925.1,24364.1,20352,78455.4,3989.24,12937.1,17.2095
6210.75,6290,64710.3,2650.88,2646,65656.9,4263.6,7647.12,17.2115
15704,15262,67434,8248.28,7914,68304.2,4793.32,12175,17.2145
12428,12105,67284.7,7551.36,7197,68762.8,16032.2,21467.2,17.2145
7221.5,7693,61519.3,2984.52,3033,64488.5,8996.12,13102.4,17.2155
9075.95,9309,63895.3,5582.96,5421,67494,10247.8,18856.5,17.2166
7980.7,8201,63775.5,3641.92,3581,66650.9,11954,16325.4,17.2176
15184,14829,67104.9,5719.76,5821,64396.2,4949.88,11714,17.2196
12733.5,12280,67956.2,4249.92,4236,65751.4,2317.24,7566,17.2206
6411.6,6334,66338.9,2995.92,2958,66376.1,3597.08,7988.76,17.2216
12255.1,12464,64437.6,4631.44,4704,64525.1,6498,11331.1,17.2267
13870.3,14042,64734.9,3587.2,3578,65704.5,5636.92,12912.9,17.2267
8021.65,7837,67080.1,7359.84,7101,67924.9,12223.1,22597.4,17.2267
6912.1,6989,64814.9,3781,3677,67389.6,2745.12,8203.26,17.2267
33574.4,21920,100380,28494.7,20020,93278.1,20539,36324.6,17.2318
9586.2,9193,68339.1,4624.6,4381,69180,13138.9,22300.2,17.2338
10796.5,10720,66003.7,4520.48,4384,67576.2,4125.28,9083.1,17.2338
29941.6,22892,85717.8,21814.3,16924,84473,24572.3,33428.5,17.2348
12012.6,12387,63555.4,6400.72,6435,65186.9,8233.08,16529,17.2389
6789.25,7046,63147.9,2772.48,2822,64386,6097.48,11100.2,17.2399
14523.6,14180,67124,11862.1,11204,69385.3,21518.6,22431.2,17.2409
16739.4,14604,75118.9,17400.2,14860,76738.9,5521.4,14862.1,17.2419
29725.1,20664,94273.5,30490.4,22168,90139.9,16454,33722.5,17.2419
6607.9,6613,65485.5,5946.24,5601,69575.6,20822.5,29948.1,17.2439
11279.4,12004,61580.3,4434.6,4560,63733.8,4893.64,13230.4,17.2439
11592.8,12139,62586.9,5434,5503,64714.3,2167.52,6385.08,17.2459
12071.1,12264,64505.4,5330.64,5420,64455.5,6532.96,12981.5,17.248
13576.5,13810,64428.2,8722.52,8473,67466,4161.76,8945.82,17.249
7976.8,7964,65641.3,7280.8,6876,69394.2,17313.6,26552.8,17.249
6936.8,7705,59002,3486.88,3545,64461.5,4598.76,9795.24,17.25
33065.5,27568,78604.9,23303.9,18292,83492.4,2083.92,141.96,17.25
5707,5612,66645.4,2605.28,2540,67220.3,2769.44,7254,17.253
9191,8916,67557.4,4683.12,4564,67246.5,4271.2,10545.6,17.253
28985.4,20352,93336.8,28004.5,20880,87897.6,6979.84,17076.5,17.2551
14862.2,14808,65776.1,5795,5740,66164,8365.32,15116.4,17.2581
11223.5,11573,63557.1,7102.96,6945,67026.6,2869,8131.5,17.2601
12290.2,12629,63777.9,5183.96,5189,65472.3,2257.96,7107.36,17.2601
8316.75,8805,61901.9,5628.56,5553,66427.8,2706.36,5594.16,17.2642
8498.75,8613,64666.7,4500.72,4565,64613.2,4698.32,8983.26,17.2672
10595,10764,64507.1,5782.08,5596,67715.2,2901.68,7472.4,17.2703
8717.15,8836,64654.5,7113.6,6708,69498.6,7351.48,13420.7,17.2713
14993.5,15397,63818.7,8087.92,8101,65430.2,5643,11540.9,17.2713
12280.4,12413,64836.2,8132.76,7773,68569.2,11914.5,19308.9,17.2723
11666.2,11772,64947,5393.72,5208,67873,4268.92,11924.6,17.2723
10598.9,10925,63579.8,3930.72,3993,64513.8,4914.92,11279.6,17.2733
11163.8,11256,64998.9,8519.6,8300,67269.9,5550.28,9696.96,17.2733
5765.5,6005,62922.2,2952.6,2901,66701.7,10390.7,13598.5,17.2743
15925.6,15618,66827,11403,10774,69362.3,10691.7,14045.5,17.2743
7919.6,7632,68005.6,7695.76,7300,69088.9,7055.08,14897.2,17.2794
7583.55,7368,67453.3,3541.6,3468,66926.8,3255.84,7690.02,17.2804
34858.2,31881,71656.1,23230.2,21897,69526,3123.6,2864.16,17.2804
10829.6,10753,66003.2,6602.88,6465,66933.7,5587.52,12783.4,17.2824
5579.6,5953,61425.3,2758.04,2801,64530.9,5467.44,9096.36,17.2845
13204.8,12777,67730,5088.96,4985,66902.7,3683.72,10600.2,17.2855
11837.1,11660,66531.7,5314.68,5436,64073.4,5199.16,11636.8,17.2855
12757.5,12264,68173.4,6670.52,6456,67713.6,8315.16,17277.8,17.2885
6157.45,6360,63448.8,2481.4,2524,64429.9,5256.16,8608.86,17.2895
4826.25,5116,61824.3,2742.08,2828,63544.9,2469.24,6021.6,17.2926
17182.8,15710,71679.7,8222.44,7481,72031.3,5399.8,15265.4,17.2946
12238.2,12259,65424.8,7727.68,7635,66331.5,14033.4,17957.2,17.2946
12019.1,11653,67595.2,4817.64,4677,67506.7,8168.48,15308.3,17.2976
10744.5,10509,67004.6,6827.84,6669,67096.9,26953.4,25775.1,17.3017
11669.4,11721,65247.8,4795.6,4797,65516.9,6187.92,14160.1,17.3078
20745.4,16701,81406.5,18423.9,15821,76318.2,7874.36,17221.6,17.3078
5792.8,6112,62113.4,2213.12,2228,65098.3,6832.4,10133.8,17.3088
12344.8,12352,65497.8,5617.92,5408,68079.9,6944.88,14719.4,17.3088
5160.35,5676,59582.2,2649.36,2700,64306.8,3073.44,6934.2,17.3098
11565.4,11901,63688.2,5536.6,5549,65389.6,2419.84,8659.56,17.3098
7671.3,8004,62811.9,3311.32,3300,65760.8,2098.36,6856.98,17.3098
11306.8,11332,65390,4731,4816,64379.3,3568.96,9398.22,17.3149
14668.5,13464,71399.1,10719,10028,70052.2,10989.6,17908.8,17.3159
30005.9,22805,86229.8,23680.1,19221,80739.7,25167.4,39553.8,17.3169
12439.7,12464,65408.2,5508.48,5536,65210.2,2841.64,8454.42,17.3169
14060.1,13905,66267.2,5700,5633,66315.5,18157.9,21225.4,17.3179
8279.7,8093,67047.9,5246.28,5341,64373.7,18282.6,21278.4,17.3189
13521.3,13364,66307.4,6067.08,6032,65917.1,5318.48,13003.4,17.3199
13022.8,12633,67557.9,7223.8,7309,64772.1,4493.12,6145.62,17.3209
9191,8636,69747.7,6752.6,6520,67874,17012.6,24385.1,17.322
8966.75,8623,68148.6,3755.92,3759,65482.3,2211.6,6057.48,17.322
12028.9,12241,64400.5,5453,5493,65058.8,2895.6,7736.04,17.323
5372.9,5332,66038.7,1387.76,1412,64410.9,2900.92,4829.76,17.323
7441.2,7597,64192,4677.8,4681,65491.2,9318.36,13760.8,17.325
11590.8,11748,64659.1,4774.32,4784,65403.4,9602.6,16697.5,17.328
14549.6,14104,67606.5,6672.04,6504,67229.2,6064.04,11953.5,17.3291
12312.3,12104,66663.8,5705.32,5592,66864.1,3702.72,8778.12,17.3301
12446.8,12343,66087.4,3631.28,3543,67168.9,6662.92,13409,17.3311
10738.6,10710,65711.3,3828.12,3890,64493.5,6278.36,11951.2,17.3331
12697.8,12552,66297,6253.28,6376,64274.6,4271.2,10446.5,17.3372
7170.15,7328,64124.3,3404.8,3364,66330.9,3431.4,8974.68,17.3372
13263.3,13105,66327.4,6128.64,6101,65832.9,10543.5,15933.1,17.3392
10555.3,10557,65525.8,4546.32,4697,63433.6,3254.32,9961.38,17.3392
7528.95,7505,65745.1,1884.04,1909,64679.1,6543.6,8231.34,17.3412
11300.9,11477,64530.4,4939.24,5025,64417.5,7489.04,13331.8,17.3432
16251.9,15948,66785,6298.88,6172,66883.3,3472.44,8133.06,17.3443
9458.8,9185,67489.6,7110.56,6593,70680.7,12673,21679.3,17.3453
9272.9,9256,65655.7,4260.56,4172,66927.1,2580.2,6425.64,17.3463
16828.5,16376,67346.9,7280.04,7160,66634.7,5807.16,13378.6,17.3463
28182.7,15185,121632,15098.9,8533,115964,4199,12976.9,17.3503
9477,9536,65130.5,3309.8,3412,63573,15209.1,16491.5,17.3534
7211.75,7123,66352.5,3216.32,3187,66138.9,4231.68,8793.72,17.3544
9356.75,8764,69968.5,6637.08,6236,69751.1,5459.84,9850.62,17.3554
8463,9015,61523.2,3242.16,3315,64096,4687.68,10377.1,17.3585
16497,16564,65270.9,7552.12,7508,65921.1,6963.88,12852.8,17.3595
12465,12344,66178.7,5575.36,5384,67865.3,6917.52,17404.1,17.3595
15276.9,14837,67479.3,11164.4,10561,69280.4,14833.7,13643.8,17.3605
7584.2,7483,66422.3,4217.24,4171,66262.5,14031.1,18943.1,17.3635
12579.4,12369,66651,4924.8,4853,66505.6,2416.04,7334.34,17.3655
12849.2,12545,67125.2,6608.96,6517,66460.8,8817.52,16575.8,17.3666
9404.85,8537,72198.2,6884.84,6681,67535.5,13919.4,21173.9,17.3676
9093.5,8482,70260.8,6186.4,6034,67191.2,12857.7,21731.6,17.3686
11045.4,10496,68966.7,4810.04,4724,66729.6,2470.76,8536.32,17.3696
17867.8,17393,67325.2,8171.52,8181,65460.1,4089.56,9644.7,17.3706
27585.3,17099,105727,25176.5,17679,93329.3,10991.1,18818.3,17.3716
14701.7,14969,64365.7,6301.92,6461,63922.4,7641.04,15997.8,17.3716
10315.5,10601,63771,3724.76,3801,64221.5,2827.96,8948.94,17.3737
10530.6,10582,65218,4667.92,4662,65619.2,2603.76,7970.04,17.3787
7594.6,7777,63998.9,2967.8,3041,63958.5,3755.16,9656.4,17.3797
7101.25,6980,66674.4,3246.72,3184,66827,3752.12,8717.28,17.3797
14989,14072,69806.6,6363.48,6076,68636.8,2943.48,8256.3,17.3828
36884.3,24437,98917.5,27870.7,19925,91670.5,33104.1,50912.9,17.3858
12554.1,12668,64946.8,4886.8,4940,64830.2,4797.12,11137.6,17.3858
9720.75,9841,64735.2,3067.36,3109,64658.3,2226.8,7332.78,17.3858
12001.6,11940,65874.1,5626.28,5684,64870.5,6067.84,13795.1,17.3889
15328.3,15468,64944.1,5792.72,5804,65408.6,5057.04,13584.5,17.3899
12905.1,12737,66400.9,6013.88,5825,67661.1,4605.6,11781.1,17.3929
11538.8,11336,66708.4,4825.24,4696,67339.6,2878.12,7906.86,17.3949
7798.05,7639,66900.5,3355.4,3331,66016.1,2158.4,6151.86,17.396
9599.85,9262,67926.5,6768.56,6510,68138.9,18223.3,26287.6,17.397
11733.8,11580,66406.4,4492.36,4632,63560.3,7649.4,13939.4,17.397
7515.3,7688,64063.8,3242.16,3304,64309.4,9303.16,11700,17.399
9402.25,9352,65888.1,5152.8,5100,66214.5,14955.3,20678.6,17.399
13562.9,12994,68405.3,9440.72,9430,65610.5,3158.56,6667.44,17.4
15523.9,12445,81749.9,13187.5,11613,74421.5,4400.4,10087,17.401
5244.85,5296,64903,2287.6,2276,65870,3906.4,7297.68,17.402
35950.8,23261,101289,27795.5,21385,85181.4,38301,62005.3,17.403
6445.4,6602,63981.5,2523.2,2558,64644.4,2149.28,4665.18,17.4071
11874.8,12020,64744.6,5948.52,5840,66753.8,2206.28,6023.94,17.4071
10640.5,10592,65836.1,2840.88,2912,63935.4,3540.84,8502.78,17.4081
6640.4,6636,65579.4,4541,4508,66015.8,6778.44,11909.8,17.4081
14670.5,14784,65032.9,6513.96,6580,64878.3,2729.92,9345.18,17.4091
28349.7,25335,73334.5,21194.1,19031,72985,18389,27274.3,17.4101
10984.3,10940,65801.7,4409.52,4392,65797.4,3921.6,9150.18,17.4101
11359.4,11548,64465.7,4477.92,4440,66095.7,11997.4,19535.9,17.4122
13672.1,12796,70023,12985.4,12264,69390.8,4562.28,7969.26,17.4132
8288.8,8351,65047.9,3756.68,3807,64669.8,3783.28,8601.84,17.4142
5045.95,5049,65496.4,2902.44,2893,65749.8,5444.64,9027.72,17.4152
13703.3,13405,66994.4,5925.72,5981,64930.3,4585.84,14037.7,17.4162
16781,16442,66887.4,9461.24,9546,64954.1,2611.36,9055.8,17.4193
11331.4,11581,64123.8,5260.72,5373,64166.5,5161.92,10341.2,17.4193
8464.3,8760,63323.8,3055.2,3132,63929,19538.1,19193.5,17.4203
12278.5,12496,64395.3,4520.48,4660,63573.9,2328.64,9033.96,17.4203
12210.9,12225,65460.4,5380.04,5381,65524.3,4270.44,10163.4,17.4213
19813.9,17572,73897.5,12663.9,11184,74207.8,12233,23377.4,17.4213
5575.7,5808,62914.8,2317.24,2400,63276.1,7376.56,11310.8,17.4213
11808.5,11753,65845.8,4832.84,4829,65588.1,5928,11519.8,17.4223
13729.3,13764,65370.8,6561.08,6516,65989.4,6233.52,12648.5,17.4233
7180.55,7577,62107,3099.28,3165,64175.2,2210.08,6393.66,17.4314
9387.95,9552,64410.5,4237,4320,64276.9,5209.04,12477.7,17.4324
11848.2,11946,64999.5,6748.8,6846,64605.5,3827.36,10318.6,17.4324
5313.1,5508,63217,2394,2384,65810.9,9275.8,11597.8,17.4335
12642.5,12184,68002.2,6175,6008,67357.7,4779.64,11822.5,17.4355
11692.8,11780,65051.2,4465.76,4388,66697.4,9930.92,14999.4,17.4365
13491.4,13373,66116.2,6846.84,6681,67162.8,11343.8,16043.8,17.4395
5015.4,5392,60958.7,2533.84,2580,64363.5,12538.5,14749,17.4406
11319.1,11319,65536.6,5010.68,4967,66112.3,4050.04,10752.3,17.4406
13388.7,13184,66553.5,6339.92,6240,66585.4,2538.4,7154.94,17.4406
9387.95,9512,64681.3,4217.24,4280,64575,7775.56,15589.1,17.4426
6692.4,6982,62817.7,3284.72,3302,65193,2988.32,7873.32,17.4436
10986.9,10563,68166.3,8472.48,7923,70081.1,2422.12,7356.96,17.4436
12004.8,11780,66786.9,6473.68,6368,66623.6,4446,10656.4,17.4436
11433.5,11492,65202.4,5275.92,5136,67321.4,2891.8,8643.18,17.4456
17604.6,16321,70690.2,12120.5,10725,74063.2,4569.88,12055.7,17.4466
14040.6,14032,65576.4,3971.76,4068,63985.6,6133.2,13022.1,17.4487
9293.05,9240,65912.3,3558.32,3612,64562,5272.88,10067.5,17.4487
10612.5,10178,68334.1,6965.4,6678,68356.5,10209.8,13002.6,17.4487
13078.6,12709,67442.2,5617.16,5761,63899.7,4405.72,11146.2,17.4497
14121.9,14300,64719.8,5088.2,5180,64374.6,2428.96,7903.74,17.4507
12220.6,12037,66535.9,4690.72,4561,67399.9,17229.2,20826,17.4507
19648.2,16196,79505.1,15145.3,13168,75376.8,3981.64,15155.4,17.4517
4919.85,5329,60504.3,2951.84,2961,65333.3,11810.4,11811.5,17.4527
8963.5,9480,61965.4,3271.8,3288,65213.1,2590.84,8406.84,17.4537
12760.8,12020,69575,8094,7348,72189.5,5709.88,16229.5,17.4558
12458.5,13136,62156.2,4142.76,4212,64458.7,3739.2,8345.22,17.4598
5539.3,6055,59954.3,2623.52,2695,63797.8,19259.9,16163.2,17.4618
13876.8,13477,67480.4,5700.76,5541,67425.6,5191.56,12088.4,17.4649
12634,12621,65603.8,5908.24,5741,67445.1,5136.84,9990.24,17.4669
14834.9,14413,67454.6,10694,10189,68783.9,3103.84,6779.76,17.4679
9979.45,10205,64087.5,3825.84,3945,63556.5,3006.56,9108.06,17.4679
11548.5,11504,65789.8,4511.36,4484,65935.9,8744.56,17261.4,17.4699
6292,6728,61289,2704.84,2748,64506.7,3505.12,7888.14,17.471
4867.2,5269,60538.4,3112.2,3109,65603.5,12277,12999.5,17.473
6745.7,6876,64294.1,3258.12,3292,64861.5,10169.6,12139.1,17.476
6188.65,6424,63135,3074.96,3112,64756,9819.2,13877,17.477
9310.6,9493,64276.8,3888.92,4001,63700.1,8089.44,14430.8,17.477
13293.8,12365,70458.8,8953.56,8233,71271.8,4059.16,8545.68,17.4781
11326.9,11488,64617,4883,4944,64727.4,2707.12,8005.14,17.4781
10054.2,10301,63965.8,4340.36,4429,64224.4,13155.6,19603.7,17.4801
12384.4,10972,73972.6,10010,9644,68022.9,13485.4,19082.7,17.4821
18352.1,13758,87419.9,16827.2,14132,78034.6,6519.28,10910.6,17.4831
16712.8,16104,68013.5,8645.76,8428,67229.3,9134.44,12873.1,17.4872
8257.6,8432,64180.5,2030.72,2052,64856.4,12307.4,15452.6,17.4882
9696.05,9869,64387.5,4770.52,4685,66732.3,6221.36,13440.2,17.4882
14426.7,13780,68611.9,9352.56,8756,70001.1,5834.52,16321.5,17.4892
8623.55,8780,64368.2,3351.6,3432,64000.7,2938.92,7943.52,17.4902
5612.75,6005,61255.2,3483.08,3429,66569.6,8071.96,11874.7,17.4922
30602,25085,79949.5,36898.8,31033,77923.4,15214.4,25059.1,17.4943
15930.8,14872,70202,11970,10680,73451.9,4192.16,10830.3,17.4943
12253.1,12450,64499.8,5093.52,5110,65324.6,9766.76,17547.7,17.5004
5552.3,5796,62780.5,2599.96,2672,63769.1,5494.8,10435.6,17.5004
7078.5,7035,65941.2,6152.96,5803,69488.3,4101.72,10939.5,17.5034
16524.9,14104,76785.2,10979.7,9640,74643.9,2503.44,7304.7,17.5054
12319.4,12577,64194,5298.72,5185,66973.4,12379.6,18125.6,17.5054
13502.4,13496,65567.3,5560.16,5368,67882,5684.04,12069.7,17.5064
9780.55,9636,66519.1,8407.12,7728,71295.2,3420.76,7764.12,17.5074
6898.45,6612,68375.2,5839.84,5524,69283.1,8388.88,20216.8,17.5085
8041.8,8257,63827.9,4685.4,4577,67088.1,6500.28,13923,17.5095
34476,25618,88196.6,24526.7,18290,87883.2,3652.56,11273.3,17.5095
9728.55,9816,64952.1,5636.16,5532,66770,3581.12,10611.9,17.5095
7988.5,7900,66270.2,4881.48,4504,71028.6,15474.4,20180.2,17.5095
12030.8,11825,66676.9,7894.12,7285,71015.7,10855.1,14811.4,17.5095
31352.7,25901,79330.3,23304.6,19501,78318.7,3547.68,8198.58,17.5095
12914.2,12593,67207.6,10707.6,9921,70732.4,7079.4,11780.3,17.5125
11776.7,11344,68035.8,5921.92,5668,68471.9,4109.32,11750.7,17.5145
7584.2,7720,64383.2,2612.88,2696,63515.5,2579.44,7803.9,17.5156
14764.1,14412,67137.1,10138.4,9932,66897.9,4823.72,10005.1,17.5176
18071.9,17733,66788.7,9623.88,9461,66664.3,9328.24,15469,17.5186
11912.5,11792,66206,6386.28,6148,68076,2364.36,6751.68,17.5216
8162.05,8249,64845.2,2886.48,2857,66212.2,3135,8438.82,17.5257
14320.1,14177,66197.7,5145.2,5057,66679,7727.68,12740.5,17.5257
14019.8,13716,66987.8,8062.08,7796,67772.8,5572.32,11711.7,17.5257
14157.6,13569,68379.1,9026.52,8965,65985.7,4541,6771.96,17.5308
15958.8,14989,69776.2,13027.2,12009,71092.4,7304.36,11970.7,17.5308
12166,11981,66548.2,6330.04,6061,68445.1,13056,19484.4,17.5328
20943.6,16571,82829.2,17373.6,14687,77524.1,5265.28,10826.4,17.5328
5395.65,5723,61787.4,2305.84,2379,63520.6,7125.76,12799,17.5348
44749.9,33064,88698.6,30552.8,23804,84116.4,18322.1,29154.1,17.5389
11533.6,11521,65607.7,5016.76,4961,66272.6,8125.16,14785.7,17.5389
13048.1,13062,65466.3,5054,5074,65277.7,4803.2,12983.9,17.5429
13154,12861,67029.3,5297.96,5325,65203.2,5420.32,13376.2,17.545
8489.65,8160,68183.5,3616.08,3504,67632.3,2811.24,8740.68,17.547
9445.15,8484,72960.6,6221.36,5796,70345.6,13845.7,22754.2,17.547
13386.7,12984,67568.9,9464.28,9016,68794.5,9219.56,17069.5,17.547
14950.6,14325,68398.3,5545.72,5425,66994.3,3980.12,10214.1,17.55
11553.1,11383,66515.3,4408.76,4343,66528.3,4699.84,10243.7,17.551
9045.4,8709,68067.4,5309.36,5109,68106.1,2875.08,8572.2,17.551
15075.4,14853,66517.5,7080.16,7125,65123.6,6047.32,12838,17.552
9219.6,9097,66419.2,4142.76,4057,66921.4,10309.4,14620.3,17.5571
9787.7,9761,65715.3,4470.32,4501,65089.3,6482.8,12568.9,17.5581
13661.7,13715,65281.3,4955.96,5091,63797.6,3127.4,10521.4,17.5591
23746.4,18530,83985.3,18630.6,15650,78017.7,19229.5,33933.1,17.5652
11612.9,11292,67398.4,5117.84,5148,65152.1,2058.84,5927.22,17.5672
6283.55,5704,72194.7,3111.44,3196,63802,14161.8,14568.8,17.5683
9680.45,9069,69954.6,4715.8,4749,65077.8,8971.04,14298.2,17.5703
10517.6,10126,68070.8,4174.68,4190,65296.4,8662.48,14156.2,17.5703
9882.6,9621,67318,4958.24,4949,65658.4,7776.32,13414.4,17.5713
14556.7,13964,68317.9,7148.56,7372,63549.7,5461.36,11589.2,17.5723
15975.7,15279,68524.3,10417.3,10443,65374.8,4744.68,9103.38,17.5733
9649.25,9813,64442.4,4066,4209,63309.4,3259.64,10069,17.5733
12380.5,12021,67496.2,4192.16,4081,67321.1,8463.36,15983,17.5754
16485.9,15877,68049.6,8933.04,8901,65771.9,2157.64,6528.6,17.5764
8027.5,7657,68707.1,4012.8,3997,65795.1,13186,18433,17.5784
19094.4,18281,68452,14110.2,13897,66541.2,9097.96,16431.5,17.5804
8507.85,8080,69006.3,5845.92,5600,68414,16374.2,23405.5,17.5804
7273.5,7089,67241.6,3442.8,3489,64668.2,20942.6,17033.6,17.5855
18944.3,17273,71876.9,13548.5,12813,69298,5500.88,15176.5,17.5855
11090.9,11056,65743.2,3948.96,4048,63932.6,2223.76,8204.82,17.5855
8211.45,8209,65555.6,4061.44,4021,66195.1,6602.12,11639.2,17.5865
13144.3,13424,64170.5,5900.64,6032,64108.8,4448.28,11711.7,17.5875
8247.2,8725,61947.1,4767.48,4865,64222.3,4420.16,11631.4,17.5885
7861.1,8205,62789.2,4365.44,4361,65602.7,4376.08,10158.7,17.5895
12737.4,12609,66203.4,6283.68,6177,66667.8,10136.9,16854.2,17.5895
16131.7,15237,69384.2,6110.4,6005,66686.3,2305.84,8716.5,17.5906
7892.3,7517,68808,2848.48,2797,66742.2,6303.44,10239.8,17.5906
6316.7,6124,67598.2,2543.72,2572,64815.4,2902.44,6180.72,17.5916
7521.15,6903,71404.6,11397.7,10595,70501.3,2181.96,6620.64,17.5936
14189.5,14205,65464.5,4411.04,4345,66532.1,7414.56,13732.7,17.5946
5786.3,6448,58810.6,2618.2,2688,63834.2,7796.08,12941,17.5956
12697.1,12600,66041,6821.76,6620,67533.4,7858.4,17300.4,17.5956
19930.3,16183,80711.4,16329.4,14307,74799.8,2941.2,6981,17.5977
12301.3,12018,67080.6,8973.32,7993,73573.8,13177.6,18279.3,17.5997
8765.9,8988,63916.6,4613.96,4552,66428,5399.8,10884.9,17.6007
11687,11833,64727.4,5405.12,5405,65537.5,3014.16,9615.06,17.6017
13490.7,13511,65437.8,10759.3,10099,69821,9365.48,14475.2,17.6027
8665.8,8340,68096.1,7251.92,6852,69361,17973.2,23928.1,17.6048
9193.6,9213,65398,6700.16,6329,69379.3,9760.68,17110.9,17.6048
9744.8,9777,65320.2,4963.56,4929,65995.5,5168,11948,17.6058
7896.85,8273,62556.3,3934.52,3941,65428.2,6768.56,12898.9,17.6078
15408.9,15157,66625.2,12534.7,12209,67284.2,4180,8641.62,17.6108
12583.3,12612,65387.1,2870.52,2816,66804.8,4632.96,11540.1,17.6129
12533.3,12113,67810,4496.16,4401,66953,9741.68,18213,17.6149
20415.2,15177,88155.1,23170.9,19545,77693.9,7254.2,14644.5,17.6149
22618,17730,83603.9,21001.1,17494,78674.2,18290.2,33845.8,17.6149
21532.5,16554,85245.7,17723.2,14778,78597.1,8449.68,14713.1,17.6159
25013.3,19441,84320.3,18454.3,15621,77422.9,11294.4,17500.9,17.6179
9947.6,10262,63528.1,5535.84,5538,65510.4,6624.16,12746,17.622
10790.6,11080,63824.6,4388.24,4440,64772,3627.48,9494.16,17.6281
12975.3,12536,67832.6,5386.88,5308,66509.9,12465.5,16444.7,17.6291
13775.4,13172,68538.4,5788.16,5552,68323.6,8635.88,17578.9,17.6301
11445.8,11384,65892.1,4434.6,4472,64987.9,6558.8,12377,17.6311
13087.1,12952,66219.6,5267.56,5416,63739.8,2295.96,8310.9,17.6331
12403.9,12044,67494.6,4532.64,4380,67819.9,8736.96,17702.1,17.6331
9943.05,10024,65006.8,3503.6,3644,63011,4019.64,11170.4,17.6352
12132.9,12201,65170.2,5975.88,5849,66957.6,4287.92,11832.6,17.6352
18183.1,15089,78974.6,15227.4,13537,73719.5,3682.2,6642.48,17.6382
8348.6,8680,63033.8,3890.44,3944,64646,13428.4,16462.7,17.6382
13946.4,14225,64252.5,7026.96,6949,66271.2,4309.96,11211.7,17.6392
25008.1,23809,68836.6,11369.6,10597,70314.1,3135.76,10513.6,17.6402
10247.3,10717,62663.4,5579.16,5581,65514.4,2974.64,9558.9,17.6412
12757.5,12793,65354.4,5468.96,5465,65583.5,8941.4,15730.3,17.6453
12853.8,12549,67127.5,6959.32,6657,68512.2,4461.2,10921.6,17.6493
9358.7,9508,64506.9,5435.52,5488,64909.3,9379.92,19121.7,17.6493
18215.6,17559,67986.7,8599.4,8199,68736.5,2658.48,6899.1,17.6504
7267,7396,64392.9,2801.36,2804,65474.3,9169.4,12699.2,17.6504
15085.2,15023,65807.3,8303.76,8383,64916.5,3831.92,11668.8,17.6504
6507.8,6633,64299,3489.16,3513,65091.3,7974.68,13494.8,17.6514
14899.9,14872,65659.2,6368.04,6444,64763.5,4065.24,9647.04,17.6514
8489.65,8856,62824.9,3587.96,3656,64316.3,7336.28,13342.7,17.6544
12556,12746,64559.3,6691.04,6602,66419.9,7653.2,13924.6,17.6544
8229.65,8812,61205,3461.8,3564,63656.7,9683.92,14551.7,17.6544
13676.6,14448,62037.2,3188.2,3252,64250.3,8368.36,16783.3,17.6554
12811.5,13145,63873.3,7208.6,7177,65824.6,2137.88,8887.32,17.6554
12017.8,12078,65209.6,6076.96,6026,66090.2,2409.2,6867.12,17.6575
8554,8580,65337.4,3470.92,3428,66356.5,3112.2,8799.96,17.6595
23858.3,20012,78131.8,25165.9,21000,78536.7,27987,44849.2,17.6595
11904.8,12216,63866.2,4765.96,4792,65179.9,6434.16,14163.2,17.6595
15931.5,15829,65960.4,8480.08,8389,66247.5,3535.52,10747.6,17.6615
19375.2,15476,82047.9,22443.6,18852,78021.5,6084.56,13394.2,17.6615
11043.5,11521,62819.8,5614.88,5617,65511.3,5035.76,11391.1,17.6625
13390.6,13380,65588.2,8601.68,8368,67366.1,2088.48,4841.46,17.6635
13286.6,13097,66485,5326.84,5325,65558.6,12635,16918.2,17.6646
10725,11019,63787.4,4056.88,4143,64173.7,2140.92,7563.66,17.6666
27879.1,23963,76246.2,18107,15851,74863.4,32930,49375.6,17.6696
14646.4,14321,67025.3,10869.5,10241,69558.1,4593.44,8989.5,17.6727
12175.1,12557,63543.1,5229.56,5229,65543,6997.32,13866.8,17.6727
16747.9,13617,80604.4,14169.4,12545,74022.2,6514.72,14031.4,17.6727
6275.75,6649,61857.1,3448.12,3369,67075.1,6089.12,12544,17.6737
18119.4,14929,79541.4,14142.1,11701,79208.2,8923.92,23483.5,17.6757
25797.2,20572,82181.9,18664.1,15452,79159.3,22135.8,28349.9,17.6757
28242.5,19293,95936.4,31752,24681,84311.9,2344.6,262.08,17.6777
11423.8,11042,67801.8,7386.44,7126,67931.2,5978.92,13210.1,17.6798
9048,8762,67675.2,6973.76,6778,67428.8,9683.92,18230.2,17.6818
27691.3,25288,71764.4,15886.3,15420,67517.7,2563.48,5395.26,17.6828
14226.5,13821,67459,3958.84,3997,64910.3,3114.48,9413.04,17.6848
11272.3,11398,64813.3,8990.8,8802,66941.7,5062.36,10946.5,17.6848
5989.75,5653,69440,2961.72,2961,65551.9,7143.24,10155.6,17.6879
29606.8,21644,89646.8,26210.1,19916,86247.6,8999.16,22766.6,17.6889
12946,12536,67679.7,5032.72,5096,64722.2,3343.24,9090.9,17.6919
13257.4,12316,70545.4,5935.6,5932,65575.8,3981.64,9083.1,17.6919
39915.8,26948,97073.1,36253.5,26192,90711.3,11732.1,27868.6,17.6929
11989.9,11376,69072.6,4411.04,4372,66121.2,4715.04,12785,17.6939
12353.3,11724,69053.4,4184.56,4152,66049.9,2368.16,5002.14,17.6939
12200.5,12361,64685.1,5271.36,5353,64536.5,3516.52,3768.96,17.696
17061.8,15348,72854.1,9171.68,8532,70449.5,15119.4,25577.8,17.7
9491.3,9222,67449.8,4444.48,4530,64298.8,11713.9,16488.4,17.7
11922.3,11460,68179.7,6384,6420,65168.5,4003.68,10253.9,17.7021
11909.9,11553,67560.9,3929.96,3973,64826,3046.84,8492.64,17.7041
10402.6,10252,66498.7,5740.28,5532,68003.4,3195.04,8633.82,17.7041
11092.3,10984,66181.9,3503.6,3564,64425.3,2546.76,7644.78,17.7041
12886.3,12541,67340.2,5391.44,5417,65226.8,8692.12,15089.9,17.7051
5838.95,6004,63734.4,2887.24,2960,63925.1,4478.68,10496.5,17.7051
10458.5,10756,63723.3,4040.16,4148,63832.2,3484.6,3942.9,17.7061
14098.5,14428,64039.3,6808.84,6796,65659.8,4763.68,10547.9,17.7081
12106.3,12321,64393.7,4952.92,5013,64750.6,9227.16,18603,17.7081
12365.6,12737,63625,5517.6,5569,64931.1,5648.32,11702.3,17.7081
9324.9,9298,65725.6,5198.4,4866,70012.8,17361.4,24238.5,17.7091
10554,9950,69514.6,6279.88,5854,70303.8,2243.52,8223.54,17.7102
15420.6,14924,67716.7,8942.16,8440,69435.2,5181.68,9364.68,17.7112
8383.05,8338,65890.1,3729.32,3650,66960.2,7229.88,14200.7,17.7162
16510,16284,66445.5,5413.48,5432,65312.6,4872.36,11580.7,17.7193
20418.4,17634,75884.3,16359,14262,75172,23123.8,35752.9,17.7203
11124.1,11350,64231.6,4078.92,4066,65744.3,8662.48,13398.1,17.7203
6022.9,6319,62465.1,2869,2827,66509.6,2296.72,5495.88,17.7264
11984,12039,65236.9,5352.68,5271,66551.6,7639.52,15720.1,17.7264
8539.05,8460,66148.4,3821.28,3816,65626.7,12500.5,18842.5,17.7274
13431.6,13266,66354.1,5839.84,5894,64933.8,6518.52,15167.9,17.7294
14618.5,14301,66991,6541.32,6413,66847.3,2066.44,5640.18,17.7294
12899.9,12311,68670.9,6511.68,6211,68708.7,3440.52,8367.84,17.7325
10035.3,10064,65349.4,4747.72,4804,64768.2,2164.48,5802.42,17.7335
18226.6,17856,66896.4,8329.6,8240,66248.6,5275.16,7927.92,17.7345
30156.7,23927,82599.3,23306.9,19815,77085.2,2501.92,273.78,17.7375
20796.8,18984,71793.9,13018,11932,71501,2030.72,5329.74,17.7385
6715.15,7060,62334.9,4344.92,4352,65429.4,2901.68,7095.66,17.7396
13311.3,13628,64013.3,5323.04,5336,65376.8,2489.76,8516.82,17.7416
5932.55,6384,60901.6,2913.84,2884,66214.1,6736.64,11097.8,17.7416
9139.65,9624,62237.8,6513.96,6296,67804.8,3986.2,10698.5,17.7426
7759.7,7940,64047.8,3239.12,3152,67347.4,3301.44,7316.4,17.7446
10550.8,10400,66486.3,6945.64,6692,68019.9,2134.84,6108.18,17.7497
4771,5189,60256.7,2732.2,2789,64201.3,2894.84,6072.3,17.7497
10058.8,10140,65010.9,3831.92,3880,64723.9,3535.52,6438.9,17.7507
32462.9,28185,75483.1,15639.3,14105,72664.7,4926.32,15291.9,17.7537
8603.4,8329,67695.1,3953.52,3917,66147,3350.84,7101.9,17.7588
12350,12081,66995.3,5133.04,5233,64284.1,3268,10113.5,17.7608
28921.7,23955,79124,17161.6,15335,73342,18164,30225,17.7608
10395.4,10005,68093.6,5069.96,4950,67124.2,2859.12,8399.04,17.7649
8758.75,8001,71742.7,3185.92,3185,65554.9,4316.8,7896.72,17.7649
13277.5,12775,68114.1,6049.6,6067,65348,3064.32,8321.04,17.7649
11630.4,10773,70752.2,4652.72,4645,65644.9,3270.28,9340.5,17.7649
8145.15,7329,72834,6219.08,5905,69021.8,8905.68,16670.9,17.7669
9995.7,10046,65207.9,4426.24,4542,63865.7,2115.84,6238.44,17.771
12450.8,12129,67274.5,4531.12,4597,64596.8,2200.96,5975.58,17.774
11302.8,11161,66368.9,7396.32,7149,67803.2,7612.92,17142.8,17.775
12767.9,12237,68379.5,5986.52,5869,66848.3,5400.56,11468.3,17.775
7245.55,7448,63754.6,2883.44,2988,63242.7,2465.44,5116.02,17.776
17057.9,16766,66677.2,5663.52,5658,65599.9,5395.24,12714,17.7781
10609.3,10134,68609.7,3775.68,3782,65426.5,3113.72,8927.88,17.7781
17115.8,16129,69545.6,8277.16,8101,66961.1,2241.24,7868.64,17.7791
12106.9,11934,66485.5,5079.84,5092,65379.5,3350.08,10370.1,17.7811
12072.4,12222,64734.1,4540.24,4686,63497.5,10055.6,15906.5,17.7821
5499.65,5877,61328.1,4411.8,4533,63783.7,3347.8,8673.6,17.7821
13160.5,13702,62946.3,5925.72,6050,64189.8,2691.92,10051.9,17.7831
16393,15745,68233.2,9252.24,8977,67545.4,7048.24,14847.3,17.7852
10964.8,11164,64366.9,4482.48,4536,64762.7,5358,13577.5,17.7862
5445.7,5740,62175.8,3029.36,3048,65135.2,5228.8,8991.84,17.7862
5603.65,5900,62244.2,3356.16,3420,64312.7,4924.8,9482.46,17.7872
44223.4,33648,86133.6,41340.2,29328,92378.3,27496,52792,17.7902
10014.5,9797,66991.3,4705.16,4661,66156.9,5675.68,9984.78,17.7943
11808.5,11420,67765.8,5852.76,5740,66823.4,7566.56,13306.8,17.7943
20822.8,16917,80666.8,9300.88,7137,85406,5640.72,13568.9,17.7953
8316.1,8236,66173.4,2279.24,2296,65057.6,3201.88,7690.02,17.7963
8840,7976,72635.2,7196.44,6872,68630.1,2835.56,7309.38,17.7963
12514.4,11852,69199,4294.76,4188,67206.6,12540,22324.4,17.7973
7488.65,7255,67646.6,2718.52,2695,66107.9,3935.28,7956.78,17.7983
9159.15,9248,64906.4,4173.16,4196,65179.3,3936.8,10108.8,17.8034
6555.25,6777,63391.6,3485.36,3609,63290.8,4546.32,9704.76,17.8034
9156.55,9258,64817.8,4162.52,4206,64858.5,2151.56,7028.58,17.8034
13646.1,13339,67044.8,5425.64,5307,67001.1,2397.04,8260.2,17.8044
5420.35,5397,65819.5,2748.92,2657,67803.3,12783.2,17335.5,17.8054
20093.4,16269,80941.9,26852.3,23033,76403.1,35090.7,42214.4,17.8054
8846.5,8849,65517.5,3414.68,3377,66267.2,4130.6,9033.18,17.8065
17262.7,16204,69817.8,12707.2,12024,69259.7,2071.76,4222.92,17.8095
9930.05,9786,66500.7,2811.24,2778,66320.2,2972.36,8175.96,17.8105
10241.4,9772,68684,5833,5656,67586.9,8886.68,18116.3,17.8125
6163.3,5745,70307.8,3665.48,3541,67839.9,4548.6,9786.66,17.8125
11207.9,10735,68423.3,5430.2,5407,65817.2,2509.52,8245.38,17.8206
11701.3,11209,68414.3,4609.4,4393,68764.3,2750.44,8002.02,17.8217
22348.3,18337,79872.3,21419.1,18197,77140.2,19371.6,33430.8,17.8257
7491.9,7064,69505.8,4230.92,4152,66781.7,9775.88,14562.6,17.8267
5902.65,5545,69763,2695.72,2633,67097.1,4167.08,8346.78,17.8267
16619.8,15836,68779.9,6735.88,6556,67334.1,2504.2,7181.46,17.8308
12321.4,12360,65331.3,5415,5464,64948.3,2616.68,7960.68,17.8318
17318.6,16512,68737.4,6483.56,6352,66893.4,5506.96,13436.3,17.8318
12202.4,12149,65824.3,4504.52,4549,64895.2,6686.48,12332.6,17.8328
15703.3,14992,68645.6,6503.32,6384,66760.9,14694.6,23280.7,17.8338
22671.3,18345,80991.5,20105.8,17401,75722.9,4904.28,16581.2,17.8338
15168.4,14572,68218.2,5435.52,5448,65385.9,2299.76,7363.2,17.8348
14433.2,14320,66054.3,7220.76,7204,65688.5,4542.52,12009.7,17.8379
12679.5,12445,66771.1,4267.4,4285,65266.8,3358.44,8948.16,17.845
14448.2,14156,66888.8,6662.92,6760,64594.8,3787.08,10814.7,17.845
8812.05,9213,62683.9,3846.36,3965,63575,5611.08,11512.8,17.849
7727.85,8285,61128.8,4423.2,4377,66227.7,7001.88,11532.3,17.851
10468.3,10868,63125.4,2792.24,2832,64615.9,3300.68,9010.56,17.8521
14540.5,14025,67944.8,10387.7,9965,68315.8,2131.04,6934.2,17.8521
7146.1,7744,60476.1,3294.6,3300,65428.8,2739.8,7498.92,17.8521
11057.8,10691,67784.5,11127.9,10483,69567.8,6643.16,14531.4,17.8531
10175.8,10091,66086.4,8055.24,7819,67516.1,12744.4,20855.6,17.8551
14535.3,14981,63586.2,6133.2,6193,64903.2,12759.6,22460.9,17.8551
9876.75,9778,66197.9,7747.44,7350,69079.8,8233.08,17128,17.8551
10715.9,11239,62485.7,5310.12,5379,64696.8,2346.88,8889.66,17.8561
8689.2,9273,61410,4180.76,4185,65469.6,5542.68,10462.1,17.8561
10112,10568,62708.5,4702.12,4748,64902.7,4911.88,11886.4,17.8571
9066.2,9625,61731.2,3765.8,3853,64052.8,2796.8,7607.34,17.8571
5305.95,5301,65597.2,2633.4,2693,64085.6,2051.24,4945.2,17.8592
8880.95,9124,63790.2,5101.88,5092,65663.2,2181.96,5863.26,17.8602
8650.2,9212,61539.2,4772.04,4888,63981.3,9956,15603.1,17.8622
10469.5,11065,62009.3,3563.64,3625,64426.7,13469.5,20201.2,17.8693
10884.3,11106,64227.5,3960.36,3969,65393.3,3374.4,9298.38,17.8703
21224.4,20932,66451.6,11371.9,11152,66828.2,3837.24,6735.3,17.8703
6373.25,6429,64967.7,3117.52,3101,65885.1,11134.8,12565.8,17.8723
10509.2,10469,65787.6,4138.2,4049,66979.8,14541.8,18642.8,17.8744
11834.5,11953,64886.6,6160.56,5985,67458.4,5545.72,10619.7,17.8784
8338.2,8456,64623,4425.48,4280,67763.6,3533.24,8920.08,17.8784
21297.3,16805,83054.8,20384.7,16977,78690.8,4692.24,8186.88,17.8804
13085.1,12864,66662.6,4837.4,4708,67337.3,4555.44,11369.3,17.8804
9568,9241,67855,4375.32,4281,66979.9,15960.8,18876.8,17.8825
13778.7,13226,68274.7,6925.12,6718,67556.5,2244.28,8903.7,17.8825
6884.8,7413,60866.4,3632.8,3713,64120.4,11770.9,15240.4,17.8835
11584.3,11844,64099,5419.56,5424,65482.4,6510.16,14662.4,17.8845
14020.5,13616,67482.9,5597.4,5440,67432.2,11891.7,17124.1,17.8855
6626.75,6584,65961.5,3256.6,3192,66862.3,3304.48,8503.56,17.8875
13513.5,13221,66985.9,3763.52,3681,67005.2,2630.36,8304.66,17.8916
23803.6,19248,81047.2,18664.8,15428,79285.7,2276.2,2228.46,17.8926
16401.4,16293,65972.2,3356.92,3381,65069.2,4243.84,10820.2,17.8936
14476.8,13712,69191.3,6184.88,6036,67152.5,3395.68,10088.5,17.8956
11813.1,11621,66619.3,4437.64,4465,65134.4,3805.32,10282,17.8977
10437.7,10438,65534.1,5331.4,5270,66299.5,2983,10087.7,17.8977
9631.7,9601,65745.6,4468.04,4465,65580.6,7062.68,14386.3,17.8997
11874.2,11622,66958.1,4329.72,4258,66639.9,9865.56,14475.2,17.8997
11352.9,11077,67168.3,8301.48,7637,71238.2,4141.24,11461.3,17.9007
15317.2,14928,67244.9,7323.36,7264,66071.5,3189.72,8352.24,17.9017
13839.8,10948,82846.6,19180.9,16800,74823.7,15162.8,22981.1,17.9017
10549.5,10056,68752.2,6790.6,6200,71778.8,5263.76,12680.5,17.9038
14184.9,14132,65781.5,4926.32,4932,65460.5,4902,12629.8,17.9068
15605.2,15645,65369.3,7531.6,7513,65698.3,2127.24,6540.3,17.9108
14700.4,14868,64797.2,4210.4,4208,65573.4,4374.56,11207,17.9129
5601.05,5448,67377.1,2352.96,2392,64466.4,3287.76,6917.82,17.9139
14071.2,12088,76288.1,8008.12,7372,71191,3499.8,12178.1,17.9159
17898.4,17597,66658.5,10773.8,10425,67728.5,3244.44,8278.92,17.919
14078.3,13601,67836.1,9566.88,9041,69348,5373.2,10395.1,17.923
13839.1,13713,66138.9,5201.44,5269,64695.7,2390.96,9152.52,17.9271
15785.9,15232,67919.2,9332.04,9268,65988.8,2185.76,4558.32,17.9291
6087.25,6620,60261.9,2972.36,3052,63825.9,7977.72,13015.1,17.9291
16849.9,16362,67490.4,10301.8,10014,67419.5,4873.88,7495.02,17.9311
28808.6,21449,88022.9,26311.2,21021,82029,9244.64,24665.2,17.9321
13431.6,13709,64209.9,6231.24,6073,67243.6,2732.2,7587.84,17.9331
6607.9,6976,62077.9,4272.72,4244,65979.5,2837.84,8544.9,17.9331
12266.1,12304,65334.4,6714.6,6307,69771.4,7951.12,11747.6,17.9362
10025.6,10400,63176.7,5439.32,5520,64578.1,8354.68,16999.3,17.9362
6422,6884,61137.7,5261.48,5104,67558.1,18003.6,22547.5,17.9362
9251.45,9669,62705.9,3758.96,3681,66924,5611.08,11866.1,17.9372
22707.8,18083,82296.9,22513.5,18211,81019.4,17597,24178.4,17.9372
10922.6,11285,63431.4,5705.32,5781,64678.1,2861.4,10388.8,17.9382
16020.5,15428,68053.1,6749.56,6548,67553.3,10160.4,16798.9,17.9402
13767,13397,67346,7970.88,7825,66757.8,2466.96,8438.82,17.9443
8651.5,8600,65928.5,3055.96,3000,66758.5,2900.16,7696.26,17.9453
9302.15,9248,65919.7,5304.8,5216,66651.7,10621,16012.6,17.9463
11352.9,11464,64900.9,5104.92,5160,64836.4,8911.76,18044.5,17.9463
18606.9,16328,74682.9,12932.2,11196,75698.6,6330.04,14376.2,17.9494
12065.9,12361,63971.7,6840,6841,65526.4,3632.04,10136.1,17.9494
14437.1,14057,67308.3,5374.72,5277,66749.6,10838.4,16933.8,17.9494
7020.65,7148,64368.4,3613.04,3564,66437.8,7139.44,11138.4,17.9504
10162.8,9872,67466.2,7618.24,6992,71405.8,12553.7,18759,17.9514
25769.3,21209,79627.2,17531.7,15289,75149.2,19716.7,24849.2,17.9514
10559.3,10671,64849.7,8152.52,7547,70794.2,13010.4,16199.8,17.9524
11807.9,11589,66773.9,6098.24,5861,68188.7,3510.44,9009,17.9524
10049,10137,64967.1,4500.72,4489,65707.1,5521.4,10987.9,17.9524
8650.2,8736,64892.3,3758.96,3764,65448.3,2210.84,8696.22,17.9534
36493.6,31350,76288.5,21350.7,17542,79765,32360.8,51114.2,17.9554
14321.4,13801,68007.4,7985.32,7641,68489.2,2257.2,8048.82,17.9554
10831.6,11133,63761.8,3977.84,4041,64511.7,4147.32,10729.7,17.9565
11698,11597,66107,3527.92,3401,67981.7,6649.24,13120.4,17.9565
11070.8,11144,65105.5,6221.36,6188,65889.3,2158.4,7239.96,17.9575
15036.4,14725,66922.2,11216.8,10837,67833.1,8309.84,13891,17.9575
14794.6,14853,65278.5,5806.4,5665,67171.8,10387.7,18542.2,17.9585
15787.8,16317,63410.7,4717.32,4797,64447.4,5848.2,14483,17.9636
11922.3,12212,63981.3,7059.64,7104,65126.8,2317.24,8743.02,17.9636
11294.4,11995,61708.2,4731.76,4811,64456.6,6467.6,13639.9,17.9646
7313.15,7766,61714.5,2749.68,2726,66105.3,2359.04,7395.18,17.9717
14665.3,14715,65314.6,9502.28,9231,67462,5767.64,10269.5,17.9727
11361.3,11436,65108.2,5591.32,5640,64970.3,3579.6,10456.7,17.9737
15493.4,15609,65050.6,7216.2,7341,64421.9,3429.12,10749.2,17.9757
21050.9,17881,77154.1,19822.3,17657,73572.8,16986,25939.7,17.9757
13094.9,11083,77432.8,9301.64,8379,72752.4,17083.3,26848.4,17.9767
21637.8,17785,79733.4,14933.2,12489,78362.1,11704,23570,17.9767
7202.65,7672,61526.7,3908.68,3928,65213.7,5899.12,11047.1,17.9788
14637.3,14749,65039.9,6338.4,6477,64133.6,3464.84,10673.5,17.9808
11505,10049,75031.5,9968.16,9205,70969.4,11742.8,20384.5,17.9808
10032.1,10283,63937,6170.44,6075,66565.6,13274.9,20871.2,17.9848
12057.5,11953,66109,5380.8,5173,68168.6,19133,21537.4,17.9879
10687.3,10833,64654.6,7774.04,7393,68913.8,7068.76,13020.5,17.9889
19700.8,13649,94594.1,22798.5,17025,87760.4,4424.72,9170.46,17.9889
7814.95,8245,62117.7,3521.08,3489,66138.6,7817.36,12522.9,17.9909
5606.9,6102,60218.6,3079.52,3014,66960.7,2815.04,6846.84,17.9909
13213.2,13361,64811,5529,5653,64098.5,7121.2,14054.8,17.9929
12601.5,12364,66795.1,6285.96,6204,66401.8,5430.96,13581.4,17.994
5160.35,5604,60347.7,2503.44,2528,64899.3,3134.24,7750.08,17.995
14038.7,14257,64532.5,6696.36,6805,64489.7,7482.96,16546.1,18.0011
10970.7,11384,63156.7,4645.88,4776,63750.5,2229.84,6681.48,18.0011
10171.8,10622,62758.6,4363.92,4362,65564.8,7758.84,14373.1,18.0021
14506.7,14420,65930,7015.56,6864,66983.1,2879.64,8423.22,18.0021
16565.9,16497,65809.7,9850.36,9585,67350.4,10601.2,20581.1,18.0041
11674.6,11672,65550.9,5459.84,5180,69076.5,7118.92,15009.5,18.0041
7912.45,7484,69287.9,6716.88,6284,70050.5,3610.76,9324.12,18.0071
13412.7,13103,67085.2,6260.88,6143,66793.6,7676.76,17025.1,18.0092
11230.7,10897,67542.9,9861,9585,67423.1,8678.44,15373.8,18.0102
14782.3,14724,65795.5,5795.76,5856,64861.8,9034.12,16826.9,18.0112
13491.4,13332,66319.6,7381.12,7168,67484.5,5567,10895,18.0122
5288.4,5620,61669.1,2317.24,2400,63276.1,4632.2,8175.18,18.0122
15722.8,13391,76948.1,12196.5,11039,72407.7,3635.08,14433.1,18.0173
18629.6,17609,69334.6,11140.1,10681,68352.8,6612,12409,18.0203
10221.3,9979,67126.9,3841.04,3819,65914.2,8052.96,13735.8,18.0213
12256.4,12038,66725,5938.64,5990,64974.1,2913.84,8377.98,18.0264
14795.3,14360,67522.6,7512.6,7228,68116.5,6507.12,12627.4,18.0264
5761.6,6148,61417.1,3329.56,3408,64027.6,4237,9719.58,18.0305
11263.2,10774,68511.7,7879.68,7266,71071.1,12231.4,17221.6,18.0305
11204.7,11319,64874.2,5912.8,5831,66455.4,13415.5,19503.1,18.0315
29233.1,23300,82224.1,27265.8,22720,78648.3,2884.2,468.78,18.0325
12082.8,12376,63983.6,5312.4,5304,65639.8,3280.16,9190.74,18.0335
24537.5,19503,82453.5,20444,17743,75512.5,4821.44,14306.8,18.0355
10089.3,10191,64882,4676.28,4651,65892.2,2249.6,6831.24,18.0365
21132.8,13928,99437,26343.9,19388,89048.5,8971.8,23330.6,18.0406
6451.9,6629,63785.1,2715.48,2757,64549,6734.36,10026.1,18.0406
16424.8,16056,67041.5,6335.36,6344,65446.7,7252.68,13654.7,18.0426
11144.9,10980,66520.2,4916.44,4900,65755.9,3744.52,10330.3,18.0426
13386.7,13097,66985.9,5525.2,5213,69460.9,17844,25962.3,18.0436
7527.65,7772,63475.6,3416.96,3484,64274.9,4169.36,9499.62,18.0446
11802,11881,65100.5,5502.4,5481,65791.9,8645,14883.2,18.0457
10548.2,10040,68853.3,6336.88,6040,68757.3,12178.2,20801.8,18.0457
13410.8,13073,67229.4,9566.12,9045,69311.8,5338.24,9023.82,18.0527
12184.9,12477,64001.7,4978.76,5049,64624.3,11561.1,16826.2,18.0527
13200.2,12361,69985.3,8661.72,7945,71448,9153.44,16545.4,18.0558
11624.6,11200,68020.5,4782.68,4660,67261.3,4419.4,11374.7,18.0568
14192.1,14011,66383.1,5846.68,5807,65983.8,9078.96,16193.6,18.0609
13234.6,13520,64152.8,2818.84,2864,64502.6,2314.2,7222.02,18.0629
17117.1,16652,67366.5,6735.88,6504,67872.5,10154.4,17057,18.0639
10543.6,10468,66009.6,7518.68,7028,70111.6,7637.24,14611,18.0649
15239.9,15032,66442.4,11153,10696,68336.1,2096.08,4616.04,18.0649
12533.3,12805,64145.4,5258.44,5265,65454.3,2720.8,6601.92,18.068
16849.9,15673,70457.4,12996.8,12009,70926.4,21165.2,26743.9,18.068
5458.05,5892,60709.2,2348.4,2388,64449.2,4296.28,8076.12,18.071
14725.1,15037,64176.6,7304.36,7325,65351.3,3296.12,9697.74,18.072
15341.3,14320,70210,7043.68,6548,70497,3529.44,11656.3,18.075
8730.8,8721,65609.6,3725.52,3809,64099.7,10273.7,17641.3,18.0771
12567.8,12797,64362,7945.04,7901,65901.3,3628.24,8959.08,18.0781
11486.8,11801,63791.1,4788,4797,65413,2898.64,8336.64,18.0781
13501.1,13774,64237.8,7739.84,7914,64093.8,5392.2,12985.4,18.0791
17019.6,16457,67776.4,9142.8,9085,65952.9,3950.48,9519.12,18.0801
12482.6,12190,67109.1,6505.6,6474,65855.9,10898.4,18106.9,18.0801
6515.6,7048,60585.5,3461.8,3544,64016,4544.8,9269.52,18.0811
8979.75,8335,70605.5,6162.08,5579,72385.4,10051.8,17758.3,18.0903
10447.4,10549,64905.1,4886.8,4757,67324.2,2526.24,7588.62,18.0994
10159.5,10325,64485.5,4783.44,4801,65296.3,3765.04,9928.62,18.1014
14005.5,13897,66047.9,6141.56,6169,65244.5,7831.04,15127.3,18.1055
10144.5,9792,67895.6,6685.72,6388,68590.4,15490.3,20913.4,18.1065
9136.4,8616,69494.3,4285.64,4136,67907.1,4926.32,11047.9,18.1095
12298.6,11756,68561.1,4262.84,4220,66201.3,2843.16,9548.76,18.1095
12238.2,12068,66460.3,5804.12,5780,65809.5,6447.08,11369.3,18.1115
9055.15,9165,64750.5,3244.44,3321,64025.2,6497.24,11778,18.1115
17702.1,16035,72349.5,13488.5,11955,73942.4,6178.04,17447,18.1126
26952.9,17508,100890,21771.7,15792,90351.5,7605.32,18890.8,18.1136
11353.5,11176,66577.1,4513.64,4572,64699.5,2464.68,6131.58,18.1166
13989.3,14244,64364.1,5827.68,5840,65397.7,6452.4,12619.6,18.1196
31849.3,26508,78741.5,17379.7,14444,78855.9,10491.8,19523.4,18.1207
8138.65,7502,71097.6,4594.2,4542,66289.2,10635.4,13939.4,18.1227
12617.1,12108,68291.8,5513.8,5548,65132,2669.88,9161.88,18.1227
14275.3,13556,69013.4,5537.36,5408,67103.6,2132.56,6436.56,18.1247
6785.35,6444,69007.6,2751.96,2748,65630.4,15986.6,15641.3,18.1247
13464.1,13036,67688.2,6384.76,6300,66417.7,2413,5190.9,18.1257
11738.3,11600,66317.6,7376.56,7280,66405.3,5576.88,11902,18.1278
8593.65,8544,65916.8,4373.04,4256,67338.3,2143.2,5754.06,18.1278
11884.6,10585,73582.4,8004.32,7337,71496.7,6304.96,19166.9,18.1278
10749.7,10613,66380.1,5928,5573,69710.6,2897.88,9408.36,18.1288
16636.1,16228,67184.1,8082.6,8064,65687.2,2981.48,10018.3,18.1298
21617,17956,78898.1,20402.2,17232,77592.8,4933.16,10897.4,18.1318
9263.8,8896,68245.5,6228.96,5892,69284,4286.4,9365.46,18.1328
9857.25,9293,69515.2,6728.28,6265,70382.2,19348.8,25780.6,18.1348
8317.4,8207,66417.6,6060.24,5727,69349.4,16352.2,23015.5,18.1369
11880,11696,66567.3,4144.28,4004,67832,6833.92,13937,18.1369
13224.9,13019,66572.5,6399.96,6219,67443,6624.16,13835.6,18.1389
15029.9,14858,66294.4,4958.24,4846,67053.9,6263.92,14010.4,18.1389
22785.1,18528,80593.9,16582.4,13552,80190.9,5134.56,10913.8,18.1399
16680.3,16481,66328.5,9279.6,9093,66880.9,3683.72,8680.62,18.1399
13574.6,13061,68113.1,7623.56,7153,69847.3,8740.76,14178.1,18.1399
15604.5,15284,66910.5,7492.84,7456,65859.8,2401.6,8593.26,18.1409
10942.1,10622,67511,6276.84,5885,69899.6,4107.8,10101,18.1419
15004.6,14085,69814.8,11694.9,10565,72544.8,13863.2,22454.6,18.147
11861.2,11343,68530,8800.8,8347,69099,19779.8,27848.3,18.148
9525.1,9446,66084.8,3372.88,3378,65436.7,5282.76,11901.2,18.1511
7534.15,7740,63793,3055.96,2904,68965.4,5240.96,10442.6,18.1531
14741.3,14356,67295.1,5217.4,4976,68715.3,5697.72,11916.1,18.1531
15241.8,15109,66112.2,8368.36,8181,67036.9,6572.48,17058.6,18.1531
12652.3,12269,67583.2,9244.64,8393,72186,7131.08,12911.3,18.1541
10858.3,10611,67063.1,4354.8,4359,65472.9,9954.48,14274,18.1582
11857.3,11568,67175,4250.68,4292,64905.1,9728.76,16569.5,18.1602
12933.7,11612,72995.4,10404.4,9656,70615.4,4513.64,7964.58,18.1602
15912,15048,69298.8,9305.44,9148,66663.9,7647.12,13324.7,18.1612
13054.6,12718,67270.5,6892.44,6862,65826.7,6748.04,11767.9,18.1612
9629.1,9576,65899.4,5019.8,4968,66219.3,9253,14233.4,18.1622
12444.9,12076,67538,4699.08,4700,65523.2,8356.96,14953.4,18.1632
17427.8,16322,69976,8825.12,8322,69498.1,8980.16,13316.2,18.1673
9393.15,8340,73811.7,8717.2,7908,72242.1,6092.16,12223.4,18.1683
19169.1,17921,70100.4,9393.6,8901,69162.9,4753.8,9932.52,18.1693
15984.1,15292,68502.3,7191.88,7100,66384.1,2607.56,8725.08,18.1713
7888.4,7460,69299.5,2322.56,2272,66994.4,17153.2,13524.4,18.1724
27519,23417,77016.2,17313.6,14777,76785.6,10728.9,19401.7,18.1724
22143.5,18135,80022,15345.9,13283,75714.1,8189,19070.2,18.1734
12759.5,12509,66848.4,4761.4,4782,65253.7,2799.84,9716.46,18.1744
10775.7,10401,67897,4775.84,4725,66241.2,10759.3,17347.2,18.1744
18327.4,17165,69974,7906.28,7577,68384.1,4164.04,7941.96,18.1764
9229.35,8082,74839.7,6135.48,5686,70716.6,13514.3,20992.9,18.1774
5179.2,5032,67453.1,2061.12,2108,64078.5,2736,5772.78,18.1774
21428.5,20500,68504.5,13385.1,13236,66274.3,3738.44,5220.54,18.1805
13224.9,11557,74994.1,11264.7,10401,70978.3,13195.1,19137.3,18.1855
9212.45,9352,64558.1,4503,4588,64321.8,2953.36,8700.9,18.1865
10148.4,9641,68985.5,8808.4,8361,69042.9,2058.08,6346.86,18.1876
26146.9,18696,91654,27847.9,22680,80469.2,11929.7,20626.3,18.1886
5573.75,5174,70599.4,3741.48,3698,66306.6,4767.48,9892.74,18.1906
11631.8,9345,81572.9,10143.7,8769,75810.1,25181.1,35213.1,18.1906
11567.4,11557,65595,4154.16,4321,63005.6,10500.2,16654.6,18.1926
10315.5,10617,63674.9,2473.8,2589,62619.9,3568.2,8239.14,18.1926
7553.65,7941,62339.3,3287.76,3425,62910,3392.64,7685.34,18.1967
13577.8,13284,66985.7,8214.08,8112,66360.7,2599.96,8837.4,18.1987
12923.9,12928,65515.5,6545.88,6512,65877,4817.64,11515.9,18.1997
12929.1,13144,64464.8,5643.76,5704,64843.9,5187.76,12044.8,18.2017
12608.7,12749,64814.8,4917.2,5021,64181.2,6235.8,14125,18.2017
11865.8,12029,64646.6,5344.32,5389,64992.6,10579.2,15303.6,18.2058
16967.6,15444,72001.3,6358.16,5648,73776.3,26082.4,37891.6,18.2068
13328.9,11577,75453.3,11556.6,9865,76773.5,18474.8,29684.5,18.2119
14750.4,14946,64678.5,7199.48,7238,65187.2,4953.68,14182,18.2129
12470.3,13117,62304.7,3654.08,3801,63002.8,2986.04,8462.22,18.2129
14241.5,14581,64010.1,5528.24,5605,64638.5,3695.12,9424.74,18.2149
15516.1,15925,63853.5,7325.64,7397,64903.8,6233.52,13809.1,18.2159
10725,10829,64906.6,6593.76,6249,69151.6,3782.52,8451.3,18.219
14086.8,14301,64554.4,4608.64,4569,66104.6,5687.84,14230.3,18.219
15364,15849,63530.7,6564.88,6669,64512.8,12093.1,18950.9,18.22
5094.7,5589,59739.9,3528.68,3525,65604.4,5550.28,11028.4,18.2301
9454.25,9925,62427.6,5113.28,5157,64980.4,3756.68,9941.1,18.2332
6142.5,6624,60772.2,2986.04,2976,65757.1,3857,9007.44,18.2352
8357.05,9113,60099.6,3698.16,3833,63230.5,2232.12,7222.8,18.2362
12821.3,13188,63713.5,5799.56,5600,67871.4,5310.12,13063.4,18.2372
16492.4,16640,64954.9,10817.1,10740,66006.4,9834.4,15614.8,18.2372
12484.5,13029,62797.4,5161.16,5153,65639.8,7565.8,15325.4,18.2392
4506.45,5086,58068.2,3028.6,3038,65333.2,8304.52,11593.9,18.2392
7089.55,7770,59796.8,3898.8,3994,63973.9,3486.88,9430.98,18.2392
7863.05,8688,59313.2,3469.4,3604,63088.4,2153.08,5158.92,18.2403
11781.3,12356,62487.5,4889.84,4944,64818.1,6389.32,13192.1,18.2433
18354,15416,78026.1,13525.7,12140,73016.6,4990.16,15752.1,18.2443
11827.4,12374,62641.1,5696.2,5846,63856.7,5129.24,12817.7,18.2453
32938.8,28913,74661,17938.3,15237,77154.5,2438.84,4212,18.2453
28449.8,22064,84503.7,23196,17792,85441.2,3581.12,5686.2,18.2453
12438.4,12781,63779.3,9930.16,9241,70423.4,16023.8,24050.5,18.2463
18989.8,18064,68894.6,11019.2,10480,68908.1,8923.16,10664.9,18.2494
12864.1,12973,64986.1,6039.72,6057,65349,4298.56,11051,18.2514
18786.3,18776,65572,7673.72,7576,66381.3,2086.2,7002.84,18.2514
14335.1,14320,65605.1,6823.28,6628,67466.9,2320.28,6852.3,18.2534
14019.8,14193,64736.5,6348.28,6321,65818.8,5802.6,12991.7,18.2534
10973.9,11236,64007.5,6258.6,6176,66412.5,3180.6,8707.92,18.2555
10726.3,11030,63731.5,6005.52,5970,65925.9,3201.12,9129.9,18.2565
13168.3,13108,65837.7,5217.4,5024,68058.8,12214,19527.3,18.2585
10049.6,10461,62959,3649.52,3737,64001.9,2567.28,8142.42,18.2605
7712.25,7516,67247.2,6121.8,5788,69315.5,11439.5,22838.4,18.2646
35617.4,27574,84653,26912.4,21830,80793.8,7650.92,12931.6,18.2646
8253.05,8640,62600.9,3635.84,3680,64749.6,6010.84,11906.7,18.2656
14317.5,14359,65346.8,5744.84,5783,65103.6,14769.1,18929.8,18.2656
13764.4,13365,67494.5,6720.68,6469,68085.7,14025,20991.4,18.2666
13000,13196,64562.6,5785.88,5660,66993.5,3810.64,8419.32,18.2666
11092.3,10902,66679.7,7489.04,6930,70822.8,4856.4,12266.3,18.2666
17344.6,15329,74153.3,12052.1,10725,73645.2,3910.2,13069.7,18.2676
18611.4,18577,65657.5,10414.3,10485,65094,2551.32,7495.8,18.2686
6838,7233,61957,3092.44,3173,63872.1,5731.92,10413.8,18.2697
15119.6,14920,66413,8502.12,8280,67294.1,5022.08,11097.8,18.2707
19637.8,15984,80516.9,15371,13300,75740.9,3238.36,9782.76,18.2707
8164,8460,63243,3334.88,3384,64584.7,2297.48,6546.54,18.2707
10169.9,10367,64290,4536.44,4619,64364.6,6828.6,12986.2,18.2717
7157.15,7249,64705.6,2967.8,2945,66043.4,2797.56,7135.44,18.2717
14983.1,14670,66934.9,7382.64,7358,65755.5,10576.9,15898,18.2747
6485.05,6561,64777.4,3997.6,3941,66477.2,5277.44,10169.6,18.2788
12123.8,11857,67010.7,5004.6,5029,65218,3512.72,8699.34,18.2808
9520.55,9517,65560.4,4409.52,4333,66693.4,15754.8,19338.5,18.2818
12134.8,12213,65116.6,5908.24,5953,65043.2,9759.92,14304.4,18.2828
6448,6728,62808.6,3322.72,3384,64349.2,2587.04,8422.44,18.2828
16008.8,13684,76670.3,15950.9,14128,73991.9,22252.8,31977.7,18.2869
10357.8,10824,62713,2849.24,2904,64300.2,4879.2,10518.3,18.2869
46738.3,29508,103804,48025.2,32624,96474.3,17143.3,33132.1,18.2889
11169.6,11427,64059.8,4653.48,4631,65854.1,3026.32,9317.88,18.2889
10464.3,10765,63705.7,5937.12,6041,64409.1,3385.8,10340.5,18.2889
12083.5,11593,68308.8,9393.6,9085,67762.1,11109.7,23229.2,18.2899
12728.3,13058,63881.3,5528.24,5590,64811.9,3210.24,10115.8,18.2899
16719.9,16592,66041.4,8068.16,7920,66762,11032.9,18140.5,18.2909
12929.1,12845,65965.3,7163,6809,68943.2,2501.16,7153.38,18.292
10684.7,10633,65854.6,6624.92,6233,69656.8,2488.24,7977.06,18.293
15996.5,16121,65029.9,8296.92,8173,66529.7,8439.04,17567.9,18.293
18972.2,15744,78973.7,19986.5,17584,74490.1,2141.68,3786.12,18.294
10552.8,10717,64531.6,3768.08,3821,64628.3,5634.64,12721.8,18.295
9766.9,9933,64440.1,4450.56,4541,64230.8,9961.32,15599.2,18.296
12443.6,12680,64314.2,6844.56,6652,67433.1,5380.8,11742.1,18.297
15724.1,11572,89051,18937.7,15492,80112.3,4355.56,7617.48,18.298
13635,13925,64171.4,5091.24,5157,64700.3,15833.1,22220.6,18.299
14866.1,14705,66254.2,7178.2,7169,65620.1,3152.48,7795.32,18.3001
11711,10796,71090.7,10626.3,10092,69005.8,14342.7,20883.7,18.3051
6379.1,6845,61075.3,3043.04,3081,64728.6,6157.52,10859.9,18.3051
10911.5,11269,63457.2,4620.04,4773,63435.8,4237.76,8116.68,18.3072
9245.6,9651,62783.1,3746.8,3815,64364.4,7983.04,14687.4,18.3072
10782.8,10874,64986.7,8792.44,8702,66217.1,11621.2,19085,18.3082
9855.95,10209,63269.6,4434.6,4517,64340.5,9101,14509.6,18.3082
11969.1,11710,66986.1,7439.64,6958,70072.5,7470.04,14686.6,18.3092
13220.3,12625,68626.4,11009.4,10853,66480.2,3458,8863.92,18.3102
7289.1,7332,65152.5,3460.28,3460,65541.3,3969.48,7527,18.3132
10593.7,9334,74380.6,8505.16,7810,71369.3,10116.4,16241.9,18.3143
12365.6,12257,66116.7,4885.28,4933,64902,8241.44,14465.1,18.3153
15970.5,15192,68894.3,9155.72,9004,66640.3,2476.08,7062.9,18.3153
11843,11385,68172.4,7989.12,7657,68378.6,6285.2,14855.9,18.3193
15263.9,15065,66401.5,5392.2,5405,65380.8,5181.68,13780.3,18.3203
16701.1,16101,67978.6,7600,7317,68070.7,3363.76,7143.24,18.3234
11297,11273,65675.5,5620.2,5613,65620.1,6719.16,12993.2,18.3244
6303.7,6528,63284.2,2952.6,3056,63318.6,4509.08,9435.66,18.3244
11863.8,11305,68775.4,4864.76,4713,67646.3,8048.4,15420.6,18.3254
21879.6,17360,82598.2,16338.5,13760,77816.8,11542.9,21604.4,18.3284
13557,13467,65974.2,6806.56,6831,65301.5,2971.6,8590.92,18.3315
8966.75,8568,68586,7378.08,7036,68722.3,16342.3,24265,18.3315
5454.8,5588,63973.8,2333.96,2368,64593.9,2192.6,6265.74,18.3345
13153.4,12996,66329.7,7594.68,7536,66046.3,9830.6,15727.1,18.3396
13988.6,13651,67157,9584.36,9447,66488.9,8599.4,15890.2,18.3406
13475.8,12781,69098.7,6907.64,6637,68208.4,16438,24938.2,18.3406
13037,13113,65156.4,4247.64,4349,64008.6,12324.2,19330,18.3406
10658,10602,65882.5,4288.68,4186,67143.6,6227.44,12449.6,18.3426
7814.3,7725,66293.6,4064.48,4157,64077.4,4093.36,9677.46,18.3426
10158.2,9484,70194.8,7335.52,7080,67901.2,15920.5,24899.2,18.3426
14749.1,14329,67457.6,5384.6,5401,65337,2143.96,7542.6,18.3426
6461.65,6476,65390.8,2112.8,2220,62371.4,3085.6,6748.56,18.3447
12535.9,11477,71582.5,10042.6,9573,68751.1,5368.64,11369.3,18.3447
10768.5,10660,66203.3,4477.92,4480,65505.6,5465.16,11236.7,18.3457
12589.8,12124,68054.1,4295.52,4396,64038,6386.28,11115.8,18.3487
13131.3,12808,67190.3,5250.08,5244,65612,6154.48,13345.8,18.3507
14998.1,14453,68007.7,6285.96,6129,67214.3,18500.7,22375.9,18.3507
5916.3,6020,64407.1,2836.32,2916,63745.2,7076.36,11118.1,18.3528
7640.1,7660,65365.7,4473.36,4476,65497.4,10685.6,15366,18.3538
15681.9,15016,68442.3,10042.6,9724,67683.5,2818.08,5307.9,18.3568
37348.3,32291,75800.1,25009.3,22327,73409.4,5619.44,10373.2,18.3589
5672.55,5920,62796.7,2690.4,2768,63698.7,8021.8,11146.2,18.3629
10531.3,10648,64817.7,4553.16,4620,64587.9,6577.8,13279.5,18.3639
12552.8,12673,64914.4,4293.24,4213,66784.2,2956.4,8435.7,18.3649
14380.6,14416,65375.1,4538.72,4400,67602.2,2781.6,7534.02,18.3659
6210.75,6513,62494.7,3178.32,3121,66739.6,14574.5,13495.6,18.3659
14230.4,14280,65308.6,8764.32,8296,69235.6,4587.36,6735.3,18.368
10883.6,11392,62611.3,5172.56,5316,63767.7,7456.36,14146.9,18.37
15011.7,14860,66205.2,7638.76,7480,66927,3160.08,8703.24,18.372
7741.5,8024,63228.7,4957.48,4952,65608.5,4528.08,9603.36,18.372
9435.4,9484,65200.2,7880.44,7756,66587.5,15464.5,22964,18.3761
11412,11467,65222,6451.64,6415,65910.3,29470.5,26530.9,18.3761
9095.45,9260,64371.4,4733.28,4812,64463.9,11666,17160.8,18.3791
11750.7,11784,65350.8,4715.8,4684,65980.9,16222.2,19620.9,18.3801
19943.3,15665,83434.7,18218.7,15109,79024.6,16882.6,30196.1,18.3872
11458.2,11340,66219.1,5576.12,5372,68026.2,2425.92,8139.3,18.3872
16029,15665,67058.8,8856.28,8725,66522.1,7264.08,8967.66,18.3882
10047.7,9948,66192.8,5601.96,5528,66412.8,9693.8,15978.3,18.3923
13813.1,13688,66135.2,3882.84,3816,66683.9,2796.8,8008.26,18.3953
11162.4,11380,64283.2,4686.16,4820,63716.2,6045.04,14029.1,18.3953
12479.3,12189,67097.1,7859.92,7373,69864.1,8496.04,15145.3,18.3964
13067.6,12884,66469.9,6050.36,5940,66753.6,6219.84,14497.1,18.3974
12399.4,12153,66864.7,8548.48,8317,67360,15767.7,20492.9,18.4004
16845.4,16345,67542.4,7815.84,7721,66341,5616.4,12763.1,18.4024
10669.1,10657,65610.4,4091.08,4117,65123.4,5778.28,11165.7,18.4034
5926.7,5869,66180.3,2549.04,2569,65026.8,2810.48,7625.28,18.4075
8721.7,7585,75357.3,7813.56,7317,69983.5,13016.5,23851.6,18.4075
11679.2,11177,68480.6,7868.28,7597,67876.2,7286.12,15344.2,18.4116
19467.5,18324,69625.7,10241,9760,68765.8,4338.08,10181.3,18.4146
15210.6,14717,67734.3,6693.32,6633,66132,5367.12,12065.8,18.4176
8362.25,7641,71722.1,4810.8,4441,70993.1,6045.8,12882.5,18.4176
13186.5,12994,66507.1,4645.12,4806,63342.2,2077.84,6325.8,18.4217
8210.15,8068,66690.7,3353.12,3264,67325.4,4154.16,8520.72,18.4257
11857.9,11965,64949.6,4964.32,5113,63630.3,7074.08,13176.5,18.4268
10715.3,10780,65142.4,4227.12,4216,65708.9,2933.6,9197.76,18.4278
9344.4,9373,65336,3342.48,3353,65330.4,4420.16,8977.02,18.4298
10067.8,10120,65198.3,3986.2,3992,65440.8,4102.48,11012,18.4298
8055.45,7233,72988,7814.32,7029,72858,10139.2,18715.3,18.4308
50505.6,35352,93628,38392.9,24408,103086,5072.24,711.36,18.4328
6113.9,6249,64119.1,2773.24,2841,63972.9,13322.8,17006.3,18.4339
11971,11796,66508.5,6410.6,6384,65809.1,3328.04,8446.62,18.4369
8087.95,8065,65722.5,6211.48,6257,65059.2,5221.96,12969.1,18.4379
13300.3,13234,65864.3,5763.08,5782,65321.6,8649.56,16609.3,18.443
14509.3,14537,65411.1,5928.76,6057,64148.5,4755.32,12658.6,18.444
12352.6,12197,66372.1,5956.88,5845,66790.4,5450.72,11813.9,18.445
15542.1,14836,68655.3,12108.3,11664,68032.5,11777.7,15565.7,18.447
16116.7,15591,67746,10795.8,10295,68724,6591.48,13895.7,18.447
13449.1,13440,65580.6,5342.04,5296,66105.7,6192.48,12561.1,18.448
22891.7,17901,83807.1,19218.1,16205,77721.6,4970.4,9801.48,18.4501
11226.1,11199,65694.9,3731.6,3820,64019.4,13130.5,17096.8,18.4551
16006.9,15024,69823.5,7135.64,6544,71461.1,7115.12,18216.1,18.4562
13801.4,13368,67661,5306.32,5192,66979,3542.36,10206.3,18.4582
20172.1,16645,79423.2,14020.5,12261,74940.6,26824.2,47248.5,18.4592
13533.6,13341,66482.4,5945.48,6089,63991.3,2373.48,8351.46,18.4622
10043.1,9788,67244.4,4984.84,4796,68116.4,5546.48,9542.52,18.4632
5379.4,5433,64889.4,2558.16,2649,63288.6,3618.36,7020.78,18.4653
10286.9,10208,66042.5,4727.96,4756,65149.6,10028.2,15710.8,18.4653
7967.05,7869,66352.6,3445.08,3421,65997.3,2157.64,5495.1,18.4663
11073.4,10969,66159.8,4248.4,4301,64734.5,5655.16,12150.1,18.4673
7216.3,7276,64998.3,3269.52,3420,62652.4,6636.32,12601.7,18.4673
19100.9,18159,68935.3,7340.08,7311,65796.7,4620.8,9909.12,18.4714
14180.4,13641,68127.5,8329.6,8221,66401.7,4637.52,10241.4,18.4714
5900.7,5908,65455,2757.28,2848,63448.4,4211.16,9433.32,18.4724
6334.25,6033,68808.5,3160.84,3249,63757.7,5006.12,9123.66,18.4744
11264.5,10723,68845.5,4228.64,4199,65998.6,2384.12,7264.14,18.4744
12556,11972,68733.1,6137,5952,67573,2888,7825.74,18.4754
13952.2,13351,68487.3,6726.76,6579,67007.9,2170.56,6559.02,18.4764
5482.1,5393,66618.7,2691.16,2705,65200.7,4371.52,8022.3,18.4774
5476.9,5529,64918.4,2815.04,2873,64213.9,2493.56,6318.78,18.4795
20788.3,15857,85916.8,18950.6,15541,79914.2,7862.96,12257.7,18.4805
7746.05,7680,66099.6,3569.72,3540,66086.2,6087.6,12334.1,18.4845
15684.5,15386,66807.4,8980.16,9034,65145.4,2584,8266.44,18.4866
11526.4,11061,68293.8,8571.28,8369,67120,5960.68,12509.6,18.4876
10313.5,10448,64692.7,4936.96,5044,64145.2,4725.68,11371.6,18.4876
10407.8,10257,66499.5,4069.8,4021,66331.4,9498.48,16148.3,18.4896
15533,15408,66067.9,7061.92,7104,65147.8,4867.04,13138.3,18.4896
8432.45,8529,64794.1,3516.52,3521,65452.6,5873.28,11177.4,18.4926
13593.4,13344,66761.1,4807.76,4724,66698,4829.04,12894.2,18.4947
5764.2,5712,66134.9,3486.12,3428,66647.1,8181.4,10411.4,18.5028
14788.1,14484,66912.2,9229.44,9300,65038.8,3359.96,6537.18,18.5038
9962.55,10001,65284,4579.76,4549,65979.1,3812.16,7564.44,18.5048
13671.4,13489,66422.4,8474.76,8097,68593.5,7705.64,9200.1,18.5048
14460.5,14548,65142.1,5503.16,5648,63855.4,5836.04,13419.9,18.5068
16195.4,16064,66072.1,7079.4,7172,64689.8,2489.76,7307.82,18.5129
10888.1,10876,65609.2,4387.48,4440,64760.8,2980.72,9863.1,18.5149
21022.9,16773,82141.5,16561.9,13973,77678.5,9649.72,20131.8,18.517
17319.9,15773,71963.3,10539.7,9705,71172.4,19611.8,25606.6,18.518
13385.4,13158,66668.9,6196.28,6322,64232.7,2051.24,6066.84,18.52
7735,7977,63547.8,2750.44,2825,63806.3,11137,15603.1,18.521
17704.7,17392,66714.3,9294.8,9188,66297.8,4531.12,9324.9,18.522
10171.2,10509,63429.4,2763.36,2841,63745,3114.48,8423.22,18.5241
10781.5,10875,64972.8,4258.28,4223,66083.5,8265,14395.7,18.5251
7102.55,7257,64141.2,3588.72,3513,66948.6,8046.88,12372.4,18.5251
16450.8,16423,65647.1,7258.76,7335,64854.8,2495.84,4593.42,18.5261
14766.7,14121,68532.7,10280.5,9849,68407.4,2798.32,6534.06,18.5291
9484.8,9625,64581.4,3000.48,3049,64493.1,3138.8,7335.9,18.5362
8353.15,8263,66251,3203.4,3207,65462.4,2194.12,5693.22,18.5362
13104,12761,67297.5,8644.24,8221,68910,8819.8,15531.4,18.5372
7599.8,7732,64415.5,3621.4,3524,67347.4,11243.4,15800.5,18.5393
20822.8,17381,78513.3,18756,16449,74727.7,8144.16,17965.7,18.5403
11018.8,11327,63752.8,4540.24,4677,63619.7,3656.36,9752.34,18.5433
14199.2,14332,64929,5845.92,5884,65111.9,7759.6,16646.8,18.5474
14553.5,14392,66271.4,4499.96,4396,67085.8,20469.1,24698.7,18.5484
7118.15,6757,69038.8,6260.12,5877,69808.3,19924.2,21969.5,18.5514
6611.15,6896,62828.9,2931.32,2964,64813.4,2968.56,5759.52,18.5524
10252.4,10295,65265.1,4578.24,4551,65928.3,2432,8172.84,18.5524
13969.8,13816,66265.5,6259.36,6172,66463.6,2910.04,8207.16,18.5524
8216,8552,62961.1,3700.44,3820,63484.8,4456.64,11678.2,18.5535
20356,18244,73122.9,12312.8,11136,72461.3,19132.2,21701.9,18.5535
7285.2,7465,63957.5,3815.2,3821,65436.5,8614.6,12516.7,18.5555
8994.05,8769,67217.9,7033.8,6833,67461.9,12315.8,18940.7,18.5555
12964.9,12909,65819.8,5858.08,5737,66919.1,2301.28,8461.44,18.5575
9915.75,9545,68081.6,7843.96,7481,68715.7,8727.84,19337,18.5585
10687.9,10141,69070.6,6897,6445,70132.2,5467.44,11689.1,18.5585
39348.4,31601,81603,24767.6,20341,79798,2045.92,189.54,18.5585
9364.55,9363,65546.9,5579.92,5315,68802.6,4513.64,10253.1,18.5626
12000.9,11985,65623.2,6696.36,6545,67051.6,7676.76,15018.1,18.5646
15244.4,15213,65671.5,4172.4,4089,66872.7,2181.96,7863.96,18.5656
18180.5,17790,66974.5,7590.88,7514,66206.5,5947,13781.8,18.5666
15975.7,15630,66985.5,8627.52,8606,65699.9,6903.08,15990,18.5687
8022.3,8065,65189,3463.32,3473,65353.3,2594.64,7516.08,18.5687
14931.8,14828,65994.8,6013.88,6124,64357.5,2925.24,8657.22,18.5697
11646.7,11504,66348.9,7757.32,7764,65479.6,5817.8,12270.2,18.5697
20541.3,14945,90076.6,21232.1,17173,81026.5,3141.84,5948.28,18.5697
12691.9,12151,68453.3,9304.68,8691,70163.6,8175.32,16339.4,18.5707
37619.4,32963,74793.7,20108.1,17491,75341.8,19342,40996.8,18.5717
12610.6,12421,66536.6,5463.64,5301,67546.7,2340.04,8406.84,18.5727
6386.9,6405,65350.8,3461.8,3413,66473.1,2542.96,7347.6,18.5747
12729.6,12797,65190.8,4463.48,4489,65163.4,6037.44,11372.4,18.5758
15193.7,15240,65337.1,9860.24,9784,66046.7,7303.6,14112.5,18.5768
19263.4,19072,66193.7,7849.28,7764,66255.9,5170.28,11059.6,18.5788
21442.2,15153,92736.5,26701.8,21489,81433.8,4275.76,6220.5,18.5788
16413.8,15728,68393.6,8625.24,8384,67421.7,7093.84,13912.9,18.5808
13329.5,13332,65524,5587.52,5648,64834.2,3663.96,10610.3,18.5808
10283.6,10261,65680.7,7204.8,6869,68739.8,6265.44,13093.1,18.5849
10648.9,11081,62980.7,2418.32,2473,64086.9,5668.84,11395,18.5849
6940.05,6957,65376.3,3215.56,3209,65670,3535.52,8271.9,18.5879
11128.6,10973,66465.6,5637.68,5609,65871.1,6152.2,13811.5,18.5899
13142.3,12756,67520.9,6172.72,5968,67784.1,3883.6,9625.98,18.5899
12905.1,13124,64442.9,5475.04,5572,64395.6,10711.4,18365.9,18.591
16052.4,15676,67109.6,7589.36,7400,67213,7056.6,14453.4,18.592
5398.25,5504,64276.8,2485.96,2452,66443.7,5695.44,9336.6,18.594
11356.1,11193,66491.3,5753.96,5741,65683.9,2935.12,10019.1,18.595
11763.7,11632,66278,6621.12,6544,66308.3,3633.56,10552.6,18.596
7358,7491,64372.4,2907,2999,63525.6,4618.52,10398.2,18.596
7101.9,7124,65332.7,4186.08,4244,64641.6,6167.4,11653.2,18.596
15710.5,14060,73229.3,9376.12,8572,71683.8,5984.24,11849,18.6011
18504.8,15441,78539.9,12822,11637,72209.3,5987.28,15670.2,18.6031
10090.6,9325,70916.6,7617.48,7193,69403.5,5541.92,10272.6,18.6031
12435.1,12385,65801.4,7643.32,7669,65316.6,8918.6,16053.2,18.6031
6057.35,6024,65898.8,2712.44,2808,63305.7,2593.88,7021.56,18.6031
10585.3,10501,66061.8,3956.56,4017,64549.9,5770.68,10096.3,18.6051
17741.1,13971,83221,18930.8,17123,72455.3,11910,22430.5,18.6082
22157.8,17621,82409.4,16050.4,13377,78633.6,9123.8,22087.3,18.6082
9350.25,9189,66686,5883.92,5685,67829.1,9455.16,13509.6,18.6092
6904.3,7140,63372.6,4205.84,4276,64460.7,2700.28,7416.24,18.6112
13552.5,13196,67306.5,5435.52,5416,65772.2,7655.48,14261.5,18.6163
17054.7,16681,67004.2,7129.56,7037,66398,6050.36,14192.1,18.6163
11739,11236,68469.8,3876.76,4016,63263.8,9024.24,15067.3,18.6193
19469.4,18732,68116.1,11016.2,11016,65537.2,3295.36,5020.86,18.6193
19743.1,18829,68717.6,7970.88,7997,65321.9,2264.8,7172.88,18.6214
17561.7,17369,66263.1,6804.28,6925,64393.5,4293.24,6963.84,18.6214
10554,9420,73425.7,9993.24,9516,68822.7,9129.88,13494,18.6254
11533.6,11877,63641.2,3437.48,3541,63620.1,7073.32,14301.3,18.6254
9561.5,9122,68693.5,5602.72,5446,67421.9,9564.6,13114.9,18.6295
10264.1,10088,66680.3,4415.6,4444,65117.2,11899.3,19818.2,18.6305
9620,9809,64273.3,3547.68,3649,63716.3,8544.68,13111.8,18.6315
10758.1,10636,66288.7,2837.84,2840,65486.2,3956.56,10661,18.6325
12797.2,12488,67158.7,5101.88,5224,64004,18020.4,22361.8,18.6345
19790.5,15587,83209.9,17093.2,14391,77841.5,3828.88,9207.9,18.6366
18586.1,17557,69377.4,12112.9,11349,69947.1,11282.2,22044.4,18.6366
14001.6,14125,64963.7,5746.36,5849,64386,8041.56,17166.2,18.6406
12931.1,12711,66670.8,5808.68,5671,67127.1,11714.6,17550.8,18.6416
5343,5565,62921.6,2573.36,2605,64740,3104.6,5867.94,18.6427
16928.6,16501,67234.3,7629.64,7445,67161.3,3226.96,6006,18.6437
20904.6,18432,74327.6,15788.2,14176,72989.4,6857.48,17375.3,18.6447
11233.3,11573,63612.3,3477.76,3505,65026.7,6913.72,12005.8,18.6457
10859.5,10916,65197.1,3669.28,3504,68627.3,15820.2,18753.5,18.6477
16612,16713,65140.1,5671.12,5805,64024.6,11132.5,22629.4,18.6487
16101.1,15697,67223.4,8785.6,8401,68536.3,7819.64,13702.3,18.6497
38680.2,28419,89199,34583,27299,83022.6,14370.1,27155.7,18.6497
13089.7,13024,65866.6,6230.48,6288,64936.5,2952.6,9594.78,18.6508
9848.8,9937,64954.3,7189.6,6933,67961.6,2752.72,7555.08,18.6518
6984.25,7429,61612.6,2941.2,3061,62971.1,8809.92,12526.8,18.6528
13705.9,13350,67283.1,10964.5,10274,69940.7,7007.2,12051,18.6538
12649,12431,66685.3,9543.32,9227,67782.7,12715.6,17330.8,18.6538
10197.2,10593,63087.3,4830.56,4997,63353.1,7246.6,13697.6,18.6548
20322.9,16365,81386,14977.3,12761,76918.2,6104.32,16950.2,18.6619
10879,11012,64744.8,4903.52,4932,65157.6,6624.92,13451.9,18.6619
11295,11096,66711.6,5019.04,4876,67458.5,3708.8,9306.96,18.6619
6685.25,6896,63533.1,3248.24,3280,64901.4,3581.88,8517.6,18.6639
15823.6,15745,65863.2,6710.8,6757,65087.9,3718.68,11491.7,18.6649
11555,11741,64498.1,4921,4973,64850.7,2634.92,8666.58,18.6649
13134.5,13031,66056.8,6320.16,6263,66134.1,10298.8,17875.3,18.666
13241.1,13056,66465.4,6030.6,6084,64960.8,2191.84,6831.24,18.668
10547.5,10469,66027.7,4325.16,4433,63941.7,4059.16,10363.1,18.669
19265.3,15712,80357.3,15216.7,12900,77305.6,12086.3,23793.1,18.67
4975.75,5175,63012.7,2392.48,2387,65686.5,2431.24,6356.22,18.67
8564.4,8553,65623.4,6627.96,6397,67902.1,8968,14709.2,18.672
14304.5,14152,66242.4,7125.76,6908,67601.9,4304.64,10299.9,18.6731
34091.8,20894,106932,41163.1,27418,98390.3,11580.1,18000.8,18.6731
28516.1,23592,79214.8,24928,22264,73377.7,28174,49076.8,18.6741
12505.3,12497,65579.8,7872.08,7857,65661.8,6903.84,13026.8,18.6751
7259.85,7580,62768,3049.12,3064,65217.7,4660.32,7573.8,18.6771
5629,5992,61565.8,2496.6,2572,63614.8,3089.4,7523.88,18.6771
25173.2,17657,93433.2,26703.4,19193,91180.7,5677.96,9848.28,18.6791
8136.7,8664,61547.4,2984.52,3116,62770.7,8391.16,15193.6,18.6852
12534.6,13033,63029.8,5234.12,5321,64465.9,7244.32,15891.7,18.6862
9179.3,9212,65303.4,3575.04,3496,67017.7,2847.72,8399.82,18.6872
14518.4,14465,65777.9,6512.44,6485,65813.3,2455.56,8773.44,18.6883
12112.8,12217,64976.8,5689.36,5865,63573.4,3204.92,8069.1,18.6893
10905.7,10812,66103.9,6751.08,6488,68193.4,7991.4,13890.2,18.6903
38251.2,26978,92921.3,37990.9,26598,93607.4,19162.6,37585.9,18.6923
9941.1,10154,64161.9,6114.96,5914,67762.9,14850.4,24302.5,18.6923
15488.8,15673,64766,7666.12,7785,64535.2,2808.2,9615.84,18.6923
12353.3,12369,65452.6,5519.88,5393,67077.9,7021.64,14056.4,18.6933
5991.7,6176,63580.3,2739.04,2640,67994.6,10700,14341.9,18.6933
13196.3,13368,64694.3,6355.12,6332,65775.3,2350.68,7179.9,18.6933
25009.4,21069,77792.8,18406.4,15741,76633.3,4650.44,7296.9,18.6954
15161.2,14768,67281.1,9445.28,9088,68112.4,4696.04,8519.16,18.6974
11392.5,11633,64181.4,5525.96,5573,64982.8,3198.84,10904.4,18.6984
14742,13295,72668.8,10945.5,10197,70346.7,15113.4,23951.5,18.7024
10607.3,11214,61990.7,3462.56,3610,62859.4,2078.6,6844.5,18.7045
14796.6,15165,63943.9,8132,8173,65207.2,7553.64,13547,18.7085
6713.85,6812,64591.7,3507.4,3436,66897.8,5015.24,10656.4,18.7095
15044.2,14852,66384.3,5492.52,5504,65399.3,13474.8,21780.7,18.7095
10068.5,9458,69766.3,7570.36,7030,70573.4,19033.4,22698.8,18.7106
14010.1,14153,64874.3,6368.04,6365,65567.3,9480.24,14239.7,18.7136
5394.35,5701,62010.9,3093.2,3109,65202.9,2838.6,6715.02,18.7136
17995.9,16176,72909.2,12325.7,11220,71994.3,9314.56,18769.1,18.7136
5087.55,5466,60998.5,3012.64,3070,64311.5,2587.04,6889.74,18.7146
13779.3,13936,64799.3,8505.92,8324,66968.3,17396.4,27850.7,18.7156
14491.7,14399,65958.1,6065.56,6187,64249.6,4087.28,9984,18.7166
12058.8,12043,65622,4721.88,4831,64055.7,4873.88,11634.5,18.7177
12793.3,12529,66918.5,6130.92,5969,67313.8,5066.16,12093.1,18.7177
12910.3,11421,74081.9,12524,11449,71689.7,13252.1,23003.8,18.7207
15503.1,14707,69083.7,10186.3,9795,68154,9813.88,18461,18.7227
24991.8,21769,75238.5,16689.6,14633,74746.8,23163.3,37516.4,18.7237
7464.6,7485,65357.4,6558.8,6489,66241,3062.04,7509.06,18.7237
6915.35,7048,64302.5,3525.64,3500,66016.1,3815.96,7024.68,18.7237
4761.9,5140,60715.1,2539.92,2544,65430.9,4247.64,8099.52,18.7258
14350.7,14421,65216.5,6933.48,7013,64792.9,8181.4,18190.4,18.7258
7705.1,8089,62425.7,3486.88,3513,65048.7,2792.24,7594.86,18.7258
29717.3,25013,77861.8,21668.4,18113,78399.9,10261.5,25796.9,18.7278
15185.3,14212,70024.2,12088.6,11284,70208.8,9107.84,16479.1,18.7288
9760.4,9877,64762.3,6457.72,6325,66911.2,3455.72,10124.4,18.7308
12935.6,12853,65957.4,5848.96,5685,67426.1,3407.84,9135.36,18.7318
47197.8,34784,88924.6,47791.1,36576,85630.9,28395.1,44587.9,18.7369
29979.9,25175,78044.3,36995.3,32039,75674.1,7044.44,839.28,18.7389
17655.3,17325,66785.4,5847.44,5721,66984.4,2869,10020.7,18.7389
7424.95,7658,63541.6,3429.12,3530,63663.1,2856.84,7534.02,18.742
5572.45,5773,63259.3,2737.52,2729,65740.6,2678.24,6995.82,18.742
13472.5,12936,68254.3,10364.1,9644,70429.6,15439.4,18978.2,18.744
11562.8,11712,64701.4,3251.28,3296,64646.8,9267.44,11703.1,18.746
17366,16724,68052,7914.64,7652,67785.4,4988.64,10815.5,18.7481
11744.8,11921,64567.6,5570.04,5649,64620,3917.04,11335,18.7521
28875.6,15622,121136,20575.5,13506,99839.7,9861,22929.7,18.7541
5062.2,5064,65512.7,2946.52,2952,65414.3,8128.96,12850.5,18.7562
10277.1,10156,66317.8,4862.48,4828,66004,9797.92,14317.7,18.7562
8162.7,8165,65517.5,3739.2,3589,68278.7,4139.72,9039.42,18.7592
8459.1,8482,65359.1,3314.36,3202,67835.7,4432.32,9676.68,18.7612
9987.9,9717,67363.1,8068.92,7765,68101.1,6295.08,12429.3,18.7623
11375,11092,67208.1,5556.36,5456,66741.5,5924.2,11951.9,18.7633
10450.7,10400,65855.5,4730.24,4688,66126.5,4981.8,10809.2,18.7633
15091,14844,66626.7,7242.04,7112,66734.3,6063.28,14541.5,18.7643
15724.1,15651,65842.3,7985.32,7959,65752.7,4091.08,12068.9,18.7673
34596.3,31002,73134,20133.2,18106,72873.5,24821.6,46839.8,18.7673
13579.8,13513,65860,5574.6,5661,64535.8,6079.24,13220.2,18.7683
12084.1,11707,67647.3,9750.04,9403,67954.8,2036.04,5025.54,18.7693
13403.6,12310,71358.4,10328.4,9542,70937.1,8420.8,13133.6,18.7714
10316.1,10422,64870.4,4667.92,4758,64295.3,5640.72,12880.1,18.7734
7570.55,7184,69062.3,5979.68,5748,68177.5,11475.2,18215.3,18.7744
12734.1,12709,65665.7,5586,5601,65360.5,3160.08,10157.9,18.7754
8930.35,8752,66871.5,4360.88,4324,66095,14506.9,17159.2,18.7775
19451.3,16317,78124.5,15198.5,13417,74237.7,27557.6,29127.5,18.7825
10208.9,9192,72786.2,8201.16,7532,71358.4,8096.28,16331.6,18.7825
5292.3,5025,69022.1,2428.2,2485,64038,3998.36,7335.12,18.7835
13830,13516,67058.8,9759.92,9500,67329.1,30593,37871.3,18.7866
25988.9,19388,87848.8,22943.6,17308,86875.1,13826.7,22947.6,18.7886
12881.7,12708,66431.8,6369.56,6336,65883.1,5408.16,11548.7,18.7896
10078.3,9853,67034.2,7006.44,6809,67436.3,4503.76,10148.6,18.7906
17359.5,16748,67929,8955.84,8764,66970.6,9855.68,13533.8,18.7916
6731.4,6771,65152.7,2986.8,2963,66062.4,2271.64,6027.84,18.7927
8880.95,9064,64212.5,4237.76,4264,65132.7,6633.28,14217.1,18.7937
18937.8,18685,66422.5,7094.6,7117,65329.7,3090.92,5403.84,18.7947
9402.25,9504,64834.4,4319.08,4336,65280.3,3388.84,10125.2,18.7947
10392.8,10293,66171.7,6597.56,6289,68751.4,7552.88,16940,18.7957
11141.6,10621,68748.6,6960.08,6425,70993.9,6872.68,17458.7,18.8028
18965.7,18249,68109.8,9290.24,9309,65403.9,3429.88,12377.8,18.8038
18814.9,18474,66745.3,8635.12,8634,65544.5,3289.28,9083.88,18.8048
13220.3,13286,65212.2,5230.32,5318,64455.5,5213.6,10916.1,18.8048
9802.65,9866,65115.2,4331.24,4442,63901.9,13510.5,18234.8,18.8048
9111.7,8877,67268.7,4670.96,4477,68375.3,3165.4,8229,18.8048
10217.3,9956,67256.4,7470.04,7076,69185.5,18401.1,24946.7,18.8068
10424.7,10753,63535.1,4660.32,4753,64258.1,3933,11003.5,18.8079
12352.6,12424,65159.4,5047.16,4952,66795.4,2099.12,7653.36,18.8089
19877.6,16253,80151.5,16448.7,14089,76512.2,7931.36,16667,18.8099
14753,14176,68203.7,7776.32,7456,68351.5,2302.04,4960.8,18.8119
22876.1,19845,75545.9,17553,15553,73963.3,38000,47253.2,18.815
11831.3,11740,66045.7,5756.24,5464,69041.2,16689.6,38117.8,18.815
6706.7,6896,63737,1653.76,1712,63306.6,5384.6,9812.4,18.816
16376.7,15568,68940.6,8023.32,7652,68716.2,3987.72,10587.7,18.819
11277.5,11381,64940,6941.84,6833,66579.9,13388.9,18915.8,18.821
10681.4,10696,65446.8,6713.84,6652,66145.3,15656.8,23251,18.8362
10775.7,10628,66446.8,4930.88,4880,66219.3,6811.88,14123.5,18.8373
15949.7,15889,65786.4,4952.92,4945,65641,6701.68,14814.5,18.8373
8886.8,9032,64482.4,3128.16,3148,65123,8398,13247.5,18.8383
14145.3,13931,66544.1,7907.8,7855,65976.5,6176.52,12310.7,18.8383
15967.2,16048,65206.2,7015.56,7172,64106.5,2870.52,7836.66,18.8403
10931,11108,64492,5613.36,5600,65692.4,2922.2,8679.84,18.8403
15231.4,14168,70455.1,11178.1,10328,70930.2,8247.52,20248,18.8413
9343.75,8746,70015.1,7429,7114,68437.9,23542.5,28981.7,18.8423
12624.3,12449,66458.8,5085.16,5025,66320.6,2632.64,6970.86,18.8433
14886.3,9789,99661.7,10510.8,7741,88985.4,2099.12,4153.5,18.8474
51061.4,30280,110514,39507.8,23224,111488,10083.7,22325.2,18.8494
33406.1,27677,79101.9,25510.9,21241,78710.2,28808.6,43822,18.8514
14202.5,13524,68823.9,9410.32,9108,67711.3,7754.28,12512.8,18.8514
9168.9,9391,63986.1,3422.28,3499,64099,4663.36,9502.74,18.8514
10825.8,11161,63567.5,5009.92,5065,64823.3,3407.84,10296,18.8535
11264.5,11425,64615.3,3832.68,3845,65326,11348.3,14781,18.8555
14167.4,14157,65584.1,5785.12,5673,66831.2,10225,18118.6,18.8565
5778.5,6145,61627.3,2624.28,2689,63958.6,7614.44,12908.2,18.8565
21327.8,17810,78480.5,20270.7,18006,73778.9,8140.36,19797.2,18.8575
10450,10652,64293.5,6775.4,6728,65997.7,2338.52,8196.24,18.8596
6402.5,6722,62421,3193.52,3282,63769.2,2627.32,7929.48,18.8596
10313.5,9581,70546.8,3695.12,3613,67025.6,6663.68,13475.3,18.8656
7406.1,6992,69417.4,5019.04,4688,70163.8,13598.7,22369.6,18.8666
13563.5,13021,68266.7,5424.12,5465,65045.8,2320.28,8239.14,18.8666
9008.35,9202,64156.8,4436.88,4438,65519.5,10998,15206.1,18.8737
13291.8,13160,66192.6,8628.28,8396,67349.1,2539.92,8324.94,18.8748
14591.2,14616,65424.8,6262.4,6300,65144.9,2684.32,8524.62,18.8748
7139.6,6943,67391.7,2935.12,3023,63630.8,4342.64,9964.5,18.8788
12475.4,12204,66993.7,5394.48,5260,67211.5,10371,16936.9,18.8819
8918,8572,68181.3,4156.44,4056,67158.9,5391.44,11336.5,18.8849
10711.3,10526,66690,5517.6,5198,69565.5,7031.52,11491.7,18.8859
17494.8,14576,78659.2,19177.1,17172,73188.3,2796.04,9360.78,18.8869
13751.4,13188,68335.7,9888.36,9396,68970.2,5762.32,9452.82,18.8869
17206.8,17249,65375.7,7435.08,7349,66303.6,10854.3,19872.1,18.8879
7008.95,7224,63585.1,3768.84,3740,66041.4,2962.48,8055.06,18.8879
7437.95,7356,66266.1,2466.96,2456,65828.5,8859.32,14518.1,18.893
11458.8,11416,65782,4948.36,4924,65860.2,3550.72,10785.8,18.894
13679.2,13773,65089.9,6564.12,6653,64660.5,7561.24,12807.6,18.895
10407.1,10356,65859.7,4620.04,4564,66340.7,2452.52,8506.68,18.895
9897.55,9812,66107.4,5433.24,5380,66184.5,7406.2,13343.5,18.896
19182.8,18216,69014.3,9582.84,9352,67153.6,4526.56,12877,18.8981
5932.55,5859,66358.7,2668.36,2759,63383,10952.4,13713.2,18.9001
13939.2,13917,65640.8,6282.16,6457,63761.4,2119.64,8656.44,18.9011
8849.75,8597,67462.8,3081.04,3109,64946.6,3534.76,9761.7,18.9042
13650.6,13273,67400.7,5339.76,5273,66365.7,3282.44,10905.2,18.9062
12103.6,11882,66758.5,5882.4,5754,66998.4,5480.36,13333.3,18.9092
34704.1,28496,79813.7,29065.4,24624,77356.8,2167.52,169.26,18.9092
16775.2,16030,68582.6,10345.1,10094,67166.4,3880.56,7672.08,18.9133
6280.95,6476,63562.1,2531.56,2540,65318.2,2298.24,5711.16,18.9163
6693.05,6885,63708.9,2528.52,2629,63031.2,2336.24,7055.1,18.9183
11904.8,12059,64697.7,6243.4,6299,64957.5,11160.6,17051.6,18.9183
9710.35,9158,69488.7,7600.76,6978,71384.8,3636.6,10985.5,18.9214
10641.8,11036,63195.1,6338.4,6104,68052.6,19212,23913.2,18.9224
10357.1,10924,62135,4698.32,4776,64470.1,3397.2,9671.22,18.9224
13268.4,12852,67659.6,11156.8,10260,71264.3,5180.16,9916.14,18.9224
13933.4,13805,66145.5,5633.88,5593,66015,4916.44,11948,18.9254
8684,8629,65953.7,4395.08,4421,65151.8,3446.6,9836.58,18.9254
11401.6,11624,64282.4,6454.68,6440,65685.4,10259.2,19525.7,18.9315
11928.1,12016,65056.9,5856.56,5732,66960.1,2290.64,4486.56,18.9315
6528.6,6231,68666.1,4199.76,4119,66820.9,4212.68,9570.6,18.9325
19547.4,15746,81357.9,16463.9,13938,77412.6,9048.56,21017.9,18.9346
9824.75,9644,66764.3,6425.8,6188,68054.5,5233.36,11920,18.9356
14950.6,15261,64203.3,7159.96,7257,64659.7,2356.76,8272.68,18.9356
10066.5,9677,68174.2,8413.96,8045,68541.6,3803.8,9407.58,18.9356
14637.3,14396,66634.7,6549.68,6504,65996.3,3711.08,7228.26,18.9386
18793.4,15296,80520.9,14224.9,12176,76564.1,17483,30383.3,18.9386
11664.3,11434,66855.7,6284.44,6202,66407.1,2721.56,9597.9,18.9427
13908.7,12904,70638.6,7714,7160,70606.8,3591.76,9477,18.9447
7211.75,6644,71136.3,3244.44,3216,66115.5,10827.7,12982.3,18.9457
12623,12896,64148.6,5237.16,5312,64612.7,8393.44,16906.5,18.9498
11480.3,11008,68347.8,5619.44,5584,65951.9,5158.12,11742.9,18.9508
10803,10500,67427.2,4272.72,4336,64579.6,3743.76,10427,18.9528
12783.5,12036,69606.4,5415,5236,67776.4,4519.72,11297.5,18.9538
11087.7,11004,66034.5,4645.12,4572,66584.1,2321.04,6849.18,18.9579
10407.8,10409,65528.4,3764.28,3837,64293.9,4186.84,9125.22,18.9579
11688.9,11453,66886.1,4688.44,4717,65139.2,9389.8,15398.8,18.9579
8100.3,7758,68427.6,4040.92,4062,65195.9,4706.68,10645.4,18.9619
8388.25,8184,67171.6,4048.52,4044,65609.3,3394.16,8476.26,18.9629
6685.9,6805,64389,3369.84,3409,64783.2,6142.32,10975.4,18.965
10192.6,10152,65798.4,3820.52,3800,65889.9,3534,9444.24,18.967
10506.6,10509,65521,5103.4,5053,66189.7,8835.76,16085.9,18.967
14523.6,14177,67138.2,8170,8037,66620.5,9434.64,13444.1,18.968
14514.5,13802,68919.2,7174.4,7002,67149.6,3772.64,6155.76,18.969
13919.1,13577,67187.3,6427.32,6349,66344.4,4011.28,11170.4,18.97
9346.35,8993,68111,3480.8,3457,65987.2,2590.84,7803.9,18.97
10004.1,10041,65295.5,4345.68,4461,63841.8,4173.92,11260.9,18.971
10699,10252,68393.5,4290.96,4220,66638,2399.32,7362.42,18.971
14292.2,13764,68051,6982.12,6820,67093.9,7379.6,14719.4,18.971
13022.8,12287,69460.3,4848.04,4767,66650.1,2903.96,7451.34,18.971
6875.7,6880,65495,2675.96,2644,66328.2,2169.04,6589.44,18.9721
11439.3,11072,67710.4,4566.84,4516,66273.8,12739.1,17339.4,18.9731
10337.6,10733,63121.7,4850.32,4969,63970.7,3289.28,9411.48,18.9761
19984.9,18068,72488.9,15024.4,12436,79176.7,8603.2,13029.1,18.9771
32206.8,25536,82656.2,28265.9,22292,83098.7,10849.8,27844.4,18.9792
13540.8,13149,67488.8,5183.96,5101,66601.8,6482.04,13136,18.9812
11334,11437,64946.1,5231.84,5309,64583.5,2463.16,7465.38,18.9822
14883,14249,68452.2,12157,11769,67696.4,4765.2,8246.94,18.9862
12232.3,12488,64194.4,5931.04,5980,64999.4,13436.8,19824.5,18.9893
23986.9,19808,79362.3,18900.4,15924,77785.7,16053.5,28305.4,18.9893
18856.5,16441,75164.5,17914,15725,74658.8,13034.8,25072.3,18.9893
7579.65,7900,62878.5,3382.76,3452,64221.5,7915.4,13309.1,18.9903
4830.15,5137,61621.3,2046.68,2101,63841.6,3237.6,7442.76,18.9903
8535.8,8564,65320.2,2834.04,2852,65123.3,7172.88,12121.2,18.9923
6047.6,5957,66532.7,2840.12,2865,64966.9,3199.6,8044.14,18.9923
11520.6,11693,64569.7,5795.76,5737,66207.2,4263.6,8723.52,18.9954
5519.8,5773,62661.6,2470,2585,62620.5,6630.24,10776.5,18.9974
11166.3,11285,64847,4642.84,4657,65336.7,17004.2,23437.4,18.9984
9841.65,9628,66990.3,6113.44,6008,66686.2,3556.8,11264.8,18.9994
14006.8,12908,71115,10498.6,9944,69191.4,13731.7,22406.3,19.0004
13406.2,13299,66064.5,4865.52,4787,66611,9977.28,19532,19.0055
13320.4,13449,64909.6,7199.48,7101,66444.9,3049.12,7835.1,19.0096
34804.3,23035,99020.3,25516.2,19067,87703,24344.3,38855.7,19.0136
9628.45,9964,63329,3945.16,3992,64767,3530.2,9920.82,19.0167
17129.4,16976,66128.4,8395.72,8336,66005.5,9449.08,15892.5,19.0167
8782.8,8765,65669.1,6305.72,6057,68227.1,6971.48,14601.6,19.0177
11337.9,10191,72911.8,7000.36,6379,71919.7,9733.32,16201.4,19.0177
10514.4,10699,64405.2,4151.88,4267,63767.9,3034.68,9120.54,19.0177
27543.7,19676,91741.6,22425.3,17384,84541.3,32333.4,45643.3,19.0177
14898.6,14765,66129.2,5433.24,5481,64964.9,3861.56,10892.7,19.0187
29313.7,23944,80233.2,23110.1,19868,76230.2,17787,27569.9,19.0187
13651.3,13236,67592.3,6243.4,6132,66726.6,6317.88,12554.9,19.0187
13531.7,13897,63813.3,8866.92,8541,68036.8,10073,17681,19.0227
9761.05,10205,62685,3762.76,3769,65427.5,2231.36,6732.96,19.0227
6836.7,7353,60934.3,3455.72,3437,65892.9,3350.84,8097.96,19.0238
12026.3,12380,63663.6,5146.72,5212,64715.2,4417.12,9898.98,19.0268
12801.1,12792,65582.6,4401.92,4360,66166.1,2749.68,9103.38,19.0369
12431.9,12473,65320.1,5708.36,5661,66084.3,3445.08,9784.32,19.0369
12094.5,11906,66573.9,6211.48,6162,66062.2,4297.8,11405.9,19.0379
12515.8,12404,66126.4,4760.64,4772,65380,4414.08,9801.48,19.0379
15215.2,15308,65138.7,5843.64,5900,64910,3106.88,9966.84,19.04
9022,8716,67836.8,3443.56,3420,65987.5,11156.8,14523.6,19.042
8106.8,8136,65300.8,6319.4,6012,68886.9,4294.76,8580.78,19.044
9887.15,9591,67559.6,3373.64,3452,64048.3,4217.24,10414.6,19.0481
11778,11515,67032.8,6178.8,6047,66964.4,4132.12,11042.5,19.0491
6647.55,7016,62094.3,3220.88,3308,63810,3994.56,8331.18,19.0511
14006.8,13428,68361.1,5620.2,5536,66532.8,4306.16,10937.9,19.0531
8953.75,8128,72194,9075.16,8128,73172.9,14867.1,25560.6,19.0562
13700,13933,64440.3,5085.92,5081,65599.5,4782.68,11196.1,19.0572
10559.3,10680,64795,4354.04,4280,66669.7,6387.8,13183.6,19.0572
11103.9,11117,65459.1,4887.56,4925,65037.8,3770.36,9565.92,19.0582
13186.5,11568,74705.5,12138,11104,71638.5,4606.36,9830.34,19.0602
7738.9,7944,63844,3505.88,3528,65125.1,2523.96,6043.44,19.0613
10217.3,9564,70013,3400.24,3336,66798,5652.12,12432.4,19.0623
12739.3,12433,67150.8,6098.24,6069,65851.7,3350.84,11209.4,19.0663
5370.3,5295,66468,3119.04,3099,65959.8,12524,12825.5,19.0673
15683.8,13361,76929.6,13543.2,11877,74729.9,8671.6,18351.8,19.0673
17813.3,17553,66507.7,8996.88,8917,66123.1,2396.28,6101.16,19.0694
38197.9,29936,83623,32815.3,27056,79486.3,14601.1,17477.5,19.0704
10814.7,10984,64525.9,5432.48,5276,67479.7,2320.28,8292.18,19.0704
8933.6,9552,61293.2,4195.2,4272,64357.8,3621.4,10442.6,19.0714
9999.6,10022,65389.5,3945.92,3894,66409.8,3211,8295.3,19.0724
8898.5,8865,65783.7,3824.32,3813,65730.6,2121.92,6485.7,19.0724
8977.8,8365,70337,4826,4809,65767.7,6045.04,12430.1,19.0734
11841.7,11381,68188.9,7570.36,6981,71068.8,3760.48,9228.18,19.0734
15089.1,15016,65855,6828.6,6844,65388.5,7588.6,14675.7,19.0765
15624.7,15183,67442.6,8284.76,8475,64064.9,6263.16,11836.5,19.0785
16237.6,15921,66839.4,7590.12,7489,66420.9,4555.44,11635.3,19.0856
43694.9,34196,83740.6,35175.8,29140,79110.6,3652.56,4778.28,19.0876
7226.05,6908,68553.3,2811.24,2780,66272.5,7011.76,11513.6,19.0876
13451.7,13089,67352.3,8341.76,8181,66823.8,3534,7451.34,19.0876
15077.4,15261,64747.6,7529.32,7629,64679.7,3261.92,9809.28,19.0886
11606.4,11788,64526.4,5317.72,5324,65458.7,4581.28,11145.4,19.0917
11601.8,11506,66081.9,4932.4,4905,65902.1,4927.84,9734.4,19.0917
15803.4,14812,69922.7,12086.3,11368,69676.9,2970.84,8220.42,19.0937
15237.9,14508,68833.4,9164.84,8812,68160.1,4328.96,9931.74,19.0947
11215.8,11250,65336.5,5040.32,5090,64896.3,2577.16,8540.22,19.0947
14803.1,14684,66067.6,6908.4,6840,66191.4,6039.72,12933.2,19.0977
6583.85,6752,63903.9,3234.56,3300,64236.4,2038.32,5425.68,19.0988
12316.8,12253,65877.5,4623.08,4589,66022.7,3148.68,8118.24,19.0998
11765.6,11158,69105,9921.04,9478,68599.4,17603.1,26129.2,19.1018
6407.7,6397,65645.6,3762,3757,65623.2,11270,13899.6,19.1069
10403.9,9885,68976.2,7666.88,7449,67452.9,6273.8,16066.4,19.1079
11568.7,11797,64267.7,4726.44,4753,65169.8,3059,7034.04,19.1089
14381.2,14163,66545.9,6924.36,6867,66083.4,5227.28,11964.4,19.1089
10009.3,9616,68216.8,7442.68,7056,69127.5,2491.28,7066.02,19.1099
13258,12845,67643.4,10181.7,9641,69211.6,8888.2,11811.5,19.1099
7759.7,7917,64233.9,3961.88,3945,65816.4,10523.7,15401.1,19.1109
9686.95,9649,65793.8,3299.16,3413,63350.1,2212.36,7807.8,19.1119
12879.1,12727,66319.2,5380.8,5335,66098.6,8866.92,15957.2,19.1119
17633.2,17141,67417.9,8751.4,8789,65255.6,4706.68,13093.1,19.1119
12550.2,12276,66999.8,6099,6020,66396,5158.12,13024.4,19.116
14025,14501,63385,5444.64,5557,64210.9,7314.24,14772.4,19.118
15605.8,15180,67374.5,9938.52,9564,68102.4,16154.6,17791,19.118
7176,7456,63074.9,4715.8,4708,65644.6,4802.44,11244.5,19.1231
6121.7,6473,61979.3,3936.8,3929,65666.1,9982.6,12945.7,19.1231
7398.95,7869,61621.2,3402.52,3401,65565.3,2625.8,7675.2,19.1241
13853.4,13841,65594.9,8882.12,8881,65544.3,2556.64,5946.72,19.1271
11969.8,11973,65518.2,4579.76,4593,65347.1,6075.44,12945.7,19.1271
10935.6,11172,64149.3,4186.84,4116,66663.9,3650.28,9356.1,19.1292
9336.6,9417,64976.5,3751.36,3737,65787.8,8505.16,13985.4,19.1302
15101.4,14859,66605.3,8521.88,8223,67918,4965.84,8650.2,19.1302
21151.6,17949,77229.6,17181.3,15037,74881.6,3608.48,7634.64,19.1312
6983.6,7053,64891.1,3274.08,3417,62794.9,2542.2,6133.14,19.1332
11964.5,12195,64297.6,8366.84,8263,66359.6,4143.52,9133.8,19.1342
11818.3,12320,62867.2,4511.36,4640,63719.1,3515,10131.4,19.1342
46729.1,28426,107734,49252.6,30910,104426,14256.1,14710.8,19.1352
7261.15,7545,63070.5,3311.32,3353,64721.4,2247.32,7736.82,19.1363
11223.5,11797,62350.3,4792.56,4881,64348.5,5940.92,13452.7,19.1363
16779.8,16989,64728.8,6507.88,6505,65565,11982.2,20904,19.1383
14271.4,12661,73871.8,12303.6,11297,71375.7,7851.56,17168.6,19.1403
5772,5756,65718.2,2827.2,2828,65517.5,3739.2,6874.14,19.1413
10883.6,10621,67156.4,5788.16,5609,67629.3,2935.12,8346.78,19.1423
10966.8,11161,64395.7,4900.48,4973,64580.3,6434.16,9631.44,19.1423
9731.8,9665,65989,7651.68,7633,65696.4,3195.8,11508.1,19.1444
14439.1,14000,67591.5,7662.32,7472,67205.3,4370,11912.9,19.1454
11536.8,11609,65128.7,6840.76,6729,66624.5,11621.9,19159.9,19.1494
7442.5,7697,63369.1,2758.04,2741,65943.4,2660.76,5811.78,19.1494
9021.35,9443,62609.7,4132.12,4112,65856.7,21998.2,22868.8,19.1504
8879.65,9183,63371.1,4152.64,4223,64444.1,2929.8,8368.62,19.1525
15145,15190,65341.9,6690.28,6578,66654.6,6503.32,14635.1,19.1565
5305.3,5762,60341.6,3192,3122,67005.4,4436.12,9502.74,19.1575
13921,14104,64685.9,6868.88,6888,65354.1,4546.32,11681.3,19.1586
12440.3,12308,66240.7,4913.4,4880,65984.5,2757.28,9986.34,19.1596
13533.6,13488,65757.8,6273.04,6112,67262.8,2529.28,8201.7,19.1596
36619.7,27949,85867.4,35866.7,28153,83492.3,24710.6,49009,19.1646
12700.3,12269,67840.1,6780.72,6633,66995.5,2371.96,8818.68,19.1657
18776.5,15617,78794.9,13483.9,11541,76569,12568.9,19894.7,19.1667
25610.6,22574,74351.9,16060.3,14586,72160.2,11450.2,18246.5,19.1677
5966.35,6177,63301.1,3024.8,3013,65792.7,2612.12,6754.8,19.1738
5879.9,6149,62667.9,4086.52,4017,66670.2,3518.8,8473.14,19.1738
18285.1,17859,67099.8,9696.84,9399,67612.7,2020.84,4577.04,19.1768
11591.4,11843,64144,5237.16,5203,65966.3,3578.84,9065.94,19.1768
11575.2,11301,67126.1,4770.52,4801,65119.9,6813.4,12253,19.1809
14743.9,14561,66359.4,9798.68,9873,65042.7,6651.52,13465.1,19.1839
11982.8,12189,64427.1,5680.24,5693,65389.1,2675.2,10111.9,19.1859
11282.7,11333,65245.1,5258.44,5345,64474.7,2228.32,6697.08,19.1859
11969.1,11913,65844.6,5696.96,5593,66754.2,3585.68,9316.32,19.1869
6677.45,6924,63202.4,3436.72,3480,64720.9,6290.52,11117.3,19.189
7866.95,8057,63990.1,3942.88,4045,63881.5,5558.64,10349,19.189
11890.4,11913,65411.9,4849.56,4749,66923.7,3523.36,10518.3,19.19
6399.9,6108,68667.9,2677.48,2728,64322.3,6452.4,10810,19.195
11767.6,12153,63457.7,7547.56,7513,65837.5,8487.68,14732.6,19.1981
18194.1,17763,67126.7,7742.88,7747,65501.1,4925.56,10075.3,19.1991
13941.8,14198,64353.6,5781.32,5762,65755.7,5262.24,11866.1,19.2021
14738.1,14801,65257.5,8059.8,8005,65984.6,2571.84,7714.98,19.2052
9393.8,9519,64674,4167.08,4219,64729.5,2729.92,7659.6,19.2082
13655.8,13482,66381.1,5528.24,5358,67618.3,10165,20260.5,19.2082
30394.6,20936,95144.4,37197.4,28172,86531.7,34042.7,54663.2,19.2082
10893.3,11022,64771.1,5028.16,5070,64995.2,2805.92,8949.72,19.2092
14090.7,14206,65004.1,6542.84,6590,65067,9176.24,15724,19.2113
12303.2,12321,65441.3,4749.24,4853,64134.8,7719.32,14579,19.2133
7694.7,7734,65203,3686,3622,66694,6662.16,12400.4,19.2133
7526.35,7513,65652.5,3556.8,3465,67272.3,13164.7,18438.4,19.2143
10779.6,10691,66079.1,4636.76,4583,66304.8,9008.28,15617.2,19.2143
6742.45,6771,65259.7,3226.2,3283,64402.1,3328.04,7975.5,19.2143
24409.4,19192,83352.3,24972.1,21752,75237.7,22608.5,36287.9,19.2184
15578.5,15604,65429.1,6502.56,6432,66254.9,3716.4,10925.5,19.2184
9313.85,9310,65563.1,5488.72,5210,69042,4104.76,9294.48,19.2194
10912.2,10644,67187.3,5839.84,5652,67714,3771.88,10345.1,19.2214
16136.9,15345,68918.1,9538.76,9489,65879.7,4337.32,11243.7,19.2224
10145.2,10125,65666.7,5983.48,5961,65783.2,3292.32,10108.8,19.2234
11380.8,11444,65174.4,5994.88,6048,64960.4,2460.12,8725.86,19.2244
14986.4,14521,67636.4,7853.08,7817,65838.5,7039.88,15018.1,19.2255
5635.5,5659,65263.9,2723.08,2747,64965.3,7999.76,11515.9,19.2275
15222.3,14556,68536.1,11159.1,10780,67840.6,6093.68,9434.88,19.2295
23299.3,19798,77126,16843.1,14269,77358.7,16299.7,24503.7,19.2315
18924.1,18796,65982.6,8817.52,8808,65606.8,3249.76,7047.3,19.2336
10741.3,10761,65415.7,5477.32,5369,66858.2,4761.4,10541.7,19.2376
10324.6,9292,72818.9,8401.8,7900,69698.8,4075.12,11167.3,19.2417
10926.5,10053,71230.4,5958.4,5621,69469.8,4777.36,10119.7,19.2437
14053,13548,67978.8,7975.44,7688,67986.3,14054.7,16497.8,19.2447
21845.2,17044,83997.1,15970.6,13220,79171.9,8353.92,16115.6,19.2447
11519.9,11664,64726.6,4736.32,4832,64238.3,2109,7820.28,19.2467
8353.15,8437,64884.7,3680.68,3761,64136.4,3252.8,8885.76,19.2478
7168.85,7448,63079.7,3431.4,3468,64844.4,5883.92,10894.3,19.2498
14249.3,13677,68278.3,13370.7,12189,71889.5,4037.88,7531.68,19.2528
6055.4,6217,63832.5,2922.2,2905,65924,4908.84,10421.6,19.2538
8589.1,8553,65812.6,4078.92,4013,66612.5,9612.48,14670.2,19.2538
12303.2,12381,65124.2,6478.24,6569,64630.5,4000.64,10835,19.2589
12513.8,12268,66849.1,5141.4,5000,67389.4,7528.56,15160.1,19.2589
9951.5,9857,66164.3,3745.28,3745,65540.9,4424.72,7959.12,19.2599
9943.05,10077,64664.9,4091.08,4169,64311.1,3013.4,7934.16,19.2599
12457.9,11837,68973.6,5852.76,5817,65938.9,8285.52,15761.5,19.2599
14017.2,13824,66452.1,5868.72,5984,64273.5,3334.12,9283.56,19.265
33246.2,26612,81873.7,27844.9,21408,85241.1,18153.4,26441.2,19.267
10307.7,10484,64433.9,4112.36,4112,65541.7,10243.3,16028.2,19.267
14729.6,12347,78182.8,7171.36,6043,77773,2888.76,10245.3,19.2701
6147.7,6321,63739.2,3030.88,2981,66632.6,3651.04,8927.88,19.2731
14506.7,14272,66613.7,7543.76,7376,67026.5,2080.88,6570.72,19.2731
11986,11989,65519.6,5339.76,5329,65668.3,6712.32,13378.6,19.2741
12624.9,12436,66531.7,6282.92,6260,65775.9,8211.04,17205.2,19.2751
9443.85,9245,66945.6,3473.96,3545,64222.7,5942.44,11578.3,19.2761
16400.1,15980,67259.1,7536.16,7340,67287.4,2250.36,9300.72,19.2782
12067.3,12145,65116.5,4571.4,4581,65398.7,2507.24,8677.5,19.2792
10615.8,11045,62989.3,3206.44,3249,64677.5,2529.28,7466.16,19.2792
11460.8,11552,65018.6,6574,6240,69043.9,19528.2,26869.4,19.2802
11841,11885,65293.7,4689.96,4649,66113.4,3281.68,7824.18,19.2822
11341.8,11209,66312.7,7463.96,6989,69989.7,2055.04,5821.92,19.2822
16810.9,16377,67272.5,10377,9545,71248.8,2178.16,4762.68,19.2853
13677.3,14072,63697.8,5680.24,5720,65080.5,3436.72,10556.5,19.2853
13341.2,13515,64693.5,6681.92,6315,69343.8,7995.2,12825.5,19.2863
14993.5,15273,64336.9,8357.72,8073,67847.3,13395,21734.7,19.2873
11393.8,11855,62986.7,5018.28,4991,65894.2,4568.36,12152.4,19.2873
15295.8,14211,70538.7,8872.24,8119,71616.1,9280.36,20794,19.2913
10821.8,10960,64709.9,4863.24,4784,66621.5,18401.9,20032.7,19.2934
7586.8,7524,66083,4320.6,4416,64120.2,4621.56,10509.7,19.2934
8691.8,8868,64233.9,3681.44,3668,65776.1,2483.68,8119.02,19.2944
12842.7,12256,68673.2,5774.48,5716,66206.5,6513.96,15128.1,19.2954
7957.95,7993,65248.6,3334.12,3417,63946.4,2834.04,7697.82,19.2954
6185.4,6057,66925.3,1307.2,1373,62395.2,11507.9,13419.1,19.2954
12298,12053,66868.1,5751.68,5669,66491.8,7624.32,14553.2,19.2964
5794.75,6020,63083.8,2285.32,2320,64556.4,6276.84,8867.04,19.2984
15284.7,14737,67971.9,5551.8,5397,67415.7,11939.6,18408,19.2994
12168.6,12025,66318.9,7737.56,7593,66783.7,4102.48,8692.32,19.3005
8312.2,7584,71828.6,7901.72,7380,70169,9954.48,17573.4,19.3015
13763.1,13840,65171.9,3686,3712,65077,5576.12,10420.8,19.3025
18292.3,17648,67928.6,8282.48,8208,66130.7,2552.08,8125.26,19.3035
15647.4,15753,65096.9,6182.6,6169,65680.5,2797.56,9686.04,19.3045
8925.15,9052,64617.6,3992.28,4092,63938.9,4826.76,11472.2,19.3045
16076.4,15297,68875.3,10531.3,10373,66536.3,4633.72,11177.4,19.3055
6295.9,5876,70219.2,1891.64,1936,64034.4,4974.96,8672.04,19.3096
11562.8,10576,71651.2,8339.48,7828,69818.1,10035,16367.5,19.3106
14329.9,14587,64380.9,6127.12,6351,63225.8,4008.24,11898.1,19.3136
6237.4,6385,64021,2722.32,2785,64061,2550.56,6380.4,19.3146
14988.3,14544,67538.3,4428.52,4388,66141.2,4018.12,10638.4,19.3167
12000.9,12433,63258.6,5618.68,5669,64954.3,2480.64,8572.98,19.3197
11863.8,12120,64150.7,4904.28,4936,65114.8,10725.9,17280.9,19.3207
24601.2,16648,96844.3,23608.6,18300,84547.3,14537.3,27743.8,19.3207
25140.7,19333,85223.2,26876.6,22177,79424.1,4978,9175.14,19.3248
6626.1,6669,65114.4,3399.48,3513,63418.3,9627.68,11122.8,19.3248
14396.8,13857,68089.2,6543.6,6593,65045,3946.68,10945.7,19.3248
12962.9,12913,65789.5,4876.16,4933,64780.9,7008.72,12410.6,19.3278
10827.7,9297,76326.1,7045.96,6661,69323.5,6827.84,13928.5,19.3278
16224.6,16293,65261.1,8471.72,8773,63285.4,5491.76,13110.2,19.3288
18573.1,15117,80519.1,13031,11353,75222.1,3639.64,11701.6,19.3309
14557.4,14341,66524.9,7432.8,7601,64085.8,4777.36,12221,19.3309
12382.5,10679,75990.2,8695.92,7847,72625.9,14446.8,34060.3,19.3319
5473.65,5792,61933.9,2807.44,2884,63796.2,5908.24,10344.4,19.3339
7159.1,7312,64165.6,4096.4,4080,65799.4,13198.9,14802.1,19.3369
8479.25,8553,64970.9,3679.16,3677,65574.5,13935.4,18365.9,19.339
16331.9,15781,67823.8,6429.6,6565,64184.4,2511.04,7671.3,19.341
6986.85,6875,66602.2,2886.48,3019,62659.3,3901.08,8387.34,19.341
10104.3,9332,70959.3,5979.68,5860,66874.4,19046.4,21601.3,19.343
16170,13748,77081.8,16694.9,14096,77619.1,6045.04,14067.3,19.3451
7289.1,7357,64931.1,3726.28,3645,66997.4,7860.68,11803.7,19.3451
23193.9,19029,79880.1,17600.1,15009,76849.8,2317.24,4208.1,19.3451
9471.15,9613,64568.9,4081.96,4061,65874.3,2354.48,5652.66,19.3461
7335.25,7384,65103.3,3886.64,3868,65851.8,3875.24,10426.3,19.3501
18489.3,17557,69015.9,12290.7,11377,70799.4,15722.1,22820.5,19.3501
9319.05,9542,64004.7,1985.88,2066,62994.5,2055.8,6324.24,19.3511
11889.8,12072,64546.9,5753.2,5692,66240.6,10773,19498.4,19.3511
12212.2,12509,63981,5700.76,5593,66798.7,5858.84,11853.7,19.3511
4562.35,5129,58295.6,2555.88,2589,64697.6,6329.28,9027.72,19.3532
14792,14931,64926.1,7705.64,7523,67127.1,7628.88,14148.4,19.3532
11403.6,11456,65236.2,5805.64,5716,66563.8,10704.6,15324.7,19.3562
14697.8,14339,67175.9,8652.6,8535,66439,4136.68,10721.1,19.3562
13624.6,13564,65829,10172.6,10088,66085.6,8038.52,13497.1,19.3562
21246.5,17244,80747.7,19364.8,16808,75505.2,7648.64,14633.6,19.3582
10886.8,11061,64504.2,6171.2,6149,65772.6,4059.16,9827.22,19.3592
42134.3,33612,82152.6,41151,34364,78479.5,4587.36,9706.32,19.3592
8177.65,8405,63763.3,2192.6,2165,66371.5,3230,8704.02,19.3613
12351.9,12632,64083.1,6476.72,6552,64783,5231.08,11877.1,19.3613
6654.7,6755,64562.9,3084.84,3159,63997.5,3321.2,7551.18,19.3633
8711.95,8782,65013.2,6971.48,6702,68171.1,9908.12,20015.6,19.3653
19882.2,19961,65277.3,8911.76,8889,65703.8,3499.8,10451.2,19.3663
11759.8,11980,64331.4,5757.76,5724,65922.5,5620.96,13767,19.3704
9774.05,10161,63040.3,4087.28,3989,67150.7,5646.8,10591.6,19.3724
14274.6,14648,63865.6,5257.68,5368,64189.1,3158.56,9810.06,19.3734
10033.4,9684,67900.5,5598.92,5312,69075.8,6297.36,13228.8,19.3765
13508.9,13283,66650.8,5744.84,5827,64611.9,3474.72,8270.34,19.3765
11494.6,11356,66335.9,6799.72,6712,66392.5,10481.2,16093,19.3765
7729.8,8092,62602.6,4151.88,4156,65471,12873.6,17043.8,19.3775
10261.5,10737,62634,6738.92,6517,67767.7,14457.5,18482.9,19.3795
10390.9,10576,64389,6241.12,6272,65213.3,2194.88,7950.54,19.3795
8461.7,8980,61753.4,3723.24,3732,65382.2,5613.36,10960.6,19.3846
4700.8,5428,56756,2843.92,2896,64357.4,2618.96,7201.74,19.3866
12226.5,12592,63633.7,6600.6,6596,65581.7,5045.64,11327.9,19.3907
10996.7,10761,66971.4,7565.8,7129,69551.4,12144,16610.1,19.3917
13840.4,14420,62902.1,5775.24,5844,64764.9,6085.32,13294.3,19.3947
6293.3,6646,62058,3062.8,3074,65297.2,9376.88,15802.8,19.3947
5198.7,5492,62036,2244.28,2260,65080.1,10604.3,11710.1,19.3957
5847.4,6381,60055.7,2850,2937,63594.7,4680.84,9933.3,19.3957
7251.4,7515,63237.2,2930.56,2959,64906.1,2597.68,6554.34,19.3957
13721.5,13841,64970.2,6367.28,6293,66309.6,2609.08,9117.42,19.3988
15679.3,15894,64650.7,7394.8,7542,64256.9,6396.16,14259.2,19.3988
14452.1,14813,63939.3,6438.72,6585,64080.2,6195.52,16004.8,19.3988
10150.4,10677,62303.7,4193.68,4341,63311.9,3386.56,9299.94,19.3998
15795,15705,65911.6,6633.28,6573,66137,3883.6,10919.2,19.4008
12001.6,11987,65615.8,5187,5159,65891.7,2489.76,7962.24,19.4038
10304.4,10421,64803,4618.52,4545,66596.1,5136.84,10849,19.4038
14885,14856,65663.9,5212.84,5112,66828.8,9771.32,16075,19.4038
8418.15,7934,69535.1,5592.08,5278,69435.9,3394.92,8803.08,19.4089
7208.5,7665,61632.9,3255.84,3365,63410,12182.8,16790.3,19.412
8603.4,8714,64704.2,5605.76,5438,67557.8,13217.2,18387.7,19.416
8897.2,8748,66653.7,4794.84,4572,68730.2,9025,17241.9,19.416
9573.85,9860,63634.1,3673.84,3632,66291,5787.4,11381,19.417
6599.45,7072,61156.9,3313.6,3364,64554.1,8099.32,10984.7,19.418
13915.2,14169,64362.1,9205.88,9213,65485.4,8669.32,14026,19.4221
4807.4,5197,60623,3319.68,3321,65510,14711.3,30455.9,19.4231
12822.5,12467,67405,5995.64,5832,67374.9,4535.68,10499.6,19.4241
7959.25,8365,62357.1,4191.4,4333,63394.3,2955.64,7443.54,19.4302
14846,15084,64501.9,6518.52,6652,64220.9,2999.72,8085.48,19.4332
13306.8,12476,69900.2,6563.36,5912,72756.5,20393.1,29731.3,19.4363
12404.6,11972,67904.1,5313.92,5120,68018.2,26432.8,33171.1,19.4413
10344.8,10588,64030.4,4055.36,4140,64196.1,7024.68,11879.4,19.4464
14110.2,14216,65048.3,7089.28,7148,64997.6,10497.9,16839.4,19.4464
7352.15,7065,68199.6,4796.36,4445,70716.4,7087,14174.2,19.4495
18598.4,15776,77260.9,15704.6,13360,77037.4,9602.6,22654.3,19.4505
14124.5,14130,65510.5,6130.92,6034,66588.7,8041.56,14976,19.4515
13708.5,13373,67180.1,5896.08,5677,68065.1,4312.24,12675,19.4525
5023.85,5212,63170.2,3002.76,2968,66303.5,5314.68,8247.72,19.4525
11649.3,11877,64279.6,7528.56,7621,64741.1,2178.16,7662.72,19.4555
6589.05,6769,63793.8,3185.16,3185,65539.3,2907,6796.14,19.4565
10907,11306,63223.2,3729.32,3818,64013.8,7005.68,13302.9,19.4596
19917.9,17885,72985.3,11501.8,10413,72388.8,2206.28,8758.62,19.4636
10541,10726,64405.9,6203.88,6294,64597.6,3728.56,9769.5,19.4636
5307.25,5608,62021.4,2511.04,2556,64383.2,5611.84,9909.12,19.4647
17832.1,13609,85872.9,22378.2,18381,79787.7,29675.7,39716,19.4657
12877.1,12948,65177.4,5093.52,5152,64792.1,12670.7,20578,19.4687
22073.3,17583,82272.6,20493.4,17583,76383.8,17372.1,33529.1,19.4697
7985.25,8084,64735.4,3502.84,3392,67677.5,2395.52,6624.54,19.4728
13436.1,11636,75674.8,13597.2,12132,73450.7,8090.2,14804.4,19.4728
15219.7,14228,70104.1,10760.1,10068,70041,4896.68,14580.5,19.4748
12299.9,12631,63818.3,5461.36,5639,63471.5,9147.36,17808.2,19.4768
12740,12532,66623.7,4499.96,4544,64900.8,4560,10267.1,19.4778
18900,14762,83906.9,18054.6,15582,75935.3,10945.5,17787.1,19.4788
14850.5,14356,67793.6,10483.4,10260,66963.2,6576.28,13324,19.4788
10216.7,10782,62099.9,4550.12,4702,63419.1,4883,10453.6,19.4799
11757.2,11976,64338.7,5383.84,5404,65291.5,2851.52,8725.08,19.4799
5567.9,5792,63000.3,2680.52,2656,66141,3334.12,7686.12,19.4809
13809.9,14076,64297.1,6709.28,6808,64585.7,3975.56,9280.44,19.4819
14164.1,13780,67363,8627.52,8128,69563.6,6490.4,11555.7,19.4819
6134.05,6549,61383.6,2919.16,2977,64262.7,5029.68,7803.9,19.4829
18627.7,18256,66870.3,8793.96,8544,67453.3,4114.64,9116.64,19.4839
22005.8,18048,79907.4,14388.3,12032,78370.4,5066.92,11998.7,19.4859
10409.8,10248,66570.4,4788.76,4796,65437.1,5089.72,12382.5,19.487
14104.3,13988,66081.1,5431.72,5360,66412.9,10196.2,18021.1,19.488
11489.4,11628,64754.8,4202.8,4364,63115.2,7628.12,14803.6,19.488
7664.8,7801,64391.8,3610,3625,65264.8,2066.44,5872.62,19.49
22623.9,17780,83390.3,24431.7,21792,73474.5,10417.3,24598.9,19.4961
14135.5,14232,65091.9,6656.84,6664,65465.6,2580.2,8006.7,19.4971
13479,13384,66001.4,5245.52,5208,66008.1,2790.72,6852.3,19.4981
11263.2,11205,65876.4,4634.48,4533,67003.2,4774.32,10276.5,19.5011
12144.6,12000,66325.7,5020.56,4944,66550.9,7799.12,13584.5,19.5052
19751.5,16103,80384.9,16821.8,14615,75431.8,5804.12,10579.9,19.5052
14034.1,13665,67306.4,5655.92,5525,67088.9,5518.36,13539.2,19.5072
11095.5,9935,73191.2,8157.08,7599,70349,18670.9,28164.2,19.5072
13070.2,12940,66195.4,9059.2,8876,66888.7,6118,12110.3,19.5093
16277.3,13480,79135.7,12970.2,11688,72725.2,7134.88,18340.9,19.5093
37603.8,23715,103917,34784.4,21975,103738,2602.24,670.8,19.5133
12769.3,12788,65439.9,5076.8,5076,65546.3,10434,15576.6,19.5143
9581,9685,64832.3,4408,4389,65819.7,4994.72,12154,19.5153
9007.05,9215,64057.1,3204.92,3275,64133.6,3226.2,8763.3,19.5163
6403.8,6388,65698.1,3104.6,3092,65803.1,3616.84,8216.52,19.5163
13447.2,13116,67190.9,5743.32,5640,66736.6,7675.24,17372.2,19.5174
14409.8,14384,65653.8,6648.48,6756,64493,2313.44,9246.9,19.5184
11579.1,11436,66356.1,6118.76,6140,65309.3,3949.72,10372.4,19.5214
14627.6,13177,72750.6,10247.8,9401,71439.5,13484.7,17861.2,19.5224
18907.2,17476,70903.1,11674.4,11300,67707.1,7900.96,11552.6,19.5255
12530.7,12348,66505.7,6542.08,6584,65118.7,2181.96,7506.72,19.5265
9122.75,9016,66312,5193.84,5132,66325.7,8987,17470.4,19.5265
5422.3,5281,67289.5,3174.52,3089,67350.4,2264.8,5242.38,19.5285
13835.2,12881,70391,5564.72,5301,68796.4,23287.2,19480.5,19.5295
6252.35,6232,65750,3112.2,3228,63185,3457.24,8730.54,19.5316
7238.4,7285,65116.8,3449.64,3441,65700.5,5218.16,10129.1,19.5346
10408.4,10028,68022.4,5406.64,5256,67414.3,4001.4,9810.84,19.5366
43238,33620,84284.5,20591.4,15504,87040.8,2437.32,201.24,19.5386
12175.1,11554,69059.3,5845.92,5654,67760.6,3391.88,8740.68,19.5386
13466.7,13465,65544.3,4080.44,4205,63594.7,6009.32,13849.7,19.5397
5385.25,5295,66653,3362.24,3371,65365.7,9946.88,13642.2,19.5417
14335.1,12873,72979.5,10813.3,10221,69333.6,4379.88,14601.6,19.5457
12946,12771,66434.3,5637.68,5495,67237.7,3669.28,10661.8,19.5468
11674.6,11794,64872.8,5592.84,5570,65804.7,2920.68,8193.9,19.5478
6492.85,6610,64374.5,3151.72,3030,68168.7,12000.4,12599.3,19.5488
14118.6,13788,67107.6,7939.72,7708,67506.2,2146.24,3456.18,19.5488
10953.8,10788,66543.2,5313.92,5188,67126.7,2324.84,8361.6,19.5508
6504.55,6365,66972.9,3094.72,3065,66171.5,8336.44,13104.8,19.5518
14655.5,14013,68541.1,5443.88,5241,68072.9,2681.28,9097.92,19.5518
12121.2,11957,66436,5199.16,5121,66536.3,2392.48,6605.82,19.5528
10930.4,10657,67217.3,6162.84,6113,66070.3,5886.2,13153.9,19.5539
13503.1,12253,72222.2,11598.4,10153,74865.6,17646.4,19347.9,19.5549
8921.9,8951,65322.9,3352.36,3356,65464.9,7336.28,11725,19.5559
25344.1,21325,77887.6,10804.9,8733,81084.5,8335.68,12774.1,19.5579
7151.3,7133,65704.1,3667,3725,64515.6,3859.28,8264.88,19.5589
15435.5,14972,67565.1,8157.84,8108,65938.9,2192.6,6677.58,19.5599
38056.8,30384,82085.8,28301.6,23012,80600.4,6463.8,7623.72,19.5609
6124.95,6160,65163.1,2717,2692,66144.6,8641.96,10101.8,19.5609
9409.4,9396,65629.5,4145.04,4052,67040.8,2313.44,8250.84,19.562
14164.1,13956,66513.5,4927.84,4916,65693.8,4385.2,9317.88,19.566
8971.3,9076,64780,3739.2,3712,66016.2,2112.8,6682.26,19.567
18965.7,17994,69075,11042,10650,67948.5,4014.32,11407.5,19.5691
15851.5,15558,66772.5,6456.2,6322,66927.2,5933.32,12696.8,19.5691
12568.4,12332,66792.3,5765.36,5788,65279.7,11099,19510.1,19.5711
13663,13152,68082.3,5172.56,5076,66782.7,3945.92,10590.8,19.5721
17008.5,16040,69493.3,12250.4,12072,66504.7,8028.64,14853.5,19.5741
11055.8,11131,65093.5,3607.72,3595,65767.9,5554.08,11373.2,19.5751
6036.55,6152,64306.1,2565.76,2536,66305.1,9528.12,13283.4,19.5762
10764,10769,65505.6,6187.92,6225,65145.6,4005.2,9922.38,19.5772
16234.4,16108,66050.3,7274.72,7272,65560.5,5001.56,12625.9,19.5802
10841.3,11081,64118.6,3858.52,3869,65358.5,4521.24,9766.38,19.5802
11447.8,11476,65375,5288.84,5236,66197.4,5466.68,11470.7,19.5812
18099.9,17380,68250.6,13437.6,13264,66393.5,3344.76,5794.62,19.5812
16460.6,13796,78193.8,13608.6,11572,77069.7,4655,11483.9,19.5812
14612,14121,67814.7,9834.4,9533,67608,2597.68,6630.78,19.5812
10774.4,10796,65404.9,5109.48,5032,66545.1,13217.2,15910.4,19.5822
13277.5,13246,65692.1,7804.44,7726,66201.4,5476.56,11363.8,19.5853
5961.15,5954,65614.7,3410.12,3409,65557.5,2471.52,6861.66,19.5873
7683,7936,63446.7,3569.72,3584,65274.9,6625.68,10937.9,19.5873
10907.6,11133,64209.4,4509.84,4589,64405.5,4848.04,11561.2,19.5924
7974.2,8489,61561.7,2767.92,2845,63760.4,5275.92,10611.1,19.5954
11268.4,11555,63910.5,9801.72,9459,67910.5,4582.04,9642.36,19.5984
18087.5,14748,80376,14726.5,12760,75636.1,7232.92,13179.7,19.5995
6924.45,7337,61851,3366.04,3337,66106.3,8760.52,13796.6,19.6005
20565.3,15724,85714.2,16836.3,13512,81659.4,5232.6,14471.3,19.6025
8940.75,8631,67888,3489.16,3196,71547.4,4596.48,4173.78,19.6045
17334.2,14500,78345.8,13668.6,11984,74748.4,3961.12,8842.08,19.6055
14391,14531,64904.6,5428.68,5415,65701.6,3030.88,9922.38,19.6086
11068.8,11229,64601.3,6244.16,6153,66507,3383.52,9254.7,19.6086
6748.3,7152,61836.8,3224.68,3216,65712.9,3849.4,8385.78,19.6086
12260.9,12453,64525.3,5562.44,5541,65789.6,13736.2,19855.7,19.6106
6832.15,7040,63601.1,3188.96,3280,63717,2230.6,6081.66,19.6116
11549.8,11380,66514.1,8464.12,8160,67978.5,3577.32,8677.5,19.6116
10918,10793,66295.3,6162.84,6105,66156.9,6672.8,14434.7,19.6116
10840,11093,64041.6,4899.72,4917,65305.7,4149.6,10583,19.6126
10829.6,11108,63893.8,3561.36,3684,63354.3,7630.4,11937.1,19.6126
8652.15,8948,63369.2,3286.24,3316,64947.8,2485.96,6605.04,19.6147
10186.1,10371,64367.9,6110.4,6147,65145.8,2919.16,8097.96,19.6157
11852.8,11912,65210,7143.24,7164,65346.1,7421.4,14977.6,19.6157
8520.85,8464,65976.2,3061.28,2960,67778.4,4071.32,9196.98,19.6177
15579.8,15385,66366,5798.04,5817,65322.4,4354.04,11090.8,19.6207
8832.85,8988,64404.7,4256,4312,64684.9,3011.88,8601.84,19.6218
14825.2,14649,66324.3,9121.52,9181,65111.4,4467.28,9388.08,19.6238
17055.3,16400,68154.8,5318.48,5204,66977.7,9188.4,19727.8,19.6248
9839.7,10009,64427.5,3368.32,3501,63052.3,8968,15143.7,19.6268
21193.9,16593,83707.8,15940.2,13521,77262,11857.5,20268.3,19.6289
12364.9,12449,65093.5,5218.92,5381,63562,7244.32,14280.2,19.6309
12723.8,12569,66342.9,6244.16,6109,66986,10661.3,15392.5,19.6329
10119.8,10364,63992.1,4553.92,4588,65049.2,4234.72,10879.4,19.6349
10881,11012,64756.4,5683.28,5748,64798.1,2159.16,7146.36,19.6349
6656,6920,63035.8,2694.2,2764,63881,3977.84,8165.82,19.636
15335.4,14569,68983.7,10751.7,10105,69730.3,6775.4,10447.3,19.636
9813.7,9666,66537.4,7030,6758,68173.7,13442.1,20221.5,19.638
7436.65,7201,67680.6,3115.24,3125,65331.3,6558.8,8895.9,19.639
13030.5,12605,67748.5,11200.1,10505,69872.6,3366.8,8762.52,19.642
9360,9713,63154.2,3556.8,3621,64374.1,2986.8,8409.18,19.642
12838.8,13096,64248.9,5969.8,6056,64603.2,4382.16,9727.38,19.6441
9246.25,9180,66009,5871.76,5800,66346.8,2386.4,7938.84,19.6481
11403.6,11457,65230.5,4417.88,4485,64555.2,9137.48,17252,19.6481
14944.1,14252,68718.8,7790.76,7464,68405,3709.56,11519,19.6481
17674.1,15169,76359.2,17879.8,16193,72362.6,17322.7,25566.1,19.6481
11196.9,11051,66401.2,4494.64,4479,65764.8,9638.32,14215.5,19.6491
10982.4,11124,64701.8,4795.6,4784,65694.9,4129.84,10205.5,19.6512
9683.05,9473,66989.2,4127.56,4133,65449.7,6649.24,13580.6,19.6522
12265.5,11904,67526.2,5153.56,5268,64112.3,2349.92,7885.02,19.6532
17213.3,16869,66873.6,10238,10129,66241,9284.92,13386.4,19.6572
8275.15,8205,66096.3,4208.12,4205,65584.6,2192.6,7863.18,19.6613
15262.6,15005,66661.3,7950.36,7709,67587.9,17831.1,24797.8,19.6613
19039.8,15365,81210,13590.3,11637,76536.5,3704.24,10629.1,19.6633
7944.95,8181,63645.1,3141.84,3253,63296.5,2754.24,7119.84,19.6643
11412.7,11233,66584.4,5408.92,5029,70487,10502.4,16215.4,19.6643
14381.2,13208,71357.5,10040.4,8968,73372.6,6084.56,12883.3,19.6643
16507.4,16332,66239.8,7424.44,7480,65049.2,3697.4,10544,19.6643
11711.7,11740,65378,5386.12,5276,66903.9,13675.4,28997.3,19.6653
8462.35,8393,66077.5,3717.16,3737,65188.1,9587.4,13488.5,19.6664
30030.6,24280,81058,21666.8,18920,75050.6,3960.36,8505.9,19.6674
10606,10600,65573.4,2900.16,2920,65090.7,5418.04,9455.16,19.6694
12116.6,12144,65388.4,3990,4016,65111.7,8312.88,13854.4,19.6745
13471.9,13331,66228.7,7850.8,7704,66784.8,2166,7202.52,19.6755
6487,6669,63747.5,2916.12,2973,64282.2,2746.64,5422.56,19.6765
40491.1,29145,91049,29420.4,22601,85310.1,21981.5,29054.2,19.6785
27781,22977,79238.2,17143.3,14369,78189.5,4425.48,11772.5,19.6785
12262.3,12304,65313.6,5213.6,5332,64080.7,2827.2,10256.2,19.6795
13588.9,13024,68378.5,6668.24,6416,68112.5,5199.16,12700.7,19.6805
6159.4,6189,65222.6,3664.72,3689,65104.7,4265.12,8066.76,19.6805
14084.8,13848,66656.9,8769.64,8540,67298.3,2447.96,7913.1,19.6816
12240.8,12140,66080.1,6058.72,5912,67162.4,5248.56,12356,19.6836
6693.7,7008,62596.8,1814.12,1876,63374.3,3989.24,7366.32,19.6836
14472.2,13816,68648.9,7016.32,6696,68671.1,4222.56,8217.3,19.6866
10614.5,10480,66377.1,5735.72,5716,65762.1,2301.28,6027.06,19.6876
13848.9,13595,66759.9,5371.68,5307,66334.7,2155.36,7360.08,19.6876
6771.05,6661,66618.8,2893.32,2869,66091.5,4591.92,8963.76,19.6897
12912.3,12539,67486.8,9864.04,9615,67233.5,5859.6,8863.14,19.6917
9739.6,9880,64604.7,3775.68,3848,64304.3,11061,17070.3,19.6937
8349.25,8229,66493.7,3302.96,3301,65574.9,3097,8629.14,19.6947
16084.9,16044,65703.1,8195.08,8120,66142,7651.68,13295.1,19.6958
12808.9,12964,64751.9,6311.04,6320,65443.1,4813.08,12210.1,19.6968
14567.1,14048,67957.9,8442.84,7940,69686.4,5392.2,10820.2,19.6978
22612.8,19205,77165.1,16518.6,14021,77210.1,6209.96,18438.4,19.6988
7837.05,7677,66902.3,3293.08,3245,66507,2636.44,8147.1,19.7059
15236,14320,69728.1,9107.84,9184,64992.5,3081.04,9271.86,19.7059
14069.9,13610,67750.5,7492.08,7582,64758.8,4674,11303,19.7069
14374.1,13429,70148.3,6543.6,6385,67163.9,3639.64,7531.68,19.7079
9253.4,9085,66750.8,4895.16,4905,65404.5,3135.76,7870.2,19.7089
11444.5,11019,68067,4705.92,4683,65856.8,14280.4,19074.1,19.712
8934.9,9156,63953.4,3741.48,3808,64391.2,6251.76,11381.8,19.713
6447.35,6502,64985.2,2683.56,2658,66166.2,3496,7536.36,19.713
9920.95,10081,64495.5,3239.88,3333,63705,11780,15311.4,19.714
9364.55,9340,65708.3,5434,5228,68118.3,4818.4,11636,19.716
6426.55,6612,63697.9,3262.68,3300,64794.8,3141.08,7389.72,19.7181
10488.4,10380,66220.4,3842.56,3932,64045.3,2101.4,6862.44,19.7201
14870.7,14378,67781.8,6420.48,6298,66810.5,5766.12,14551.7,19.7211
16614,16489,66032.8,8309.08,8429,64603.6,6341.44,9880.26,19.7221
12723.1,12481,66807.2,7292.2,7253,65890.2,8576.6,15474.4,19.7231
12255.8,11853,67762.8,6355.12,6173,67469.5,3753.64,10537.8,19.7251
10860.2,10700,66517.2,4667.16,4796,63775.4,3849.4,9880.26,19.7282
5385.25,5724,61657.5,2660.76,2668,65358.2,2835.56,5108.22,19.7302
12214.8,12016,66620.3,7835.6,7588,67674.5,5135.32,10675.1,19.7322
10108.1,10340,64066.5,7627.36,7620,65599.3,3987.72,9025.38,19.7322
14233,14225,65573.1,7729.2,7765,65233.8,3494.48,10903.6,19.7333
9356.75,9256,66249.3,5499.36,5436,66299.9,5475.04,12560.3,19.7363
12585.9,12565,65645.3,5123.92,5089,65985.7,3819,9842.82,19.7363
36810.8,27758,86909.4,28562.3,22878,81819.2,6893.2,16256,19.7373
10591.1,10404,66714.6,5031.2,4980,66209.8,6345.24,13919.9,19.7383
9478.95,9340,66511,3762.76,3772,65375.5,14674.8,19042.1,19.7393
19089.2,18593,67285,11302.7,10817,68478.8,9645.92,14174.9,19.7424
11467.3,11640,64563.7,5269.08,5208,66304.6,2688.12,8708.7,19.7434
8178.95,8280,64736.2,3451.16,3484,64918.3,6333.84,12275.6,19.7464
14664.6,12696,75698.1,11050.4,9820,73747.4,15015.3,17840.9,19.7474
25080.3,20708,79373.2,16707.8,14496,75535.7,5351.92,8537.1,19.7485
11675.3,11888,64363.4,5065.4,5024,66076,6047.32,13471.4,19.7485
23448.8,19242,79863.7,14880,12650,77089.2,6523.08,11569,19.7505
12570.3,12364,66629.8,5228.04,5112,67023.6,4109.32,11449.6,19.7505
14701.7,14665,65700,5427.16,5433,65465.6,3232.28,10570.6,19.7515
16573.7,15712,69130.2,6506.36,6436,66252.5,4878.44,7783.62,19.7556
11443.3,11637,64444.9,4691.48,4597,66882.9,3500.56,8572.98,19.7556
15741,13543,76172.6,11780.8,10871,71020.5,19703,28443.5,19.7566
5146.7,5461,61764.2,2220.72,2241,64942.9,3019.48,5673.72,19.7596
10246.6,10536,63735.9,4300.08,4380,64340.2,5962.2,13875.4,19.7647
12723.1,13129,63509.9,5380.04,5449,64706.6,2525.48,8234.46,19.7647
4984.2,5221,62563.6,2661.52,2673,65254.5,7720.08,9912.24,19.7687
6258.2,6557,62549.5,2742.84,2713,66256.8,2058.08,5999.76,19.7687
12182.9,11927,66942.4,4948.36,4931,65766.7,2676.72,8910.72,19.7728
12964.9,12600,67433.9,6536,6572,65177,2599.96,8722.74,19.7748
20970.3,15535,88465.4,21427.4,16971,82745.2,2904.72,6580.08,19.7789
16578.9,16760,64827.8,7339.32,7372,65245.5,7361.36,13820.8,19.7799
10272.6,10585,63601.8,6276.84,6313,65160.6,9344.2,15213.9,19.7809
11978.2,11783,66621.7,5721.28,5523,67888.8,3320.44,9251.58,19.7809
17024.1,16644,67032.8,8058.28,8004,65980.4,5994.12,14855.9,19.7829
14407.9,14306,66002.8,3822.8,3734,67094.5,9915.72,15851.9,19.7829
15286.7,14879,67331.8,6772.36,6815,65126,16412.2,22900.8,19.79
11672,11555,66199.9,4566.84,4531,66054.4,6413.64,13989.3,19.79
10942.8,11076,64747.6,5499.36,5440,66251.1,2426.68,8429.46,19.7931
15885.3,15360,67777.5,6316.36,6128,67550.4,8277.92,16063.3,19.7931
17925.7,14452,81288.3,18332.7,16016,75015.8,4186.08,11595.5,19.7941
9048.65,8865,66893.7,6694.08,6373,68837.8,7739.84,13114.1,19.7941
7121.4,7608,61344.4,3939.08,4092,63086.9,16245.8,19301.9,19.7941
4975.75,5239,62242.9,2843.16,2791,66760.8,5848.2,10340.5,19.7961
13464.7,13476,65481.3,5712.92,5684,65869.4,3782.52,11212.5,19.8001
12052.3,11857,66615.5,4189.88,4293,63961.8,2846.2,10900.5,19.8022
13001.9,12433,68535,5143.68,5029,67030.5,7728.44,14529.1,19.8022
7354.1,7484,64398.5,3411.64,3368,66385.2,8955.84,13510.4,19.8032
11926.8,11693,66846.7,7964.04,7737,67459.1,2644.8,6009.12,19.8032
8161.4,8028,66625,3733.12,3672,66626.8,10772.2,14817.7,19.8042
7171.45,7433,63229.9,3057.48,3065,65375.2,9993.24,12810.7,19.8052
10385.7,10808,62975.3,4748.48,4844,64243.7,7002.64,12221,19.8062
12921.3,11352,74596,9579.8,8508,73791.9,2992.88,8640.06,19.8062
12839.4,12717,66167,6571.72,6521,66045.7,4650.44,9250.8,19.8072
9175.4,9364,64216,5963.72,6032,64794.2,3713.36,9425.52,19.8093
12935.6,12853,65957.4,7786.96,7461,68399.2,2763.36,7366.32,19.8113
18353.4,17676,68047.5,9575.24,9212,68120.2,3887.4,6354.66,19.8154
17189.3,16112,69917.8,11282.2,10340,71507.8,13332.7,20439.9,19.8174
27470.3,18557,97014.3,16733.7,10941,100234,11593.8,14717.8,19.8174
11623.3,12057,63178.6,4677.04,4733,64761.1,2875.08,6943.56,19.8184
16274.7,16449,64841.6,6594.52,6753,63998,3426.08,10827.2,19.8184
8730.8,8890,64362.4,4251.44,4282,65068.3,14015.2,14799.7,19.8184
10507.9,10700,64359.4,4249.92,4360,63881.4,3766.56,9806.94,19.8214
9999.6,10512,62341.5,4680.08,4772,64273.6,13844.9,17692,19.8245
9963.85,10389,62854.1,7141.72,6817,68657.7,4075.88,9748.44,19.8245
7027.15,6852,67211.2,6885.6,6432,70157.8,8552.28,16004,19.8275
10390.3,10689,63704.3,7799.12,7589,67350.5,5129.24,11826.4,19.8275
10028.8,10553,62280.9,4316.04,4333,65279.5,3236.08,8516.04,19.8275
10372.7,11016,61708.9,6116.48,6184,64820.4,5073.76,12290.5,19.8275
14705.6,14544,66264.2,5870.24,5636,68259.8,4812.32,10893.5,19.8295
11180.6,11836,61907.3,4416.36,4440,65187.1,6594.52,13766.2,19.8295
10925.8,10372,69035.5,7138.68,6468,72331.6,16491.2,24158.2,19.8326
5926.7,6252,62126.1,2602.24,2684,63539.6,2880.4,6285.24,19.8336
8546.85,8840,63362.7,3526.4,3592,64339.1,2792.24,8353.02,19.8346
11865.8,12085,64347,4583.56,4673,64281.7,5447.68,12853.6,19.8356
9490,9552,65110.6,3690.56,3808,63514.8,8837.28,17042.2,19.8366
10752.9,10740,65615,5758.52,5796,65112.2,2106.72,7720.44,19.8366
13469.9,13269,66528.5,5899.12,5889,65648.6,2126.48,7713.42,19.8377
15961.4,11595,90215.3,10989.6,7983,90218.5,7549.84,18230.9,19.8377
11560.3,11400,66457.2,5356.48,5388,65152.6,8106.16,15478.3,19.8417
8619,8881,63602.6,3192.76,3105,67388.3,2165.24,5633.94,19.8437
9266.4,9098,66749,4404.96,4270,67607.4,14893.7,18964.9,19.8468
13718.2,13428,66952.6,5302.52,5444,63832.8,2300.52,8387.34,19.8539
7338.5,7238,66446,3017.96,3142,62948.8,6901.56,12028.4,19.8559
9163.7,8540,70322.3,6170.44,5848,69149.4,6865.08,14642.2,19.8559
5614.05,5605,65641.8,2826.44,2853,64925.9,5896.84,7465.38,19.8559
13128.7,12828,67072.2,6472.16,6428,65986.2,7384.92,14652.3,19.8569
27018.5,19806,89401.6,23156.4,17338,87529.1,9054.64,20581.1,19.8579
12747.8,12853,64999.6,4699.84,4705,65464.1,10932.6,18397.1,19.8589
11780.6,12194,63314.2,5077.56,5094,65324.5,4223.32,11228.9,19.8589
11800.1,12081,64012.2,3636.6,3617,65891.1,12348.5,16904.9,19.861
11623.9,11813,64487.2,5220.44,5237,65328.8,3364.52,10514.4,19.864
7733.05,7577,66885.7,5756.24,5437,69384,19063.8,25699.4,19.864
37302.8,30017,81443.2,24194.6,19237,82425.4,19202.9,26966.2,19.865
11727.3,11912,64519.8,5494.8,5468,65857.2,14082,19170.1,19.866
11963.3,10393,75437.7,9478.72,8601,72223.8,11024.6,16432.3,19.866
11317.1,11276,65775.2,5123.16,5192,64667.1,2675.96,8231.34,19.867
15763.1,15486,66708.9,6493.44,6426,66223.8,2631.12,8930.22,19.867
16680.9,16560,66014.6,8510.48,8576,65035.3,5333.68,13338.8,19.8681
12420.2,12081,67376.1,8904.16,8421,69296.2,10219.7,17426,19.8711
12819.3,12732,65985.4,3508.92,3500,65703,2246.56,7168.98,19.8711
15791.7,14912,69402.4,7435.08,6960,70009.4,18886,23650.4,19.8731
14730.3,14345,67296.3,7239.76,7097,66854.3,2357.52,3996.72,19.8731
11888.5,11813,65954.9,5623.24,5537,66556.7,2190.32,8151,19.8741
12322,12179,66305.8,7647.88,7223,69391,2204,6455.28,19.8782
6511.7,6672,63961.4,4347.96,4320,65960.2,6421.24,12398.1,19.8782
7839,7689,66814.5,5733.44,5565,67519.6,3572.76,7004.4,19.8812
9597.25,9852,63841.4,4235.48,4376,63431.5,2639.48,8353.02,19.8843
8339.5,8519,64155.1,3948.96,3923,65969.7,5948.52,11353.7,19.8843
12699.7,12692,65575.8,6203.12,6212,65442.3,5151.28,11638.4,19.8853
7038.2,7333,62901.3,3090.92,3157,64164.3,9284.92,12538.5,19.8873
10571.6,10720,64628.8,5370.92,5252,67019.9,6200.08,13820.8,19.8954
9921.6,10116,64276.6,4562.28,4516,66207.6,17866.8,22290.1,19.9005
14552.2,14832,64299.7,5361.8,5396,65120.6,7400.12,15380,19.9015
15523.9,14700,69209.4,7850.8,7500,68601.3,4628.4,11566.6,19.9025
13415.3,13456,65338,3818.24,3760,66551.1,6227.44,14260.7,19.9025
7307.3,7350,65155.3,3314.36,3202,67835.7,8943.68,13870,19.9035
13293.1,13435,64844.1,5895.32,6015,64232,6570.96,14089.9,19.9045
15924.3,16045,65043.2,7447.24,7645,63840.7,2779.32,9558.9,19.9066
9262.5,9256,65582,4012.8,4008,65614.5,4454.36,9042.54,19.9076
13113.1,13148,65362,4667.16,4648,65806.2,6854.44,14177.3,19.9086
20675.2,18789,72115.1,14322.2,13089,71710.6,18423.9,24535.7,19.9096
12992.8,12520,68011.1,5407.4,5208,68045.2,6574,12788.9,19.9127
13171.6,13013,66334.7,3269.52,3281,65306.7,2459.36,6279,19.9127
11638.3,11665,65385.7,4517.44,4529,65368.7,2499.64,7984.86,19.9137
12496.9,12113,67613,5845.16,5797,66080.5,4458.92,11405.2,19.9137
7367.75,7396,65285.7,3609.24,3600,65704.2,13116.1,14550.1,19.9157
22818.3,17997,83092.6,18306.9,15149,79197.3,16174.3,24481.1,19.9177
9477,9376,66242,3954.28,3956,65507.5,2245.8,7547.28,19.9187
14788.1,14386,67368,6521.56,6326,67562,5919.64,12060.4,19.9198
9325.55,9162,66705.9,3738.44,3706,66109.7,4136.68,8609.64,19.9228
10588.5,10507,66044.4,7461.68,7519,65036.4,2092.28,6230.64,19.9228
6054.1,6076,65299.8,2909.28,2892,65927.6,4133.64,8647.08,19.9248
14569.7,14495,65874,10071.5,9851,67003.1,7216.96,12351.3,19.9279
10362.9,10393,65346.5,6824.04,6685,66899.1,8698.96,43283.8,19.9289
14607.4,14213,67354.8,6272.28,6101,67375.9,8187.48,16525.1,19.9319
11448.4,10766,69690.3,6617.32,6254,69343.3,15974.4,24045.8,19.935
8992.75,8665,68014.9,7365.16,6973,69221.7,6313.32,10239.1,19.937
14220,14422,64618.3,6852.16,6866,65403.9,5824.64,14832.5,19.938
14178.4,14340,64797.7,10057.8,10132,65056.3,2299,6433.44,19.939
11137.8,11585,63005.9,5045.64,5141,64320.4,5294.92,13005.7,19.939
11400.3,11607,64369.2,6391.6,6439,65053.6,2782.36,8298.42,19.94
11830.6,11904,65132.2,4749.24,4832,64413.5,4212.68,10906.7,19.941
12805,12828,65418.5,4607.88,4600,65648.3,14250,18363.5,19.9431
9633,9788,64498.2,6020.72,5724,68933.2,2632.64,6191.64,19.9451
5662.8,5665,65510.5,2379.56,2385,65386.5,5962.96,9675.12,19.9481
16543.1,13365,81120.2,11585.4,10037,75646.4,2165.24,3648.06,19.9491
10900.5,10213,69947.6,7958.72,7589,68728.8,5445.4,10722.7,19.9502
8619.65,8461,66764.8,4049.28,4173,63593,11732.9,17793.4,19.9522
12357.8,11606,69781.2,9983.36,9570,68366.7,16097.6,23118.4,19.9522
12747.1,12836,65082.4,5708.36,5668,66002.7,9368.52,16957.2,19.9532
13772.8,13868,65086.3,5635.4,5688,64930,2320.28,9120.54,19.9532
13956.8,13593,67290,5956.88,5769,67670.3,6580.08,13300.6,19.9552
7435.35,7613,64006.7,4451.32,4473,65218.4,4543.28,11613.4,19.9562
12067.9,12082,65459.5,4924.8,4914,65680,2748.16,10204.7,19.9562
14215.5,14070,66213.7,5668.08,5622,66073.2,2147,6563.7,19.9573
17501.3,17105,67054.2,7750.48,7541,67356.5,2495.08,8804.64,19.9593
10176.4,10333,64542.8,4981.8,5005,65232.2,3781,9638.46,19.9633
11722.8,11840,64887,5017.52,5104,64425.6,3570.48,10797.5,19.9674
13954.8,13916,65719,3496.76,3544,64662.4,15441.7,30654,19.9684
7215,7093,66663.2,3749.84,3777,65064.7,10437.8,13150.8,19.9684
10582,10478,66186.5,4475.64,4506,65094.4,5122.4,10328.8,19.9694
9287.2,9322,65291.3,3881.32,4014,63369.8,3135,9454.38,19.9694
17050.8,15712,71120.2,14478,13460,70492.6,10808,12507.3,19.9704
14611.3,14679,65234,6597.56,6707,64466.6,5024.36,13074.4,19.9714
41616.9,35564,76690.1,26908.6,23436,75246.6,15802.7,38701.3,19.9755
29885.7,22779,85982.2,20293.5,16609,80074.4,4968.88,9600.24,19.9765
15640.9,14919,68707.4,8872.24,8883,65456.6,2732.2,6854.64,19.9775
12532.6,12188,67389.2,3825.08,3788,66177.5,7475.36,12895,19.9775
10480.6,10556,65067.9,4413.32,4508,64159.6,2335.48,7422.48,19.9775
24693.5,21529,75169,15275.2,13805,72515.6,12277.8,22419.5,19.9775
7151.95,6956,67382.1,2746.64,2796,64379,2804.4,7321.86,19.9846
33708.3,25069,88121.2,27076.5,20045,88525.2,2128,180.18,19.9856
11260.6,10940,67456.5,5071.48,4984,66686.3,2603,7448.22,19.9856
14721.8,14200,67944.4,5943.2,5976,65176.3,2968.56,9164.22,19.9856
13377,12953,67681.2,8220.16,7689,70063.3,14503.1,20812,19.9856
5955.95,5739,68013.4,3133.48,3199,64193.7,9216.52,12797.5,19.9866
8441.55,8329,66421.6,3469.4,3433,66230.9,3024.8,8519.16,19.9907
8958.3,9137,64254.3,3423.8,3429,65436.6,6301.16,11575.2,19.9917
11130.6,11393,64026.6,4768.24,4837,64604.4,2676.72,7335.12,19.9927
9156.55,8893,67478.2,7342.36,7081,67954.9,7931.36,16564.9,19.9927
5069.35,5264,63112.6,2458.6,2448,65819.8,5939.4,10373.2,19.9937
12310.3,12392,65104.2,5458.32,5496,65086.7,2296.72,8043.36,19.9958
19724.3,19668,65723.4,7664.6,7700,65234.7,6736.64,13890.2,19.9968
17025.4,15822,70520.8,9543.32,9082,68864.9,5031.96,8152.56,19.9968
14742.6,14080,68620.3,6570.2,6452,66736.6,5681,11769.4,19.9988
8747.7,8692,65956,4085,4144,64602.9,17840.2,21563.9,19.9998
27640.6,20348,89023.7,26594.7,19276,90418.6,2595.4,3999.06,19.9998
6073.6,5848,68064.2,1681.12,1704,64656,2107.48,4369.56,19.9998
7667.4,6899,72835.3,3037.72,2935,67829.6,7588.6,12980,20.0019
6338.8,5700,72880.6,3562.88,3472,67251.4,2755.76,7351.5,20.0029
13261.3,13287,65409.2,5539.64,5431,66847,5465.16,12934.7,20.0089
12119.9,12391,64102.1,5622.48,5735,64250.2,4702.88,8514.48,20.0089
15690.3,15077,68202.1,8793.96,8481,67954.4,4131.36,11037.8,20.012
6825.65,7151,62554.3,3369.08,3451,63980.3,3586.44,8108.1,20.012
12509.9,12529,65436.1,3914.76,4005,64059.4,7377.32,14982.2,20.015
25291.5,20613,80410.6,16808.2,14113,78051.4,17204.9,32845.8,20.0171
22782.5,18548,80497.8,17694.3,14804,78331.2,15162,29750.8,20.0171
11703.9,11381,67395.4,6927.4,6901,65786.7,4611.68,11063.5,20.0181
22587.5,17993,82270.6,14517.5,12413,76647.1,2257.96,5989.62,20.0201
14096.5,14177,65164.1,8027.88,7941,66253,16063.4,22783.8,20.0211
12975.3,12926,65786,3471.68,3470,65567.7,7794.56,14591.5,20.0221
13654.5,13177,67911.1,5529.76,5485,66070.8,3979.36,9689.94,20.0231
10648.9,10629,65659,4584.32,4629,64903.4,4464.24,10421.6,20.0241
16342.3,16137,66369.8,7126.52,7197,64894.2,2176.64,7676.76,20.0241
13372.4,13036,67227.4,11102.8,10552,68957.1,6830.12,12388.7,20.0282
8721.05,8589,66543.6,4383.68,4429,64865.4,3969.48,8516.82,20.0312
11977.5,12397,63318.6,4280.32,4345,64560.4,9613.24,17879.9,20.0312
9320.35,9277,65842.2,3891.2,3853,66185.8,3604.68,9755.46,20.0323
6132.1,6269,64104.8,3122.08,3049,67106.8,2428.96,6615.18,20.0333
12897.3,13420,62983.4,5085.92,5112,65201.6,2511.04,7144.8,20.0394
13715,13565,66260.7,9347.24,8889,68914.5,9938.52,19526.5,20.0404
10888.8,10400,68616.2,8282.48,7520,72180.9,7153.88,13309.1,20.0414
11348.3,11561,64330.5,8066.64,7645,69150.5,3215.56,10078.4,20.0424
17569.5,14328,80362.6,14861.8,12876,75643.3,9990.96,17290.3,20.0424
14773.8,14662,66035.9,5869.48,5846,65799.2,3364.52,11109.5,20.0434
12665.9,12661,65561.4,6339.16,6225,66737.9,2136.36,6598.02,20.0454
6722.3,6963,63270.5,4113.88,3959,68099.8,5997.92,10237.5,20.0464
34002.1,27565,80840.4,29629.4,25193,77076.6,5151.28,7757.88,20.0495
15356.2,15328,65656.8,8036.24,7972,66064.1,3081.04,9963.72,20.0525
11691.5,12170,62959.5,5180.16,5152,65894.2,4763.68,11360.7,20.0525
14794,14884,65139.7,6679.64,6516,67181.8,10885.5,18604.6,20.0546
21762,17869,79813.9,18897.4,16589,74655.5,2305.84,3574.74,20.0556
8559.85,8620,65078.7,2890.28,2872,65953.1,12530.1,17625.7,20.0586
10418.8,9996,68308.3,8777.24,8280,69471.6,7565.04,17057.8,20.0606
13729.9,13793,65236.4,6054.16,6133,64693.5,3223.92,9366.24,20.0606
6624.8,6596,65822.1,3910.96,3844,66677.6,2276.2,4824.3,20.0617
10994.8,11138,64693.1,6079.24,6006,66335.2,16365.1,15396.4,20.0677
11568.7,12048,62928.8,5341.28,5392,64919.5,3894.24,11044,20.0708
12407.8,12865,63207.2,6159.8,6133,65822.4,2275.44,7119.84,20.0708
11590.1,12301,61748.8,6018.44,6105,64606.8,4389.76,10469.9,20.0718
9162.4,9816,61172.3,5108.72,5016,66747.4,7882.72,13265.5,20.0728
12509.3,13061,62767.5,5661.24,5617,66052.2,8905.68,15508,20.0728
12886.3,13516,62482.5,4693,4716,65216.4,7328.68,14118.8,20.0758
10804.9,11333,62482.4,5069.2,5169,64270.7,4743.92,10817,20.0769
11958,12252,63963.7,5591.32,5368,68262.4,15005.4,22562.3,20.0769
10057.4,9840,66984.3,6493.44,5968,71306,5057.8,9299.94,20.0789
7397.65,7992,60662.2,3787.84,3832,64780.8,10342.8,15524.3,20.0819
8476,8761,63404.1,3450.4,3369,67119.4,15083,22594.3,20.087
33694.7,24953,88495,26734.5,21917,79941.3,14164.1,26101.9,20.089
21766.5,17748,80374.8,16295.9,13472,79273.3,4664.12,16981.4,20.091
12619.8,12573,65779.7,8343.28,8041,67999.7,13392,22527.2,20.0941
15988,15252,68698.7,13842.6,12784,70963,7577.96,13105.6,20.0951
13114.4,13089,65663.2,8496.04,8225,67695.6,5246.28,11330.3,20.0971
16848,14254,77462.5,14975.8,11940,82198.8,5117.08,9961.38,20.0981
8474.05,8424,65925.4,3090.16,3016,67147.5,3664.72,7702.5,20.0981
19735.9,18764,68930.7,10485,9980,68851.9,4122.24,12196.9,20.0992
10990.2,11030,65299.5,4810.04,4898,64359.1,2229.08,7704.06,20.1002
7909.85,8253,62811.1,3497.52,3545,64658.2,2552.08,8041.8,20.1012
12034.8,11778,66964.6,5341.28,5158,67864.7,4006.72,11115,20.1012
10744.5,10941,64359,3929.96,3993,64501.3,2660,7420.14,20.1022
10833.5,10533,67406,5646.8,5457,67815.4,2105.96,7072.26,20.1022
14808.3,14776,65679.3,6487.36,6396,66472.1,4670.96,11353.7,20.1022
8811.4,9033,63928.3,3781.76,3769,65757.9,4116.16,9090.12,20.1032
27892.8,22561,81024,17120.5,13621,82373.6,12632,19844,20.1032
29042.6,22203,85724.4,21475.3,17407,80852.9,4124.52,9960.6,20.1032
9635.6,9637,65526.5,5016.76,4977,66059.5,2318.76,5878.08,20.1032
10598.9,10441,66527.1,4991.68,4857,67353.3,2818.08,7361.64,20.1052
11075.3,11205,64777.7,4656.52,4737,64422.6,4332,9945.78,20.1062
11992.5,12091,65002.1,5602.72,5649,64999.1,3008.08,9430.2,20.1062
10013.9,10404,63078.7,2626.56,2708,63565.1,8988.52,13428.5,20.1073
9546.55,9357,66863.6,4729.48,4585,67601.1,5060.08,12357.5,20.1103
13338,12896,67782.2,5388.4,5460,64676.6,2523.96,7338.24,20.1144
9031.75,8314,71193.7,6203.12,5930,68554.4,8239.92,15357.4,20.1154
13432.2,13086,67270,6149.92,6164,65386.3,2905.48,8785.14,20.1215
14320.1,13793,68040.7,5775.24,5701,66389.4,3084.84,9413.82,20.1225
18705.7,13410,91416.6,20818.7,16166,84397.7,2743.6,5273.58,20.1235
8097.05,8029,66091.5,3342.48,3453,63438.4,3586.44,8347.56,20.1235
11497.8,11389,66162.4,4056.12,4141,64192.7,11803.6,18554.6,20.1245
16846,16312,67681.6,5430.96,5528,64385.6,2236.68,8401.38,20.1255
14691.9,14166,67969.2,6138.52,6134,65584.3,6090.64,13472.9,20.1265
13646.1,13416,66660,6109.64,6120,65425.1,4366.96,10747.6,20.1275
41209.3,32417,83311.1,31277,25153,81492.1,29215.9,45542.6,20.1306
13735.8,13457,66893.8,4536.44,4565,65126,3467.88,10700.8,20.1306
11785.8,11621,66465.4,4873.88,4993,63972.5,2390.96,7984.86,20.1336
9815.65,9729,66119.7,4458.92,4449,65682.1,2711.68,7673.64,20.1336
6048.9,6020,65850.6,2552.08,2608,64130.8,4707.44,9593.22,20.1336
10519.6,10493,65702.1,6300.4,6365,64870.9,4800.92,12566.6,20.1346
16406.6,15823,67953.4,6694.08,6543,67049.3,2844.68,7396.74,20.1367
16749.2,16304,67325.5,7074.84,6976,66464.6,7387.2,14708.5,20.1387
13641.5,13081,68344.4,5750.92,5581,67531.3,2567.28,9821.76,20.1387
15059.8,14639,67420.1,6377.16,6155,67901.5,6061,14004.1,20.1397
5159.05,5261,64266,2628.84,2621,65732,3828.12,8722.74,20.1397
5146.7,5271,63990.5,3040.76,3123,63810.2,15457.6,14172.6,20.1407
12039.9,11380,69336.6,8555.32,8096,69254.1,4949.88,8311.68,20.1417
22796.8,15529,96207.8,21083.9,16249,85036.4,2302.04,105.3,20.1427
13524.5,12992,68222.4,6643.92,6388,68161.5,2774.76,7289.1,20.1448
9819.55,9217,69820.3,4417.12,4293,67430.8,5870.24,12484.7,20.1458
6780.8,6809,65264.6,2846.96,2877,64851.7,7183.52,11028.4,20.1458
13854.7,13513,67193.4,6880.28,6729,67009.4,2425.92,8519.94,20.1468
20448.3,17345,77261.6,15018.4,12978,75839.4,4376.84,7298.46,20.1519
9516,9613,64874.7,4196.72,4297,64006.6,2660,9063.6,20.1539
8040.5,7314,72045.7,8204.96,7814,68815,18989.4,28391.2,20.1539
18298.8,18220,65819.4,6164.36,6280,64329.2,3281.68,9452.04,20.1559
13934.7,13213,69115.6,9913.44,9401,69108.3,2485.96,5082.48,20.159
22657.7,17947,82737.8,24414.2,18863,84822.8,16224.5,24428.8,20.159
18067.4,17071,69361.2,11101.3,10747,67696.7,2622.76,5108.22,20.16
13973.7,13604,67317,5531.28,5300,68395.8,5380.8,13090.7,20.161
11590.1,11836,64174.7,2903.2,2972,64018.9,8386.6,13650,20.162
7192.25,7415,63567.3,3746.8,3827,64162.6,3968.72,9495.72,20.162
17535,16692,68846,9265.92,8932,67986,7087,13874.6,20.162
11602.5,11688,65056.6,5672.64,5804,64052.8,3321.96,10027.7,20.163
13298.3,13063,66716.7,5722.8,5804,64619.1,9151.92,17377.6,20.164
12504,12108,67679.7,5527.48,5468,66248.9,4604.84,12009.7,20.166
11946.3,11517,67979.2,8496.8,7993,69666.7,2739.8,6966.18,20.1701
11850.8,11636,66745.8,4512.88,4436,66671.8,5446.92,10994.9,20.1721
5405.4,5550,63828.5,3138.04,3114,66041.9,5511.52,11400.5,20.1721
5335.2,5439,64285.3,3335.64,3263,66994.9,3163.12,7147.92,20.1752
19184.8,18593,67621.8,8285.52,8097,67061.9,3472.44,10752.3,20.1772
15133.3,14772,67138.9,5999.44,5908,66550.3,5929.52,11028.4,20.1772
8594.95,8736,64477.9,3694.36,3780,64051.2,2587.04,7961.46,20.1792
12266.8,11841,67892.7,4550.88,4513,66086.1,2162.96,7099.56,20.1802
6906.25,6976,64880.7,3382,3444,64356.2,17782.5,19427.5,20.1813
13698.1,13533,66335.5,5964.48,5945,65750.7,3036.96,10585.4,20.1823
11343.1,11284,65879.5,5149.76,5152,65507.5,6882.56,14909.7,20.1823
10702.3,10985,63849.1,5392.2,5549,63684.1,5356.48,10178.2,20.1873
20890.3,17609,77748.3,16762.6,13837,79392.3,18405.7,21438.3,20.1883
11345.1,10868,68413,9146.6,8660,69218.4,13560.7,19101.4,20.1894
10355.1,10624,63877.5,6476.72,6244,67978.6,3096.24,9995.7,20.1904
10845.9,11312,62835.7,4132.88,4272,63401.8,3939.84,11115.8,20.1904
12221.9,11481,69765.5,8935.32,8457,69242.7,8163.16,14600,20.1914
13645.4,13572,65890.7,5635.4,5536,66712.7,11832.4,16852.7,20.1924
15018.9,14028,70165.3,10270.6,9816,68571.4,13276.4,20137.3,20.1934
14220.7,14365,64877.7,4768.24,4873,64127.1,5206,10916.1,20.1934
5278,5476,63166.4,3181.36,3092,67430,12350,16100.8,20.1944
13169.6,13241,65182.9,5896.84,5901,65489.8,3827.36,9363.9,20.1975
14948,14283,68587.5,9110.88,8587,69534.3,2825.68,8890.44,20.1985
7636.2,7492,66797.4,6449.36,6196,68215.8,15112.6,21759.7,20.1995
11680.5,11916,64240.8,5057.8,5052,65611.2,5747.12,11894.2,20.2046
15080.6,15132,65313.6,6176.52,6152,65797.2,2665.32,8472.36,20.2046
9854.65,10054,64236.6,4624.6,4610,65743.6,9053.88,14575.1,20.2066
18405.4,17900,67386.4,13182.2,12952,66700.8,5674.16,9186.84,20.2086
8880.3,9041,64371.1,3640.4,3681,64813.2,3775.68,8868.6,20.2106
17938.7,14683,80067.5,13582,12063,73788.2,2156.12,6557.46,20.2117
11151.4,11124,65697.4,4101.72,4160,64617.9,3317.4,10412.2,20.2137
13310.7,13601,64137.2,5178.64,5313,63878.7,3807.6,11793.6,20.2147
9860.5,10178,63491.6,6481.28,6418,66182.2,4800.16,12494,20.2157
10688.6,10781,64974.3,4484,4397,66832.7,3266.48,9668.1,20.2157
39242.4,31561,81486.4,23386.7,19773,77513.4,19139.1,28368.6,20.2157
11077.9,11308,64202.7,4977.24,5036,64771.3,7885.76,13779.5,20.2177
9817.6,9948,64676.9,3717.92,3788,64323.5,10413.5,13965.1,20.2198
43726.1,35521,80674.4,34526.8,29073,77829.9,24450.7,39001.6,20.2238
9579.7,9721,64583.4,4582.8,4505,66667.8,4096.4,9776.52,20.2248
18622.5,18156,67219.9,9547.88,9276,67456.9,2869,4357.08,20.2248
11769.5,11753,65628.3,6314.08,6269,66007.3,3107.64,6320.34,20.2259
15490.1,15105,67207,11755.7,11717,65752.3,2575.64,6914.7,20.2279
8827,9052,63907,3571.24,3624,64581.9,4771.28,10500.4,20.2289
12121.8,12309,64539.6,6967.68,7013,65112.5,3210.24,9169.68,20.2299
22266.4,17689,82494.8,18415.6,15149,79667.4,7086.24,16153.8,20.2309
5257.2,5480,62871.5,2720.04,2728,65344.8,2895.6,4088.76,20.236
13340.6,13592,64323.8,5722.8,5788,64797.8,8540.88,14671,20.236
26090.3,23085,74067.9,19798,17725,73200.7,8445.88,18180.2,20.238
16470.3,16656,64805.5,7775.56,7776,65532.3,6772.36,13299.8,20.24
9807.2,10071,63819.3,6011.6,6035,65281.9,2908.52,7306.26,20.2411
5201.95,5556,61359.8,3441.28,3428,65789.9,8639.68,11735.9,20.2431
7580.95,8011,62017.9,3309.8,3371,64346.2,2523.2,6842.94,20.2441
29164.8,23469,81441.4,24385.4,20265,78861,20804.2,39771.4,20.2441
5827.25,5617,67989.1,2570.32,2565,65671.9,2905.48,5985.72,20.2471
7229.3,7357,64398.4,2267.84,2265,65618.2,12929.1,13850.5,20.2471
11168.9,11136,65729.9,4261.32,4340,64347.9,5309.36,10736.7,20.2481
8695.05,8644,65923,4107.8,4148,64900.9,4132.88,8803.86,20.2481
6064.5,6216,63938.7,3899.56,3960,64535.8,13297,20336.2,20.2492
11601.8,11933,63717.3,5217.4,5257,65042.3,13878.4,16112.5,20.2492
13858,14056,64612.8,6101.28,6200,64492.5,2448.72,7814.04,20.2502
11001.9,10776,66909.9,6827.08,6684,66938.9,2097.6,7212.66,20.2522
18634.8,13156,92828.6,27296.9,22080,81020.4,7937.44,15342.6,20.2552
13419.2,14000,62817.4,4687.68,4756,64594.6,3373.64,9773.4,20.2563
5532.15,5884,61617.1,2420.6,2392,66319.6,3711.08,8456.76,20.2603
7099.95,6750,68933.7,8999.92,8538,69081.6,13512.8,15461.2,20.2613
12406.5,12748,63780.6,5429.44,5464,65121.5,4288.68,11707.8,20.2613
13455.6,13993,63019.3,4012.04,4121,63803.2,2697.24,8948.16,20.2634
15103.4,15168,65256.9,10155.9,10004,66531,8157.08,14728.7,20.2634
12101,12404,63935.4,4126.8,4084,66222.8,3491.44,10681.3,20.2634
11216.4,11448,64210.2,5018.28,4812,68345.4,11400,16680.3,20.2644
6459.05,6722,62972.4,3153.24,3122,66191.8,7579.48,11437.9,20.2664
10844.6,11334,62706.2,7449.52,7426,65743.6,11325.5,19036.7,20.2674
12623.6,13256,62409.7,5313.92,5400,64491.3,6197.8,13022.9,20.2694
6425.25,7001,60146.4,3827.36,3853,65099.9,3403.28,7374.9,20.2704
9715.55,9505,66987.7,7965.56,7621,68499,21139.4,32187.5,20.2715
19732.7,18617,69463.5,14164.1,13277,69914.9,29143,33394.9,20.2735
10301.8,10664,63310.4,4569.12,4540,65956.4,5180.92,11961.3,20.2735
7064.85,7578,61098.2,4031.8,4042,65370.6,3815.2,8955.18,20.2735
17901,14652,80068.3,18224.8,15276,78186.7,5318.48,11675.8,20.2745
6612.45,7233,59913.4,3284.72,3333,64586.7,6896.24,12867.7,20.2745
4583.15,5065,59301.3,2823.4,2813,65778.3,2222.24,5830.5,20.2745
5860.4,6124,62715.1,2870.52,2808,66995.2,9823,14713.1,20.2775
17292.6,15205,74533.9,14362.5,12913,72892.4,2474.56,11031.5,20.2775
12148.5,12694,62719.7,5294.16,5398,64275.3,4556.96,12250.7,20.2775
11441.3,11497,65218.5,6143.84,6009,67006.6,8946.72,16530.5,20.2775
27468.3,21786,82629.5,26948.1,23274,75881.6,17595.5,33011.9,20.2796
14514.5,14324,66407.6,7464.72,7492,65297.4,4214.96,8197.02,20.2806
15237.3,15497,64437.7,8291.6,8253,65842.5,12132.6,16639.7,20.2816
29011.4,24213,78523.7,26322.6,22433,76899.1,17445,28613.5,20.2816
14233.7,14657,63643.3,7175.92,7265,64732.4,3199.6,9810.06,20.2826
19745.7,19256,67202.6,8967.24,8684,67673.5,3938.32,9020.7,20.2826
10986.9,11101,64862.7,5562.44,5401,67494.9,3249,8324.16,20.2836
13950.3,13893,65806.3,7069.52,6661,69555.3,4699.08,11888,20.2846
8223.15,8532,63163.7,4161,4148,65741.4,11688.8,16632.7,20.2877
9904.05,9693,66962.9,7533.88,7005,70484,6241.88,13103.2,20.2907
10457.8,10633,64456.5,5246.28,5161,66618.9,9731.8,16341,20.2948
17958.8,15600,75445.6,14165.6,12176,76245,2109.76,4860.18,20.2948
9530.95,9734,64168.9,5348.88,5362,65375.6,5812.48,14275.6,20.2968
10448.8,10905,62794.1,3789.36,3885,63922.6,5859.6,12939.4,20.2968
10848.5,11149,63769.6,6673.56,6473,67566.6,4837.4,6950.58,20.2988
10778.3,10524,67119.6,7612.92,7099,70280.4,14832.2,22301,20.3029
12095.8,12149,65249.3,6165.12,6081,66442.6,5781.32,12436.3,20.3039
13703.9,13796,65098.7,6762.48,6788,65289.6,3863.08,11548.7,20.3069
19489.6,15040,84924.9,19780.5,16304,79510.3,6203.88,11026.9,20.3069
7498.4,7346,66895.6,6719.16,6134,71787.9,8182.92,16516.5,20.3079
12554.8,12504,65802,6137,6232,64537,4830.56,13862.9,20.3079
17684.5,17264,67132.5,9580.56,9476,66259.1,2732.96,5870.28,20.309
4915.95,5356,60151.5,2178.92,2252,63409.3,2985.28,6228.3,20.311
15255.5,15054,66413.2,7198.72,7182,65688.6,5069.96,12100.9,20.312
6020.95,6203,63612.6,2796.04,2895,63295.8,2515.6,6268.86,20.314
13496.6,13440,65812,4889.84,4900,65400.1,2432,8532.42,20.3161
12740.6,12793,65267.8,4990.16,5049,64772.3,6356.64,13982.3,20.3161
22371,16457,89087.3,25033.6,20009,81993.3,11041.3,24074.7,20.3171
11921,11750,66489.8,4906.56,4834,66519.7,3830.4,10583.8,20.3181
13484.9,13380,66049.8,5511.52,5572,64824.7,2803.64,9157.98,20.3191
9737.65,9444,67573.8,4066,3988,66817.8,3603.16,11351.3,20.3211
6141.2,6224,64664.1,2675.96,2740,64004.3,5886.2,9945,20.3221
17017.6,14994,74381,14917.3,13538,72212.9,15291.2,18880.7,20.3232
13636.3,13321,67087.4,7179.72,6841,68780.9,2859.88,7743.06,20.3242
24830,18616,87411.8,19502.4,15944,80162.2,12272.5,26482.6,20.3252
11509.5,11561,65244.3,3433.68,3481,64645.1,4674.76,10298.3,20.3262
10513.1,10529,65437,4306.16,4305,65553.7,7742.12,14508,20.3292
5197.4,5245,64941.2,2431.24,2477,64325.3,4675.52,5886.66,20.3313
10799.8,10436,67820.3,3616.08,3616,65537.4,9037.92,12292,20.3333
9673.95,9432,67217.1,5240.2,5228,65688.9,8138.84,13231.9,20.3333
19675.5,16696,77231.3,14420.2,12392,76262.5,3182.88,10323.3,20.3333
5987.15,5984,65570.5,2593.88,2596,65482.5,3447.36,7063.68,20.3343
8632,8385,67466.5,6808.84,6465,69021.5,15299.6,24166.7,20.3373
16250.6,15557,68458.1,6682.68,6401,68420,3096.24,10781.9,20.3373
10217.3,10068,66508.2,8904.16,8372,69701.8,4284.88,10629.1,20.3394
7877.35,7860,65680.7,3666.24,3700,64938,4842.72,10829.5,20.3424
9995.7,9860,66437.9,5073,4944,67246,7775.56,14132,20.3434
14234.3,13824,67481.4,6034.4,5840,67717.5,3888.92,7234.5,20.3434
10515.7,10353,66565.9,4285.64,4197,66920.1,2159.92,5681.52,20.3434
12191.4,11649,68587.5,7914.64,7397,70122.2,10612.6,16922.9,20.3434
21305,15304,91234.2,19198.4,14796,85035.4,51774.2,57515.6,20.3465
12056.8,11721,67413.8,6012.36,5933,66412.6,2831,8915.4,20.3485
12052.9,12389,63758.3,6810.36,6677,66845,15730.5,22407.8,20.3495
14257.7,13897,67237.2,12371.3,12061,67222,14778.2,19432.9,20.3536
12487.8,12501,65466.8,4990.16,4933,66295.4,5303.28,12369.2,20.3546
9541.35,8382,74600.6,8442.08,7482,73945.5,18167.8,38036.7,20.3556
11624.6,11912,63954.8,6243.4,6316,64782.7,4615.48,13863.7,20.3596
12046.4,11909,66292.4,6447.08,6161,68579.1,2200.96,7108.92,20.3596
20055.1,18661,70432,14516.8,13445,70760.2,21353,26291.5,20.3596
9579.7,9729,64530.3,5082.12,4997,66652.4,2862.16,8962.98,20.3596
32763.9,25589,83911.6,21648.6,17397,81552.1,12518.7,27890.5,20.3596
7127.9,6864,68055.7,5712.16,5376,69634,5766.88,15003.3,20.3617
12206.3,12416,64429.4,4391.28,4308,66802.9,3841.8,8970.78,20.3617
4947.8,5200,62357.5,2577.92,2560,65994.8,3763.52,8546.46,20.3637
12327.3,11654,69322,9147.36,8438,71045.4,10867.2,15704.5,20.3647
16777.8,16318,67382.6,5871,5786,66498.8,2932.08,10629.8,20.3698
15218.4,14162,70424.8,9135.2,8754,68389.8,10281.3,22957.7,20.3708
19156.1,18517,67798.1,8340.24,8261,66164.6,2956.4,7982.52,20.3708
16045.9,14615,71952.4,8524.92,7715,72416,13526.5,25297.7,20.3718
13895,13713,66406,4588.88,4641,64800,2059.6,5091.84,20.3748
18066.8,17406,68023.8,8230.8,8110,66512.2,3657.88,9062.04,20.3759
11496.5,10854,69415.7,5497.08,5314,67793.9,12093.1,18133.4,20.3769
9196.85,8708,69215.1,3964.92,3792,68524.5,8132.76,15409.7,20.3769
6312.8,6187,66868.5,2949.56,2971,65063.1,3767.32,8184.54,20.3769
25292.1,21873,75780.5,12901.8,11157,75784.7,3754.4,9199.32,20.3799
16770,15854,69322.5,10067,9710,67945.2,2255.68,6505.98,20.383
16922.8,14597,75977.9,11555.8,10213,74152.6,7117.4,18823.7,20.385
11515.4,11465,65824.1,5736.48,5865,64099.9,4976.48,10745.3,20.39
30813.9,25530,79099.9,31578.8,26272,78773.8,7990.64,16508.7,20.3921
15279.5,14937,67038.9,8050.68,7881,66947,6073.92,9733.62,20.3931
6768.45,6696,66245.1,3419.24,3404,65829.4,3030.12,6857.76,20.3982
12957.8,12833,66173.1,6389.32,6437,65050.6,5643,11776.4,20.3992
14355.2,13789,68227.3,6440.24,6249,67541.6,8812.2,17520.4,20.3992
9263.8,9057,67032.4,6733.6,6545,67424.5,10735.8,16830.1,20.4002
11883.3,11637,66923.1,5353.44,5153,68085.2,13296.2,20419.6,20.4022
9111.05,8916,66969.7,5836.8,5524,69247,14041,16225.6,20.4134
13291.2,13150,66239.7,4829.04,4926,64246,3234.56,8352.24,20.4174
8559.85,8364,67070.6,3589.48,3544,66377,3508.16,9108.06,20.4184
12731.5,12403,67272,8050.68,7639,69067.9,3806.08,7499.7,20.4205
10039.9,9876,66623.6,4773.56,4596,68067.9,10925,15272.4,20.4215
5437.25,5560,64089.1,2922.96,2904,65963.9,2832.52,8211.84,20.4215
14189.5,13887,66963.6,6982.88,6731,67988.4,12539.2,18617,20.4225
11265.8,11437,64555,4302.36,4317,65313.8,6820.24,12632.9,20.4255
14209.6,13561,68670.7,9347.24,8857,69163.5,16527.7,22490.5,20.4255
7255.3,7205,65993.5,3116.76,3009,67883,4305.4,9602.58,20.4316
5322.2,5582,62485.8,2985.28,2986,65520.2,5586,10093.2,20.4336
4819.75,5085,62117.4,2378.8,2429,64181.6,9059.96,11489.4,20.4336
29150.5,22577,84617.5,28132.2,21457,85923.9,10871.8,18294.1,20.4346
12043.2,11873,66475.5,4175.44,4197,65199.3,6783.76,14244.4,20.4367
53116.7,35205,98879.6,55553,38353,94926.6,4981.04,11701.6,20.4397
8553.35,8329,67301.3,6333.84,6125,67770.5,4439.92,12361.4,20.4397
6146.4,6348,63454.7,3145.64,3224,63943.1,3691.32,8734.44,20.4417
10091.9,9701,68176.8,6963.88,6481,70418.9,16084.6,19033.6,20.4417
9020.05,9021,65529.1,3534.76,3561,65053.1,3986.96,8814.78,20.4488
10632,10514,66271.8,4129.08,4070,66487.3,4644.36,9610.38,20.4499
8843.25,8675,66807.1,3305.24,3367,64333.9,4946.84,11301.4,20.4499
10305.1,10120,66734.7,3973.28,3900,66767.4,5582.96,9840.48,20.4509
5332.6,5061,69053,2101.4,2033,67741,2127.24,5674.5,20.4509
11106.5,10033,72548.5,9072.88,8529,69715.1,8005.84,18268.4,20.4519
12246,11449,70098.2,6168.92,5917,68326.2,6787.56,13297.4,20.4519
24842.3,18744,86858.1,20396.1,16092,83064.9,2925.24,7157.28,20.4549
11755.3,11326,68019.8,8486.16,8154,68205.7,19563.2,28570.6,20.4559
13542.1,13464,65916.1,4790.28,4856,64649,5083.64,12556.4,20.4559
11601.2,11024,68967.4,6124.08,5908,67932.9,12259.6,17597.6,20.458
5662.15,5681,65318.6,2140.92,2177,64449.9,6191.72,9081.54,20.461
15268.5,14797,67624.3,8337.96,8217,66500.7,2246.56,6879.6,20.462
12780.3,12402,67535.1,5681,5606,66412.8,3425.32,9551.1,20.4651
9061,8306,71493.1,5478.08,5526,64967.7,6529.92,12519,20.4711
10929.8,10816,66225.2,5890.76,5988,64471.8,8778.76,15685.8,20.4742
11930.1,11744,66574.5,4414.84,4400,65757,3681.44,10746.1,20.4752
13382.8,12861,68195.2,6011.6,5901,66764.3,3257.36,8946.6,20.4762
8637.2,8605,65781.2,3835.72,3965,63399.2,11974.6,16956.4,20.4792
35035,28609,80256.3,30450.9,26321,75819,15533.6,29689.9,20.4823
17388.8,17046,66853.9,10068.5,10278,64200,3028.6,7785.18,20.4823
9057.75,8182,72550.6,5926.48,5634,68938.2,8034.72,12109.5,20.4853
5805.15,5511,69034,2256.44,2323,63658.2,5181.68,8804.64,20.4853
12872.6,12529,67333.3,4233.2,4325,64145,7725.4,14532.2,20.4863
15603.9,14845,68886.3,5715.2,5597,66920,14199.1,21833.8,20.4863
11512.8,11389,66248.4,2947.28,2957,65320.6,2351.44,7615.92,20.4904
12357.8,12141,66706.3,4952.16,4893,66328.4,7924.52,13232.7,20.4924
15979.6,14293,73269.4,12262.6,11365,70712,7423.68,15000.2,20.4944
8321.3,8759,62261.1,3961.88,4099,63343.7,2590.84,2531.88,20.4955
11471.2,11313,66452.4,10966,10577,67946.5,10230.4,14468.2,20.4955
25688.6,21516,78245.6,22447.4,19436,75690,12521.8,23683.9,20.4965
8908.25,8480,68845.6,6461.52,5968,70955.5,2618.2,6847.62,20.4975
9130.55,9468,63200.2,3402.52,3384,65894.7,7352.24,13705.4,20.5005
6093.1,6476,61661.1,3157.8,3160,65490.4,3274.84,7890.48,20.5015
6332.95,6424,64607.1,3005.8,3020,65227.9,3145.64,7073.04,20.5036
14130.3,13523,68479.4,7447.24,7075,68984.1,2121.16,7784.4,20.5036
11808.5,11716,66053.7,6127.88,6032,66577.7,2649.36,7645.56,20.5046
7060.95,7156,64665.5,2968.56,2896,67178,3838.76,8022.3,20.5076
9240.4,9337,64858,3217.08,3129,67380.8,8331.88,13415.2,20.5076
8055.45,8264,63882.1,3396.44,3292,67615.2,9069.84,15129.7,20.5076
11804.6,12245,63179.2,5022.08,5029,65445.8,3825.08,10691.5,20.5086
7700.55,8245,61208.4,3760.48,3873,63632,2470.76,7715.76,20.5097
10927.8,11149,64235.7,5513.04,5513,65536.5,4781.92,10853.7,20.5147
14220,14356,64915.4,5435.52,5396,66016,10146,16477.5,20.5157
29551.6,25729,75272.8,25275.3,22225,74530.6,15640,33539.2,20.5167
12777.7,12801,65416.7,7030.76,7041,65440.7,4321.36,10798.3,20.5178
14762.1,14612,66209.4,8128.96,8100,65770.3,6544.36,10191.5,20.5208
12692.5,12704,65476.9,6687.24,6532,67093.5,6333.08,14485.4,20.5208
15174.2,15458,64333,7600,7650,65107.7,4411.04,8492.64,20.5249
21738.6,17369,82023.2,26876.6,24637,71493.6,2206.28,223.08,20.5249
13791,12353,73165.2,10750.2,9925,70984.9,26572.6,30128.3,20.5279
23610.6,20040,77212.8,15743.4,13660,75531.4,12024,22430.5,20.5279
14759.5,15249,63432.5,4579,4693,63944,10703.8,21432.8,20.5299
13546,13949,63642.6,5326.84,5453,64019.8,4687.68,11845.1,20.5299
6084.65,6540,60973,2881.16,2956,63876.8,2116.6,5926.44,20.5309
11330.1,11679,63578.4,3819,3903,64125.5,9859.48,16050.8,20.533
18494.4,16908,71685.1,16814.2,15352,71778.2,14624.7,17724.7,20.538
11521.9,11572,65252.3,3021,2948,67158.8,12373.6,18326.9,20.5431
12450.8,12593,64795.7,5260.72,5285,65234.9,4497.68,12466.7,20.5431
25680.2,17729,94927.9,25444,20257,82317.3,7351.48,15284.9,20.5472
11511.5,11521,65482,6401.48,6273,66878.3,2979.96,10563.5,20.5502
12571,12168,67706.5,5200.68,5036,67679.1,4533.4,11808.4,20.5522
7421.7,7253,67060.3,3106.12,3201,63593.5,2358.28,6862.44,20.5522
9786.4,9712,66038.1,3730.84,3780,64683.7,2732.2,6921.72,20.5553
13758.5,13640,66105.6,6568.68,6668,64559.8,5617.16,14884,20.5553
9043.45,9128,64929,3771.12,3816,64765.2,3401.76,8922.42,20.5563
5817.5,5873,64916.7,2834.04,2881,64467.8,5538.12,8783.58,20.5573
12530,10335,79455.2,12278.6,11007,73106.9,5418.04,13008.8,20.5583
10444.2,10197,67124.8,4647.4,4609,66082,2893.32,9304.62,20.5583
9469.2,9317,66606.6,5449.2,5221,68400.5,6844.56,13522.1,20.5593
9358.7,9232,66435.4,4756.84,4596,67829.5,7059.64,12792,20.5634
13633.1,13399,66681,6390.08,6439,65038.1,5476.56,11474.6,20.5644
8970,8927,65851.7,3830.4,3919,64054.4,2700.28,7252.44,20.5654
17004.6,16085,69283,8260.44,8161,66334.5,9078.96,17132.7,20.5664
10756.2,10587,66583.4,5926.48,5775,67255,3152.48,6094.14,20.5684
9661.6,9369,67582.7,2946.52,2873,67213.1,4005.2,9654.06,20.5695
12262.3,11525,69728.3,6565.64,6385,67390.1,5115.56,13221,20.5705
11319.8,11300,65650.5,5462.12,5440,65802.5,7638,11943.4,20.5715
7644.65,7837,63927.5,2774,2777,65465.2,3464.84,8465.34,20.5715
6589.05,6636,65072.3,3035.44,3052,65180.4,8491.48,13419.9,20.5725
13540.1,13393,66256,9253.76,9045,67048.6,2168.28,2953.08,20.5765
29505.4,25211,76699.4,31767.2,28399,73308.8,37903.5,49382.6,20.5765
8323.25,8037,67870.2,6344.48,6129,67840.1,7327.92,14186.6,20.5796
9839.7,10296,62631.6,4271.96,4364,64153.8,5058.56,12136.8,20.5796
5869.5,5909,65097.9,3704.24,3669,66165.5,6577.8,12256.1,20.5826
11606.4,11398,66734.3,4979.52,4758,68587.2,3017.96,5512.26,20.5826
21115.9,17908,77275.6,18208.8,16640,71714.8,7340.08,14194.4,20.5836
31335.8,15720,130638,23386,15292,100224,13753.7,24743.9,20.5867
11676.6,11650,65685.6,3629,3606,65954,11503.4,17393.2,20.5877
6132.75,5845,68762.4,2510.28,2417,68065.3,2470,6798.48,20.5887
50063,39151,83801.9,41304.5,31839,85019.3,27958.9,50859.1,20.5918
10219.3,10408,64347.8,6793.64,6620,67255,5237.16,8501.22,20.5928
6995.95,6893,66514.8,6321.68,6025,68763.1,2331.68,7647.12,20.5988
8213.4,7829,68753.8,3721.72,3729,65408.1,4503,9847.5,20.5999
5971.55,6143,63706.9,4100.96,3967,67749.1,6752.6,11614.2,20.61
22760.4,17326,86091.7,20697.8,16942,80064.6,10947,18622.5,20.611
7716.8,8141,62121.1,3920.08,3965,64793.5,6281.4,13278.7,20.612
12387.7,12253,66256.4,7271.68,7113,66998,2191.84,4860.96,20.612
5343.65,5752,60883.4,2604.52,2684,63595.3,2254.16,5739.24,20.613
9309.95,9457,64517,3777.96,3873,63927.8,8950.52,16214.6,20.614
12693.8,12733,65334.5,3131.96,3101,66190.3,10318.5,18362.8,20.6151
14144,14209,65236.2,6196.28,5809,69905.2,2897.12,7984.08,20.6181
10745.8,11054,63708.8,4281.08,4222,66453.1,5133.8,11473.8,20.6181
14859,14437,67451.6,10760.8,10161,69404.8,12277,17260.6,20.6232
12267.4,12784,62887.9,5197.64,5332,63884.6,2978.44,9221.94,20.6252
14021.8,14005,65614.6,7512.6,7377,66740.7,2438.08,8998.08,20.6272
6035.9,6053,65350.9,2333.2,2341,65317.6,2820.36,6836.7,20.6293
12922.6,12704,66663.9,5362.56,5312,66159.8,3690.56,9413.04,20.6323
13735.1,13900,64758.8,5408.92,5484,64638.8,6930.44,16978.3,20.6384
15097.5,15101,65521,5625.52,5641,65356.2,2434.28,8036.34,20.6404
15375.1,15348,65651.7,6319.4,6256,66200.1,9515.2,18441.5,20.6414
9059.7,9444,62869.2,4189.12,4276,64204.4,2257.96,6724.38,20.6434
8880.95,9103,63937.4,4755.32,4719,66040.4,3122.84,8916.18,20.6434
23916.8,22725,68972.9,15307.9,14657,68446.5,2719.28,7870.98,20.6445
11961.3,12326,63596.9,5489.48,5590,64357.5,5476.56,14007.2,20.6495
9829.95,10002,64408.7,4854.88,4882,65171.9,9322.16,16890.1,20.6505
12878.4,13145,64207.1,5525.96,5549,65263.9,3155.52,9507.42,20.6505
14407.2,14224,66380.3,5941.68,5940,65554.5,6429.6,12878.6,20.6505
13438.1,13529,65095.7,7288.4,7357,64924.9,5216.64,12757.7,20.6516
12610,12681,65169.1,4667.16,4669,65510.2,8046.12,14124.2,20.6516
12099.1,12056,65770.3,5522.92,5528,65475.8,12885.8,18071,20.6536
14503.4,14244,66729.7,8458.04,8304,66751.7,13991.6,18332.3,20.6576
16635.4,16801,64890.2,5905.96,5937,65193.4,4876.92,11876.3,20.6586
5063.5,5528,60029.2,2182.72,2232,64089,5949.28,9031.62,20.6597
11311.9,11777,62948.1,4822.96,4773,66222,5760.8,14976,20.6627
30624.1,21242,94481.7,36325,28014,84978.7,23435.4,46003.6,20.6627
11584.3,11817,64245.5,5051.72,5101,64902.9,5171.8,11929.3,20.6647
20296.3,16021,83024.5,21549,18581,76004.4,17686,28469.2,20.6657
13434.2,13246,66467.1,5805.64,5786,65758.5,3793.16,9222.72,20.6657
22695.4,18360,81011.2,19278.2,16316,77434,4097.92,6263.4,20.6657
18038.1,15529,76125.2,11070.9,9881,73428.2,8750.64,16757.5,20.6668
8842.6,8826,65659.3,3381.24,3358,65989.6,3993.8,9177.48,20.6718
6357,6349,65618.6,3021.76,3113,63615.2,2710.16,7322.64,20.6718
7037.55,6701,68827.5,3162.36,3065,67617.8,16408.4,15364.4,20.6738
11690.9,10788,71021,10264.6,9760,68924,11166.7,16249.7,20.6759
11258,10489,70340.8,9024.24,8393,70465,14849.6,17734.1,20.6759
11851.4,11952,64984.7,4784.2,4928,63623.6,2175.88,8367.06,20.6769
13959.4,13647,67036.2,7340.08,7263,66231.5,5588.28,12473.8,20.6779
10423.4,10163,67215.2,8413.2,8083,68213.2,15865,21329.1,20.6779
19908.8,15632,83466.4,15129.3,12276,80768.6,6220.6,17172.5,20.6809
44987.1,34088,86490.2,30980.6,23496,86412.5,3027.84,1641.12,20.682
16350.7,15200,70497.5,7853.08,7716,66700.3,3255.08,8964.54,20.682
20079.1,17330,75932.3,12665.4,10982,75581.8,2493.56,7073.82,20.684
10548.8,9893,69880.7,4812.32,4689,67259.6,3474.72,8289.06,20.686
27740.7,20241,89818.4,25367.3,19905,83520.2,18151.1,39615.4,20.6891
11150.8,10569,69143.3,7103.72,6877,67696.6,2993.64,6974.76,20.6891
11326.3,10005,74190.6,8726.32,8053,71015.5,19043.3,26900.6,20.6891
11742.3,10088,76282.7,8523.4,7532,74162.2,18313,32290.4,20.6901
9625.2,9301,67820.4,4655,4753,64184.7,9906.6,15215.5,20.6941
9044.75,8897,66624.3,4682.36,4769,64345.4,2090,6260.28,20.6941
14372.1,13764,68431.6,7775.56,7808,65263.7,2110.52,6403.8,20.6951
14326,13813,67969.9,5766.88,5685,66479.9,5195.36,12232,20.6961
16375.4,16049,66869,5850.48,6001,63892.2,4778.12,11789.7,20.6972
12239.5,11624,69006.2,5155.08,5256,64277.7,2674.44,9626.76,20.6992
7862.4,7849,65647.9,3110.68,3197,63766.5,10624.8,15503.3,20.7002
13804.7,12812,70613.9,5047.16,5064,65318.1,5228.04,13766.2,20.7012
6746.35,6638,66605.7,2112.04,2190,63203,2306.6,6441.24,20.7032
9281.35,9023,67412.4,4652.72,4587,66475,6776.92,14189.8,20.7083
12455.9,12304,66345.3,4831.32,4820,65689.9,2668.36,6508.32,20.7093
14046.5,13708,67154.3,4995.48,5020,65215.9,5578.4,12803.7,20.7124
10204.3,9989,66948.9,4706.68,4753,64897.3,6019.96,12885.6,20.7134
13653.2,12788,69970.2,6090.64,5972,66837.9,3505.88,10145.5,20.7144
19019,18328,68006.8,9386.76,9404,65415.9,5436.28,14613.3,20.7164
9196.85,9244,65201.7,3397.96,3448,64584.9,8420.04,15293.5,20.7174
16401.4,15632,68761.9,6938.8,6676,68115.8,4987.12,12434.8,20.7195
13265.2,12733,68275.2,7315,7177,66796.1,2801.36,7793.76,20.7205
8764.6,9136,62871.8,5614.12,5664,64958.9,6326.24,13411.3,20.7225
10485.1,10809,63572.5,4545.56,4617,64521.9,6038.2,13372.3,20.7235
11499.8,11909,63284.1,5785.12,5941,63816.5,2751.2,9519.12,20.7235
12565.8,12865,64011.8,5948.52,6021,64747.1,3241.4,7796.1,20.7245
13955.5,13996,65346.4,6213.76,6316,64475.1,5427.92,12792.8,20.7296
6592.95,6625,65219,3207.96,3265,64391.1,4289.44,8855.34,20.7306
6236.1,6448,63382.3,3233.04,3220,65801.4,14037.2,16797.3,20.7316
12459.8,12172,67085.8,6816.44,6408,69713.2,3826.6,9208.68,20.7347
15249.6,13837,72226.7,12566.6,11097,74215.1,16634.1,23268.2,20.7367
8863.4,9324,62298.6,4211.92,4200,65722,3936.04,8330.4,20.7397
17451.2,16905,67653.5,10717.5,10461,67143,6816.44,13241.3,20.7397
10396.1,10417,65404.5,6508.64,6021,70843.8,10314.7,19305.8,20.7418
14545,14998,63556.8,6464.56,6594,64249.5,3363.76,11632.1,20.7428
9257.95,9645,62906.1,4750.76,4793,64958.4,2912.32,7739.16,20.7438
19792.5,16508,78575.3,13254.4,11596,74908.6,14265.2,27637,20.7468
12309,12008,67179,4531.12,4460,66581.1,5709.88,12678.1,20.7489
7245.55,7433,63883.3,3788.6,3821,64980.3,2324.08,7402.98,20.7529
4893.2,5020,63880.6,2382.6,2424,64416.7,7078.64,11353.7,20.7549
13566.1,13426,66220.1,6209.96,6022,67581.5,3566.68,9466.86,20.757
6199.05,6548,62043.5,1668.2,1712,63859.3,2216.16,4817.28,20.757
9796.8,10009,64146.6,4039.4,4025,65770.5,6800.48,13511.9,20.759
14611.3,14326,66841.4,7973.92,7762,67325.3,4610.16,10344.4,20.7641
11025.9,11097,65116.4,5159.64,5165,65468,5755.48,12285,20.7651
21641.8,16460,86167.3,16204,13272,80013.8,22966.4,28279.7,20.7651
11670.1,11744,65123.6,4807.76,4768,66082.5,5268.32,12505.7,20.7661
6786.65,6916,64310.3,3804.56,3748,66525,2450.24,7770.36,20.7661
20528.9,16340,82336.9,17682.9,15232,76081.1,4215.72,10140.8,20.7681
22655.1,18637,79665.4,16489.7,13993,77229.3,11993.6,17496.2,20.7691
23309.6,17946,85123.2,17829.6,15134,77209,7784.68,16898.7,20.7732
14659.4,14784,64983.9,5948.52,6020,64757.8,5207.52,11993.3,20.7742
16742,15237,72009.4,15740.4,14053,73405,11723.8,16568.8,20.7742
36418.2,24500,97416.5,33521.3,25092,87551.9,3201.88,857.22,20.7742
9231.3,9256,65361.1,4074.36,4008,66621.1,2834.8,6806.28,20.7742
14734.8,14656,65888.6,7280.04,7396,64508.5,6295.08,14528.3,20.7752
12832.3,13045,64467.4,4623.84,4645,65237.5,3185.16,8769.54,20.7752
24382.1,19044,83906.1,14893.7,12356,78996,20360.4,35986.1,20.7752
20496.4,16289,82464,16509.5,13121,82460.6,13412.5,25352.3,20.7793
8110.05,7638,69586.3,7467,7078,69137.8,5472.76,11860.7,20.7793
18822.7,17853,69095.6,11812.7,11353,68189.5,5520.64,8698.56,20.7833
13150.1,13200,65288.5,5231.84,5296,64742,2340.8,8902.92,20.7843
14658.1,14585,65864.7,5776,5753,65798,3956.56,11236.7,20.7843
30195.7,20494,96560.4,28968.9,18542,102390,17192.7,32298.2,20.7853
14334.4,13970,67245.7,6796.68,6550,68004.2,8000.52,16170.2,20.7864
16569.8,12625,86013.3,17064.3,13601,82223.7,7696.52,14762.3,20.7874
6582.55,6677,64609,2811.24,2789,66058.6,2676.72,8022.3,20.7874
7021.3,7201,63900.6,3838.76,3909,64358.4,4254.48,9694.62,20.7894
7155.2,6959,67383.7,6364.24,6175,67544.4,4073.6,10508.2,20.7894
14959.1,14909,65756.2,5180.92,5225,64983.1,3674.6,10505.8,20.7914
8896.55,9045,64460.4,4106.28,4133,65112.3,8239.16,13510.4,20.7924
12887.5,12705,66477.6,5985,6037,64971.5,2983,8851.44,20.7955
11419.2,10891,68714.4,4954.44,4751,68342.3,3755.16,10042.5,20.7995
16402.1,15932,67469.8,5654.4,5612,66031.1,4290.96,9594,20.8016
12164.8,12128,65734.6,5065.4,5088,65244.9,8494.52,15259.9,20.8046
13037.7,12783,66841.8,8397.24,8191,67186.1,7551.36,15503.3,20.8066
13317.2,13432,64975.9,4756.84,4828,64570.1,18649.6,19108.4,20.8107
4974.45,5216,62501.1,2658.48,2708,64337.6,10216.7,12972.2,20.8117
7270.9,7340,64919,2824.16,2860,64714.7,6541.32,10040.2,20.8127
18086.3,17336,68372.2,9860.24,9676,66783.9,3923.12,11063.5,20.8137
10013.3,10000,65622.8,2311.92,2384,63554.5,6504.84,11921.5,20.8147
5595.85,5649,64919.4,3692.84,3573,67734.1,5224.24,10036.3,20.8178
12785.5,12409,67524.4,6824.8,6617,67594.1,4889.08,12315.4,20.8178
15609.1,15195,67322,5493.28,5471,65802.9,4100.96,9608.04,20.8218
11887.2,11976,65050.1,4611.68,4620,65418,6073.92,12721,20.8259
5499.65,5812,62013.9,2637.96,2608,66288.9,8600.92,12778.7,20.8269
21013.8,17461,78870.8,13967.3,11985,76375.4,12876.7,24133.2,20.8279
12935,12589,67337.2,8126.68,7485,71154.3,2648.6,8821.8,20.8289
7197.45,7321,64430,3283.96,3277,65675.2,7470.04,13838,20.833
16898,16356,67707.9,8411.68,8144,67690.1,2997.44,8307,20.835
9651.85,9768,64756.7,5145.96,5064,66596.7,4832.08,12275.6,20.838
7832.5,8137,63083.5,3648,3549,67364.1,2917.64,6702.54,20.8431
25406.5,19598,84959.9,20637.8,16526,81841.9,20753.3,28354.6,20.8451
19019,15337,81269.4,13697.5,11325,79265.2,2008.68,3031.08,20.8462
12034.1,12319,64020.4,5509.24,5551,65043,2386.4,9115.08,20.8482
11823.5,11513,67303.5,8438.28,7693,71885,12082.5,17131.9,20.8502
11250.2,11357,64919.7,4126.04,4073,66389.4,11077,17394,20.8512
8065.85,8004,66042.4,4478.68,4244,69159.9,8122.88,12651.6,20.8522
10942.8,11164,64237.2,4246.88,4236,65704.3,6618.08,13018.2,20.8563
9946.95,10077,64690.2,5523.68,5485,65998.2,9826.04,16891.7,20.8563
10723.7,10740,65436.5,4962.04,4816,67523.3,5815.52,11385.7,20.8573
12597,12513,65975.9,5146.72,5077,66436,4231.68,10752.3,20.8583
7398.3,7589,63889.2,2844.68,2837,65713.4,4258.28,9776.52,20.8614
18799.3,15233,80879.1,14012.9,12417,73958.9,5538.88,10838.1,20.8624
9706.45,9598,66276.5,4397.36,4270,67490.7,3668.52,9704.76,20.8644
12105.6,11872,66825.5,6860.52,6820,65925.4,3087.88,8559.72,20.8674
13100.1,12544,68441.3,8768.12,8464,67890.8,2693.44,5006.82,20.8685
11590.8,11385,66720.7,5592.08,5465,67059.9,2566.52,7166.64,20.8695
11061,10840,66872.4,4200.52,4152,66301.9,7907.8,12705.4,20.8695
13302.3,12908,67537.7,5776,5656,66926.4,9762.2,13549.4,20.8705
7049.9,7040,65628.2,3866.12,3808,66536.3,3771.12,8228.22,20.8705
18474.9,13997,86502.4,15573.2,13417,76067.9,4728.72,10926.2,20.8725
13833.3,12643,71706,10552.6,9783,70691.5,21756.5,24283,20.8725
13735.1,13545,66456,5176.36,5277,64286.1,3004.28,9006.66,20.8735
12994.1,12836,66343.5,4851.08,4880,65147.6,3504.36,11068.2,20.8745
8040.5,7975,66074.3,4629.16,4547,66720.2,5438.56,10477,20.8745
7535.45,7556,65357.8,2734.48,2768,64742.4,10635.4,16305.9,20.8766
17732.6,17104,67944.7,10010,10112,64874.7,2525.48,4524,20.8766
6446.7,6484,65159,2236.68,2292,63954.2,5281.24,10400.5,20.8786
33505.5,28884,76022,15281.3,12580,79608.6,9138.24,17418.2,20.8786
5577,5586,65430.4,3017.96,3010,65709.3,3685.24,8782.02,20.8786
18591.9,17576,69324.2,10228.8,9608,69770.7,8004.32,13728,20.8786
16021.8,15105,69513.9,5820.08,5685,67093.2,3807.6,11282.7,20.8796
15881.4,15504,67131.5,9964.36,9732,67100.7,5839.08,12082.2,20.8796
10226.4,9626,69624,6519.28,6298,67838.6,15756.3,22580.2,20.8816
24049.3,19121,82427.6,17416.9,15029,75948.8,6031.36,20943.8,20.8837
13110.5,12474,68880.1,5987.28,5530,70955.2,5840.6,14183.5,20.8867
14378,14064,66999.2,6336.12,6356,65331,5207.52,11549.5,20.8867
8394.1,8412,65396.5,3904.88,3868,66160.9,7332.48,9342.84,20.8887
12507.9,12485,65656.5,5603.48,5649,65007.9,3306,9076.08,20.8897
13683.1,13555,66155.6,8495.28,8583,64866.2,5351.92,12424.6,20.8908
6408.35,6350,66138.2,3068.12,3050,65925.3,11525.4,13611.8,20.8948
13198.9,12860,67263.1,7924.52,7768,66856.5,3251.28,6541.08,20.8948
13636.3,13321,67087.4,7174.4,7261,64754.4,14312.3,21918,20.8979
8294,8249,65893.5,3527.16,3613,63979,3659.4,8385,20.8989
12947.3,12590,67396.2,7063.44,7038,65772.9,4154.92,8996.52,20.9019
8596.9,8390,67152.1,3727.04,3746,65204.3,6108.12,11222.6,20.9029
16998.1,16569,67233.4,8928.48,9005,64979.1,3385.8,9154.86,20.9029
12638.6,12343,67105.5,4716.56,4775,64733.9,6171.96,12246.8,20.9029
12166.7,11949,66730,4003.68,4061,64611,7767.96,12026,20.9029
23062.6,17816,84835.8,14620.1,12268,78101.1,6654.56,17724.7,20.9039
13536.2,13136,67532.9,6224.4,6324,64503.8,3020.24,10278.1,20.9049
16736.2,15480,70854.2,10450,10204,67116,6213.76,8214.96,20.906
32200.3,24088,87607.2,23242.3,18508,82300,21878.1,38610.8,20.908
9850.1,9716,66440.5,3462.56,3524,64393.4,2555.88,8455.98,20.908
14527.5,14150,67284.4,7451.04,7570,64506.1,14894.5,20705.1,20.908
16150.5,13873,76295.1,14384.5,13189,71476.5,16747.4,23891.4,20.909
25738,19670,85753.4,21912.3,18118,79260.7,8999.16,13438.6,20.91
17659.2,17360,66665.5,8494.52,8592,64792.5,2930.56,9703.98,20.91
7027.15,7212,63856.3,2926,3032,63244.8,14456,16380.8,20.912
6783.4,7036,63183.2,2420.6,2552,62161.6,2192.6,5534.1,20.912
6282.9,6423,64106.5,3871.44,3987,63636.5,9075.92,14717,20.912
8251.1,8396,64405,3309.8,3404,63722.4,4260.56,9243,20.9131
18996.9,18039,69016.1,9844.28,9507,67861,2670.64,8017.62,20.9141
9848.8,10000,64545.1,3540.08,3616,64160,8275.64,16664.7,20.9141
16283.1,15636,68248.4,7623.56,7344,68030.7,2970.84,8291.4,20.9151
10269.3,10229,65794.5,3768.84,3793,65118.6,3944.4,10485.5,20.9161
15912,15841,65829.7,7679.8,7761,64850.3,1998.04,4036.5,20.9161
10920,10556,67795.9,10633.2,10508,66316.6,2634.92,7020.78,20.9191
9824.1,9513,67679.2,7139.44,6793,68878.3,6459.24,12951.9,20.9191
23246.6,15715,96944.9,22007.3,16455,87649.5,17934.5,35465,20.9201
11642.8,11780,64772.7,3904.12,3984,64222,3325.76,8931.78,20.9201
5207.8,5461,62497.4,2172.84,2241,63542.7,9604.12,13117.3,20.9201
15473.9,15201,66712.5,8248.28,7953,67969.2,8888.96,14883.2,20.9222
10253.1,9445,71143.2,8472.48,8005,69363.2,2758.04,9094.8,20.9252
15408.9,15144,66682.4,7331.72,7208,66660.9,2702.56,8814,20.9252
13169,13313,64827.1,6616.56,6785,63909.1,4272.72,10625.9,20.9283
13414,13317,66013.6,5790.44,5569,68141.9,5658.2,11590,20.9283
11207.9,11069,66358.7,5209.8,5133,66516.5,5389.16,12967.5,20.9293
8987.55,9272,63525.5,4361.64,4428,64553.9,4464.24,10923.1,20.9293
6292,6473,63703.5,2793.76,2809,65180.4,3160.84,7413.12,20.9323
14582.7,13036,73312,10916.6,9944,71946.2,5694.68,11189.1,20.9323
11494.6,11696,64407.5,4535.68,4560,65186.5,10849,16288.7,20.9323
11324.9,9972,74427.6,6512.44,5780,73840.7,5772.2,10796.8,20.9323
10268,9217,73009.3,8752.16,8037,71367.6,10443.9,18711.4,20.9333
85839,53364,105418,87575.6,57716,99441.3,11195.6,8519.16,20.9354
13407.5,13536,64914.1,6458.48,6432,65805.8,17444.3,12549.4,20.9354
16987.8,16610,67026.4,7382.64,7186,67329.4,6745.76,11725.7,20.9374
26254.8,19365,88852.8,22654.1,19125,77629.2,12708.7,28927.1,20.9374
9542.65,9792,63867.2,2385.64,2436,64181.2,7638,10450.4,20.9404
5410.6,5421,65410.3,2717.76,2665,66833.4,2143.2,6098.82,20.9465
5491.2,5517,65229.5,2435.8,2425,65827.9,6256.32,9891.96,20.9465
9659.65,9780,64729.5,3880.56,4000,63579.1,2986.8,9162.66,20.9465
13796.9,13737,65821.8,9897.48,9769,66397.9,7165.28,13207,20.9485
11514.1,11668,64671.6,4544.04,4596,64795.1,4037.12,10544,20.9485
9654.45,9825,64398.4,4341.88,4229,67285.3,2479.88,6538.74,20.9495
11640.2,11501,66329.2,5286.56,5129,67549.2,3218.6,8318.7,20.9506
14871.3,12589,77417.5,12839.4,11693,71961.5,2228.32,7582.38,20.9536
10542.3,10521,65669,5302.52,5289,65703.5,8794.72,14846.5,20.9556
10611.9,10618,65498.3,5550.28,5482,66352.3,7142.48,13039.3,20.9597
6657.95,7081,61620.6,2914.6,2941,64947.7,2759.56,5116.8,20.9597
5877.3,6316,60984,3014.92,3128,63166.8,2669.88,7972.38,20.9597
6126.25,6587,60951.9,3250.52,3259,65365.5,6624.92,12220.3,20.9627
13102,13152,65287.1,6230.48,6160,66285.8,8925.44,16461.1,20.9668
8633.3,8862,63844.7,4385.96,4286,67064.5,3755.92,9939.54,20.9688
10361.6,10680,63582.5,4547.84,4568,65246.8,4268.16,10453.6,20.9718
18040.1,15985,73961.6,11887.2,10801,72126.4,7948.84,17969.6,20.9718
11541.4,11853,63813.1,5228.8,5209,65785.1,11530,20344,20.9729
11011.6,10937,65983.3,8616.12,8205,68819.8,9902.8,18068.7,20.9769
10434.4,10565,64726.2,4489.32,4373,67279.2,2430.48,7970.04,20.9769
12140.7,11176,71193,6881.8,6312,71452.1,6679.64,14759.9,20.9779
11960,12257,63948,4399.64,4437,64984.2,16261,21112.3,20.9789
7933.9,7972,65222.8,6225.16,5808,70243.1,6090.64,13717.1,20.9789
8859.5,9064,64057.4,4120.72,3992,67649.2,2774,7222.8,20.983
9746.75,10013,63793.4,5364.08,5389,65233,3857,11260.9,20.984
16766.1,16229,67704.9,9060.72,8741,67933.1,2253.4,4800.9,20.985
10880.3,9372,76083.5,4701.36,3640,84645.1,4268.92,7572.24,20.9901
8723,8850,64595.5,2883.44,2818,67057.9,4301.6,10276.5,20.9911
8832.2,9004,64285.5,2651.64,2600,66837.6,2651.64,7862.4,20.9911
13623.3,13246,67403,10509.3,10202,67509.9,4231.68,9450.48,20.9921
27090,21686,81867.3,23624.6,19298,80229.1,10763.9,16239.6,20.9931
4928.95,5177,62395.9,2593.88,2493,68187.9,3430.64,6750.12,20.9972
16283.1,15608,68370.9,11502.6,10744,70163.3,12224.6,18297.2,20.9982
14307.8,14193,66066.1,7479.92,7217,67923.5,5998.68,12388.7,20.9982
8846.5,9017,64296.8,2546.76,2569,64968.7,9937.76,17476.7,21.0012
14020.5,13745,66849.6,9588.16,9185,68412.6,8030.16,15767.7,21.0033
7670,7387,68046.7,6410.6,5915,71027.1,14230.2,19393.1,21.0063
8821.8,8721,66293.5,4984.84,4901,66657.1,3081.04,8758.62,21.0063
12900.5,13209,64005.6,6313.32,6377,64881.6,2655.44,9184.5,21.0104
6026.15,6389,61814,3026.32,3073,64540.5,8169.24,12502.6,21.0114
7382.7,7404,65347.5,2362.84,2444,63359.7,2768.68,6936.54,21.0154
10711.3,10621,66093.5,4094.88,4045,66344.1,12810.6,18066.4,21.0154
12937.6,12869,65885.4,5253.12,5217,65989.7,4247.64,12484.7,21.0185
11339.9,10098,73595.9,7470.8,7010,69844,6019.2,12528.4,21.0195
16092.7,15724,67072.7,10478.1,10636,64563.2,2560.44,5237.7,21.0235
12340.3,12568,64348.4,5247.8,5340,64404.5,4448.28,11402,21.0245
10760.1,10825,65143.1,4544.8,4601,64735.5,4356.32,10646.2,21.0266
11627.2,11356,67101.1,6504.08,6392,66685.1,2904.72,9616.62,21.0276
10495.5,10217,67322.7,5760.04,5613,67252.8,4005.2,10463.7,21.0276
11774.1,11869,65012,6420.48,6445,65286.7,4179.24,10517.5,21.0306
13868.4,13544,67105.7,7362.12,7304,66057.5,2603,6944.34,21.0316
14811.5,14865,65300.3,5327.6,5333,65469.6,8014.2,14476.8,21.0316
8552.7,8625,64986.6,3137.28,3153,65209.3,5622.48,11040.1,21.0327
16134.9,15737,67193.2,7177.44,7065,66579,6142.32,13443.3,21.0357
18415.1,17937,67283,9952.2,9861,66142.1,7106,11168,21.0367
15588.9,15337,66612.6,6116.48,6185,64810,6770.08,12838,21.0387
7710.95,7797,64812.7,3425.32,3489,64339.9,5498.6,11197.7,21.0387
6995.95,7257,63178.5,2857.6,2877,65094.1,5943.2,10867,21.0418
5279.3,5492,62997.8,2537.64,2608,63767.9,2261,4668.3,21.0428
11518,11468,65821.7,3859.28,3788,66769.2,2364.36,6325.02,21.0428
7361.9,7439,64856.8,3195.04,3183,65783.9,3727.8,9326.46,21.0448
8282.95,8140,66686.9,3287,3180,67741.1,4309.2,10549.5,21.0489
19552.6,18579,68970.5,11476.8,11191,67209.4,2964,4970.94,21.0519
11166.3,11089,65993.1,4091.84,4065,65968.7,8961.92,13600.1,21.0519
8626.8,8448,66923,4614.72,4544,66556,16153.8,18331.6,21.0529
11089.6,10612,68485.8,5042.6,4932,67005.7,5132.28,12122.8,21.055
13870.3,13132,69220.8,8201.16,8044,66816.4,3011.88,7063.68,21.055
19202.9,15281,82356.2,16559.6,14453,75088.4,5886.96,17349.5,21.055
16040,14587,72064.2,8898.84,8251,70681.7,11454.7,21726.1,21.055
8117.2,8181,65024.9,3632.04,3617,65808.5,7541.48,11267.9,21.061
13362.7,13182,66434.4,6207.68,6202,65596,3283.2,9721.14,21.062
5210.4,5262,64893.3,2246.56,2218,66379.9,3720.2,6959.16,21.0641
13378.3,13015,67365.4,5469.72,5319,67393,4167.84,11175.8,21.0661
5801.9,5845,65052.8,2242,2273,64642.2,7347.68,9555,21.0671
5817.5,5957,64001.3,2875.84,2945,63997,5193.84,9034.74,21.0671
12733.5,11948,69844.5,8901.12,8316,70147.2,14863.3,22148.1,21.0671
9597.25,9428,66712.5,3144.88,3124,65974,2748.92,7059,21.0691
14534.6,14207,67047.4,6100.52,6123,65295.4,2604.52,8725.08,21.0691
13836.5,13713,66126.5,5601.96,5601,65547.2,2849.24,8471.58,21.0722
14863.5,13708,71060.5,9512.92,8792,70909.8,16862.9,29081.5,21.0722
9604.4,8911,70635.6,7660.8,7103,70682.6,7176.68,17493.1,21.0742
9020.05,9020,65536.4,4121.48,4188,64495.1,4044.72,8312.46,21.0752
13278.2,12894,67488.8,5856.56,5738,66890.1,3244.44,9750,21.0762
17150.3,16436,68384,8853.24,8580,67623.1,4087.28,10505,21.0783
12806.3,12919,64964.3,5537.36,5607,64722,4069.8,10670.4,21.0793
9755.85,9524,67131.4,3668.52,3668,65545.3,3431.4,6954.48,21.0813
12394.8,12077,67260.8,6813.4,6713,66516.2,7074.08,14915.2,21.0813
9176.7,8955,67158.5,3610.76,3583,66043.8,2384.88,7369.44,21.0874
9505.6,9038,68926.6,8119.08,7834,67920.9,3090.16,9547.2,21.0874
13736.4,13148,68469.1,5816.28,5676,67155.7,4434.6,11699.2,21.0894
12312.3,12328,65452.5,6266.96,6316,65027.2,4968.88,12388,21.0914
6826.95,7068,63300.9,3733.12,3740,65415.4,4943.04,10155.6,21.0935
7127.9,7171,65142.1,3369.08,3331,66285.2,4722.64,10296,21.0945
14205.1,14285,65169.4,5619.44,5641,65285.5,4232.44,11156.3,21.0945
12859.6,12716,66276.1,9156.48,8796,68221.8,3354.64,7803.12,21.0955
10824.4,10693,66341.6,7384.92,7061,68542.4,4091.08,10053.4,21.0985
8958.3,8783,66844,7269.4,6683,71286.5,6646.96,13259.2,21.0985
13224.9,12986,66741.7,3671.56,3662,65707.1,3902.6,9316.32,21.0996
11358.1,11002,67657.2,7432.04,6986,69720.3,9213.48,17735.6,21.1006
15816.4,15509,66835.2,7012.52,7041,65270.9,2768.68,9585.42,21.1016
8641.1,8488,66718.1,4113.88,3996,67469.3,19163.4,19114.7,21.1016
11319.1,10981,67553.8,6354.36,5745,72487.3,10855.1,18001.6,21.1016
5933.2,6016,64634,3032.4,3012,65979.9,4062.2,6312.54,21.1036
13793,13101,68997.6,7893.36,7309,70775.7,17150.2,24449.9,21.1087
9090.25,9052,65812.9,4631.44,4440,68361.7,3748.32,9872.46,21.1107
18274.1,15412,77706.4,14323,12676,74050.9,5645.28,14970.5,21.1107
8793.2,9283,62078.1,3289.28,3271,65902.3,2421.36,7358.52,21.1117
13953.5,14153,64612.4,7020.88,6973,65986,2665.32,7534.8,21.1127
13032.5,13327,64087.8,5047.92,5071,65237.7,6671.28,13274.8,21.1127
10409.1,10421,65461.2,7281.56,6901,69150,4697.56,10144.7,21.1137
7205.9,7468,63235.9,3368.32,3304,66811.8,3040.76,7539.48,21.1137
8746.4,8561,66955.3,7698.04,7349,68648.6,5109.48,8836.62,21.1148
43223,33812,83776.9,22357.7,16692,87780.6,28801.7,49051.1,21.1158
14741.3,14326,67436.1,7337.04,7090,67819.5,2941.96,8116.68,21.1168
10191.3,10388,64295.4,3632.04,3636,65464.6,2454.04,6915.48,21.1188
8853,9004,64436.9,3597.08,3612,65265.3,6618.08,11597.8,21.1198
6508.45,6924,61602.8,2517.12,2568,64237.5,3742.24,7881.9,21.1218
7045.35,7193,64190.8,2962.48,2893,67110,2148.52,6388.2,21.1218
10623.6,10952,63570.9,4443.72,4424,65828.1,5951.56,13313,21.1229
11395.8,11501,64936.5,6395.4,6269,66857.4,6064.8,11761.6,21.1249
6249.1,6592,62127,2670.64,2688,65112.7,2846.2,6859.32,21.1259
6967.35,7316,62412.8,3690.56,3712,65157.5,9603.36,15197.5,21.1279
8918,8961,65221.5,3936.04,3941,65453.5,3913.24,9537.06,21.13
14227.8,14297,65219,3578.08,3629,64616.4,6838.48,13082.2,21.131
9085.7,9069,65656.7,4538.72,4509,65968,2917.64,9271.08,21.133
13398.4,13208,66481,5179.4,5048,67241.9,8594.84,15047.8,21.133
12244,11969,67042,4373.8,4197,68296.7,3246.72,8425.56,21.134
12329.2,12052,67043.4,5303.28,5120,67882,5199.92,10602.5,21.134
8764.6,7960,72160.4,7480.68,6776,72351.5,2406.92,7613.58,21.135
18170.1,15755,75582.1,18338.8,16927,71002,9919.52,19067.1,21.135
6552.65,6998,61365.3,3652.56,3718,64382.5,6994.28,14387.1,21.1391
12298.6,11948,67459.4,9707.48,9404,67650.9,8955.08,13494,21.1401
6957.6,6677,68290.1,2874.32,2837,66398.1,3200.36,8565.18,21.1401
13722.1,13580,66222,5691.64,5612,66466,8486.92,16436.2,21.1411
7264.4,7621,62469.5,3127.4,3201,64029.1,6282.92,11424.7,21.1421
9250.8,9460,64086.7,4724.92,4752,65162.5,2867.48,8148.66,21.1441
22413.3,18625,78865.9,13337.2,11153,78370.8,26714,34968.2,21.1452
22157.2,18303,79336.4,19179.4,16827,74697.7,9803.24,19393.1,21.1533
14190.1,13984,66502.1,8045.36,7956,66272.1,2666.84,8856.9,21.1533
5077.15,5091,65357.7,2247.32,2183,67467,4294.76,8323.38,21.1573
14979.9,14950,65667.1,5411.96,5346,66344.6,5431.72,12244.4,21.1594
7358,7469,64562,3334.88,3341,65416,2096.08,6800.04,21.1594
9202.7,9512,63405,2672.92,2668,65656.9,3796.96,9133.8,21.1604
10778.9,10608,66592.1,6971.48,6784,67347.1,3793.16,7930.26,21.1624
16790.8,14584,75452.7,12174.4,10616,75156.7,3053.68,9717.24,21.1634
11452.3,10292,72924.7,6515.48,5968,71548,4811.56,13277.9,21.1664
5635.5,5717,64601.7,3041.52,2981,66866.5,9984.88,11726.5,21.1664
11469.9,11380,66053.7,4054.6,4132,64308.4,2675.2,7789.08,21.1695
12487.8,12180,67192.1,4974.96,4992,65312.3,5212.08,12748.3,21.1705
10875.1,10700,66608.8,4357.08,4296,66467.8,5323.8,11983.9,21.1725
22192.9,17181,84653.8,17670,14253,81247.5,9994.76,20191.9,21.1735
7293,6909,69178.5,5462.88,5197,68888.9,5599.68,12360.7,21.1766
12650.9,12221,67841.6,5706.08,5533,67586.1,2453.28,7594.86,21.1766
9660.3,9524,66473.9,7870.56,7396,69741.1,5438.56,11008.1,21.1786
9207.25,9092,66366.7,6732.84,6544,67427.2,11105.9,19880.6,21.1796
23767.3,19891,78307.3,16987.5,14291,77901.8,10162.7,22735.4,21.1806
13773.5,13989,64526.4,7587.84,7733,64305.8,2257.96,8149.44,21.1827
14456,13925,68035.1,10126.2,9553,69468.6,8079.56,9901.32,21.1837
11240.4,11468,64235.6,4836.64,4744,66815.8,11942.6,17307.4,21.1847
34497.4,25660,88107,24211.3,18920,83864.3,15073.1,35488.4,21.1857
9345.7,9492,64525.9,4711.24,4704,65636.9,2088.48,5480.28,21.1857
12402.6,12441,65334,4859.44,4861,65515,2938.92,8509.02,21.1877
14833.6,14621,66489.2,10018.3,9805,66961.8,2175.12,3705.78,21.1877
8741.85,8780,65251.2,5281.24,5164,67023.9,10187,15295,21.1887
7141.55,7325,63894.7,3135.76,3065,67049,7022.4,12880.9,21.1918
10572.9,10552,65665.8,5398.28,5244,67464.1,2464.68,7902.96,21.1928
12914.8,13013,65041.7,5342.04,5029,69615.4,7464.72,12628.2,21.1928
6447.35,6865,61548.9,1941.8,2021,62967.7,11618.9,14770.1,21.1948
11168.9,11286,64856.3,5214.36,5106,66926.8,4572.16,10780.4,21.1948
12546.9,12188,67466.1,5276.68,5228,66146.2,3340.96,9060.48,21.2009
8578.05,7924,70945.4,3948.2,3840,67382.6,8307.56,13558.7,21.2029
13247,12673,68504.3,7067.24,6949,66651.1,7776.32,17169.4,21.2029
10479.3,9869,69588.8,7435.08,7129,68349.8,6160.56,14064.2,21.2029
8318.7,8529,63920.1,4454.36,4417,66090.3,8588.76,14862.9,21.207
13246.3,13330,65124.7,6233.52,6278,65071.7,9753.84,17380.7,21.209
8083.4,7661,69149.4,6568.68,6297,68363.5,3980.88,11317.8,21.211
5032.3,5322,61968.6,2233.64,2250,65059.5,3637.36,7975.5,21.2121
9120.8,9152,65312.6,3478.52,3440,66269.9,2303.56,7094.1,21.2151
24376.9,18933,84380.1,20051.8,15701,83696.4,7893.36,15766.1,21.2171
10502.7,9885,69631.3,6342.2,5977,69540.3,9539.52,16819.1,21.2181
9186.45,9248,65099.8,3463.32,3444,65903.6,2730.68,7726.68,21.2181
10705.5,9216,76128,7468.52,6820,71767.9,14649.8,26527.8,21.2181
7487.35,7456,65811.6,3401,3440,64793,2983,7789.86,21.2192
14744.6,13976,69140.1,9214.24,8760,68934.3,11188,15066.5,21.2202
10790.6,10449,67678.8,3736.92,3829,63960,6678.12,11539.3,21.2232
15222.3,14205,70229.6,10785.2,10285,68723,31001.9,33715.5,21.2242
9283.3,9005,67561.4,7948.84,7517,69300.9,7917.68,16429.1,21.2262
12311.6,12114,66605.3,6979.08,7030,65061.3,10374.8,17493.8,21.2283
12415,12457,65315,5995.64,6013,65346.8,3927.68,10140.8,21.2283
9574.5,9128,68741.7,9126.08,8328,71816.4,26828.8,32671.9,21.2293
10345.4,10268,66030,6178.8,6204,65269.8,9124.56,17404.1,21.2313
12951.9,12844,66086.6,4697.56,4680,65781.9,3052.16,9300.72,21.2313
33222.8,27908,78016.7,19840.6,17396,74745.4,5342.8,15828.5,21.2354
6588.4,6257,69007.1,3474.72,3409,66799.4,3511.96,8840.52,21.2364
6103.5,5956,67159,2708.64,2800,63397.7,5585.24,9674.34,21.2374
14613.9,14164,67617.9,9778.92,9396,68206.8,7591.64,12356.8,21.2374
9710.35,9728,65417.1,4558.48,4320,69153.8,5117.84,13988.5,21.2384
12043.2,12192,64736.1,4002.16,4052,64729.9,8315.16,15098.5,21.2394
13067.6,12716,67348.1,5858.84,5864,65478.3,3131.2,8803.08,21.2404
15221,14875,67060.6,8855.52,8459,68608,3867.64,8367.84,21.2425
11321,10777,68844.4,7286.12,6701,71258.5,6944.88,13193.7,21.2445
12728.9,12761,65371.4,5198.4,5213,65352.4,2426.68,9381.06,21.2455
4810.65,5069,62195.8,2988.32,2989,65521.1,9595.76,12213.2,21.2455
8826.35,9076,63733.3,4459.68,4480,65238.8,7324.12,14323.1,21.2465
14243.4,14532,64234.7,7184.28,7232,65103.6,8681.48,17635.8,21.2475
12861.5,12838,65656.2,4362.4,4418,64711.2,5235.64,10186.8,21.2496
16110.9,15781,66906,6472.92,6273,67624.6,3644.96,8695.44,21.2496
16720.6,16240,67475.4,8478.56,8224,67564.6,2215.4,7367.88,21.2496
13666.9,13481,66439.7,4807.76,4781,65902.8,3505.88,9966.06,21.2516
14660.7,12324,77962.3,15184.8,13364,74465.1,7186.56,15621.8,21.2536
11746.1,11536,66729.9,8122.88,7588,70155.6,9862.52,15036.1,21.2536
12652.3,12628,65661.9,5960.68,5888,66345,11598.4,19287.8,21.2546
24084.4,18241,86530.3,20241.8,16421,80784.9,9227.92,14677.3,21.2546
11204,11459,64077.9,6183.36,6311,64210.5,17183.6,20450,21.2556
14773.8,14979,64638.4,5234.88,5287,64889.9,11331.6,19503.9,21.2556
11198.2,11549,63545.3,4520.48,4649,63724.3,2102.92,7389.72,21.2567
23143.3,18493,82015.7,18332,15065,79748,8246,17910.4,21.2587
6790.55,6921,64300.7,3316.64,3369,64517.5,3809.12,8785.14,21.2587
11983.4,12137,64706.6,4217.24,4237,65230.4,3375.92,9836.58,21.2587
9522.5,9661,64596.5,6595.28,6473,66774,6938.04,17069.5,21.2587
13297,13273,65654.7,7555.16,7469,66292,19665.8,26282.1,21.2607
39310,26549,97036.5,37566,24273,101427,3907.92,517.92,21.2617
13514.1,13233,66928.4,6292.04,6213,66369.7,7423.68,14585.2,21.2627
22454.9,18417,79904.7,14397.4,12549,75189.3,4189.88,12634.4,21.2637
10487.1,10234,67156.8,4845,4654,68225.6,4420.16,10435.6,21.2637
7648.55,7725,64887.4,3461.04,3453,65688.6,4311.48,11086.1,21.2648
10000.9,9916,66097.1,7014.8,6716,68451.7,4075.88,8496.54,21.2648
7955.35,7716,67568.9,3645.72,3588,66590.3,15105.8,15195.2,21.2658
8842.6,8513,68073.4,5757.76,5461,69097.3,3372.12,9285.9,21.2678
15260,14689,68083.8,5807.16,5813,65470.2,5300.24,11956.6,21.2698
11824.1,11368,68165.7,5972.08,5820,67248.5,7262.56,13151.6,21.2708
12425.4,12073,67448.9,5591.32,5373,68198.9,10129.3,17875.3,21.2779
12359.1,11952,67768.2,6361.2,6096,68387.1,2948.8,8821.8,21.285
10992.1,10237,70370.4,7634.2,7289,68639.7,2792.24,6721.26,21.285
14561.3,13964,68339.3,5137.6,5048,66699.2,3777.2,8480.94,21.286
15284.7,14776,67792.5,6831.64,6824,65609.4,5360.28,11194.6,21.2871
13750.7,12153,74152,11526.2,10317,73216.9,6508.64,13611.8,21.2871
12654.2,12669,65459.4,8108.44,7993,66482.5,3046.08,6899.88,21.2871
13796.2,13191,68543,7416.08,6967,69760.3,3583.4,9096.36,21.2881
16666.6,16269,67137.8,10042.6,9497,69301.3,9932.44,14827.8,21.2891
10353.2,10644,63745.5,4261.32,4304,64886.1,22502.1,20944.6,21.2921
23771.8,20029,77782.6,18461.9,16125,75033.8,8176.84,19466.5,21.2931
15320.5,13306,75458,10922.7,9437,75853.7,4054.6,14851.2,21.2942
36501.4,30735,77831.6,22780.2,18671,79959.6,12751.3,23818.1,21.2962
9011.6,8716,67758.6,3320.44,3260,66751,2636.44,7583.94,21.2972
7224.75,6993,67707.9,2995.16,2997,65495.8,5663.52,10195.4,21.3013
12985.7,12724,66883.9,4341.12,4436,64134.3,3948.2,8301.54,21.3053
22934.6,14780,101694,25807.3,19704,85835.8,3242.92,4428.84,21.3073
12447.5,12368,65957.3,6216.04,6244,65242.5,4288.68,13014.3,21.3083
10112.7,10056,65905.5,4972.68,4892,66616.8,2853.8,7913.1,21.3083
14823.9,14205,68391.3,12487.6,11593,70593,6347.52,11294.4,21.3104
15178.1,13461,73896.1,11774.7,10853,71101.6,15984.3,20586.5,21.3114
6546.8,6350,67567.1,2976.16,3050,63949.4,4484.76,9608.82,21.3175
25924.6,19920,85290.9,21255.7,18064,77115.4,15638.5,26446.7,21.3195
12504.7,11592,70696,7454.84,7196,67893.3,3326.52,10038.6,21.3205
16324.1,15268,70069.2,8235.36,7776,69407.5,2957.92,4547.4,21.3266
14607.4,14272,67076.4,8521.88,8452,66077.8,4950.64,12884.8,21.3276
9768.85,8788,72850.6,6390.84,6000,69805,3162.36,8256.3,21.3286
11137.1,10948,66668,4289.44,4260,65988.9,4487.8,11374.7,21.3306
5253.3,5354,64303.4,2225.28,2238,65163.5,3342.48,7159.62,21.3306
11165.7,10853,67424.2,6133.2,5633,71355.5,15805.7,26574.6,21.3327
8472.1,8369,66343.3,5909,5877,65892.8,2756.52,7108.14,21.3337
39644.8,27601,94132.9,31239.8,22673,90298.2,45281.6,64394.5,21.3337
12558.6,12457,66070.8,4845.76,4825,65818,4344.92,10880.2,21.3347
12647,12361,67052.6,7723.88,7389,68506.2,2847.72,5740.8,21.3357
11536.2,11164,67720.9,4237,4124,67331.7,4070.56,11809.2,21.3357
11468.6,11097,67730.6,5016,4937,66584.7,3911.72,11692.2,21.3377
11222.3,11360,64741.3,4558.48,4628,64551.5,2193.36,7005.18,21.3398
17175.6,16688,67450.9,14658.9,14148,67902.5,5598.92,8681.4,21.3408
31309.8,22872,89713.3,36205.6,26808,88509.9,18983.3,45239.2,21.3408
5199.35,5357,63607.3,2415.28,2413,65597.9,5300.24,8828.04,21.3408
13773.5,13946,64725.4,5402.08,5434,65151,2184.24,7037.16,21.3408
10472.8,10458,65628.7,4075.12,3994,66867.1,4194.44,10143.9,21.3418
10558.6,9608,72020,7246.6,6620,71739.2,20557.2,21099.8,21.3428
11180.6,10868,67421.3,4356.32,4192,68104.9,5899.12,11622.8,21.3428
22322.3,18189,80428.5,22746,19241,77474.4,7831.04,20593.6,21.3448
8086,7997,66265.4,5909.76,5689,68079.1,14791.1,21082.6,21.3469
8561.15,8767,63997.2,4396.6,4357,66131.6,7770.24,12629.8,21.3469
8977.15,9221,63802.9,4401.92,4453,64784.2,7014.04,10869.3,21.3499
27946.1,20848,87849,26956.4,21376,82644.9,5126.96,17052.4,21.3509
23524.8,18859,81749.9,21823.4,19391,73756.8,7878.16,20192.6,21.3519
13305.5,13437,64894.6,5454.52,5501,64982.3,4153.4,12083,21.354
11848.8,11447,67836.7,10487.2,9603,71570.5,14640.6,18241.1,21.356
11457.5,11613,64658.7,5337.48,5065,69061.6,12680.6,23272.1,21.36
13510.2,13252,66813.1,7224.56,7232,65468.6,4021.92,11125.9,21.3621
7538.7,7404,66728.3,1672.76,1612,68006.2,6154.48,9893.52,21.3621
11457.5,11360,66098.8,5128.48,5008,67112.6,7814.32,16036.8,21.3631
14046.5,13684,67272.1,9623.88,9184,68674.9,10026.7,12403.6,21.3641
15666.9,14661,70032.7,8146.44,7377,72371.6,2859.12,12267.8,21.3641
12448.8,12211,66812.3,6225.16,6231,65474.6,2989.08,9462.96,21.3651
17533.8,16921,67909.2,7109.8,7113,65506.5,2283.04,5332.08,21.3661
6999.85,6912,66368.9,3815.96,3808,65673,2468.48,6981.78,21.3661
15811.9,15091,68666.7,6081.52,5687,70082.4,5348.88,10716.4,21.3661
6639.75,6812,63878.8,3107.64,3180,64044.7,2801.36,7996.56,21.3671
6400.55,6749,62152.4,3364.52,3405,64756.9,2916.12,6306.3,21.3681
12658.8,12655,65555.4,5379.28,5333,66104.7,4225.6,10284.3,21.3692
10829,10692,66375.7,5149,5140,65650.8,5577.64,13015.9,21.3692
18272.1,17529,68314.4,16283,15565,68559.1,4569.12,8076.9,21.3712
7416.5,7631,63693.8,4040.92,4095,64670.5,2821.12,7426.38,21.3712
24898.3,19004,85862.5,29754,25976,75067.7,4474.12,8555.82,21.3712
11064.9,11337,63963.4,3329.56,3261,66913.9,4294.76,8174.4,21.3742
14444.3,14004,67596.5,9186.12,8564,70296.8,5804.12,10506.6,21.3752
11931.4,12132,64452.4,5058.56,4996,66356.6,8443.6,13249.1,21.3752
12355.2,12305,65803.4,5988.04,5717,68643,5206,11048.7,21.3763
14260.3,14123,66173.4,7622.04,7515,66469.5,7463.2,15540.7,21.3783
16896.8,16297,67947.8,14690.8,14137,68103.3,8049.16,13280.3,21.3783
10985.6,11224,64144.3,5113.28,5176,64741.9,2211.6,7198.62,21.3783
5356.65,5430,64650.7,2514.08,2518,65434,3765.04,7381.14,21.3793
4959.5,5106,63655.7,2610.6,2598,65853.8,5161.16,9747.66,21.3823
10307.7,9089,74323.4,7900.96,7281,71116.2,14379.2,18633.4,21.3834
14416.3,13765,68637.1,8462.6,8117,68326.4,4541.76,11368.5,21.3844
9711,9555,66606,3786.32,3779,65662.9,2300.52,6265.74,21.3854
24129.3,19072,82914.1,17223.9,14576,77441.3,4883.76,6695.52,21.3854
6446.05,6396,66048.8,2996.68,3064,64096.1,7045.2,12671.1,21.3854
11120.2,10524,69248.7,8863.88,8136,71399.1,7403.16,14737.3,21.3884
19803.5,16388,79194.9,13859.4,12260,74085.4,2106.72,4439.76,21.3884
9081.8,8938,66590.4,7161.48,6686,70196.6,10076.8,16416.7,21.3884
14963,13312,73664,11239.6,9808,75102.1,4024.96,12905.1,21.3894
12444.3,12314,66229.2,8144.16,7625,69998.1,13758.3,19194.2,21.3955
13514.1,13280,66691.5,5514.56,5344,67627.7,5116.32,13462.8,21.3965
12749.8,12698,65803.1,6418.96,6298,66794.7,6659.12,14359.8,21.3975
20372.3,17089,78127.4,15794.3,14017,73845.8,10130,24745.5,21.3975
10719.8,10877,64588.8,5823.12,5593,68232.4,3686,10545.6,21.3975
10640.5,10685,65263.1,4504.52,4473,65997.8,4093.36,6481.8,21.3996
13285.3,13211,65904.8,5206.76,5211,65482.7,6798.2,15017.3,21.4046
10492.9,10255,67056.6,8233.84,8111,66528.5,11853.7,18580.4,21.4046
22279.4,19213,75995.6,16478.3,14749,73220.1,6358.92,15745.9,21.4077
37536.8,31672,77671.6,26337.8,21724,79454.7,15744.2,40019.5,21.4087
11525.1,10676,70748.6,7915.4,7252,71531.1,3920.84,10352.9,21.4097
12406.5,12500,65046.1,5021.32,4848,67879,2516.36,9235.2,21.4097
13014.3,13060,65306.7,7850.8,7924,64930.6,2615.16,7945.86,21.4117
9937.2,10285,63319.8,4263.6,4269,65453.1,3600.88,9361.56,21.4127
22713.6,14956,99529.2,24431,17772,90091.6,9524.32,18771.5,21.4127
7691.45,8008,62945.4,4023.44,3948,66788.3,3378.96,7791.42,21.4138
9723.35,10276,62011.4,4547.84,4628,64400.9,2463.92,7275.84,21.4168
9656.4,10273,61602.4,3649.52,3681,64975.5,6739.68,15252.9,21.4168
22146.8,19321,75121,18289.4,16541,72463.2,8127.44,21030.4,21.4178
9451.65,9457,65498.9,4605.6,4497,67118.7,2106.72,5775.12,21.4229
13157.3,12412,69471.2,10641.5,9928,70246,5108.72,10856,21.4279
12951.9,8525,99567.8,19864.1,12445,104605,169903,262143,21.4279
10351.9,10537,64384.7,4741.64,4809,64618,3009.6,9555,21.429
12756.3,12385,67500.5,5107.2,4993,67034.9,2805.92,7910.76,21.43
14260.3,13745,67993.2,5753.2,5781,65220.8,6155.24,13613.3,21.431
11861.2,11464,67806.7,4306.16,4328,65205.3,3252.8,9672.78,21.433
11551.1,11635,65063.7,5606.52,5719,64247.1,10364.1,18805.8,21.433
12779,12808,65387.6,10733.5,10124,69481.4,6472.92,12011.2,21.4371
16406.6,15629,68796.9,11962.4,11337,69151.3,3315.88,6263.4,21.4381
15215.8,15801,63109,4911.88,4953,64991.9,9454.4,17234.1,21.4411
5968.95,6546,59758.8,2717,2662,66890.1,2035.28,4911.66,21.4411
9157.85,9497,63195.6,4153.4,4125,65987.2,5089.72,10037,21.4421
13222.3,13313,65089.5,6725.24,6485,67963.8,9430.84,17396.3,21.4432
34991.4,28051,81751.1,24386.9,20035,79771.3,5881.64,13741.3,21.4432
10036.6,9244,71155.5,7615.2,6732,74133.9,5154.32,15163.2,21.4452
12686,12493,66548.7,6446.32,6329,66750.8,6433.4,15091.4,21.4472
34269.3,20468,109726,41422.3,25348,107095,17120.5,28278.1,21.4482
23532.6,20188,76393.5,18025.7,15068,78400,8163.16,18478.2,21.4482
9860.5,9921,65136.4,7650.16,7089,70723.8,4539.48,10739,21.4492
12575.5,12793,64422,6746.52,6541,67595.2,6223.64,11091.6,21.4492
10188.1,9916,67334.3,3834.2,3772,66616.7,5842.88,10101.8,21.4523
12672.4,12502,66429.2,5074.52,5181,64189.1,2587.04,6413.94,21.4533
26377,20752,83300.1,20480.5,17492,76732.7,2710.16,4644.12,21.4533
21249.1,21149,65846.3,10413.5,10217,66796.6,5790.44,7626.84,21.4543
11304.1,11113,66663.3,6367.28,6377,65436.1,2698,7736.82,21.4543
10028.2,10508,62543.6,3101.56,3064,66339.4,2360.56,6709.56,21.4573
19644.3,16912,76124,12940.5,11184,75828.9,5579.16,12569.7,21.4594
13581.1,13161,67627.9,6874.96,6749,66759.1,3152.48,10020.7,21.4604
15048.8,14708,67054.5,6288.24,6116,67381.6,9037.92,16477.5,21.4614
12379.9,11964,67814.2,5934.08,5724,67941.3,2244.28,6349.2,21.4624
20910.5,18120,75628.6,12392.6,10840,74922.4,2565.76,6449.82,21.4644
16287.7,15915,67070.7,7258,7099,67003.8,4337.32,10927,21.4655
10580,9839,70472,8862.36,8443,68791.1,8749.12,14891,21.4665
7649.2,8008,62599.6,3132.72,3144,65300.9,3918.56,6926.4,21.4695
9089.6,9456,62996.6,3628.24,3668,64825.6,8236.12,13405.9,21.4705
15253.5,14052,71139.8,15604.3,13872,73720.1,8360.76,17493.1,21.4705
8070.4,7520,70332.7,6898.52,6208,72825.6,16828.7,26175.2,21.4736
14483.9,14625,64903.9,6365,6273,66497.2,3982.4,11845.1,21.4756
10141.3,10372,64078.3,4310.72,4288,65883.2,2736,9101.82,21.4756
6608.55,6925,62541.2,3065.84,3101,64792.9,10735,14324.7,21.4766
4787.25,5390,58207.3,2690.4,2714,64966.1,5859.6,9992.58,21.4766
15674.1,15455,66465.1,8138.84,7775,68602.8,2064.16,6151.86,21.4776
10687.9,10780,64976.4,4340.36,4392,64765.4,3922.36,9260.94,21.4786
13591.5,13689,65069.2,5405.88,5481,64637.8,5944.72,14339.5,21.4807
21727.5,17984,79178,13565.2,11600,76638.9,7005.68,16941.6,21.4817
12728.9,12033,69326.4,6169.68,5973,67694,2956.4,8172.06,21.4817
6124.95,6306,63654.4,3536.28,3474,66710.9,2638.72,7401.42,21.4827
17765.1,16929,68772.9,9408.04,9013,68408.4,4825.24,8641.62,21.4857
13864.5,13697,66337.4,5882.4,6049,63731,4229.4,10635.3,21.4867
19908.8,15637,83439.7,16941.9,14721,75423.3,16435,26090.2,21.4877
23736.7,21098,73732.5,14721.2,12942,74545.6,19419.5,28618.2,21.4898
14659.4,14040,68427.5,9783.48,9480,67634,11127.2,14151.5,21.4918
8518.25,8849,63086.5,3480.8,3505,65083.5,3036.2,8044.14,21.4918
10993.4,10545,68323.1,5440.84,5137,69412.3,11452.4,16124.2,21.4918
10807.5,9968,71055.7,7635.72,6932,72189.1,3892.72,10143.9,21.4938
26715,22653,77287.5,21173.6,17213,80615.4,1890.88,190.32,21.4938
14438.4,14629,64682.4,5040.32,5025,65735.8,6558.04,13952.6,21.4948
9306.7,9292,65639.7,3228.48,3256,64982.1,5079.08,9795.24,21.4959
11321.7,11208,66200.8,5158.12,5228,64660,4535.68,10239.1,21.4959
11930.8,11689,66891.4,5155.08,5097,66282.8,8017.24,14817.7,21.4959
11244.3,11574,63669.4,5991.08,6082,64556.3,2796.04,9698.52,21.4999
12812.8,13102,64089.4,4608.64,4638,65121.1,4139.72,10641.5,21.5009
10468.9,9663,71001.7,8780.28,8127,70804,11251,19736.3,21.5009
9005.1,9344,63159.1,4390.52,4500,63941.6,2201.72,8009.04,21.5019
5599.1,5409,67839.3,2134.84,2165,64623,3211.76,6686.94,21.505
13345.8,12896,67821.8,3879.04,3904,65117,6965.4,12722.6,21.508
11757.8,11341,67944.8,5627.04,5337,69097.6,24649.1,35902.6,21.508
17178.2,16976,66316.6,8527.96,8516,65628,4398.88,10386.5,21.509
5079.75,5137,64805.6,2365.88,2337,66345.9,8242.96,10966,21.51
9724.65,9696,65729.6,3463.32,3456,65674.8,3367.56,8820.24,21.5131
7172.75,7119,66030.8,3458,3439,65898.1,2346.12,7575.36,21.5131
34125.6,23892,93607,38269,29716,84399,2590.08,582.66,21.5141
16963,15992,69515.4,6548.16,6392,67137.1,8915.56,17117.9,21.5141
16458,15240,70773.7,5519.88,5404,66941.3,19054,18581.9,21.5141
8141.9,8382,63658.7,3306.76,3386,64002.3,5886.96,11620.4,21.5161
9596.6,9601,65506,4875.4,4805,66496.2,10907.5,17914.3,21.5171
20450.3,16836,79605.1,15222.8,13472,74053,16641,22208.9,21.5192
8433.75,8708,63472,3401.76,3440,64807.5,11871.2,14143,21.5212
7192.9,7149,65938.4,3281.68,3389,63460.7,2442.64,8027.76,21.5222
8899.8,8657,67374.1,3758.2,3617,68094.4,2917.64,6121.44,21.5242
7293,7510,63642.3,3430.64,3506,64127.3,9579.04,11233.6,21.5283
6239.35,6480,63102.2,2830.24,2896,64047.9,6950.96,12541.6,21.5283
8362.9,8532,64237.1,3573.52,3568,65637.4,8537.08,14787.2,21.5313
14386.4,14477,65126.1,6384.76,6381,65574.6,7708.68,15324.7,21.5364
12814.1,12465,67371.4,6470.64,6545,64791.4,3973.28,12309.2,21.5394
17749.5,16328,71241.7,15250.2,13912,71839.7,6770.08,13555.6,21.5415
20042.8,19832,66232.4,10807.2,10760,65823.5,2238.96,3988.14,21.5425
13616.8,13678,65243,6002.48,5834,67428.6,3121.32,9473.88,21.5435
12332.4,12429,65026.9,5104.16,5097,65628.1,15483.5,19516.4,21.5465
6501.95,6659,63990.4,2913.84,2871,66513.9,7711.72,11990.2,21.5475
11756.5,11629,66254.8,3820.52,3737,67000.7,13279.5,18938.4,21.5475
17651.4,17728,65252.8,6480.52,6532,65019.5,2140.16,6684.6,21.5496
5562.7,5964,61126.3,3340.96,3352,65320.2,9709,13278.7,21.5506
36195.9,28964,81899.4,27291.6,21680,82499.2,2316.48,224.64,21.5526
8782.15,8983,64070.7,3545.4,3591,64703.8,6794.4,11401.3,21.5526
11347,11388,65300.3,4411.04,4236,68244.1,2957.92,10245.3,21.5577
11241.1,11188,65847,8269.56,7712,70274.1,3647.24,9861.54,21.5597
10889.4,11040,64642.3,4886.04,4820,66433.9,2368.16,7672.86,21.5597
13265.2,13488,64453.4,5018.28,5072,64841.9,3838,9917.7,21.5597
12945.4,12788,66342.6,5071.48,4928,67444.1,3429.12,10888,21.5607
12439.7,12284,66366.7,5681,5596,66531.5,2188.8,7539.48,21.5648
11287.3,11385,64973.3,6963.88,7037,64855,15491.1,26399.9,21.5658
12314.3,11908,67771.8,7153.12,7024,66740.7,12651,20163,21.5668
14815.4,14417,67347.3,5810.2,5681,67026.5,2152.32,8831.94,21.5668
13410.8,12772,68813.8,6280.64,6116,67300.2,4652.72,12270.2,21.5668
11152,10932,66855.2,6711.56,6260,70263.4,8555.32,16270,21.5688
26440,22064,78534,19305.5,16080,78682,7333.24,18825.3,21.5698
60682.7,44241,89891.8,43567,31381,90985.2,36277.1,52265.5,21.5729
5260.45,5280,65293.3,2426.68,2448,64965.2,18702.8,17383.9,21.5739
16038.7,15809,66488.4,6352.08,6245,66659.7,3057.48,9134.58,21.5739
13731.9,13661,65876.1,6647.72,6365,68447,5501.64,10063.6,21.5759
10687.3,10704,65433.8,4135.16,4048,66947.1,3394.16,8760.96,21.5759
23951.2,18543,84650,22185.2,17775,81796.2,3556.04,7980.96,21.578
16867.5,16205,68215.3,8429.92,8269,66811.4,3043.8,5371.08,21.58
8494.2,8549,65115.9,3714.88,3749,64939.6,13527.2,15373,21.582
8328.45,8677,62903.5,3464.84,3493,65007.7,2707.12,8372.52,21.582
12190.8,11508,69424.1,8636.64,8020,70574.9,13420.1,23921,21.583
16198,15901,66760.1,9233.24,9197,65794.2,2210.08,7957.56,21.5851
9228.7,8941,67644.8,4112.36,4057,66430.3,3005.8,9193.86,21.5982
31684.2,24532,84642.9,30612,23860,84081.8,3551.48,6778.98,21.5982
11818.9,11408,67896.8,5012.96,5044,65132.7,7992.16,15959.6,21.6003
9786.4,9755,65746.9,5152.8,5099,66227.5,7577.2,13912.9,21.6033
7786.35,7277,70123.2,3881.32,3837,66293,3885.12,10012.9,21.6063
15311.4,15099,66457.9,7204.8,7135,66177.1,19785.1,26310.2,21.6104
8582.6,8538,65878.3,3980.88,4074,64038,5505.44,12358.3,21.6114
11707.1,11244,68235.5,4801.68,4812,65395.5,3377.44,7781.28,21.6124
11452.3,10660,70407.2,7838.64,7380,69608.8,3671.56,9501.18,21.6155
18461.3,18061,66988.5,5855.04,5885,65202.4,2757.28,8413.86,21.6165
10378.5,9284,73262.5,9787.28,9104,70454.7,9399.68,15058.7,21.6175
21229,17855,77920.1,12575,10751,76654.5,17001.2,25637,21.6195
18843.5,18184,67912.9,8838.04,8668,66821.6,3547.68,8338.2,21.6266
17514.3,13204,86929.3,14258.4,11332,82459.9,20215.2,38928.2,21.6286
9859.2,9488,68100,4990.92,4880,67025.6,3306.76,9146.28,21.6286
16362.4,15465,69339.1,9229.44,8729,69293.2,6283.68,8547.24,21.6286
9085.7,9088,65519.4,4239.28,4340,64015.1,5652.88,11651.6,21.6337
21533.2,17088,82584.3,18200.5,15412,77393.4,3733.88,7608.9,21.6347
23810.1,20969,74415.7,15893.1,13997,74413.9,41228.5,47073,21.6347
9025.9,8811,67134.4,6463.04,6079,69676.2,2771.72,7535.58,21.6367
10425.3,10522,64934,4015.84,4042,65111.8,4901.24,11385.7,21.6367
9461.4,9501,65262.8,5487.2,5517,65182,8422.32,15203,21.6398
36536.5,24376,98230.1,33330.6,23384,93412.2,2399.32,292.5,21.6418
15345.8,14688,68471.2,8923.92,8656,67564.5,3983.16,10327.2,21.6428
12697.1,12549,66309.4,7178.96,7025,66972.3,5174.84,13452.7,21.6428
16086.8,15577,67681.1,6535.24,6473,66166.1,2818.08,9491.04,21.6459
15329.6,13937,72084.4,13496.1,12417,71231.3,11948.7,14787.2,21.653
10552.1,9819,70429,8319.72,7759,70272.1,8550,12562.7,21.654
5312.45,5229,66581.9,2714.72,2777,64066.2,2611.36,6617.52,21.655
18120,14881,79800.8,14551.7,13217,72154.2,18138.9,26107.4,21.655
10654.8,10668,65454.9,4897.44,4748,67598.7,3268,9252.36,21.658
10047,10105,65160.2,8051.44,7465,70684.4,2550.56,7165.08,21.658
13480.3,13632,64806.9,6468.36,6324,67032,4626.12,11226.5,21.658
4879.55,5060,63198.8,3468.64,3424,66390.4,3052.92,6866.34,21.659
8046.35,8307,63479.7,3292.32,3223,66945.6,12090.1,13560.3,21.659
12585.9,12496,66007.7,5407.4,5252,67475.1,5193.84,11567.4,21.659
29005.6,22419,84790.2,23512.9,19799,77829.2,2001.84,205.92,21.6611
14064,13540,68072.5,6516.24,6276,68044.7,5628.56,12911.3,21.6621
10882.9,10956,65099,6237.32,6376,64110.6,5026.64,11932.4,21.6631
18298.1,17268,69445.6,10103.4,10032,66002.7,3492.96,5392.92,21.6631
11933.3,11502,67993.7,5063.88,4868,68173,3989.24,9686.82,21.6651
13259.3,13248,65592.1,5261.48,5376,64139.9,6966.16,9225.06,21.6651
18685.5,18036,67896.2,12282.4,11812,68145.7,2920.68,3871.14,21.6651
15650,14705,69747.8,5812.48,5381,70791.1,2303.56,7062.9,21.6672
11380.8,10600,70363.7,8054.48,7528,70119.4,11221.4,13082.2,21.6672
13087.8,12949,66238.2,5983.48,5937,66049.1,2488.24,7502.82,21.6682
11206,11424,64285.4,6309.52,6212,66564.8,4268.92,11852.1,21.6712
7399.6,7846,61807.3,3062.8,3106,64624.5,3566.68,8267.22,21.6712
10723,10715,65585.2,7758.84,7275,69894.6,13620.7,18043,21.6722
20267.6,16691,79579.5,16511.8,13491,80210.1,16603.7,22301.8,21.6722
6579.3,7441,57946.6,2960.96,3061,63394.1,2625.8,6140.16,21.6722
9540.7,9912,63081,3425.32,3548,63270,4291.72,11472.2,21.6742
7244.25,7534,63015.6,3238.36,3258,65140.9,9215,14411.3,21.6742
9287.85,9093,66940.3,3063.56,2849,70471.6,4848.04,9732.06,21.6803
15322.4,14804,67831.1,7356.04,7236,66623.2,3831.92,11740.6,21.6824
17717,17003,68288.2,8236.12,8075,66843.6,3745.28,11284.3,21.6824
33961.2,27157,81956.1,35185.7,28385,81237.7,15231.9,23117.6,21.6864
11791.6,10865,71125.4,10089.8,9605,68843.6,12309,20939.9,21.6864
6955,7824,58257,3264.96,3408,62785.3,4062.2,8346.78,21.6864
9020.7,9594,61619.8,5338.24,5177,67577.1,3800,9806.94,21.6894
9712.95,10388,61277.2,4363.16,4292,66622.6,8569,15758.3,21.6915
18684.3,15707,77958.3,15303.4,13256,75657.9,11934.3,23459.3,21.6935
16816.8,16376,67300.1,9956.76,9320,70013.5,12031.6,19658.3,21.6935
11277.5,11112,66512.1,5503.92,5416,66599.9,6163.6,13702.3,21.6986
5656.3,5768,64266.9,3031.64,3068,64759.3,5905.96,11787.4,21.6986
14917.5,13077,74759.7,10531.3,9409,73353.2,21942,27957.5,21.6996
9449.05,9783,63298.9,6426.56,6455,65247.3,2937.4,8802.3,21.7016
10128.3,10685,62121.5,4313,4425,63877.2,5400.56,13090,21.7067
11116.3,11404,63882.7,6026.8,5896,66989.9,2955.64,9080.76,21.7077
16158.3,16165,65509,5916.6,5985,64787,7821.92,16742.7,21.7087
17831.4,16160,72314.5,10578.4,9664,71737.2,9104.04,22200.4,21.7118
15630.5,13667,74951.6,13448.2,11751,75001.4,8528.72,20972.6,21.7148
16706.9,16625,65859,7671.44,7509,66953.7,2667.6,9422.4,21.7148
12787.4,12825,65344.1,4766.72,4781,65340.3,2850,6776.64,21.7178
4761.9,5145,60656.1,2916.12,2921,65426.5,7033.8,9069.84,21.7178
13601.2,14040,63488,5689.36,5784,64463.7,7862.96,14174.2,21.7188
9686.95,10092,62905.7,5024.36,5016,65645.2,4997,10971.5,21.7188
5310.5,5541,62809.8,3690.56,3653,66209.8,3292.32,7424.04,21.7199
8796.45,9239,62396.8,4575.96,4567,65664.6,8409.4,15256,21.7209
11884.6,12120,64263.1,6137.76,6140,65512.1,4446.76,10912.2,21.7239
16862.3,16742,66006.9,5574.6,5474,66740.4,2461.64,6713.46,21.7249
10384.4,10425,65280.8,5829.96,5721,66784.2,3809.88,8757.06,21.7259
14091.3,14180,65126.3,6563.36,6436,66832.9,2682.8,8380.32,21.727
10500.1,10072,68321.5,7205.56,6584,71722.9,3236.08,8898.24,21.728
14067.3,13465,68467.5,9551.68,9229,67827.4,4484.76,8867.82,21.731
16695.3,13541,80802,15913.6,13653,76387.3,5395.24,12016.7,21.733
9237.15,9352,64731.2,6832.4,6748,66355.7,6127.88,11483.2,21.734
8698.3,8557,66618.2,3246.72,3193,66638.6,5261.48,11407.5,21.7351
8240.7,8472,63746.7,3393.4,3420,65026.3,5024.36,9498.84,21.7371
6022.25,6305,62597,2906.24,2929,65026.8,2892.56,6409.26,21.7381
13403,13594,64615.2,4824.48,4894,64605.1,3560.6,10778.8,21.7391
11398.4,11320,65989.9,7437.36,7240,67322.5,2596.16,7698.6,21.7391
21697.6,18256,77890.9,19625.5,16580,77573.9,4194.44,8881.08,21.7401
8435.05,8225,67209.7,8341,8197,66687.3,6384,11983.9,21.7432
11828.7,11565,67030.3,5483.4,5341,67283.3,2682.8,9274.98,21.7432
14435.8,14045,67359.8,7867.52,7773,66332.9,5861.12,15827.8,21.7442
20427.5,19644,68150.1,9020.44,8780,67330.7,5516.08,13007.3,21.7452
39407.5,24804,104121,161744,88708,119494,97866,29202.4,21.7452
12019.1,11911,66131.1,4802.44,4851,64880,3503.6,10530.8,21.7472
15622.7,15068,67948.8,9660.36,9708,65214.4,4435.36,12217.1,21.7482
11479.6,11696,64323.7,5544.2,5568,65255.9,9124.56,15513.4,21.7513
11889.1,11986,65006.4,6351.32,6246,66641.1,3087.88,7732.92,21.7513
12610.6,12763,64753.7,6451.64,6575,64306.4,2356,7088.64,21.7523
19276.4,15891,79497.7,14919.6,13143,74394.6,8660.2,20113.9,21.7533
13429.6,13665,64407.3,6827.08,6753,66254.9,4218.76,11973.8,21.7533
6712.55,6964,63169.7,3305.24,3232,67021.1,3914,9868.56,21.7533
11133.2,11456,63689.4,4740.12,4804,64664.6,2869,8404.5,21.7543
6761.95,7153,61953.2,3477.76,3509,64952.5,2332.44,7597.2,21.7543
10026.9,9871,66571.1,6738.92,6427,68716.6,6966.16,14900.3,21.7574
10075.6,10332,63910,5028.16,4968,66329.6,7363.64,13791.2,21.7574
14808.9,14447,67177.9,6147.64,5899,68298.3,2873.56,9356.1,21.7584
21209.5,17001,81759.1,15390,13497,74727.6,11505.6,22380.5,21.7594
9540.05,9623,64971.1,6510.16,6307,67647,8588.76,14971.3,21.7614
16428.8,15882,67792.1,14894.5,13886,70295.6,2078.6,2988.18,21.7614
20782.4,17036,79948.3,15194.7,12860,77433.8,24415.8,32154.7,21.7614
7129.85,7377,63340.4,3353.12,3457,63566.7,6451.64,9789,21.7614
45848.4,31061,96736.1,43915.8,30485,94409.3,17359.9,43882,21.7634
17273.1,17080,66276.9,10611.1,10540,65978.2,7189.6,12160.2,21.7634
8076.9,8244,64207.6,4382.16,4404,65211,6013.88,11620.4,21.7634
4962.1,5130,63391.1,3333.36,3290,66399.7,7034.56,11009.7,21.7645
13549.2,12766,69556.9,13026.4,12414,68769,2759.56,6410.82,21.7685
17326.4,16676,68092,10745.6,10180,69177.4,20694.8,20430.5,21.7705
18288.4,15210,78800,13002.8,11310,75345.2,5008.4,16354.3,21.7715
10106.8,10053,65887,4224.84,4261,64979.8,3138.8,8165.82,21.7746
12155,12092,65877.4,4580.52,4600,65258.5,2469.24,7261.8,21.7766
5519.15,5748,62926.8,3121.32,3188,64165.3,3200.36,6672.9,21.7797
10156.3,10169,65453.8,5209.04,5225,65335.8,4275,9918.48,21.7807
13750.1,13323,67636.9,4970.4,5003,65109,2234.4,8502,21.7817
8186.1,8385,63981.4,3794.68,3857,64477.1,10366.4,15535.3,21.7827
7422.35,7541,64504.9,3332.6,3413,63992.2,6593.76,12016.7,21.7837
8999.25,9093,64860.3,3005.8,2993,65816.3,5861.88,12194.5,21.7857
7768.15,7824,65068.2,5301,5184,67015.1,10337.5,15387.1,21.7868
11389.9,11453,65175.2,4734.04,4733,65550.4,2653.16,8956.74,21.7898
8162.7,8460,63232.9,2972.36,3064,63575.9,4035.6,9420.06,21.7898
10718.5,10791,65095.7,2763.36,2739,66118.9,7887.28,14677.3,21.7898
9726.6,9408,67755.4,7387.96,7124,67964.3,6555,13371.5,21.7949
9085.7,9391,63405.4,3958.08,4095,63344.7,3597.08,9294.48,21.7959
12845.3,13156,63988.3,4788,4836,64885.5,4613.2,12153.2,21.8009
19973.2,16196,80820.2,16577.9,13984,77692.2,4884.52,9911.46,21.804
9597.25,9156,68694.3,7369.72,6880,70200.9,6827.08,11569.7,21.805
7798.7,8225,62139.3,2866.72,2897,64851,3303.72,8233.68,21.805
11365.9,11604,64191.3,4925.56,4900,65877.9,4661.84,10745.3,21.805
13259.3,13337,65154.4,5616.4,5609,65622.5,2807.44,8221.98,21.808
39538.2,30042,86251.8,25208.4,19326,85483.8,1904.56,212.94,21.808
10676.3,10997,63624.5,3999.12,4117,63659.5,2982.24,10228.9,21.8111
15245.7,14985,66676.4,5807.92,5721,66531.7,2651.64,6786,21.8121
17722.3,14573,79698.4,14084.3,12393,74480,2255.68,7927.14,21.8121
16406.6,16307,65936.5,7641.8,7648,65482.9,2789.2,9675.12,21.8141
12474.1,12365,66114.5,6063.28,6089,65259.2,11109.7,19378.3,21.8161
12927.2,12821,66078.9,5102.64,5141,65047,3591,10672,21.8161
27598.3,20816,86889.2,21687.4,17712,80245.2,14104.8,21116.2,21.8192
11632.4,11493,66330.9,6149.92,6133,65716.8,3039.24,10243,21.8232
8498.75,8500,65526.4,4930.12,4852,66591.2,9255.28,13473.7,21.8243
13107.3,13192,65115,5719,5788,64754.7,3766.56,11352.9,21.8243
124840,62128,131688,126098,62004,133281,12160.8,6170.58,21.8253
5857.8,5864,65466.7,3407.08,3336,66932.4,2046.68,5828.16,21.8253
7532.2,7732,63842.5,3302.96,3312,65357.1,6406.04,10510.5,21.8273
10912.2,10808,66167.8,4648.16,4476,68056.7,7330.96,13158.6,21.8303
10396.1,10664,63889.6,5238.68,5244,65469.5,8661.72,15466.6,21.8303
40763.4,31847,83884.6,35515.6,28967,80351.7,21541.4,37223.9,21.8314
15577.2,15459,66037.3,10332.2,10435,64890.4,4506.04,10213.3,21.8344
11028.5,10986,65789.8,5201.44,5086,67023.5,2571.84,8624.46,21.8354
13258,12734,68233,8205.72,7754,69353.9,12466.3,16448.6,21.8364
14299.3,13980,67033.1,6171.96,6040,66967.8,2543.72,9111.96,21.8364
11764.3,11656,66145.2,5171.8,5148,65839,8677.68,14541.5,21.8364
17553.9,15121,76080.4,15171.9,13249,75047.5,3858.52,11017.5,21.8364
7819.5,7684,66691.7,4287.92,4132,68009,19960.6,19531.2,21.8374
8272.55,8297,65342.9,4832.84,4745,66749.2,4957.48,10683.7,21.8384
19590.3,11839,108444,9354.84,6395,95868.5,2607.56,9040.98,21.8395
8364.85,8388,65355.1,3738.44,3680,66576.7,5001.56,8842.08,21.8405
7831.85,7906,64921.3,3518.8,3542,65106.7,8106.16,13299,21.8445
15696.2,15045,68372.6,11356.7,10769,69112.4,7586.32,14168.7,21.8476
4947.8,5226,62047.3,2777.04,2830,64309.6,3326.52,7901.4,21.8486
5731.05,6032,62266.3,2661.52,2724,64032.8,2045.16,5591.82,21.8506
13854.1,14080,64484.5,5511.52,5584,64685.4,2620.48,10099.4,21.8516
9539.4,9452,66142,6099,5916,67563.2,14015.9,18694.3,21.8536
14543.7,14524,65625.1,6070.88,6008,66221.9,5912.8,14555.6,21.8547
11281.4,10480,70547.5,10076.8,9408,70195.1,6023,11168.8,21.8547
14446.9,14357,65946.4,8049.92,8001,65936.7,2799.84,8319.48,21.8547
14156.3,13967,66424.5,6981.36,6655,68749.9,5803.36,11682.1,21.8567
13944.4,13288,68773.6,6447.08,6172,68456.9,3024.04,7800.78,21.8587
16012.1,15866,66139.5,7717.04,7642,66179.5,3283.96,9803.82,21.8628
8504.6,8413,66249.6,3672.32,3677,65452.6,3185.16,8249.28,21.8628
24789,19370,83870.7,19101.8,16090,77803.5,8708.84,15526.7,21.8638
10851.8,10910,65186.1,4286.4,4234,66347.1,5008.4,14671.8,21.8668
12080.3,12333,64192.9,5720.52,5837,64228.2,10121.7,17383.9,21.8668
6683.95,6848,63966,3376.68,3296,67140.2,11009.4,13507.3,21.8678
12564.5,12376,66534.2,5142.92,4984,67625.7,3386.56,10009.7,21.8689
9057.1,9129,65019.8,4607.88,4509,66973.2,14246.2,19724.6,21.8699
12296.7,11980,67268.5,7299.04,6748,70887.7,2118.12,6538.74,21.8719
7489.3,7913,62026.9,2410.72,2473,63885.5,3157.04,8473.14,21.8719
18915.6,15360,80706.8,16265.5,14352,74273.8,7294.48,16435.4,21.8729
20684.9,17629,76896.5,13337.2,11625,75188.8,6789.08,17483.7,21.877
7430.8,7669,63500.4,3876,3873,65586.8,9775.12,12566.6,21.879
8082.1,8455,62645.6,2671.4,2743,63825.3,3386.56,8511.36,21.882
24343.8,19374,82347.2,16327.8,13502,79252.1,5528.24,6918.6,21.8841
20519.8,17165,78344.8,14102.6,12153,76049.2,2585.52,9301.5,21.8851
10576.8,10855,63856.4,4351,4403,64762,3092.44,9297.6,21.8861
10205.6,9621,69518.5,10505.5,9937,69285.2,6795.16,10603.3,21.8891
12361,12048,67238.9,6096.72,6000,66592.4,8932.28,16808.2,21.8901
11432.8,10245,73134.5,8717.2,7985,71545.5,17473.2,23478,21.8912
5612.75,5572,66015.3,1894.68,1904,65215.2,2189.56,5216.64,21.8922
7749.95,7765,65409,4097.16,4001,67111.1,2809.72,9012.9,21.8932
17076.8,16967,65960.1,6982.12,6931,66019.4,5467.44,12638.3,21.8942
13796.9,13513,66912.9,6051.88,6013,65959.8,3977.08,9629.88,21.8952
7567.3,7510,66036,3281.68,3366,63894.3,2742.08,7086.3,21.8962
12015.9,11329,69509.6,6439.48,6225,67794,2253.4,9065.16,21.8982
9433.45,9582,64520,5568.52,5690,64136.8,10478.1,15935.4,21.8982
9124.7,8605,69494,5744.84,5385,69915.3,12255.8,17117.9,21.9003
16296.8,15639,68292.5,7428.24,7235,67286.4,2532.32,7626.84,21.9023
12112.1,12036,65950.4,4642.08,4656,65340.1,2865.2,6418.62,21.9023
14255.8,13923,67102.5,5590.56,5571,65766.1,6933.48,15503.3,21.9033
8496.15,8039,69262.8,6378.68,6151,67961.8,9495.44,15727.9,21.9084
31833.1,20172,103421,31848.6,22168,94155,13628.3,18869,21.9114
21950.5,21129,68084,10417.3,10329,66096.4,3858.52,5438.94,21.9135
9685,9561,66386,3169.2,3097,67063.8,17282.4,28604.9,21.9135
14565.8,14244,67016.8,6914.48,6900,65673.5,2049.72,6144.84,21.9145
11386.7,11079,67356.1,4196.72,4071,67559.9,5523.68,11642.3,21.9165
10667.8,10233,68320.6,5832.24,5657,67566.1,10239.5,16596.8,21.9185
28944.5,26936,70422.7,18064.4,16552,71524.4,18702.1,30441.1,21.9185
10981.1,10435,68965.7,5842.88,5859,65355.7,3225.44,10471.5,21.9195
10860.2,9664,73648,7541.48,6900,71628.8,15333,17221.6,21.9216
15945.1,15658,66737.9,4963.56,4926,66035.7,8161.64,14095.4,21.9216
15700.7,15204,67677.2,5609.56,5552,66215.4,9889.12,16371.4,21.9246
12953.2,12245,69326.3,5996.4,5909,66505.3,7873.6,13143.8,21.9246
17237.3,16075,70274.8,10083.7,9775,67605.5,2191.08,4290.78,21.9256
6059.3,6017,65996.7,3520.32,3509,65747.4,5117.08,7849.92,21.9307
5736.25,5647,66571.8,3062.8,2927,68576.6,6422.76,9784.32,21.9307
11439.3,11340,66110.2,4800.16,4732,66480,7672.2,15097.7,21.9347
13647.4,13065,68457.4,5782.84,5561,68150.4,4071.32,10922.3,21.9378
25412.4,16613,100248,21640.2,16117,87995,3931.48,8725.08,21.9388
8516.95,8508,65604.9,3948.2,3976,65077.8,2378.04,7321.08,21.9388
12572.3,12185,67619.1,4992.44,4873,67142.3,6536.76,13171.1,21.9398
13666.2,13257,67559.1,4851.08,4829,65835.7,7568.08,14475.2,21.9418
9965.8,9840,66373.9,4503.76,4484,65824.8,13216.4,19173.2,21.9418
11427,11237,66644.1,4822.2,4773,66211.5,11402.3,15817.6,21.9449
16775.2,16040,68539.9,6741.96,6440,68608.9,2185,6927.96,21.9469
6764.55,6661,66554.8,3052.16,2897,69046,2080.12,4799.34,21.951
13940.5,13776,66318.8,5139.88,5152,65381.8,3940.6,9975.42,21.951
14710.1,14153,68115.9,6968.44,6701,68151.6,2432,7284.42,21.954
24589.5,19945,80797.1,18066,15213,77826.3,2733.72,4680.78,21.957
14283.1,13376,69980.4,5787.4,5700,66540.9,3834.96,10833.4,21.958
7303.4,7081,67594.4,3090.92,3145,64409.1,10677.2,14924.5,21.958
8145.8,7620,70058.2,3382,3360,65965.1,5310.12,10947.3,21.958
13196.3,12620,68528.7,5080.6,4888,68118.3,6283.68,14161.7,21.9601
9944.35,9719,67055.5,3989.24,3991,65507.1,11466.9,18252.8,21.9621
18078.4,17445,67915.7,9545.6,9317,67144,4905.04,8978.58,21.9631
6009.9,5801,67896,3546.92,3549,65497.6,2894.08,6562.92,21.9631
24950.3,19265,84876.2,15798.9,12993,79688.7,11606,22855.6,21.9662
12433.2,12433,65537,4697.56,4773,64500.2,2114.32,7893.6,21.9672
30739.8,25573,78777,30150.7,24917,79301.6,3280.16,291.72,21.9692
11436.8,10648,70390.6,5505.44,5276,68386,4275.76,10373.2,21.9702
13724.1,13241,67927.1,5919.64,5981,64863.7,2262.52,8218.86,21.9712
6297.2,5701,72389.6,2536.88,2465,67447,6547.4,10605.7,21.9712
11644.1,11187,68213.8,5370.16,5235,67228,2125.72,7083.96,21.9743
15728,15089,68311.6,7728.44,7749,65362.1,3079.52,10107.2,21.9753
12256.4,11741,68412.9,4946.84,5033,64414.1,3091.68,8757.84,21.9753
6984.25,6468,70766.8,2945,2976,64853.3,2709.4,7166.64,21.9773
10098.4,9400,70405.2,6354.36,6184,67341.4,2247.32,6855.42,21.9783
14830.4,13892,69962.9,7437.36,7216,67546.4,3124.36,9414.6,21.9793
6815.25,6564,68044.5,3722.48,3664,66582,6017.68,10659.5,21.9803
9338.55,9148,66901.1,3711.08,3647,66687.5,9870.88,15791.9,21.9844
8106.15,7878,67433.9,3086.36,3190,63406.8,3459.52,8621.34,21.9844
11167,10437,70119.8,5410.44,4897,72407.3,11889.4,18785.5,21.9854
18294.9,17933,66858.6,9126.08,8937,66922.5,3638.88,10689.9,21.9935
11979.5,11336,69256.2,7246.6,6616,71782.5,9303.92,17911.9,21.9935
4856.8,5144,61877,3272.56,3320,64599.6,7102.96,12077.5,21.9945
17068.3,16328,68507.6,7334,7016,68506.4,2128.76,8629.92,21.9956
8140.6,8617,61912.8,4472.6,4397,66662.8,5535.08,12237.4,22.0016
70772,50767,91360.8,56083.4,38405,95703.3,9743.96,15922.9,22.0026
9001.2,8601,68585.3,9036.4,8765,67565.3,5253.88,13498.7,22.0037
8212.75,8452,63680.9,3848.64,3920,64343,4595.72,10440.3,22.0037
13681.2,13841,64779.4,5104.92,5157,64874.2,2773.24,8404.5,22.0037
10295.3,10285,65601.9,3781.76,3785,65479.9,3022.52,8956.74,22.0067
14607.4,14616,65497.7,6815.68,6888,64847.9,2202.48,7707.96,22.0108
5821.4,5888,64794.7,3141.08,3236,63613.7,5173.32,9245.34,22.0118
10409.1,10125,67374.9,4155.68,4169,65326.6,4864.76,9909.12,22.0118
11801.4,11412,67772.2,5525.96,5620,64439.4,8708.84,15278.6,22.0128
18969.6,17877,69541.4,10746.4,10309,68316.6,4469.56,4462.38,22.0128
8926.45,9088,64371,3924.64,3876,66358.4,2454.8,7511.4,22.0138
11304.8,10935,67752.3,5209.04,5043,67693.8,3331.08,8200.14,22.0138
11929.4,12136,64420.6,5564.72,5480,66549.2,2753.48,7780.5,22.0158
15917.2,14868,70160.7,12204.8,11440,69917.5,5496.32,8790.6,22.0199
5571.15,5933,61539,2973.12,3069,63488.6,4674,10518.3,22.0209
26213.8,20632,83266.3,26835.6,21176,83051.5,2573.36,129.48,22.0209
12845.3,12860,65461.1,5498.6,5384,66931,4569.88,11774.1,22.0239
8180.9,7740,69269.2,3955.04,3900,66460.9,10076.8,16121,22.0249
12654.2,12468,66514.7,4962.8,4964,65520.2,5304.04,10325.6,22.027
28016.3,22342,82180.5,26219.2,21686,79235.6,6909.16,18826.9,22.028
18875.3,18797,65809.2,7841.68,7673,66976.7,5054.76,10952,22.03
12501.4,12285,66690.7,4976.48,4989,65371.5,3781.76,9917.7,22.0351
13577.8,13071,68077.3,6156,6079,66366.1,3041.52,9825.66,22.0371
9565.4,9562,65559.3,4221.8,4286,64554.3,9816.92,16987.6,22.0371
4990.7,5404,60523.8,3095.48,3116,65104.4,11257.1,13511.9,22.0371
13752.7,13444,67040.8,5227.28,5268,65029.4,2762.6,7879.56,22.0371
6336.2,6379,65096.3,2838.6,2907,63994,4185.32,7454.46,22.0381
15378.3,14737,68388.1,9024.24,8673,68190.1,7596.96,13237.4,22.0391
9121.45,8680,68869,5534.32,5176,70072.9,9399.68,16697.5,22.0391
11404.3,10021,74582.3,7869.04,7285,70790,6950.2,17004,22.0401
28742.3,22055,85407.3,20135.4,15939,82790.4,2509.52,4227.6,22.0432
12422.8,12059,67513.1,5677.2,5487,67807.7,5931.8,12824.8,22.0452
9970.35,10072,64874.6,5054,5160,64189.7,4563.8,12813.1,22.0452
5885.1,6324,60987.6,3405.56,3424,65183.1,10331.4,12412.9,22.0472
11614.2,11292,67406,5845.16,5372,71308.4,20075.4,28924,22.0493
15579.8,15352,66508.7,8850.96,8524,68049.8,5652.88,11397.4,22.0503
6249.1,6352,64474.3,2814.28,2676,68922.5,11718.4,10627.5,22.0523
11637.6,11197,68114.8,5845.16,5545,69083.6,10789.7,18490.7,22.0523
11882,12016,64805.2,7349.96,6868,70135,7765.68,13684.3,22.0543
14352,14585,64489,6064.04,5945,66848.3,2107.48,7356.96,22.0553
10183.5,10285,64889.6,5221.2,4941,69252.5,6898.52,14494.7,22.0553
46109.7,34532,87508.6,31907.8,23008,90886.3,16407.6,25623.8,22.0564
11175.4,11137,65762.3,4967.36,4993,65199.5,4793.32,11216.4,22.0594
14673.1,14473,66442.1,5879.36,5833,66056.9,8116.04,16671.7,22.0604
9425,8484,72804.9,7936.68,7236,71882,18336.5,25804,22.0655
14802.4,14176,68432.1,13471.8,12464,70834.8,6047.32,10085.4,22.0665
8721.05,8926,64031.2,5949.28,5774,67525.5,9507.6,19374.4,22.0665
9185.15,9469,63571.4,3309.8,3181,68189.6,8844.12,12678.9,22.0675
13536.9,13720,64661.4,5801.84,5672,67036.2,6766.28,14616.4,22.0685
8585.85,7992,70405.7,6572.48,6040,71313.6,12460.2,21512.4,22.0706
14894.7,14792,65991.2,6466.08,6412,66088.7,2146.24,7404.54,22.0706
16870.8,13949,79263.1,15630.9,13101,78191.6,23154.9,33596.9,22.0716
16560.7,13235,82003.9,17486.8,14663,78157.1,8899.6,18726.2,22.0746
8583.25,8837,63654.2,6232.76,6133,66602,8990.04,15701.4,22.0756
9131.2,9349,64009.2,3442.8,3521,64080.5,2509.52,7866.3,22.0776
8421.4,8040,68644.9,6474.44,6044,70203.3,7228.36,16248.2,22.0776
14056.9,13720,67145.3,5612.6,5516,66683.7,2297.48,5725.2,22.0787
22547.2,17577,84067.4,22312.8,17673,82741.7,3515,9248.46,22.0837
20032.3,16206,81009.5,15466,13642,74298.5,5687.84,12169.6,22.0847
10366.2,10212,66525.6,5915.08,5668,68392.9,10068.5,17025.8,22.0858
16594.5,16176,67231.5,7926.04,7604,68311.5,4964.32,11306.1,22.0878
29627,21407,90700.9,32713.4,22191,96611.6,24299.5,37576.5,22.0918
21840.6,16428,87128.6,25396.9,21372,77878.2,7399.36,15664,22.0929
10874.5,10852,65671.9,4440.68,4468,65135.3,2183.48,6647.16,22.0939
10255,10566,63607.3,4639.8,4502,67542,8524.16,13946.4,22.0939
12876.5,12848,65681.4,4835.12,4816,65796.2,7089.28,12712.4,22.0939
12000.3,12081,65098.2,6066.32,5925,67099.1,6472.92,11156.3,22.0959
9473.75,10021,61957.1,4125.28,4209,64232.4,4202.04,10686.8,22.0979
12272,11959,67251.3,6396.92,6183,67803.4,5218.92,11111.9,22.0989
17961.4,17280,68120.5,8286.28,7892,68810.1,2227.56,6504.42,22.0989
11480.3,11732,64130,5533.56,5540,65459.8,3139.56,9200.1,22.0989
5340.4,5673,61693.7,2542.2,2509,66403.2,3011.88,6495.06,22.101
20089.5,19664,66954.3,9568.4,9444,66399.3,3466.36,6669,22.104
6117.8,6221,64448.8,2777.04,2745,66300.9,2498.88,6771.18,22.1081
19252.3,18821,67038,9788.8,9637,66568.3,2270.88,6002.1,22.1081
11153.3,10875,67213.4,6167.4,5771,70037.6,6772.36,11221.9,22.1121
25508.6,18585,89950.6,20561.8,15645,86132.2,8022.56,16720.1,22.1131
13728.6,13935,64565.5,4892.88,4987,64299.1,7073.32,13146.1,22.1131
8764.6,9192,62488.8,4691.48,4696,65472.9,3401.76,8083.92,22.1152
5188.3,5868,57944.9,3225.44,3196,66139.7,8272.6,12392.6,22.1182
14860.3,15129,64372,7377.32,7385,65467.8,2967.04,9297.6,22.1182
10946.6,10660,67298.3,5718.24,5568,67304.4,5758.52,12770.9,22.1212
8856.25,8613,67386.9,5028.16,4817,68408.9,3409.36,10437.2,22.1222
15527.2,15805,64384.1,5560.92,5453,66833,8104.64,14944.8,22.1222
8355.75,9004,60817.7,3591,3564,66032.5,3518.8,8657.22,22.1233
8738.6,9184,62357.7,3834.96,3924,64048.9,7330.2,13384.8,22.1233
12852.4,12526,67244,5563.96,5278,69086.7,14173.2,19414.2,22.1243
4933.5,5545,58308.7,2799.08,2857,64207.4,4368.48,8224.32,22.1243
22795.5,21341,70002.6,11802.8,11017,70210.4,5782.84,10780.4,22.1253
9142.25,8981,66712.7,4041.68,3909,67760.4,13892.8,19603.7,22.1263
10188.1,9976,66929.4,6617.32,6268,69188.4,13652.6,19922,22.1273
12552.8,12796,64290.4,5294.92,5180,66989.9,6855.2,11691.4,22.1293
9287.85,9717,62641.6,3889.68,3953,64486.2,8353.16,14908.1,22.1304
6319.95,6385,64868.3,3378.96,3365,65807.9,2158.4,5998.98,22.1334
16829.1,13885,79432.1,14440.8,12105,78181.7,6849.12,19033.6,22.1364
5213.65,5832,58587.4,3326.52,3372,64652.1,2843.92,6752.46,22.1375
10177.7,10217,65283.9,4262.84,4141,67464.3,5116.32,12666.4,22.1375
16924.7,16477,67316.7,7506.52,7449,66042.1,5605,14536.9,22.1385
8759.4,8669,66219.4,3834.2,3785,66387.9,2226.04,6234.54,22.1395
16207.7,16301,65161.1,8171.52,8137,65814,2128,5172.18,22.1395
10028.2,10453,62872.7,5380.04,5365,65719.7,15058.6,17884.6,22.1445
9811.75,10013,64218.8,7726.92,7449,67981.1,3796.2,9035.52,22.1456
16329.9,15988,66937.7,7606.84,7492,66540.6,4412.56,11210.2,22.1476
37725.3,32300,76543.9,29260.8,25388,75533.1,4636.76,8626.8,22.1496
6622.85,7093,61192,3970.24,4001,65032.2,9484.04,13803.7,22.1506
9554.35,8833,70888,7736.8,6933,73134.1,11649.3,16321.5,22.1506
15554.5,15503,65753.7,6864.32,6923,64980.5,3681.44,11362.3,22.1516
11482.9,11757,64008.1,5508.48,5449,66251.4,9025,17531.3,22.1516
15083.2,14349,68889.5,11114.2,10493,69416.1,7546.8,13370.8,22.1537
13592.1,13349,66729.7,6935,6817,66670.4,4107.8,11567.4,22.1537
10121.1,10197,65048.5,6084.56,5969,66804.8,16245.8,27264.1,22.1537
8162.05,8489,63011.9,3202.64,3177,66064.9,3312.84,7321.86,22.1547
13015.6,13196,64640.1,6020.72,5948,66337.2,2502.68,7803.9,22.1547
4802.85,5120,61476.5,3000.48,2996,65634,3787.84,8700.12,22.1587
10888.8,11131,64110,5453.76,5439,65713.8,4533.4,10291.3,22.1587
6934.2,7056,64404.7,4051.56,4036,65788.7,2707.88,6276.66,22.1597
15892.5,16132,64563,7492.08,7552,65016,4474.88,11911.4,22.1608
8066.5,7729,68397.7,5612.6,5345,68817.1,12451.8,19734,22.1608
11127.3,11289,64597.6,4283.36,4381,64075.4,8943.68,16149.1,22.1618
14923.3,14954,65401.7,7412.28,7310,66453,9909.64,16563.3,22.1648
13629.2,14036,63636.6,4898.2,4992,64304.6,12081.7,21553,22.1648
12240.8,12467,64346.9,4911.12,4983,64590.6,2444.92,8113.56,22.1648
11453.6,11938,62877.1,6016.16,6166,63943.4,2440.36,7505.16,22.1658
14899.9,14888,65588.6,6883.32,6892,65453.5,5259.2,11574.4,22.1658
12781.6,13160,63651.6,6179.56,6232,64984.5,9378.4,19677.8,22.1658
10495.5,10849,63400.9,4465.76,4501,65022.9,2281.52,7126.86,22.1658
12596.3,12981,63594.1,5658.2,5685,65227.1,3855.48,10995.7,22.1668
23691.2,18126,85657.4,22701.2,19274,77189.3,5350.4,9230.52,22.1679
8812.05,9288,62177.7,4282.6,4396,63845.4,3252.04,10700.8,22.1689
20694,19217,70573.2,13812.2,12449,72712.6,6761.72,16444,22.1709
9361.3,9730,63052.6,5823.12,5826,65503.6,5568.52,11638.4,22.1709
12006.8,12133,64854.3,4667.92,4501,67966.4,3924.64,10567.4,22.1709
9715.55,10206,62386.7,4215.72,4266,64763.6,2358.28,7495.8,22.1719
19074.9,15393,81211.8,17087.1,13953,80256.5,6359.68,12259.3,22.18
10450,10516,65125,6428.84,5936,70977.2,14794.2,21567,22.18
18467.1,14188,85301.9,20393.1,15932,83886.6,22892,39467.2,22.181
11497.8,11793,63895.8,6167.4,6085,66423.4,5801.08,11522.9,22.182
27632.8,15779,114769,11439.5,5651,132667,10231.9,19425.1,22.1831
23662.6,19428,79820.5,17695.1,15220,76193.5,5782.08,10693,22.1831
6844.5,7389,60706.6,2870.52,2861,65754.1,3704.24,7551.96,22.1841
6298.5,6708,61535.3,3636.6,3572,66721.2,4202.8,8964.54,22.1861
13155.3,13033,66151.2,5431.72,5305,67101.5,7424.44,14375.4,22.1871
13423.1,13693,64244.5,6520.8,6429,66471.8,3176.8,9567.48,22.1881
14641.9,14753,65042.5,9382.2,9057,67889.1,11602.9,21535,22.1891
10726.3,11188,62831.5,4590.4,4692,64116.9,4674.76,12212.5,22.1912
10026.9,10483,62684.6,3547.68,3655,63611.7,11202.4,17663.1,22.1942
11202.1,11437,64190,4382.16,4329,66340.8,5404.36,12342.7,22.1942
11145.5,11164,65427.7,4686.92,4520,67956.2,2195.64,8070.66,22.1973
12483.3,12295,66539.4,8136.56,7555,70580.8,5090.48,8804.64,22.1983
6457.1,6585,64263.1,3508.92,3405,67536.1,3795.44,7645.56,22.2003
6481.8,6593,64430.6,3356.16,3301,66631.1,2619.72,6198.66,22.2033
8407.1,8741,63032.6,3341.72,3461,63277.4,8819.8,12778.7,22.2033
12078.9,12067,65600.9,4974.2,4919,66271.4,3258.88,9427.86,22.2054
12832.9,12549,67018.9,5644.52,5505,67197,2990.6,8845.2,22.2064
13187.2,13365,64664.1,6887.12,6837,66016.4,5069.2,12437.1,22.2094
13605.8,13470,66196.7,5554.08,5486,66349.3,4021.92,12019.8,22.2104
10310.3,10247,65940.9,6032.12,5959,66340.2,6911.44,14559.5,22.2125
17780.8,17473,66690.3,9681.64,9589,66169.1,6281.4,13813.8,22.2125
19018.3,18312,68063.9,9361.68,8872,69153.2,7678.28,14594.6,22.2135
11043.5,10303,70246.2,7729.2,7247,69896.6,5178.64,10490.2,22.2145
12960.3,12937,65654.3,6647.72,6505,66973.9,6957.8,13348.1,22.2145
19745.7,15888,81448.5,21931.3,18288,78592,12453.4,26989.6,22.2165
14103.7,12069,76584.6,15346.7,13809,72833.7,9325.96,13443.3,22.2175
7931.95,8211,63308.8,2622.76,2712,63379.5,8477.04,14876.9,22.2195
12955.1,13029,65164.5,4925.56,5025,64239.1,3327.28,9941.88,22.2216
13352.9,11648,75128.7,10198.4,9360,71406.5,5784.36,12712.4,22.2226
5737.55,5812,64696.5,3033.16,3008,66084.2,2675.96,5877.3,22.2246
26944.4,17466,101101,37810.8,26954,91933.1,11207.7,26607.4,22.2297
13289.3,12661,68788,6727.52,6549,67322.5,6300.4,12393.4,22.2307
9035,8949,66165.8,3776.44,3713,66655.8,6937.28,14255.3,22.2317
12645.8,12608,65732.2,4405.72,4452,64854.7,4132.88,11035.4,22.2327
16383.9,16000,67108.5,7322.6,7280,65919.5,2467.72,8155.68,22.2337
30691.7,23180,86773.6,24937.1,21388,76411,10248.6,21148.1,22.2337
9557.6,9463,66191.1,4277.28,4199,66757.8,3808.36,9896.64,22.2337
13570.7,13241,67167.8,5334.44,5213,67062.7,5838.32,11165.7,22.2368
10930.4,10452,68535.6,6512.44,6324,67488.8,6989.72,14900.3,22.2408
10617.8,10601,65639.6,4640.56,4601,66099.5,5286.56,11632.9,22.2408
4992.65,5117,63943.4,2661.52,2733,63821.9,4477.16,9815.52,22.2479
12753.6,12485,66946.2,5597.4,5445,67370.3,6034.4,11895.8,22.25
5413.2,5480,64737.1,2919.92,2940,65088.4,3105.36,8043.36,22.251
12726.3,12589,66251,4855.64,4893,65035.6,5835.28,13317.7,22.252
13846.3,12795,70920.8,13680,12751,70310.8,9485.56,14002.6,22.253
13566.8,13159,67567,5909,5699,67950.9,2887.24,8353.8,22.255
5988.45,6059,64772.9,3239.12,3259,65136.2,11457.8,14025.2,22.255
18908.5,15653,79166.1,15169.6,13413,74118.8,3812.16,9877.14,22.255
15548,14981,68016.4,7438.12,7269,67060.8,5597.4,12770.2,22.255
25014.6,19868,82512.4,18966.6,15592,79719.9,29864.2,38150.6,22.2601
6210.1,6248,65138.5,2641,2716,63726.3,4477.92,9179.82,22.2611
18215.6,15453,77252.2,13195.1,11289,76601.6,3961.88,11963.6,22.2641
13302.3,12849,67847.8,5953.84,5765,67682.7,3766.56,10195.4,22.2641
11493.3,11665,64571.4,4474.88,4501,65155.7,4729.48,10831.9,22.2712
14612.6,14291,67011,6403,6451,65048.4,5168,11171.2,22.2723
10815.3,10669,66435,5234.88,5181,66217.5,7315,14401.9,22.2753
7328.1,7284,65932.8,3630.52,3488,68213.8,2870.52,8414.64,22.2773
29261.7,19208,99838.3,24030.4,17100,92097,2125.72,433.68,22.2794
15111.2,15116,65515.2,6209.2,6300,64591.4,2812.76,8572.98,22.2804
16632.2,16065,67849.9,6957.8,6641,68662.3,5084.4,13328.6,22.2804
12419.5,12205,66688,5428.68,5289,67266.8,5923.44,13511.2,22.2804
10544.9,10373,66622.4,6515.48,6357,67169.8,11223.7,20579.5,22.2844
6768.45,6724,65969.2,3584.92,3572,65773,3689.8,6747,22.2844
9072.05,8810,67485.3,6828.6,6746,66338.4,5853.52,15406.6,22.2844
14198.6,14113,65933.5,5584.48,5649,64787.5,3059,10216.4,22.2844
11443.3,11248,66673.6,3952,3872,66890.1,2855.32,7752.42,22.2854
11843.6,11705,66312.3,6844.56,6793,66033.4,2831,7360.08,22.2854
11746.1,11543,66689.4,3996.84,4051,64659.8,4368.48,10789,22.2895
12185.5,12157,65689.9,4366.96,4377,65385.7,12172.2,20469.5,22.2915
10973.9,10901,65974.6,4135.16,4161,65129,9625.4,15561,22.2925
9857.9,9533,67769.6,6133.2,5837,68861.6,5707.6,12500.3,22.2976
11790.3,11789,65543.5,6013.12,5977,65932,5134.56,12304.5,22.2996
12302.5,12337,65353,5559.4,5601,65049.3,2317.24,7906.08,22.2996
6648.2,6897,63171.9,3771.12,3797,65089.3,2773.24,6598.02,22.3006
9478.95,9173,67721.8,6048.84,5749,68954,16716.2,20817.4,22.3027
12112.8,12224,64939.6,5120.88,5184,64738,3085.6,10240.6,22.3027
19569.5,18677,68667.9,10916.6,10485,68233.9,3320.44,8754.72,22.3027
8476,8416,66003.2,3850.92,3744,67407.6,2969.32,8073,22.3027
10634,10516,66271.4,5701.52,5680,65784.3,5142.92,11151.7,22.3047
11582.3,11152,68065,4528.08,4596,64567.5,3754.4,9355.32,22.3067
15043.6,14157,69640.3,5846.68,5689,67352.4,4731,13765.4,22.3077
16812.3,16233,67874.6,7101.44,6957,66896.6,3461.8,10894.3,22.3098
10110.1,9845,67300.7,4091.08,4065,65956.5,13812.2,16507.1,22.3148
15229.5,14513,68771.5,10230.4,9793,68462.9,17885.1,23988.9,22.3148
11629.8,11496,66298.8,4727.2,4776,64866.4,13596.4,18662.3,22.3158
9881.95,9761,66348.1,3514.24,3509,65633.9,3378.96,7742.28,22.3158
36775,27525,87560,39979,30117,86996.3,8911.76,24523.2,22.3169
12493.6,12026,68084.5,9399.68,8858,69543.6,12935.2,15584.4,22.3179
5240.95,5302,64781.4,2679.76,2614,67184.7,4408.76,6474,22.3179
8713.9,8389,68074.2,3434.44,3345,67288.3,4214.2,9676.68,22.3199
17397.3,14981,76106.1,12632.7,10805,76621.7,5650.6,12512.8,22.3209
11880.7,11657,66793.6,5672.64,5501,67580.8,3822.04,10412.2,22.327
15540.8,15065,67606.1,7973.16,7773,67223.6,4284.88,10705.5,22.327
12759.5,12757,65548.8,5339,5281,66255.8,3345.52,8201.7,22.3331
6984.9,6892,66419.4,2498.88,2520,64986.7,2105.96,6854.64,22.3341
14745.2,13864,69701.7,11720.7,11484,66886.9,2120.4,7531.68,22.3351
13222.3,12952,66903.7,5256.92,5144,66974.6,2390.96,8258.64,22.3371
14459.9,14177,66843.8,7238.24,7153,66317,2398.56,8204.82,22.3402
15507.7,14799,68674.4,3727.8,3547,68876.6,6571.72,14474.5,22.3402
14024.4,13513,68016.2,6493.44,6265,67925.6,2774.76,9195.42,22.3402
15360.1,14585,69019,13309.1,12749,68415.3,7064.2,10998.8,22.3432
12849.2,12608,66789.8,6166.64,5952,67899.3,10695.5,17672.5,22.3483
32299.1,20173,104930,27906.4,19469,93937.9,2840.88,4437.42,22.3493
7249.45,7043,67457,3013.4,2823,69956.1,2226.04,7014.54,22.3513
4910.1,5008,64254.9,2366.64,2384,65058.8,4487.8,8484.84,22.3513
16599.7,13327,81629.6,14479.5,12335,76929.9,3221.64,10042.5,22.3513
8792.55,8848,65125.3,4417.12,4340,66700.5,5127.72,10783.5,22.3533
15975.7,15629,66989.8,7291.44,7245,65956.1,3241.4,9748.44,22.3533
11831.9,11301,68615,5389.16,5269,67030.6,5731.92,12240.5,22.3544
7649.2,7188,69740.9,3318.16,3168,68642.3,2619.72,6772.74,22.3544
13124.1,12825,67064.7,5788.16,5789,65526.5,7750.48,15072.7,22.3584
20004.4,19056,68797.7,12030,11424,69012.7,4575.2,7577.7,22.3604
9807.2,9261,69401.2,7242.8,6745,70372.8,5439.32,12556.4,22.3625
9943.7,9905,65792.1,3631.28,3649,65217.8,2528.52,6911.58,22.3635
14674.4,14135,68036.9,6309.52,6108,67698.2,11086.1,17186.5,22.3645
12931.8,12596,67282.9,8211.8,8000,67271.1,3971.76,11622.8,22.3655
22207.9,17212,84558.3,17022.5,14492,76979.4,3195.04,8326.5,22.3706
8685.3,8079,70454.2,4821.44,4735,66732.4,2200.2,5105.1,22.3716
27637.3,23125,78324,18797.1,15957,77200.3,17413.1,27265.7,22.3726
12448.1,11656,69989.9,5359.52,5132,68441.5,14314.6,18829.2,22.3726
12102.3,11684,67882.5,5463.64,5488,65245.1,5221.96,13714.7,22.3777
17743,16933,68671.1,9275.8,9105,66765.4,2900.92,8546.46,22.3797
20941.7,20052,68443.8,10789.7,10640,66458.2,6514.72,13777.1,22.3797
6761.95,6867,64533.4,2377.28,2439,63877.6,4800.92,8893.56,22.3797
12485.8,11885,68849.2,9272.76,8653,70229.9,8409.4,14467.4,22.3807
7209.15,7113,66421.9,2879.64,2877,65596.1,4519.72,8915.4,22.3837
14231.7,13807,67552.1,5825.4,5787,65970.9,3898.8,10703.9,22.3848
15475.8,15012,67561,6359.68,6324,65905.8,3960.36,11810,22.3858
20354.8,17185,77624,11979.1,10497,74789.3,4103.24,12334.1,22.3868
15702.7,15073,68273.9,6262.4,6225,65929.7,3843.32,6773.52,22.3878
11531,11304,66852.1,5561.68,5560,65555.8,2266.32,6286.8,22.3908
10764.6,10741,65680.3,4790.28,4785,65608.3,8225.48,15700.6,22.3919
10145.2,10136,65595.5,7121.96,7068,66036.3,21678.2,30546.4,22.3929
24038.3,17056,92364.8,22890.4,17668,84907.6,15978.2,26573,22.3939
16268.2,15928,66935.8,5721.28,5544,67631.6,2511.8,8237.58,22.3949
20114.9,16461,80083.2,15779.9,14105,73318,4609.4,12937.1,22.3949
8888.75,9103,63993.5,4518.96,4575,64733.2,5360.28,13217.9,22.3949
14366.3,14181,66392.3,6130.16,6145,65377.7,2922.2,6969.3,22.3959
20516.6,18058,74458.7,14553.2,12698,75111.1,26081.7,34782.5,22.3969
10996.7,10808,66680.2,5051.72,4920,67290.6,2679,9069.06,22.3979
7675.2,7897,63695.3,3502.84,3529,65050.2,9218.8,14402.7,22.399
15091,14968,66074.8,6916.76,6968,65054.1,6284.44,14479.1,22.404
19241.3,16574,76082.9,15181,13246,75109.6,8934.56,15600.8,22.404
14097.8,13799,66955.3,6602.88,6540,66166.1,2938.16,9334.26,22.406
12707.5,12760,65266.4,4781.92,4844,64696.1,4358.6,11637.6,22.4071
12110.1,11621,68294.5,8925.44,8545,68453.8,13379,20510.1,22.4101
8630.7,8481,66692.8,3915.52,3777,67939.5,3378.96,8518.38,22.4101
8717.15,8733,65417.1,3630.52,3641,65347.4,3977.08,8416.2,22.4121
11626.5,11685,65208.2,5291.88,5333,65030.7,3033.92,9230.52,22.4121
7753.85,7816,65014.9,3283.96,3196,67339.7,3381.24,7075.38,22.4131
9995.7,10273,63767,4812.32,4833,65255.6,2287.6,7241.52,22.4142
16899.3,16161,68530.1,11157.6,10673,68511.4,8206.48,13022.9,22.4152
6502.6,6175,69012.9,2663.8,2635,66252.3,3436.72,8312.46,22.4162
11909.9,11440,68228.2,4517.44,4368,67778.2,3420.76,8463,22.4172
17777.5,16573,70299.1,10983.5,10473,68730.6,2763.36,6539.52,22.4202
12071.1,11768,67224.2,6146.12,5928,67947.4,4307.68,10923.1,22.4223
6414.85,6300,66730.7,3056.72,3112,64371.9,2785.4,7043.4,22.4243
10968.1,10771,66735.3,5677.96,5735,64884.2,3388.84,11886.4,22.4253
14564.5,14041,67979.7,6030.6,5769,68507.8,8252.08,15406.6,22.4263
10232.9,10069,66603.1,6498.76,6145,69308.8,2186.52,7823.4,22.4304
10699,10076,69588.1,8161.64,7656,69864.3,12834.1,16802.8,22.4314
10446.1,9997,68480.4,4289.44,4157,67623.9,6491.92,12848.9,22.4334
11982.1,11208,70062.4,5184.72,5164,65799,4227.12,10007.4,22.4344
10277.1,8748,76991.7,7447.24,6664,73238.6,3301.44,8421.66,22.4365
13113.8,12525,68616.6,5003.84,5053,64898.4,7019.36,14063.4,22.4365
11177.4,10301,71111.8,4982.56,4877,66954.5,2369.68,6685.38,22.4365
9238.45,8984,67392.1,5893.04,5772,66910.3,4561.52,11632.1,22.4425
12257.7,11580,69371.4,9332.8,8860,69033.2,5112.52,9820.2,22.4435
13477.7,13408,65876.9,5681,5728,64998.3,6325.48,13664,22.4446
10643.1,10792,64631.8,5045.64,5084,65041.5,2691.92,9108.06,22.4466
9501.05,9429,66036.8,3790.12,3669,67699.5,11669.8,16917.4,22.4466
11367.8,11581,64329.8,4923.28,4957,65090.2,2384.88,9226.62,22.4476
15928.2,15300,68227,12465.5,12176,67094.3,2543.72,8115.12,22.4476
8202.35,7370,72937.5,7425.2,6778,71793.7,9252.24,16656.9,22.4476
12842.7,12597,66814.3,3415.44,3429,65276.8,7115.88,14582.1,22.4496
26250.9,19273,89263.7,19265.2,15261,82731.6,5152.8,10652.5,22.4496
9417.85,9164,67351.4,4983.32,4984,65527.1,4303.88,10667.3,22.4496
23622.9,19769,78312.2,15377.1,13305,75742.4,13721.8,20416.5,22.4506
36610.6,25607,93697.5,27021,19095,92739,2430.48,169.26,22.4517
14190.8,14005,66405.4,5953.08,5909,66024.9,2251.12,7843.68,22.4517
6838,6724,66647.1,2774.76,2864,63494,5565.48,9444.24,22.4527
7343.05,7045,68308.6,3381.24,3349,66166.9,8664.76,13549.4,22.4547
14001.6,13676,67096.5,5462.88,5496,65141.1,5827.68,12293.6,22.4577
8732.1,8369,68379.4,7655.48,7205,69633.5,12537.7,21712.1,22.4598
8167.25,8400,63720.1,3719.44,3748,65036.6,2563.48,6952.92,22.4598
6329.05,6521,63606.9,2939.68,2969,64888.8,2756.52,8037.9,22.4598
5989.1,5940,66077.7,2969.32,2900,67102.5,9922.56,12912.1,22.4628
10713.3,10684,65715.7,4244.6,4172,66676.4,6916.76,14414.4,22.4628
19138.6,18697,67083.9,7524.76,7293,67618.6,2127.24,7776.6,22.4648
4954.3,5160,62923.4,2568.04,2540,66259.5,3177.56,7312.5,22.4658
9736.35,9644,66163.6,6114.96,5832,68715.7,17248.2,20588.9,22.4669
14210.9,14372,64801.6,5824.64,5936,64306.5,8932.28,16434.6,22.474
12062.7,12441,63543.2,3905.64,3933,65080.1,3307.52,8883.42,22.475
11986.6,12081,65024.2,5142.92,5153,65407.8,2324.84,8477.82,22.476
12897.3,13068,64679.9,4842.72,4940,64245.4,2440.36,7982.52,22.477
11631.1,11657,65390.4,6766.28,6553,67669,2781.6,8145.54,22.478
6362.2,6592,63251.4,2517.88,2596,63563.9,4052.32,8835.84,22.478
8063.25,8313,63567.1,4145.8,4185,64922.1,3661.68,9521.46,22.4821
15328.3,14861,67596.8,6799.72,6765,65872.3,2384.12,8164.26,22.4831
6305.65,6217,66470.5,3438.24,3369,66882.9,2668.36,6444.36,22.4841
7846.15,8064,63765.5,3291.56,3348,64431.2,2584.76,8232.12,22.4871
13624,13859,64424.7,5958.4,6067,64362.9,2172.08,8697,22.4881
12292.8,12369,65132.3,5791.96,5713,66441.8,2416.8,5991.96,22.4912
7176,7719,60925.8,3679.16,3724,64746.9,10166.5,11519,22.4932
9173.45,9193,65396.6,7839.4,7209,71266.9,14405,22121.6,22.4942
16617.3,13425,81119.4,7867.52,5669,90951.8,13177.6,14070.4,22.4952
22616.8,16600,89289.8,23801.7,17852,87377.7,13013.5,27451.3,22.4952
14966.2,13715,71515,11002.5,9671,74559.1,25855.2,25396.8,22.4963
12266.1,12236,65697.5,7527.04,7064,69831.8,4644.36,10299.1,22.4973
15847,15413,67381.4,6829.36,6677,67031.4,5972.84,12851.3,22.5023
13700.7,12656,70945.7,12292.2,11568,69639,13326.6,19174.7,22.5033
8217.95,8253,65257.7,4259.04,4365,63945.1,9023.48,14746.7,22.5044
7479.55,7710,63577.1,3442.8,3438,65627.5,3526.4,8694.66,22.5054
12621.7,12668,65296.5,5492.52,5388,66807.3,4823.72,11335.7,22.5054
9533.55,9732,64199.6,5054,5028,65874.9,2909.28,8692.32,22.5064
12620.4,12924,63996.5,5996.4,6156,63836.9,10579.2,18686.5,22.5074
13773.5,12817,70426.8,11336.2,10309,72065.8,7535.4,12033.8,22.5104
10010,10345,63413.8,3936.04,3993,64601.1,2318.76,7532.46,22.5104
14576.9,14145,67537.1,8903.4,8145,71638.2,5279.72,9709.44,22.5125
15698.8,14250,72199.1,12304.4,11210,71934.1,19579.9,24149.6,22.5135
9393.15,9572,64311.5,4018.12,3924,67107.9,3422.28,8289.06,22.5135
7227.35,7212,65675.5,3720.96,3720,65552.9,3041.52,8005.92,22.5186
10807.5,11103,63792.1,4444.48,4399,66213.6,6359.68,12826.3,22.5196
10218,10372,64562.9,3953.52,3952,65561.2,6358.92,12827.1,22.5216
16721.3,16117,67993,7329.44,7157,67115,2137.12,4442.1,22.5216
12496.3,12669,64642.4,4893.64,4969,64542.1,3411.64,9556.56,22.5226
11824.8,11860,65341.5,5606.52,5460,67294.7,5155.84,11203.9,22.5246
28517.4,21122,88482.1,11717.7,7734,99292.7,4278.8,12767,22.5246
9282,9697,62731.3,4093.36,4165,64408.8,4449.04,10544.8,22.5246
8983.65,9159,64281.3,3705.76,3639,66738.3,9642.88,15923.7,22.5246
10095.1,9681,68339.6,6798.96,6385,69784.9,10275.2,15309.8,22.5277
15976.3,15841,66096,6828.6,6869,65150.6,5832.24,13110.2,22.5317
15652,15216,67413.9,8878.32,8548,68068.5,4287.92,12330.2,22.5327
11739,11668,65934.8,4439.92,4272,68112,3261.92,11798.3,22.5338
7177.95,7469,62982.2,3403.28,3449,64667.3,5535.08,11916.8,22.5348
13298.3,13105,66502.9,8087.16,8085,65553.5,3215.56,9594.78,22.5358
12171.9,12067,66105.7,5418.8,5363,66217.9,9209.68,16396.4,22.5358
19605.9,19032,67512.4,13141.2,13080,65842.4,3958.08,9005.88,22.5358
15617.5,15241,67155.2,8888.2,8745,66609.2,5301.76,10133,22.5368
8522.15,8787,63560.7,1755.6,1763,65260.9,7708.68,10035.5,22.5398
5796.7,6287,60425.1,2217.68,2175,66822,3714.88,8381.1,22.5398
8034,8412,62591.1,3514.24,3420,67341.9,7542.24,10427.8,22.5408
8098.35,8439,62890.6,3879.04,3859,65876.3,3995.32,8177.52,22.5429
9742.2,9893,64537,3688.28,3585,67424,2386.4,6838.26,22.5439
9401.6,9629,63988.3,5035.76,4873,67724.9,4351.76,10867,22.5449
12416.9,12442,65404.1,4717.32,4608,67090.8,15257,17304.3,22.5469
7739.55,7829,64787.2,3823.56,3717,67414.8,8940.64,8553.48,22.549
14695.8,14637,65799.5,6479,6557,64756.4,8509.72,16251.3,22.55
13493.3,13421,65889.3,3866.88,3821,66322.9,6754.88,11140.7,22.551
5690.75,5788,64434.9,3115.24,3208,63641,2085.44,6545.76,22.552
17189.9,16785,67116.9,12989.9,12849,66254.8,6946.4,11216.4,22.5561
10835.5,9149,77616.7,11697.2,10777,71131.6,15819.4,20289.4,22.5581
15887.9,15332,67912.4,9237.04,9088,66610.8,5418.04,14653.9,22.5611
36959,31537,76803.3,25324.7,22161,74892,24166.5,37493,22.5642
9601.15,9617,65428,4136.68,4197,64594.1,4138.96,10831.9,22.5682
12745.8,12776,65381.3,5457.56,5416,66038.9,9413.36,14215.5,22.5682
5305.95,5405,64335,2158.4,2153,65700.4,2609.08,5571.54,22.5682
13052.6,13117,65214.5,5114.04,4909,68273.3,17834.9,26208.8,22.5692
22957.3,19340,77793.8,17337.1,15084,75325.2,11079.3,21074.8,22.5713
15269.8,12144,82404.6,16242,13652,77969,7744.4,19822.1,22.5713
6923.8,7184,63162.3,3732.36,3812,64166.8,11403,14319.2,22.5713
12841.4,12761,65948.9,7419.12,7401,65696.5,3994.56,9960.6,22.5733
7728.5,7985,63430.8,3327.28,3377,64571.1,2379.56,6119.1,22.5743
13562.9,13597,65371.6,5180.16,5225,64973.6,2548.28,8063.64,22.5743
15549.9,15117,67412.9,7916.16,7673,67612.9,3009.6,6383.52,22.5743
6327.75,6574,63081.1,3790.88,3850,64529.6,5126.2,11530.7,22.5763
12977.9,12917,65845,5093.52,5157,64729.3,4070.56,12643,22.5784
18320.9,17750,67643.9,10395.3,10242,66516.8,6117.24,11944.1,22.5794
13287.3,13356,65198.9,5764.6,5692,66371.9,10972.1,18121,22.5794
14839.5,12620,77061.9,10871.8,10028,71050.5,5834.52,12954.2,22.5804
13934.7,13888,65756.4,5653.64,5616,65975.2,2914.6,7491.12,22.5804
10944.7,10643,67393.8,4729.48,4679,66243,3413.16,8572.98,22.5865
12191.4,12372,64579.3,6148.4,6132,65711.3,4484.76,10831.9,22.5925
11465.3,11437,65698.4,6653.8,6381,68337.8,15070.8,21572.5,22.5956
33623.8,26381,83528.8,30435,23261,85748,3530.2,6667.44,22.5956
14992.2,14669,66980.2,6240.36,6089,67165.1,6081.52,13085.3,22.5976
12808.9,12789,65638,6396.92,6257,67001.5,3249,9335.82,22.5976
16716,16448,66604,6784.52,6432,69127.8,8193.56,13891.8,22.5976
6549.4,6732,63758.4,2620.48,2728,62953,7488.28,11441.8,22.5996
8359.65,8448,64850.6,4339.6,4448,63938.9,4606.36,12423.8,22.6007
16172.6,15574,68055.1,10293.4,10086,66883.9,4919.48,11650.9,22.6027
15019.5,14622,67317.8,4835.12,4750,66710.4,2853.04,9555,22.6037
7397,7574,64004.5,3249.76,3254,65450.6,3100.04,5663.58,22.6047
13304.8,12908,67550.9,7071.8,6952,66665.3,2782.36,6993.48,22.6057
12338.9,12153,66538.8,4381.4,4265,67324.6,2799.84,8115.12,22.6057
9673.95,9249,68547.1,5225,4901,69868.5,21869,25775.1,22.6088
12168,11735,67954.2,6023,5767,68445.2,7318.8,15295,22.6128
15161.9,14581,68146.9,6701.68,6481,67767.5,7832.56,15880,22.6138
11191,10934,67076.7,4833.6,4886,64833.2,2581.72,6500.52,22.6169
11408.1,10921,68459.3,4536.44,4409,67430.3,13324.3,16768.4,22.6189
12202.4,11760,68001.7,4608.64,4500,67118.2,6061.76,13408.2,22.6219
9434.75,9156,67531.2,2565,2528,66495.2,3860.8,8603.4,22.6321
12855.7,12293,68535.8,4908.84,4869,66072.2,3801.52,9995.7,22.6321
13429,13014,67625.9,5802.6,5846,65049.5,5782.08,10459.8,22.6331
8174.4,7994,67014.9,3737.68,3774,64905.3,2184.24,6151.86,22.6341
13687.7,13017,68912.7,6890.92,6729,67113,7587.84,16298.9,22.6351
12949.3,11549,73482.1,9813.88,9065,70950.1,10275.2,14652.3,22.6351
9872.85,9153,70690.2,3679.16,3585,67257.3,7139.44,13513.5,22.6371
16315,15513,68924.1,8168.48,7817,68482.7,6832.4,11480.8,22.6371
13307.4,13029,66936.6,4142.76,4197,64689,5441.6,13895.7,22.6371
10018.4,8912,73672.5,6776.16,6368,69736.6,18423.2,25570.7,22.6382
12857.6,11960,70454.8,10347.4,9676,70083.4,3103.08,7236.06,22.6382
24350.3,14374,111021,12106,7734,102584,11096.8,28014.5,22.6392
6869.85,6908,65174.1,3230.76,3304,64083.3,8588.76,14160.1,22.6402
15689.7,14861,69190.5,8599.4,8253,68286.7,3125.88,4737.72,22.6412
10714.6,10100,69524,8441.32,8160,67795.4,13813,19041.4,22.6422
13278.8,11693,74424.3,10072.3,9117,72402.9,4971.16,10987.9,22.6422
10814.7,10708,66189,5041.84,5040,65559.9,2479.12,8831.94,22.6432
11360.7,11076,67220.6,5272.12,5188,66598.6,6479.76,13055.6,22.6442
5744.7,5557,67749.6,2911.56,2849,66975.1,9013.6,11758.5,22.6442
8446.75,8055,68723.3,3408.6,3372,66247.3,3457.24,8515.26,22.6452
11528.4,11065,68280.6,5114.8,5081,65972,3179.08,9200.88,22.6463
7317.05,7324,65473.8,2328.64,2316,65893.7,4033.32,6910.02,22.6483
20522.4,16330,82361.3,15091.3,12826,77110.9,5471.24,17540.6,22.6493
10974.6,10981,65497.8,4636.76,4773,63665.3,10333.7,18156.8,22.6503
21634.6,15069,94090.2,18772.8,14557,84515.5,18274.2,38202.8,22.6513
8648.9,8157,69488.1,5849.72,5453,70303.9,5729.64,12341.9,22.6574
12788.8,12437,67389.5,5904.44,5941,65132.7,2637.2,7798.44,22.6574
23768.5,18406,84629.8,17537.8,14402,79805.2,24873.3,29634.5,22.6574
5660.2,5556,66765.1,2645.56,2592,66890.2,4320.6,8594.82,22.6584
6761.3,6664,66492.9,2951.84,3036,63719.3,11176.6,15242,22.6594
29923.4,24824,78998.5,21733.7,17852,79786.1,15269.9,27555.8,22.6605
10318.8,10081,67081.6,4522.76,4533,65388,4604.84,11054.2,22.6625
14759.5,14381,67261.1,6246.44,6413,63833.9,14601.9,21921.9,22.6645
13380.9,12760,68725,4604.84,4636,65095.5,6921.32,15531.4,22.6645
24124.1,20349,77694.1,17762.7,15693,74179.4,11488.2,21453.9,22.6665
7831.85,7684,66797,3501.32,3520,65188.2,16837.8,18474.3,22.6686
11596,11271,67425.7,4651.2,4631,65821.9,9778.16,16069.6,22.6706
12996.8,12748,66814.8,6621.88,6520,66560,3948.96,11519,22.6736
12777.7,12836,65238.3,5890.76,5856,65925,4294.76,9570.6,22.6767
8255.65,8221,65812.2,3555.28,3501,66552.1,6355.12,10648.6,22.6777
17273.8,16604,68179.5,7038.36,6824,67594.7,3663.2,6018.48,22.6797
16538.6,16065,67468,7569.6,7537,65819.5,4408.76,12059.6,22.6797
8415.55,8525,64694.6,3844.08,3837,65656.9,5801.08,8880.3,22.6797
17871.8,17269,67823.4,7245.08,7185,66084,2714.72,10318.6,22.6797
21585.8,17608,80341.3,14372.4,12060,78101.7,5047.92,15521.2,22.6807
16031.6,15317,68593.5,9426.28,9157,67463.2,3314.36,7262.58,22.6828
17219.1,16661,67731.5,8190.52,8213,65356.6,3560.6,8860.02,22.6848
10853,10600,67100.5,6375.64,6168,67742.2,6521.56,10874,22.6868
15642.2,15377,66666.5,7514.12,7445,66144.4,2530.8,5634.72,22.6868
6143.8,6141,65565.9,2267.84,2253,65967.7,7676.76,11556.5,22.6878
14036.7,13752,66893,7233.68,7164,66173.4,7327.92,15314.5,22.6888
14590.5,14338,66690.4,9950.68,9634,67690.2,2936.64,5453.76,22.6888
10166,9740,68402.4,6631,6316,68804.5,12613,19755.1,22.6909
16496.3,16188,66784.3,8657.16,8524,66559.8,2232.12,6680.7,22.6919
12456.6,10986,74308.7,9662.64,8398,75405,9065.28,15582.8,22.6959
9575.15,9189,68290,4528.84,4421,67134.6,6500.28,13398.8,22.701
13475.1,13212,66841.3,7608.36,7560,65955.2,5714.44,12355.2,22.7051
7462,7277,67202.1,3538.56,3645,63622.2,12180.5,15500.2,22.7061
17804.1,13436,86842.3,17201.1,13560,83133.5,13836.6,30145.4,22.7061
8692.45,8636,65964.4,3762.76,3692,66792,3503.6,10288.2,22.7081
5619.9,5780,63720.7,2461.64,2480,65050.8,2431.24,4213.56,22.7081
9616.1,9637,65393.9,4215.72,4177,66143.5,9256.04,14314.6,22.7081
15068.9,15015,65771.5,6238.08,6167,66291.4,2436.56,7728.24,22.7091
5795.4,5997,63332.9,2720.8,2761,64581.8,2631.88,7054.32,22.7111
10439.6,9761,70092.5,6631,6117,71042.9,6370.32,12197.6,22.7121
15862.6,14733,70560.7,12282.4,11657,69051.8,7605.32,12161.8,22.7121
7810.4,7373,69423.9,4509.84,4445,66492,16181.9,19673.2,22.7132
6298.5,6236,66192.8,3296.12,3356,64366.7,7342.36,12213.2,22.7142
4804.15,5208,60454.1,2249.6,2296,64211.6,8109.2,12296.7,22.7142
30897.7,22800,88812.1,28212,21300,86802.8,27851.7,56092.1,22.7152
13289.9,13216,65902.5,9568.4,9136,68637.8,4047,9443.46,22.7162
41669.5,29944,91198.8,39357.4,28712,89834.4,5345.84,6488.82,22.7162
12321.4,12200,66188.1,4925.56,4988,64715.6,3459.52,11392.7,22.7213
14048.4,14206,64809.2,6009.32,6029,65322.1,2184.24,7127.64,22.7263
6646.9,6665,65358,4253.72,4121,67646.6,3898.04,9304.62,22.7274
13937.9,14103,64769,5911.28,5779,67036.1,2249.6,7800.78,22.7294
12567.1,11956,68885.7,5326.84,5184,67341.8,2272.4,7651.02,22.7324
8467.55,8417,65929.6,3555.28,3457,67399.1,15805.7,18162.3,22.7334
18740.8,18073,67957.6,11558.1,11225,67480.6,2683.56,7647.12,22.7375
16299.4,16038,66604.1,5315.44,5302,65702.1,7881.2,16512.6,22.7405
9187.75,9308,64689.3,5094.28,5160,64701.3,3870.68,9468.42,22.7405
5736.25,6114,61486.9,5155.84,5142,65712.4,6413.64,13168.7,22.7415
18418.4,18556,65050,8794.72,8748,65886,4483.24,11349,22.7426
13919.1,13993,65189.9,5118.6,5065,66229.5,7048.24,14940.1,22.7426
6897.8,7020,64395.2,2834.8,2844,65324,3188.96,7794.54,22.7456
9106.5,8972,66518.5,3655.6,3688,64960.2,3071.16,9355.32,22.7466
8674.25,8185,69453.3,3068.88,2973,67649.6,6163.6,9896.64,22.7476
11102.6,10821,67241.8,4762.92,4705,66342.8,2269.36,6611.28,22.7486
12909.6,12609,67098.6,5816.28,5681,67096.6,6113.44,11906.7,22.7496
8082.75,8340,63514.5,3011.12,3056,64573.5,6794.4,9719.58,22.7496
9408.75,9245,66696.8,3983.16,3881,67261.1,2479.12,6735.3,22.7517
12514.4,12081,67887.3,5277.44,5141,67275.3,5541.16,11590,22.7527
6836.7,6964,64338,3543.12,3524,65891.6,2318,6327.36,22.7537
8108.1,8152,65183.1,5924.2,5688,68257.4,12351.5,17213,22.7547
13183.9,13637,63358.8,3967.96,3969,65518.8,3730.84,11442.6,22.7557
10201.1,10590,63129.3,4730.24,4714,65761.8,2755,8648.64,22.7578
11182.6,11711,62579,5659.72,5691,65175.8,2948.8,10686,22.7588
5040.1,5281,62546.5,2981.48,2837,68873.6,4718.08,8582.34,22.7618
15510.3,15601,65155,6059.48,5953,66708.2,7153.88,14737.3,22.7618
16091.4,16115,65440,6815.68,6851,65198.1,3947.44,10887.2,22.7649
9134.45,9385,63786.4,7262.56,7017,67829.4,5297.96,13228.8,22.7659
10670.4,10809,64695.7,5905.96,5833,66355.7,2851.52,8863.14,22.7669
11248.3,10665,69120.1,8708.08,8057,70831.9,6438.72,17394.8,22.7669
12256.4,12437,64584.3,5686.32,5537,67303.4,5041.08,12526.8,22.7689
12755.6,12741,65611.1,6548.16,6273,68410.7,8758.24,16889.3,22.7689
11052.6,11276,64237.6,4855.64,4876,65262.4,2067.96,6158.1,22.7709
10360.3,10756,63125.3,6453.16,6336,66747.8,5010.68,13477.6,22.7719
13141.7,13054,65976.3,4895.16,4810,66696.3,6164.36,14106.3,22.774
24523.8,19840,81007.8,19025.1,15600,79924.9,10640,17975.9,22.778
13939.9,13836,66028.1,6141.56,5896,68265.5,4031.8,10874,22.778
11853.4,11928,65126.1,5564.72,5500,66307.2,6304.96,12373.1,22.779
12162.1,12235,65145.8,4792.56,4785,65639.5,3501.32,10583.8,22.7801
9404.85,9390,65639.6,3873.72,3806,66702.1,3885.12,8637.72,22.7801
21382.4,15580,89943.3,9963.6,7464,87483.2,6103.56,11229.7,22.7831
9127.95,9296,64351.3,3326.52,3380,64499.1,8479.32,13934.7,22.7851
8870.55,9200,63189.2,3853.2,3824,66036.4,11795.2,16028.2,22.7851
5089.5,5166,64565.5,3160.08,3194,64840,3005.04,7079.28,22.7851
15271.7,14924,67063.1,6990.48,6744,67931.2,6561.84,14629.7,22.7871
11150.1,11385,64183.8,4011.28,4077,64479.6,2103.68,7882.68,22.7871
12250.5,12069,66521.8,6184.12,6161,65781.9,7496.64,13560.3,22.7882
14804.4,14800,65555.5,5864.16,5904,65093.8,7851.56,14591.5,22.7892
38256.4,28052,89375.9,28928.6,21844,86791.2,40977.7,62698.7,22.7922
10353.8,10392,65295.4,3816.72,3820,65479.7,13380.6,17795.7,22.7942
8806.2,8152,70795.3,8237.64,7448,72484.2,16530.8,29559.7,22.7973
15793,15509,66736.3,6390.08,6165,67928.7,5437.04,10998,22.7973
10488.4,10653,64523.4,4149.6,4157,65419.3,5126.96,11784.2,22.7983
13230.8,13477,64338.5,4220.28,4197,65899.5,7192.64,13952.6,22.8013
12897.9,12208,69239.8,9530.4,9044,69060.6,5417.28,8002.02,22.8024
13081.3,13069,65597.4,4930.88,4813,67141.1,9710.52,15789.5,22.8044
6569.55,6716,64106.9,3505.12,3532,65037.2,5447.68,11846.6,22.8044
14747.2,13421,72012,13394.2,12253,71640,18080.4,20428.2,22.8054
12790.7,12476,67189.1,5678.72,5468,68061.6,4551.64,11446.5,22.8074
20057,16109,81597.8,14424,12137,77885.3,3501.32,7568.34,22.8084
12099.1,12053,65786.7,8373.68,8097,67775.4,5140.64,11315.5,22.8094
12610,12609,65541.2,4346.44,4309,66105.4,12065,18014.1,22.8135
12090,11892,66627.2,7612.16,7268,68639.3,11539.8,18306.6,22.8135
13436.8,12939,68057.4,6774.64,6527,68022.5,3990.76,9062.82,22.8155
17845.8,17289,67646.4,9445.28,9321,66409.8,6189.44,9104.94,22.8165
6038.5,6101,64864.6,3426.84,3413,65801.8,3029.36,6711.12,22.8176
9353.5,9317,65792.8,3490.68,3473,65869.6,2473.04,7533.24,22.8176
15593.5,14911,68535.7,6211.48,6015,67676.7,4607.88,11281.9,22.8216
14465.1,14261,66473.9,6209.96,6117,66532,2473.8,8246.94,22.8216
13750.7,13825,65184,5886.2,5877,65638.6,5611.08,12932.4,22.8247
11572.6,11541,65715.4,4258.28,4277,65249.2,11264,16268.5,22.8277
9009,9259,63766.5,3508.16,3579,64238.8,2708.64,7286.76,22.8287
14568.4,14053,67939.8,8635.12,8101,69857,4316.04,9803.82,22.8317
9978.8,9884,66164.6,4167.84,4216,64787.4,3625.2,9176.7,22.8317
14959.7,14477,67721.4,6742.72,6537,67598.4,7631.92,16386.2,22.8328
7297.55,7220,66239.9,2894.84,2852,66520.4,3287.76,7325.76,22.8338
8847.15,8969,64645.6,4490.84,4569,64414.9,2128,6503.64,22.8338
12571,12349,66714.1,5451.48,5337,66941.8,4116.16,11413,22.8348
11575.8,11604,65377,7707.92,7328,68933.7,2716.24,6286.02,22.8358
9527.05,9092,68671.9,6995.04,6772,67694.5,7671.44,15560.2,22.8368
7982.65,8185,63915.8,4138.96,4205,64506.8,2138.64,6769.62,22.8368
11539.4,11704,64614.6,4600.28,4636,65031,8130.48,13020.5,22.8368
21714.5,17173,82867.6,17538.5,15013,76560.6,22464.8,33770.9,22.8419
10918.7,10740,66626.4,5553.32,5556,65504.4,5570.04,10505.8,22.8429
7496.45,7473,65741.7,3400.24,3317,67180.6,3893.48,9044.1,22.8429
20193.5,19465,67988.9,11287.5,10957,67512.9,6658.36,12985.4,22.8429
16273.4,15511,68757.2,7613.68,7267,68662.5,3849.4,10937.9,22.8449
19222.4,14187,88797,19516,16075,79564.7,9620.84,16114.8,22.847
9986.6,9553,68510.6,4164.8,4261,64056.4,2753.48,9927.06,22.848
24657.1,19133,84457.6,15547.3,13225,77044.2,5304.8,16320.7,22.848
13367.2,13095,66898.5,5120.88,5175,64850.6,7075.6,13723.3,22.849
20870.8,19259,71020.9,12208.6,11711,68320.9,5231.84,10180.6,22.85
7372.95,7116,67902.4,3541.6,3628,63975.3,3917.8,7212.66,22.85
5153.2,5045,66941.5,1844.52,1845,65519,5254.64,8541,22.8561
14004.9,13581,67581.6,5575.36,5469,66810.5,2203.24,6421.74,22.8561
16292.9,15669,68145.5,6965.4,6769,67437.5,2251.88,7942.74,22.8561
10869.3,10172,70028.6,6751.84,6216,71185.4,17984.6,24820.4,22.8571
9091.55,9029,65990,3021,3025,65449.3,4106.28,9952.8,22.8622
28609.1,20274,92479.3,20861.2,15442,88535.3,6516.24,12969.1,22.8622
15335.4,14636,68667.9,9557.76,9372,66835,8480.08,12984.7,22.8642
11812.4,11647,66467,3772.64,3755,65843.9,6707,11871.6,22.8642
19929.6,15808,82623.3,13842.6,11924,76081.1,6503.32,16683.4,22.8652
27133.6,20262,87761.7,21262.5,16582,84034.5,13064.4,24891.4,22.8692
11939.2,11988,65269.2,5359.52,5428,64709.2,3668.52,9708.66,22.8692
19477.3,19000,67182.2,10407.4,10444,65306.6,3822.8,10401.3,22.8692
12403.3,12455,65264,5662.76,5719,64891.5,2991.36,9552.66,22.8703
13525.8,13341,66444.1,4294.76,4333,64957.6,2160.68,8443.5,22.8733
12351.3,12128,66742.6,5315.44,5328,65381.5,10509.3,20226.2,22.8743
7009.6,6969,65917.8,3377.44,3305,66972.4,9884.56,15103.9,22.8753
15174.9,14772,67323.5,7988.36,7664,68309.6,12722.4,19646.6,22.8774
7619.3,7476,66792.2,2927.52,2916,65794.9,6565.64,10625.2,22.8794
8529.3,8401,66536.9,3553.76,3509,66372,4920.24,8877.18,22.8794
12422.1,12160,66948.9,9183.08,9172,65615.2,2190.32,5263.44,22.8824
7178.6,7193,65404.8,4663.36,4717,64790.7,10317,14832.5,22.8845
7812.35,7855,65180.2,6417.44,6143,68463.8,2522.44,6640.92,22.8845
13135.8,13017,66134.4,5492.52,5581,64497,2081.64,6969.3,22.8865
14138.8,13710,67585.7,5310.12,5114,68049.3,15606.6,17520.4,22.8905
10972,10973,65530,2820.36,2941,62847.7,2929.04,9742.2,22.8905
12591.8,11932,69159.9,5569.28,5564,65598.2,3158.56,8181.42,22.8926
13419.9,12965,67835.5,3468.64,3473,65453.7,3357.68,9174.36,22.8946
15974.4,15711,66634.7,8648.04,8459,67000.6,3243.68,7788.3,22.8946
9452.95,9028,68620.8,6446.32,6116,69075.6,9085.8,14635.9,22.8976
11835.2,11564,67073,4818.4,4888,64602.8,8821.32,15486.1,22.9007
12926.5,12776,66308.3,4981.8,4856,67233.8,8957.36,15851.2,22.9027
8836.1,8445,68571.1,7764.92,7241,70277.8,5447.68,12211.7,22.9047
7418.45,7476,65031.5,3768.84,3780,65342.5,2556.64,7221.24,22.9047
5873.4,5953,64659.7,2498.88,2549,64247.4,2720.8,6530.94,22.9088
16309.8,15917,67153.3,5611.08,5485,67042.4,4214.2,9959.82,22.9108
9139,8665,69121,6508.64,5997,71127.3,5213.6,12695.3,22.9118
15178.8,14777,67318,7046.72,6797,67943.8,4036.36,11821.7,22.9128
9750.65,9736,65634.6,3443.56,3468,65074.2,3220.88,8497.32,22.9149
8984.3,8596,68496.4,3872.96,3792,66935.2,4205.84,11292.8,22.9159
23028.8,18644,80949.3,17720.9,14564,79741.7,8487.68,19708.3,22.9169
13988.6,13205,69425.2,9562.32,8705,71990.4,10646.1,16269.2,22.9199
14589.2,14480,66030.5,7163.76,7252,64738.6,3405.56,9921.6,22.9209
17711.8,17646,65780.6,8316.68,8174,66680,3592.52,8719.62,22.925
17522,15764,72844.8,12102.2,10644,74514.5,14836,25123.8,22.927
23836.8,19336,80790.7,23473.4,19740,77930.6,3578.84,8287.5,22.927
6553.3,6965,61662.2,2991.36,3045,64381.5,10205.3,14464.3,22.927
12766,12677,65996.1,5340.52,5350,65419.9,5516.08,14278.7,22.928
8724.95,8633,66234,3030.12,3065,64790.2,3454.96,8736.78,22.9291
9048.65,8653,68532.6,3510.44,3497,65787.9,5318.48,10027.7,22.9341
11395.8,10053,74289.8,8600.16,7973,70691.1,9034.88,16559.4,22.9351
13787.8,12708,71104.6,6640.12,6052,71904.6,6080.76,13278.7,22.9361
18538.6,17224,70538.1,16708.6,15528,70518.7,19557.1,20663.8,22.9372
21186.1,20105,69060,13677.7,13337,67210.3,2932.08,6327.36,22.9392
13468,13197,66881.8,6000.96,5789,67935.6,2328.64,6827.34,22.9392
13918.4,13782,66184.8,5969.8,5910,66199.1,2884.96,8897.46,22.9422
14065.3,14005,65818.4,5364.84,5249,66982.3,10617.2,17940,22.9432
12413.7,12680,64159.6,4456.64,4460,65486.6,8204.2,15763.8,22.9453
11859.3,11783,65960.1,5323.8,5207,67006.1,4630.68,11569,22.9473
10017.1,10056,65282.8,5353.44,5416,64779,9907.36,18586.6,22.9493
11854,12016,64652.7,4536.44,4644,64018.1,4444.48,9607.26,22.9493
4945.2,5213,62169.3,2107.48,2109,65488.8,8841.08,13972.1,22.9524
12120.5,12081,65750.6,6021.48,6053,65194.7,3481.56,11185.2,22.9554
9625.2,9576,65872.7,7631.92,7116,70287.5,3825.08,8388.12,22.9554
7462.65,7581,64512.9,2852.28,2969,62959.6,7141.72,14307.5,22.9564
5074.55,5165,64388.3,2261.76,2233,66380.1,4452.84,8405.28,22.9595
15262,14832,67436,8605.48,8496,66380.5,2450.24,6903,22.9625
15262.6,14365,69631.3,12733.8,11933,69934,10400.6,16477.5,22.9635
13573.9,13066,68083.8,6130.92,6154,65290.2,4284.88,8948.16,22.9655
12844,12785,65838.4,5455.28,5541,64522.2,6496.48,14068.1,22.9655
6072.3,6165,64550.6,3375.92,3413,64824,5722.04,10787.4,22.9676
10645,10644,65542.5,4322.12,4308,65750.8,4933.16,9969.96,22.9686
5935.15,5705,68179.8,2896.36,2893,65612.1,10521.4,12845.8,22.9696
13124.8,12749,67467.8,5307.08,5213,66718.7,8103.88,15629.6,22.9696
15169.7,15204,65388.1,7416.84,7572,64193.1,3309.8,8896.68,22.9706
11022,11228,64333.9,4702.12,4696,65621.4,9539.52,16140.5,22.9726
15142.4,15102,65711.3,6893.96,6842,66033.7,3807.6,11506.6,22.9726
15979.6,15225,68784.2,5370.92,5149,68360.6,4231.68,10584.6,22.9747
12679.5,12336,67361.1,4775.84,4784,65424.2,3983.16,10857.6,22.9818
8377.85,8577,64014.3,4625.36,4725,64154,12147.8,16566.4,22.9848
18246.1,15344,77931.4,13380.6,11936,73467.5,2751.2,5733.78,22.9878
24468.6,18428,87018.4,22220.1,17884,81425.7,9618.56,20727.7,22.9959
7523.75,7564,65187.3,2586.28,2668,63528.7,3347.8,4708.86,22.997
6744.4,6970,63414.8,2615.92,2618,65483.9,2880.4,6257.16,22.999
16575.6,16327,66534.1,9992.48,9975,65650.8,3579.6,7266.48,23.002
11814.4,11892,65108.4,4841.2,4832,65660.8,2997.44,9159.54,23.003
15590.9,15354,66547.2,6858.24,6714,66943.9,9427.04,17637.4,23.0051
10616.4,10789,64487.9,4319.08,4293,65934.1,5403.6,10918.4,23.0051
9361.3,9458,64865.9,6311.04,6114,67648.1,6564.12,13978.4,23.0051
5561.4,5672,64258.1,2751.96,2716,66403.7,2155.36,6288.36,23.0061
9016.15,8961,65939.3,3893.48,3893,65544.1,3929.96,8005.14,23.0081
12211.5,12309,65017.1,4284.88,4305,65229.7,3613.8,10149.4,23.0122
17750.2,17385,66912.7,7210.88,7213,65516.7,9959.04,15429.2,23.0122
12780.9,12480,67116.4,7954.92,7700,67705.7,13604,23498.3,23.0132
9566.05,9337,67143.7,6044.28,5949,66585.6,5065.4,12808.4,23.0132
10723.7,10444,67291.1,4705.92,4680,65899,3255.84,9036.3,23.0142
18482.8,16920,71589,11520.8,10984,68739.1,2935.88,7792.2,23.0152
9142.25,8989,66653.3,4036.36,4025,65721,8832.72,14749,23.0162
16124.5,14413,73318.4,10842.9,9833,72267,6653.04,13988.5,23.0162
12519,12119,67699.1,5716.72,5623,66628.3,4626.12,11176.6,23.0162
11326.3,10892,68148.8,3520.32,3452,66833.1,3886.64,9413.04,23.0172
8921.9,8758,66762.5,4213.44,4278,64547,7979.24,12716.3,23.0172
14714,14098,68399.8,9549.4,8982,69676,7694.24,11632.9,23.0193
9383.4,9429,65219.1,3551.48,3445,67561.6,2843.92,7774.26,23.0193
23316.1,20321,75195.5,12071.8,9793,80786.3,6030.6,15809,23.0203
6330.35,6549,63348,2688.88,2661,66222.6,2618.96,6286.8,23.0223
13471.2,12348,71497.6,10990.4,9880,72901.2,7268.64,11085.4,23.0233
12450.1,12553,64998.8,7458.64,7257,67357,8161.64,16058.6,23.0233
11535.5,11681,64720,4594.2,4613,65268.9,8407.88,14162.5,23.0243
6319.3,6588,62863,3432.16,3432,65539,2025.4,5247.84,23.0264
9874.15,9324,69402.9,7601.52,7256,68656.7,11958.6,16724.8,23.0284
12918.1,13200,64136.4,7163,6996,67100.4,6108.88,14042.3,23.0334
14329.2,14073,66729.3,6251.76,6109,67067.5,4086.52,10214.9,23.0355
10540.4,10622,65032.5,5332.16,5198,67227.5,8837.28,15792.7,23.0365
12255.1,12604,63721.9,5682.52,5708,65243.5,4383.68,10932.5,23.0375
26491.4,21753,79811.5,18706.6,15529,78946.4,3278.64,7388.94,23.0385
33753.2,27875,79356,20516.2,16579,81099.6,3743.76,7438.86,23.0405
11161.1,11076,66039.8,5409.68,5236,67709.9,2912.32,8017.62,23.0416
10406.5,10796,63171.6,4962.8,4972,65414.7,7948.08,14538.4,23.0416
12233.6,12305,65156,5781.32,5857,64689.2,5031.96,13671.1,23.0426
20399.6,16697,80068.8,15285.1,13017,76955.2,6508.64,17537.5,23.0436
10533.9,10761,64152.9,4890.6,4825,66427,11759.5,17164.7,23.0446
12764.7,12961,64543.4,5413.48,5521,64259.7,5078.32,14879.3,23.0476
14700.4,14658,65725.6,5155.84,5106,66175.7,4244.6,10491.8,23.0497
18724.5,18393,66717.3,7974.68,7657,68255,2552.08,8151.78,23.0507
6729.45,6984,63147.4,2837.08,2904,64025.8,2549.8,7625.28,23.0527
14145.9,14345,64626.6,7530.08,7385,66823.5,2493.56,6624.54,23.0537
12264.8,11987,67055.1,6450.12,6323,66853.6,5657.44,10331.9,23.0557
12428.6,12276,66350.9,4964.32,4928,66019,8719.48,13515.1,23.0588
9581.65,9169,68485.4,3449.64,3377,66945.7,3985.44,8427.12,23.0628
7124.65,6977,66922.9,2720.8,2657,67109.7,16161.4,16752.8,23.0639
6814.6,6557,68110.7,3837.24,3757,66935.7,8970.28,11966.8,23.0639
15562.9,15141,67362.4,5753.96,5733,65775.6,7574.16,16784.8,23.0649
6098.3,6041,66157.6,3072.68,3101,64937.5,4360.12,7958.34,23.0649
14074.4,13904,66339.4,4575.2,4576,65524.5,9981.08,15128.1,23.0659
7599.15,7552,65945.2,4423.2,4420,65583.4,2250.36,6914.7,23.0659
12655.5,12358,67113.7,5788.16,5638,67281.5,2977.68,8966.88,23.0659
14888.2,14240,68519.4,11260.2,11088,66553.6,3719.44,7308.6,23.0699
32540.3,25753,82808.3,16323.3,13097,81680,18908.8,33428.5,23.0709
16403.4,15930,67483.6,5833.76,5802,65894.7,4238.52,10781.9,23.072
7465.9,7461,65579,3598.6,3537,66677.4,2897.12,8079.24,23.073
13077.3,12908,66395.8,6396.16,6264,66918.7,5016,11770.2,23.073
6806.15,6828,65326.3,3404.8,3468,64341.7,7361.36,12923.8,23.075
13345.1,13244,66036.5,5155.08,5244,64424.7,7128.8,15546.2,23.076
17488.9,17185,66694.9,5855.04,5729,66977.8,7382.64,13504.9,23.076
7187.7,6977,67515.1,3240.64,3253,65287,5665.04,10729.7,23.077
32566.9,20060,106396,27777.2,19468,93507.8,41458.8,50329.5,23.077
16257.1,15216,70020.3,4617.76,4480,67551.2,2273.92,7518.42,23.078
8188.7,7509,71468.2,3330.32,3301,66118.1,3130.44,7897.5,23.078
10834.2,10625,66826.4,4821.44,4705,67157.9,8176.08,15749,23.0791
21752.9,16980,83957.5,19928,16340,79926.5,4055.36,8594.04,23.0791
18676.4,15821,77364.3,13168.5,11037,78192.6,3710.32,8088.6,23.0811
14810.2,11824,82087.7,13693.7,11200,80127.6,30216.8,43086.4,23.0811
8668.4,8021,70825.6,9003.72,8309,71015.5,6004.76,15342.6,23.0811
16743.3,13681,80205.6,13882.9,12373,73533.6,2335.48,8199.36,23.0821
17902.9,16989,69061.6,8855.52,8521,68108.8,3175.28,7355.4,23.0821
15208.7,14222,70082.8,9528.12,9242,67564.9,3445.08,8250.06,23.0851
12006.8,11565,68039.6,7125,6745,69228.2,15326.9,20923.5,23.0851
6550.7,6636,64693.6,2811.24,2748,67044.2,2631.12,6683.82,23.0862
8091.85,8304,63861.7,4286.4,4400,63844,6356.64,11796.7,23.0862
12051.6,12376,63818.4,5310.88,5432,64074.7,3798.48,11538.5,23.0872
11898.9,11443,68147,8562.92,8039,69807.1,16337,20209,23.0882
18984.5,17968,69243.7,9290.24,8736,69693.8,4265.12,11804.5,23.0902
9340.5,9616,63658.4,3686,3712,65077,4351,10126,23.0922
9310.6,9129,66839.7,3837.24,3785,66440.5,6414.4,11080.7,23.0932
7522.45,7513,65618.4,3356.16,3357,65519.6,11037.5,16664.7,23.0953
16994.9,16084,69247.5,12546.8,11940,68866.8,9007.52,15841,23.0963
8486.4,8632,64430.6,4290.96,4248,66198.8,4997.76,9998.04,23.0993
7346.3,7565,63641.4,3115.24,3117,65499,4582.04,9194.64,23.0993
20926.8,14796,92691,20650.7,15547,87050,16706.3,31971.4,23.1054
25976.6,20006,85094.6,24089,20246,77975.6,10640.8,16229.5,23.1074
29203.8,22376,85533.8,24540.4,20488,78498.6,7793.8,18700.5,23.1095
6174.35,5864,69004.5,2818.84,2860,64592.8,3714.12,9494.94,23.1095
22952.1,18461,81479.4,15146,13113,75696.7,2038.32,4871.1,23.1105
12403.3,11393,71347.6,5432.48,5301,67161.5,8676.92,14305.2,23.1105
5540.6,5427,66907.8,2650.12,2615,66416.2,6012.36,9734.4,23.1115
16379.3,13099,81948,10782.1,9547,74014.6,3027.84,11176.6,23.1115
8164.65,7972,67119.7,3456.48,3504,64647.2,7413.04,13780.3,23.1125
8440.25,7963,69463.8,6155.24,5823,69275.3,17604.6,26111.3,23.1155
28123.5,19013,96939.2,29561,20853,92903,2548.28,241.8,23.1166
18397.6,15249,79067.8,13895.8,12081,75381,23813.1,37473.5,23.1186
8578.05,8608,65308,3488.4,3508,65169.8,2229.08,7718.88,23.1186
7837.7,7364,69751.7,3025.56,2916,67998.3,3484.6,7880.34,23.1196
9089.6,9457,62990,3660.16,3749,63983,4220.28,8938.8,23.1206
5605.6,5960,61639,2725.36,2732,65376.7,11185.7,13394.9,23.1206
19302.4,15996,79082.4,14874.7,12300,79254.4,23591.9,29976.2,23.1216
13021.4,12865,66333,4471.84,4389,66773,2693.44,9246.12,23.1257
8875.1,8849,65729.3,3892.72,3797,67188.1,11404.6,16042.3,23.1267
8600.8,8978,62782.6,4784.96,4838,64817.5,3249,8287.5,23.1267
11337.3,11585,64134.8,4212.68,4309,64071.1,10655.2,17360.5,23.1277
10283,9701,69467.8,5839.84,5809,65883.9,5673.4,11678.9,23.1277
10258.9,9586,70136.7,6431.88,6278,67142.4,6696.36,15461.2,23.1287
13273,12392,70195.2,6057.2,6040,65722.6,2435.8,7612.8,23.1287
11366.5,11089,67176.3,4461.96,4469,65432.8,2251.12,7066.8,23.1318
10630.1,10730,64925.8,3185.16,3246,64307.7,3136.52,7808.58,23.1318
12967.5,12641,67228.7,5428.68,5409,65774.4,12191.2,17096.8,23.1338
11295,10641,69564.2,7670.68,7269,69157.5,9800.2,19350.2,23.1348
7865.65,7916,65119.2,3445.84,3448,65494.9,7012.52,13284.2,23.1389
6496.75,6441,66103.2,2692.68,2781,63454.7,3596.32,7768.02,23.1399
13432.9,12418,70892.1,12228.4,11410,70236.7,17831.9,20322.1,23.1419
10831.6,10076,70450.5,7655.48,7612,65910.3,6931.2,11779.6,23.1439
16649.1,15440,70668.1,8559.12,8388,66873,4393.56,9506.64,23.1449
13197.6,12648,68383.8,7484.48,7436,65963.3,4132.12,5572.32,23.146
12608.7,12632,65415.1,3046.08,3064,65152.7,4950.64,11817,23.147
6493.5,6289,67667,4066,4005,66534.2,2158.4,5076.24,23.148
13528.4,13438,65977.1,8803.08,8570,67318.4,5109.48,10491,23.148
22098,14647,98874.7,21755.8,17075,83501.3,7752.76,15249,23.148
17813.9,17129,68156.4,5937.12,5961,65273.5,7356.8,11540.9,23.151
15256.8,15149,66002.4,6948.68,6957,65457.6,3043.8,8267.22,23.151
12503.4,11809,69389.7,10263.8,9797,68658.6,9781.2,15761.5,23.1541
6141.85,6493,61991.7,3192.76,3161,66194.5,4572.92,8958.3,23.1541
10846.5,10784,65916.1,6897.76,6740,67070,4108.56,10004.3,23.1551
12144.6,11755,67708.1,6075.44,5947,66951.4,12215.5,18784.7,23.1561
14643.8,14709,65245.7,5190.04,5221,65147.4,2874.32,9547.98,23.1581
15812.5,16030,64647,6361.2,6542,63724.8,8268.8,16714.6,23.1632
23279.1,17933,85073.3,20273.8,16509,80481,22167.7,35027.5,23.1652
13235.9,14064,61677.4,5350.4,5472,64079.6,6485.84,14141.4,23.1672
17785.9,15820,73680.2,11458.5,9884,75975.9,12902.5,23575.5,23.1672
11764.3,12199,63200.9,8804.6,8419,68537.6,3588.72,8246.16,23.1672
9638.85,9948,63499.4,4412.56,4412,65544.3,4579,9305.4,23.1683
8799.7,9433,61136.1,4951.4,4905,66156,2715.48,8501.22,23.1683
12888.2,13009,64927.4,5953.08,5857,66611.1,2967.04,9237.54,23.1723
13386.1,13316,65881,5580.68,5408,67628.6,6824.04,12733.5,23.1743
12079.6,11528,68671.8,8495.28,7740,71931.1,6522.32,12387.2,23.1753
16961.1,16616,66897.1,4197.48,4204,65434.4,4185.32,10884.9,23.1764
7627.75,7815,63965.7,3192.76,3251,64362,7701.08,13894.1,23.1774
18476.3,17892,67676,8255.12,8180,66137.8,9072.12,14128.9,23.1784
10262.2,9225,72904.4,7868.28,7085,72781.3,6864.32,14420.6,23.1794
9416.55,9405,65616.5,4835.88,4729,67017.2,9887.6,16616.3,23.1794
7953.4,8262,63088.1,3553,3634,64075.2,3939.08,10109.6,23.1804
27041.3,17339,102208,14286.5,8347,112169,14347.3,19000.8,23.1804
10081.5,10772,61335.1,4599.52,4640,64964.3,2990.6,9784.32,23.1824
9306.7,9258,65880.7,7099.16,6458,72042.5,9345.72,18057,23.1875
18521.1,18188,66736.3,10405.2,9912,68796.7,3546.16,9225.06,23.1885
7293.65,7828,61062.4,3984.68,3952,66077.9,2784.64,6659.64,23.1895
6193.85,6804,59659,3713.36,3716,65489.4,6868.12,12180.5,23.1895
12011.3,12328,63852.7,6773.88,6360,69800.8,13417.8,19481.3,23.1906
12779.6,12880,65025.4,5696.96,5508,67784.3,2519.4,7996.56,23.1906
8720.4,9252,61770.4,4459.68,4484,65180.6,6007.8,12760,23.1906
20064.2,17060,77076.6,17163.8,14704,76499.5,4081.96,11877.8,23.1966
24141.6,18376,86098.6,17926.1,14620,80356.1,5266.8,13529.1,23.1987
7572.5,8196,60550.4,3765.04,3844,64189.8,2432.76,6683.82,23.1987
11632.4,12025,63396.3,6021.48,5977,66023.7,2107.48,7515.3,23.1997
9686.95,10125,62700.6,3733.88,3693,66261.5,3546.16,7637.76,23.2027
31173.3,24457,83533.4,23393.6,18249,84011.2,15490.3,33614.9,23.2037
6240,6597,61989.5,3191.24,3125,66925.2,2843.16,7326.54,23.2058
16066,15473,68047.9,9494.68,8897,69938.6,18305.4,30151.7,23.2098
12465,12268,66588.6,5769.16,5788,65322.7,15596,20349.4,23.2108
7839.65,7689,66820,3575.04,3577,65500.1,4690.72,9206.34,23.2118
14677.6,14776,65099.8,7682.84,7788,64651.1,3103.84,10345.9,23.2118
21578,16893,83711.5,10640,8297,84042.8,12983.8,23819.6,23.2129
11818.3,11997,64559.8,4600.28,4585,65754.4,6043.52,13359.8,23.2149
10275.2,10697,62951.8,4675.52,4761,64359.4,3686,10382.6,23.2149
11017.5,11572,62395.7,4271.2,4416,63387.1,4494.64,12171.1,23.2169
12732.2,12812,65127.8,6842.28,6696,66967.7,3069.64,10207.1,23.2169
11367.2,11425,65204.4,3599.36,3713,63530.2,6560.32,12639.9,23.2179
38053.6,22945,108690,46595.6,31521,96877.9,10409.7,22084.9,23.2189
11361.3,11328,65728.9,5683.28,5524,67425.7,5932.56,13743.6,23.2199
10003.5,10417,62934.6,4081.96,4145,64539.3,2938.92,9261.72,23.222
7898.8,8259,62677.8,3706.52,3699,65669.2,2859.88,8140.86,23.222
10890.8,11328,63006.4,4355.56,4432,64405.7,4709.72,12137.6,23.223
9212.45,9499,63559,3177.56,3131,66510.6,5726.6,9934.08,23.2281
9288.5,8965,67900.9,6743.48,6325,69872,16478.3,20924.3,23.2281
5274.1,5445,63479,2153.08,2193,64343,3401,7243.86,23.2291
15663,15213,67474.8,9774.36,9449,67792.6,3014.16,5927.22,23.2291
16627.6,16708,65220.8,8291.6,8308,65406.6,4088.8,10253.9,23.2321
13376.3,12978,67547.6,9578.28,9058,69300.3,19544.9,19269.9,23.2331
16058.2,16135,65224.3,7894.88,7779,66512.3,6786.04,15704.5,23.2351
12558,12940,63601.3,5275.16,5256,65774.9,2956.4,10012.9,23.2362
20109,16147,81616.8,15396.1,12615,79983.9,3431.4,7551.96,23.2392
5155.8,5553,60848.3,2207.04,2225,65007,2343.84,5497.44,23.2402
8102.25,8544,62147.6,3508.16,3476,66142.3,5343.56,11680.5,23.2412
15002,11940,82342.6,14418.7,11796,80107.3,5367.88,11198.5,23.2443
11558.9,11984,63211.6,4108.56,4148,64912.9,9518.24,15549.3,23.2453
7571.85,7860,63133.4,5075.28,5008,66416.4,2525.48,8022.3,23.2453
12509.9,12404,66095.5,12442,11876,68659.2,3961.88,7720.44,23.2483
4824.95,5205,60750.8,2299.76,2289,65844.1,10184.8,12677.3,23.2514
5782.4,6013,63022.7,3117.52,3133,65212.2,3062.04,5889,23.2595
19231.5,15323,82252.8,14615.6,11583,82694.1,16197.9,28829.6,23.2615
13272.3,13517,64349.8,5419.56,5485,64754.1,2858.36,8677.5,23.2625
21552.7,17632,80108.8,15841.4,13200,78650.3,2471.52,5410.86,23.2656
15098.8,15005,65945.9,6884.84,6941,65005.7,2965.52,7965.36,23.2666
15218.4,15410,64721.4,7232.16,7334,64626,2315.72,8441.16,23.2666
7740.85,7992,63476.5,1963.84,2028,63462.6,2797.56,6840.6,23.2676
7752.55,7906,64264,3350.08,3334,65852.1,3948.96,8799.96,23.2706
15740.4,15448,66776.5,7007.96,7004,65573.1,5251.6,11156.3,23.2716
10691.8,10405,67342.7,4270.44,4193,66746.4,2203.24,7714.2,23.2767
16396.3,15828,67888.8,10995.7,10464,68865.9,5732.68,12994,23.2767
15707.2,15131,68031.9,9055.4,8881,66823,6387.8,14859.8,23.2828
13059.8,12660,67605.6,4613.2,4468,67665.8,12353,19132.6,23.2868
5295.55,5313,65320.8,3090.16,3041,66595.4,5867.2,9057.36,23.2879
12252.5,11797,68066.4,5230.32,5169,66313.5,5243.24,11309.2,23.2899
17005.3,14242,78251.6,14426.3,12450,75939.2,24496.3,34773.2,23.2899
13858,13288,68347.2,6574,6392,67402,2701.8,9906.78,23.2919
11870.3,11625,66918.9,5663.52,5785,64159.8,2645.56,10038.6,23.2919
15277.6,14044,71292.6,11747.3,10872,70812.4,13893.6,15380.8,23.2939
14813.5,14533,66800.9,5824.64,5925,64425.9,2587.8,8631.48,23.2939
9744.15,9667,66059,3597.08,3683,64007.1,2207.8,7016.88,23.296
6359.6,6007,69382.8,3596.32,3539,66597.5,14089.6,15746.6,23.298
7920.25,7864,66004.8,3640.4,3656,65256.4,7875.88,11547.1,23.299
37178.7,31325,77782.7,33924.1,27209,81710.1,3260.4,5471.7,23.301
12847.9,12492,67403.1,7358.32,7272,66313.9,7308.92,15447.9,23.302
14115.4,13509,68477.8,5789.68,5825,65138.6,2523.96,5393.7,23.3051
14076.4,13397,68859.5,5528.24,5493,65956.4,2325.6,8203.26,23.3061
13910.6,13761,66248.7,5438.56,5441,65506.6,10978.2,16731,23.3091
14482.6,13620,69686.9,8724.8,8400,68070.1,4908.84,8051.16,23.3142
10357.8,10117,67095.5,5228.04,5137,66697.5,4471.84,9937.98,23.3172
9480.25,9495,65434.2,3686,3731,64745.6,5449.96,11818.6,23.3193
11771.5,11676,66072,4050.04,4088,64927.4,4442.2,42745.6,23.3223
9003.15,8991,65624.6,4666.4,4703,65026,9028.04,14978.3,23.3233
8326.5,7872,69319.8,5479.6,5172,69433.7,8168.48,15021.2,23.3254
16827.8,16585,66495.6,4927.84,5081,63560.5,2269.36,7675.2,23.3264
5760.3,5571,67762.9,2661.52,2691,64818.1,6710.8,11616.5,23.3264
16660.1,15823,69003.3,6209.96,6075,66991.9,2731.44,9354.54,23.3274
12067.3,11452,69056.9,6864.32,6520,68996.9,21166.8,23241.7,23.3274
10344.8,10225,66303.5,8322.76,8101,67330,4702.88,12487.8,23.3304
9801.35,9672,66412.5,4070.56,4076,65448.5,2434.28,8033.22,23.3304
19313.4,18636,67918.3,8559.88,8552,65596.4,3611.52,8659.56,23.3314
14262.3,8409,111154,8371.4,5561,98656.4,10253.2,15812.9,23.3325
13488.8,13505,65457.4,5728.12,5701,65847.8,2597.68,8453.64,23.3335
23782.2,16193,96250.9,26889.6,20757,84898.3,29418.1,44814.1,23.3345
20214.3,19597,67600.5,11642.4,11273,67683.8,2897.88,6264.96,23.3355
24293.8,16865,94403.5,19575.3,14833,86488.8,17028.6,26479.4,23.3365
11928.8,11802,66240.1,5368.64,5258,66915,2491.28,9159.54,23.3375
5615.35,5449,67536.7,3860.04,3881,65182.1,2699.52,6173.7,23.3395
12022.4,12029,65500,4874.64,4825,66210.2,10738.8,16597.6,23.3416
10348.6,9886,68603,7255.72,6906,68854.7,11102.1,20714.5,23.3416
12039.3,11681,67546.2,6808.08,6353,70230.5,9477.96,17270.8,23.3426
7701.85,7879,64062.5,3773.4,3735,66209.8,3981.64,8863.92,23.3426
7246.85,7317,64907.7,3649.52,3537,67620.9,4925.56,10207.1,23.3436
13720.2,13964,64391.8,5524.44,5644,64147.7,2336.24,6750.12,23.3436
12143.3,12160,65446,5922.68,5860,66237,2199.44,7782.84,23.3446
24343.1,17241,92532.5,26862.2,21033,83699,20220.6,29529.2,23.3477
14353.9,14068,66868.1,8503.64,8404,66313,2774.76,6306.3,23.3487
7079.15,6820,68026.3,5206.76,4884,69867,5798.8,9370.92,23.3497
11174.8,11376,64376.9,5079.08,5168,64408.4,7532.36,15760.7,23.3497
6406.4,6556,64040.5,2967.8,2940,66155.7,2579.44,6664.32,23.3507
11620,11476,66358.6,6485.08,6356,66866.9,4752.28,11716.4,23.3527
6643,6692,65056.1,2743.6,2756,65241.1,6606.68,10580.7,23.3527
11609.6,11338,67106.2,5649.08,5502,67287.9,7040.64,14497.1,23.3537
10106.2,9992,66285,4252.2,4168,66859.9,3792.4,10089.3,23.3558
13456.3,13281,66401,6608.96,6565,65974.8,9284.16,17682.6,23.3568
14210.9,13933,66843.4,6961.6,6749,67600.4,8022.56,13949.5,23.3568
7324.85,7229,66404.9,3452.68,3373,67084.1,30080.8,24049,23.3578
10613.2,10383,66989,4617,4591,65907.1,2557.4,7602.66,23.3578
17516.2,16829,68212.1,8385.84,8409,65355.5,3060.52,9483.24,23.3588
15091.7,14587,67803.5,5986.52,5947,65971.5,3749.84,11464.4,23.3608
11213.8,10932,67225.4,8154.04,7600,70313.6,12948.1,18376,23.3639
14443,13829,68445.8,9955.24,9125,71498.8,6410.6,10080.7,23.3659
12049.7,12128,65112.9,6949.44,6900,66005.6,2253.4,7628.4,23.3659
9293.05,9228,65998,7334.76,7000,68670.1,8903.4,16148.3,23.3679
18903.3,15885,77988.5,15293.5,13817,72539.2,17830.4,28718,23.3689
6878.3,7094,63543.3,3266.48,3202,66855.7,3654.84,8472.36,23.37
9044.1,9244,64118.8,4103.24,4120,65269.4,3465.6,9527.7,23.371
11418.5,11480,65185.2,4788,4700,66763.1,3549.96,9047.22,23.371
9875.45,9710,66652.7,6678.88,6346,68973.7,18158.7,24562.2,23.372
14062.1,13947,66076.8,5978.16,5867,66777.7,7624.32,14953.4,23.377
5243.55,5556,61850.5,3797.72,3812,65290.5,3226.96,6264.96,23.377
17788.5,17492,66647.1,9929.4,9876,65890.4,3058.24,6229.08,23.3781
11622,11564,65864.7,5377,5276,66790.6,3996.84,9909.12,23.3801
10311.6,10241,65987.8,4826,4757,66486.6,9154.2,16298.1,23.3801
11236.5,11305,65139.2,5011.44,5101,64385.4,3935.28,12721.8,23.3821
9459.45,8667,71528.1,7486,6927,70824.7,2397.04,6732.96,23.3821
17895.1,11240,104340,7431.28,4172,116735,6259.36,15110.9,23.3821
6678.75,6676,65563,4139.72,4068,66691.4,3280.16,6672.9,23.3862
14165.4,14086,65905.6,5002.32,5025,65240.2,3088.64,9203.22,23.3882
16983.8,14100,78940,14105.6,12388,74622.6,17651,28971.5,23.3902
12381.2,11827,68606.9,6076.96,6099,65299.2,5272.88,10255.4,23.3923
22978.1,21889,68796.9,11636.4,11681,65285.5,3359.96,8307.78,23.3923
17308.2,16304,69572.5,11321.7,10852,68372.7,12969.4,19943,23.3963
28603.9,26309,71252.6,15882.5,15253,68240.6,4605.6,14621.1,23.3973
22170.2,16592,87569.1,15180.2,11700,85030.1,14262.2,26894.4,23.4014
13139.8,13017,66154,6124.08,6173,65016.6,14683.2,21464,23.4014
7182.5,7353,64016.4,3313.6,3389,64077.9,2392.48,6469.32,23.4014
11588.2,11598,65480.6,4601.8,4554,66223.9,5042.6,11746,23.4024
14234.3,12654,73720.8,10378.6,9610,70777.2,19240.2,34250.6,23.4034
7827.95,7841,65426.9,4027.24,4065,64927.2,2640.24,6672.9,23.4034
13021.4,12974,65775.7,4814.6,4884,64604.8,2944.24,9789.78,23.4085
16318.2,15984,66906.4,9678.6,9488,66852.5,2793.76,7034.82,23.4095
13111.1,13129,65446.9,6258.6,6121,67009.3,2259.48,7284.42,23.4135
13191.8,12672,68224,6030.6,5844,67628.6,9557,16318.4,23.4146
22133.8,18330,79135.9,18518.9,16010,75806.1,4665.64,10257.8,23.4146
10671,10917,64059.5,4483.24,4501,65277.4,6794.4,12736.6,23.4146
12120.5,11471,69247,9479.48,8779,70765.1,4854.88,9994.92,23.4156
14584.7,13904,68744.4,12014.1,11316,69578.9,5231.84,9325.68,23.4176
14320.8,13712,68445.7,8580.4,8288,67848.1,6908.4,13199.9,23.4186
11862.5,11809,65832.9,7054.32,6837,67619.1,9800.2,14710.8,23.4186
13031.8,13036,65515.1,5117.08,5096,65807.1,3537.04,10831.1,23.4186
8167.9,8373,63930.7,4205.08,4213,65412.8,2721.56,7630.74,23.4196
12597.6,12396,66602.1,5490.24,5404,66581.9,4043.2,10399,23.4206
10298.6,10374,65059.7,4668.68,4678,65405.4,2357.52,7197.84,23.4216
15486.9,15160,66949.2,6121.8,5960,67315.1,12566.6,20884.5,23.4227
9083.75,8913,66791.5,3619.12,3489,67980.1,2628.08,8555.82,23.4227
16544.4,15517,69875.4,11143.9,10505,69521.7,9679.36,13749.1,23.4257
8550.1,8237,68027.1,3747.56,3677,66793.6,2116.6,6736.08,23.4257
15861.9,12125,85734.3,17918.5,14313,82044.9,15194.7,27282.1,23.4267
6783.4,7028,63255.1,3385.04,3444,64414.1,10114.8,13383.2,23.4277
23544.3,19517,79059.2,23131.4,20205,75027.8,10721.3,17034.4,23.4277
6617,6919,62675.5,3164.64,3203,64751.1,2498.88,5925.66,23.4298
13511.5,13759,64357.4,4809.28,4927,63970.2,3135,9145.5,23.4308
16340.3,15973,67043.2,10843.7,10661,66659,6719.16,10516.7,23.4308
11084.4,10229,71016.8,8814.48,8309,69522.9,3983.92,8608.08,23.4308
8737.3,8769,65299.1,4261.32,4241,65850,5256.92,11627.5,23.4318
14106.3,14233,64952.6,4430.04,4569,63542.8,11501.8,19501.6,23.4318
14007.5,13827,66391.5,6684.96,6691,65476.8,2478.36,9513.66,23.4328
9731.8,9456,67447.5,7893.36,7460,69343.1,9067.56,15992.3,23.4338
8755.5,8821,65049.4,4532.64,4485,66232.1,6482.8,11728.1,23.4338
15416,15253,66236.6,5139.88,5121,65777.6,4317.56,11370.1,23.4338
12971.4,12678,67052.7,6171.96,5910,68440.9,2212.36,6169.02,23.4369
17685.2,13841,83738,17071.1,14305,78208.5,5792.72,19298,23.4369
11410.8,11559,64695.5,6484.32,6471,65670.9,5848.96,11037.8,23.4369
16940.9,16364,67846.6,11321.7,10748,69034.3,11109.7,13939.4,23.4369
10229,10202,65709.8,3691.32,3642,66423.5,3347.04,8985.6,23.4379
17340,16825,67542.2,7992.16,7737,67697.3,2375,6569.16,23.4389
13295.1,13333,65349.7,5624.76,5665,65070.5,6581.6,15061.8,23.4429
5372.25,5589,62994.4,2944.24,2993,64468.3,4293.24,8871.72,23.447
21574.1,17632,80188.5,19705.3,16580,77889.3,6630.24,17186.5,23.449
12042.5,11912,66254.2,5540.4,5068,71644.8,4660.32,8876.4,23.45
6137.3,6400,62845.9,2996.68,2896,67814.4,8363.04,12372.4,23.45
16942.3,16444,67521.7,10266.1,9900,67959.4,2447.2,6758.7,23.451
14957.8,14556,67345,8318.96,7864,69327.5,13150.3,16925.2,23.451
10622.9,10540,66051.8,7305.12,6776,70653.5,5675.68,14524.4,23.451
9259.9,9557,63498.7,4027.24,4085,64609.4,16627.3,22619.2,23.4521
9202.7,8944,67431.6,6559.56,6048,71079.3,11933.5,20251.1,23.4571
7603.7,7676,64918.7,3628.24,3596,66123.6,3134.24,7332.78,23.4571
8134.75,8225,64816.9,2629.6,2693,63993.1,2895.6,6578.52,23.4591
5277.35,5236,66053.6,3010.36,2980,66203.7,5059.32,9331.92,23.4602
14859.6,14461,67342.6,5117.84,5053,66377,4376.08,11919.2,23.4632
11767.6,11896,64828.6,5817.04,5848,65189,2101.4,6822.66,23.4642
12182.9,12497,63889.1,4667.92,4785,63932.5,7255.72,13599.3,23.4652
13697.4,13256,67718.5,8308.32,7644,71231.6,5478.08,13745.2,23.4662
13315.2,12896,67666.6,5702.28,5440,68695.7,2416.04,7371,23.4693
6213.35,6292,64716.8,2762.6,2688,67354.8,6779.2,9161.1,23.4693
9742.2,9601,66499.8,5163.44,5013,67502.7,18353.2,29711.8,23.4693
10331.1,10252,66041.6,6757.16,6376,69453.8,3724.76,11356,23.4713
14071.2,13753,67052.3,7653.2,7629,65743.9,5500.12,14026,23.4723
37475.1,28984,84735.3,30764.8,25144,80186.2,9128.36,22509.2,23.4733
12327.3,12243,65987,6891.68,6855,65886.7,4382.92,12390.3,23.4733
6987.5,7421,61707.7,3036.96,3085,64515.5,6507.12,10635.3,23.4774
13414,12172,72223.4,10476.6,9596,71550.1,11127.9,14215.5,23.4784
15580.5,15157,67367.1,10166.5,9713,68596,6122.56,9625.98,23.4784
6339.45,6657,62409.8,3660.92,3733,64270.6,2347.64,8236.02,23.4794
11707.8,11873,64624.1,4535.68,4497,66099.7,2260.24,8116.68,23.4794
12581.4,12688,64985.4,4544.8,4544,65547.5,2481.4,7596.42,23.4794
10258.3,9744,68995.1,8440.56,7824,70700.5,4097.92,10670.4,23.4825
11596,11592,65558.6,5758.52,5772,65382.9,11480.6,17820.7,23.4825
9727.9,9829,64861.9,4435.36,4449,65335.1,3879.04,9645.48,23.4825
12499.5,12652,64746.1,4343.4,4328,65769.2,5277.44,11863,23.4835
10696.4,10918,64205.8,5823.12,5666,67353.3,4494.64,8134.62,23.4835
12760.8,12636,66183.3,6055.68,5836,68002.9,8734.68,16949.4,23.4845
19086.6,14889,84012.3,19925.7,16589,78717.8,11704,22504.6,23.4855
26351.6,19076,90531.6,25137.8,19248,85589.6,13341,28306.2,23.4896
16069.3,15768,66788.3,4999.28,4892,66973.2,3189.72,7968.48,23.4916
12134.8,11920,66717.2,4825.24,4756,66490.1,7611.4,14776.3,23.4926
7488,7540,65084,4126.8,4032,67076.9,2368.16,5138.64,23.4926
15946.4,15388,67914.4,7729.96,7372,68718.2,4214.2,9197.76,23.4956
13505.7,13448,65817.2,6171.2,6040,66959.6,3897.28,11822.5,23.4967
8639.15,8668,65317.9,3766.56,3628,68038.9,8312.12,12809.9,23.4977
7014.15,7084,64889.8,3654.84,3612,66313.3,6656.84,12590,23.4987
13575.2,13647,65191.4,5418.8,5487,64721.4,8633.6,16461.1,23.4987
14208.3,13820,67377.6,6178.8,5660,71543.1,2952.6,4381.26,23.4997
6102.85,6365,62836.8,4249.16,4189,66477.2,7512.6,13016.6,23.4997
9970.35,9944,65709.7,5719.76,5672,66087.8,4946.84,11974.6,23.5017
14082.9,14041,65731.6,5484.16,5389,66693.3,13088.7,20195.8,23.5017
16349.4,16332,65606,6348.28,6300,66038.2,5391.44,13082.2,23.5027
20409.3,15084,88673.2,12194.2,9612,83141.8,2481.4,7835.88,23.5027
13635,13380,66785.3,6848.36,6768,66314.1,3126.64,8548.8,23.5037
10538.4,10625,65002.1,5529,5445,66547,4978,11012,23.5058
17477.8,15336,74688.9,13290.9,11820,73691.3,4569.88,9036.3,23.5058
11619.4,11413,66721.2,5387.64,5233,67472.6,8521.88,13119.6,23.5058
9181.25,8921,67447.9,7767.96,7545,67472.6,7014.04,14385.5,23.5078
22401.6,17848,82256.3,20035.9,17160,76519.3,9812.36,13648.4,23.5098
8879.65,8729,66667,4049.28,3865,68660.7,5415,13118.8,23.5169
11753.9,11141,69141.6,8506.68,7729,72130.1,6817.96,14902.7,23.521
11428.9,11261,66513.4,3907.16,3849,66526.3,8797.76,14932.3,23.522
10041.2,10229,64332.8,6612.76,6673,64944.4,4913.4,13833.3,23.526
8502.65,8605,64756.5,4141.24,4169,65099.6,4195.2,9405.24,23.5281
16308.5,15633,68367.8,7794.56,7445,68613.1,9351.8,16619.5,23.5281
8780.85,9106,63195.9,4180.76,4166,65768.2,2098.36,6819.54,23.5291
11674.6,11599,65963.4,5158.12,5099,66295.9,2510.28,7683.78,23.5301
11158.5,11090,65941.1,4001.4,4038,64942,3746.04,10418.5,23.5321
7879.95,7941,65032.2,4322.12,4197,67489.8,2364.36,7529.34,23.5352
6616.35,6924,62624.1,3451.16,3436,65825.1,7973.16,14104,23.5392
12714,13025,63971.2,5296.44,5301,65479.6,3920.84,10719.5,23.5392
14820,14536,66816.4,5808.68,5576,68270.7,2243.52,7622.16,23.5402
9165.65,8356,71886.1,6452.4,6112,69185.9,9048.56,16674.1,23.5412
11360,11162,66698.8,4059.16,3946,67415.4,7919.2,9026.16,23.5423
