"FSC-A","FSC-H","FSC-W","SSC-A","SSC-H","SSC-W","Comp-FITC-A","Comp-PE-A","Time"
16229.2,14533,73184.9,12775.5,11685,71652.1,23246.1,55.8864,0.602957
9120.15,9020,66263.6,3624,3528,67319.3,10654.4,-7.28041,0.602957
7109.7,7336,63514.4,4431,4428,65580.4,10537.8,22.824,0.61246
10705.5,10596,66213.3,6279.75,6048,68047.3,6902.34,43.6006,0.618796
7258.55,7733,61515.1,3477,3477,65536,16222,-56.5096,0.62302
7618.65,7797,64036.9,3109.5,3009,67724.9,13865.5,24.4189,0.624076
14317.5,14636,64110.1,5537.25,5468,66366,14434.6,-54.7225,0.6283
5779.15,5860,64631.8,2946.75,2816,68578.9,8263.93,30.6494,0.634636
4858.1,5416,58785.2,2472,2492,65010,18826.4,54.3325,0.637804
14642.5,14669,65417.8,4932,4841,66767.9,14737.6,142.206,0.637804
12567.1,12293,66997.3,7418.25,7189,67625.9,15620.9,36.3929,0.640971
7928.05,7889,65860.4,5112.75,4629,72384.8,12035.6,-30.5523,0.643083
8719.1,8460,67543.1,3494.25,3260,70245.1,12372.6,46.835,0.647307
9513.4,8836,70560.2,8729.25,7924,72195.9,14748.8,106.946,0.650475
10539.8,10204,67692.4,5283.75,4888,70842,15580.1,-12.6255,0.650475
11877.4,11763,66173.6,3024.75,2883,68758.3,8959.89,-49.3567,0.652587
8802.95,8198,70372.1,4385.25,4114,69857,19285.1,-93.6048,0.655755
5387.2,5348,66016.4,2255.25,2160,68426,24750.8,44.6498,0.655755
14859,13202,73761.5,10105.5,8934,74129.6,6948.56,2.31886,0.656811
8732.75,8084,70795.3,4401,4208,68541.8,18764,47.4548,0.669483
9027.2,7905,74839.5,7494,6805,72171.5,35819.4,-2.20615,0.669483
8126.3,7521,70810.4,3488.25,3281,69675.7,13899.8,17.5376,0.669483
10646.3,10271,67931,4005,3951,66431.7,21826.8,76.5797,0.669483
13232,12405,69905.3,4060.5,3925,67798.5,20514.9,-109.131,0.674762
14832.3,13321,72971.5,5160.75,4621,73190.8,12628.3,-42.6146,0.675818
5932.55,5628,69082.4,2726.25,2632,67882.8,8897.55,-146.534,0.675818
11853.4,11269,68934.6,4753.5,4645,67066.8,10892.7,111.391,0.680042
18326.1,16378,73331.3,8933.25,7918,73939.1,23674.8,59.3103,0.680042
15024.1,14041,70124.6,8439.75,7213,76682,9552.76,62.421,0.682154
8018.4,7592,69216.8,3852,3640,69352.9,13955.9,-34.9245,0.684266
9326.85,8556,71440.4,5934,5580,69693.7,7688.19,18.6311,0.686378
26474.5,18952,91548.8,20825.3,15884,85923.2,37533.9,194.669,0.686378
10303.8,10252,65867.1,3487.5,3416,66907.7,12660.3,86.3842,0.689546
9577.1,9642,65094.9,3811.5,3738,66824.6,8682.86,70.1937,0.691658
13799.5,11898,76009.8,5175.75,4682,72447.2,7332.71,27.2444,0.691658
9624.55,8812,71579,6318,5596,73991.5,24038.6,5.11659,0.692714
12215.4,11948,67003,7456.5,7020,69611,23976.7,-25.8411,0.697994
10811.4,10376,68286.4,8367,7852,69834.4,11247.6,117.397,0.69905
12284.3,12024,66955,5130.75,5000,67249.8,10426.9,75.2881,0.700106
9441.25,9117,67866.8,2968.5,2925,66510.6,9521.55,14.2622,0.703273
14211.6,13264,70218,7551,7024,70453.1,8845.51,17.7276,0.706441
44731,35663,82199.9,38744.3,31167,81469,25121.7,200.296,0.709609
7399.6,7280,66612.7,2595.75,2576,66038.5,11953.1,13.3108,0.709609
7982,7596,68866.3,3641.25,3500,68180.9,15847,122.384,0.710665
12018.5,11753,67016.5,6158.25,6109,66064.3,16490.8,2.82025,0.713833
8667.1,8333,68163.6,2874.75,2729,69036.1,19549.2,66.3453,0.715945
17282.8,14833,76360.1,14299.5,13041,71860.4,28246.7,69.4585,0.715945
13312.6,11028,79113,8013,6432,81644.9,31205.8,55.5872,0.717001
12457.9,11784,69283.9,5376,5100,69082.7,21441.9,61.1142,0.721225
8756.15,8293,69196.1,3616.5,3361,70518,14927.3,-27.221,0.721225
15843.1,15017,69141.2,11049,10233,70762,12144.4,13.3036,0.726505
14529.4,13456,70764.1,5003.25,4704,69705.1,8919.34,4.8248,0.730729
9874.8,9143,70781.5,5832,5447,70168.2,13325,12.3992,0.731785
7133.75,6486,72081,2829.75,2658,69770.7,13070.9,-52.9512,0.736008
15924.3,13060,79909.5,10632.8,9156,76106.2,16334.1,64.7461,0.736008
17299.8,16021,70766.9,6798.75,6657,66931.5,12129.1,-27.9758,0.73812
13604.5,12393,71942.6,6780.75,6413,69294.1,20739.7,-44.6394,0.73812
13670.1,12493,71711.1,6100.5,5641,70874.4,7166.65,-67.3493,0.740232
41182,23227,116197,51489.8,33583,100480,32623.8,237.854,0.741288
14063.4,13792,66825.6,5469,5284,67830.5,9138.96,167.357,0.745512
14246,13208,70686.6,5550,5356,67909.8,24997.8,-12.9795,0.750792
9127.3,8620,69392.9,4260.75,4060,68776.5,8966.7,-32.157,0.751848
10796.5,9991,70819.7,4545.75,4247,70146,8175.97,104.613,0.752904
8374.6,8005,68561.9,2865,2709,69310,7424.11,19.501,0.752904
12285.6,11713,68740.1,3937.5,3813,67675.9,13273.9,-13.3989,0.752904
10621,10061,69183.8,5787.75,5709,66440,17986.4,81.884,0.752904
10332.4,9120,74248.3,8643,7856,72101.3,30417.8,53.0369,0.75396
13029.3,10197,83738.8,13264.5,11797,73688.4,16345.3,20.0257,0.75396
7256.6,6749,70465,3883.5,3853,66054.8,10547.1,-25.3364,0.756072
11503.7,10018,75255.2,7787.25,7170,71177.9,20994.8,80.051,0.757128
8688.55,7373,77229.5,5374.5,5037,69927.2,8089.02,50.436,0.758184
11969.8,11204,70015.1,5570.25,5412,67452.3,8396.78,38.3844,0.75924
10157.5,9409,70749.8,6211.5,6001,67834.8,10569.2,33.1428,0.761352
9273.55,8433,72068.2,7240.5,6577,72147.4,20166.8,88.6821,0.768743
9249.5,8808,68821,4591.5,4220,71305.3,11816.1,-33.9841,0.777191
23418.8,16576,92590.4,27050.3,21584,82133.3,47433.7,45.5174,0.780359
10480.6,9364,73350.8,8047.5,7024,75085.6,26934.5,29.9478,0.781415
23368.8,14981,102229,16110.8,10289,102618,21106.5,35.3268,0.785639
12047.1,11291,69924.6,9100.5,8171,72991.1,12412,6.41354,0.787751
15623.4,15448,66280.1,5715,5640,66407.5,8818.99,47.8286,0.788807
6487.65,6575,64665.3,2496,2415,67734.1,6576.29,14.3729,0.793031
13946.4,12974,70447.9,5916.75,5438,71305.7,21553.3,91.21,0.795143
8984.95,9037,65158.5,3413.25,3325,67275.4,13047.7,18.4296,0.796199
11636.9,11861,64298,3066.75,3045,66004.1,10407.6,19.3889,0.796199
11003.8,10541,68413.6,6024,5785,68243.5,14094.4,13.2303,0.799366
5869.5,6072,63350.4,2929.5,2904,66111.5,9159.81,8.25576,0.801478
8963.5,8003,73401.5,9760.5,8759,73029.4,16120.6,69.9142,0.802534
15045.5,13154,74960.1,11890.5,11010,70777.1,16611.7,44.9557,0.80359
9122.1,8693,68771,4275.75,4021,69688,7930.71,77.962,0.80359
12015.3,11796,66754.1,2483.25,2352,69193.1,6457.23,3.19733,0.80359
6961.5,6717,67921.5,2423.25,2317,68541.3,10738.9,146.656,0.805702
20268.9,17688,75098.7,9732.75,8664,73620.2,12508.5,98.4299,0.807814
13334.7,11792,74110.1,8167.5,7476,71597.8,14254.8,41.6043,0.809926
10663.9,9455,73915.3,3667.5,3483,69007.5,13132.1,-66.7135,0.812038
12067.9,11464,68988.3,4227.75,4088,67776.4,6699.15,60.8082,0.821542
8541,8072,69343.8,3333,3144,69475.7,13928.4,-72.7634,0.822598
10940.8,11112,64526.3,4389.75,4408,65264.7,7173.11,-1.26958,0.825766
17201.6,13854,81371.7,15192,13198,75437.4,18702.3,103.357,0.827878
11690.3,11064,69245.5,5847,5416,70751.3,22889.7,30.9598,0.827878
10981.8,10625,67736.5,5465.25,4933,72607.1,19673.9,-150.379,0.831045
8225.75,8097,66578.1,4216.5,3861,71570.2,25250.5,85.911,0.831045
5359.25,5648,62185.5,2359.5,2244,68909.2,6368.54,103.821,0.832101
18155.1,16673,71361.8,7284.75,6517,73256.6,23608.4,144.453,0.835269
8451.3,8553,64756.7,5446.5,5341,66830.5,10080.3,14.2412,0.838437
8715.85,8584,66542.6,3498,3432,66796.3,6522.17,-46.6851,0.843717
14100.4,13624,67827.9,5364.75,5144,68348.4,8343.4,22.0464,0.845829
7568.6,7072,70138,3330,3136,69590.2,13700.4,105.265,0.847941
8966.75,8385,70082.9,5392.5,4865,72641.9,17912.6,130.047,0.851109
13876.8,13584,66948.9,3998.25,3972,65969.1,7810.83,22.9265,0.852165
20323.5,17164,77599.9,17289.8,15416,73501.6,8354.2,134.706,0.852165
8018.4,7853,66916.3,2667.75,2617,66806.9,6513.3,-30.3448,0.855333
15695.5,13925,73868.8,10107.8,8657,76518.6,14815.9,75.1232,0.857445
9166.3,8781,68411.6,5214.75,5033,67902.6,7919.05,136.442,0.858501
9012.25,8332,70886.6,5497.5,4968,72521,11527.6,16.7668,0.859556
10509.8,9781,70419.5,5674.5,5141,72336.9,20188.7,78.3613,0.860612
8880.95,8328,69887.4,6537,5884,72809.1,9942.11,-45.9536,0.860612
27860.9,20948,87163.2,20375.3,16180,82528.6,21426.9,185.815,0.861668
15841.8,13260,78296.2,10328.3,8920,75882.5,31188.9,60.7479,0.868004
9753.25,9341,68428.3,4935,4813,67197.2,17011.9,57.8407,0.86906
17143.8,13828,81250.6,8271,6916,78376,24543.5,-41.3424,0.870116
10612.5,9496,73241.8,4997.25,4488,72972.3,25269.8,116.01,0.87434
9387.95,8008,76829.3,8092.5,7208,73578,12146.9,-33.9965,0.878564
17096.3,15378,72858.8,7377.75,6710,72057.9,15130.7,122.411,0.887012
12910.3,12053,70197.4,7020,6193,74287.5,15787,86.2667,0.889123
12312.3,11767,68573,4851,4615,68887.4,8993.12,64.162,0.893347
9361.3,8833,69455.7,4494,4369,67411,17726.1,-42.8062,0.900739
11677.3,9521,80378.1,8805,8053,71655.8,8420.98,98.5835,0.901795
23430.5,17256,88986.1,15597.8,12104,84452.6,48289,-2.67477,0.906019
12470.9,10677,76547.1,7971,6949,75174.5,10441.3,-33.0724,0.908131
12575.5,11561,71287.2,4617.75,4345,69649.9,14073.7,-107.169,0.908131
10433.1,9620,71075.6,3720.75,3536,68960.1,23315,-14.6362,0.912355
8899.8,8045,72499.4,5849.25,5469,70092.6,12020.7,3.84825,0.915523
13888.5,13477,67537.3,4320,4273,66256.9,6639.55,2.33048,0.917635
9082.45,8907,66826.9,3553.5,3535,65879,9507.76,62.4227,0.922915
9071.4,8405,70732.1,4854,4485,70927.9,17967.3,76.7248,0.92397
6277.7,6092,67533.7,3038.25,3016,66019.5,12435.6,2.11265,0.925026
9054.5,8497,69835.9,4626,4273,70950,10481.6,-75.2139,0.930306
10704.8,9745,71991.1,9783.75,8881,72197.7,15279.5,12.3258,0.930306
8386.95,7701,71373.5,2841,2645,70392.4,9742.7,6.51385,0.931362
8178.95,7997,67027.1,4131.75,3869,69986.7,10440.4,-13.2924,0.93453
9829.3,9336,68998.8,4623.75,4460,67942.2,9511.69,24.5825,0.93453
7493.2,7394,66415.3,3651.75,3382,70763.2,8873.04,65.0265,0.937698
13183.3,12256,70494.5,4731.75,4368,70993.6,10917.4,13.3497,0.938754
19287.4,17969,70344.6,10659.8,9925,70387.6,12864.2,33.0565,0.949314
20214.3,18170,72909.6,8141.25,7358,72512.2,13454.2,8.95437,0.952482
12241.4,11316,70895.7,8654.25,7604,74587.7,13014,27.0309,0.957761
19399.3,19352,65696,11529,11192,67509.3,9386.16,99.4073,0.958817
10767.3,10662,66182.9,6649.5,6390,68197.4,17900.5,139.507,0.960929
15737.8,14548,70895.8,8394.75,7700,71449.1,19468.1,50.0084,0.961985
4464.85,5082,57577.4,2327.25,2282,66835.5,7915.42,-8.03747,0.963041
13551.2,12800,69382.1,8522.25,7728,72271.5,8197.93,30.6519,0.970433
14888.9,13508,72235.6,16731.8,15028,72965.9,14968.6,61.3575,0.971489
12195.3,12156,65747.9,5639.25,5628,65667,8498.44,-20.0994,0.974657
12153.7,11729,67909,7220.25,6689,70741,20968.4,-70.448,0.975713
8855.6,8624,67296,3942,3812,67771,9532.63,7.38175,0.975713
5958.55,6177,63218.3,2974.5,2933,66463.3,19190.2,36.2588,0.976769
7788.3,7909,64535.8,3005.25,2897,67984.8,12051,-80.4329,0.98416
10555.3,10305,67128.1,2836.5,2769,67133.6,9950.45,51.226,0.985216
9940.45,9337,69771.6,6213.75,5773,70539.5,33250.2,57.2304,0.987328
6568.9,6622,65010.5,2637.75,2602,66436.4,10719.5,11.6371,0.987328
11741.6,11348,67809.1,4238.25,4052,68548.4,8098.88,40.1156,0.996832
7655.7,7328,68466.7,3349.5,3184,68942.5,9528.46,83.9219,0.997888
10701.6,10089,69515.3,7221.75,6797,69631.4,7810.56,329.946,0.997888
7291.05,6796,70309.9,3034.5,2876,69147.8,12613.4,27.906,1.00106
15643.5,14709,69699.9,5264.25,5125,67316.7,7814.62,174.286,1.00422
11806.6,10825,71478.7,6328.5,5833,71103.1,12526.8,-21.9708,1.00634
5875.35,5633,68355.6,2031,1985,67054.7,7746.55,136.449,1.00739
12374.7,11949,67870.8,4235.25,4141,67027.6,6936.58,10.9193,1.0095
21882.9,18188,78849.7,15666.8,13320,77082.3,16270.7,113.769,1.01056
12519,11429,71786.3,4779.75,4725,66295.4,25488.3,23.1221,1.01162
19950.4,17825,73350.5,10775.3,9889,71409.3,15185.6,4.5893,1.01267
6800.95,6285,70916,3365.25,3197,68985,14001.8,-63.3062,1.01267
7781.8,6889,74029.3,2279.25,2169,68867.2,8621.21,0.536002,1.01267
14943.5,12753,76792.7,10571.3,9461,73226.7,35164.3,82.9585,1.01267
14461.8,12929,73305.9,10638.8,10097,69052.3,19460.7,39.6886,1.01267
6650.15,6473,67329.6,2718.75,2761,64533.1,6571.93,-14.007,1.01373
11334.7,9276,80081,6873.75,6136,73415.6,26832,-17.3484,1.0169
11721.4,10920,70345.9,3228,3212,65862.5,19832.4,61.1747,1.02006
10154.9,8956,74309.4,5421.75,5208,68225.8,17999.7,38.8835,1.02323
7982,7189,72765.1,3150,3013,68515.9,6798.01,-71.6355,1.02323
10600.8,9733,71379.6,4680.75,4401,69701.8,6458.19,134.777,1.02534
11352.9,10853,68554.6,3774.75,3653,67720.2,22088.9,63.6699,1.02534
10448.8,9936,68918,6085.5,5860,68057.9,8465.46,77.9419,1.02534
13852.8,13155,69012.3,6129.75,6067,66213.8,15243.8,-27.2329,1.0264
10621.6,10611,65601.8,3039,3047,65363.9,7885.04,-57.0563,1.02851
5842.2,5393,70994.7,2149.5,2177,64708.1,20533.8,40.5083,1.0359
23706.1,18080,85929.5,10369.5,8244,82432.8,13270.1,120.761,1.0359
8812.05,7964,72514.6,4112.25,3960,68055.7,18252.5,-60.026,1.03696
12436.4,11627,70098.5,5565,5435,67103.6,8991.51,56.4221,1.03696
14675.7,12932,74372.6,11472.8,10272,73196.9,20452.3,-78.1686,1.03801
10288.2,9896,68133.3,3847.5,3756,67132.5,18713.3,62.0767,1.04118
5873.4,5711,67399.6,2497.5,2351,69619.8,7059.78,71.1147,1.04224
21424,19208,73096.8,16521,14380,75293.5,15574.2,111.215,1.04435
14529.4,12932,73631.5,5088,4608,72362.7,13011.4,3.81101,1.04541
15447.9,13749,73634,9008.25,7941,74343.9,13668,8.94634,1.0528
11609.6,10979,69300.5,4750.5,4631,67227.1,12194,57.1617,1.05385
10398,10148,67150.8,3892.5,3696,69020.3,22167.1,16.3669,1.05491
7593.95,7645,65098.4,2857.5,2857,65547.5,18495,-53.1551,1.05702
12130.9,11692,67996.4,3991.5,3848,67980,10857.4,-31.368,1.05702
15975,14137,74056.8,14775,13273,72952.2,13810.9,66.561,1.06019
9344.4,8241,74310.7,6591,6053,71360.9,13150.5,45.0858,1.06125
23944.7,21184,74076.7,12681,11476,72417.4,22584.8,142.771,1.06441
10357.8,9625,70525.3,6217.5,5753,70827.4,16045.4,-7.48301,1.06864
13824.2,13044,69455.9,8179.5,7744,69221.6,7401.91,42.7218,1.07075
17858.8,15412,75940.2,13827,12292,73720,21441.3,14.6742,1.07075
6817.2,6635,67335.6,2823.75,2795,66210.1,19257.2,50.8763,1.07286
6939.4,6362,71483.9,5731.5,5118,73391.9,11892.6,-33.9869,1.0792
7463.95,7265,67330.7,4248,4065,68486.3,9215.42,132.094,1.08025
10546.9,10570,65392.8,3531,3470,66688.1,6321.46,-50.1176,1.08131
15664.3,14546,70574.6,8225.25,7810,69020.5,10789.6,159.555,1.08342
5068.05,5489,60510.1,2367.75,2309,67203.5,19509.9,150.627,1.08342
5749.25,5658,66592.9,2434.5,2366,67433.4,10789.3,-51.1455,1.08342
13013.6,12565,67876,7210.5,6853,68954.8,8574.89,34.0777,1.08448
14772.5,13926,69519.9,8458.5,7890,70258.1,7066.81,41.0144,1.08765
12207.6,11549,69273.6,7610.25,7277,68537.2,7093.33,55.6334,1.0887
10667.8,10421,67088.1,6381.75,6021,69462.6,17605.3,225.518,1.09398
12060.8,11885,66505.1,7343.25,6893,69816.8,10897.8,-21.9096,1.09398
11422.4,10772,69493.3,6654,6304,69174.6,26378.1,72.9687,1.09926
10821.2,10838,65434.4,4704.75,4726,65241.3,20624.3,7.82491,1.10137
5109.65,5061,66166,1846.5,1889,64061.5,9755.57,-48.5266,1.10243
14190.1,12157,76496.3,7562.25,6841,72445.5,18780.4,-22.2058,1.1151
12475.4,11163,73241.2,6267.75,6107,67261.1,13419.1,70.8757,1.11827
13568.7,11456,77622.3,5799,5472,69452.4,13019.1,46.8107,1.11827
11917.8,10464,74640.8,5583,5204,70308.9,10610,-68.3387,1.1246
10442.9,9121,75034.1,9832.5,8853,72786.9,23076.7,-26.6673,1.12988
13999.7,12156,75475.8,5552.25,5176,70299.9,9697.7,95.9555,1.12988
12992.8,12200,69795,4975.5,5000,65214.9,12000.1,-1.31098,1.132
24843.6,21364,76210.1,19845,18228,71349.7,7726.84,94.3096,1.132
17791.1,16517,70591.6,10959,10389,69131.7,13519.8,-65.8681,1.132
48761,36741,86976.5,32130.8,25185,83610.1,30935.5,104.617,1.13305
33805.8,25496,86896,28698.8,23788,79065.1,29039.2,188.109,1.13305
5242.25,5021,68423.8,2045.25,2013,66585.9,11198.5,15.0591,1.13305
13631.8,12238,73000,7516.5,6654,74030.9,22319,74.8412,1.13728
13406.9,12446,70595.7,5682.75,5498,67738.2,11424.6,37.4106,1.13728
11230.7,9855,74684.4,8579.25,7707,72953.1,13665.7,107.846,1.13833
11293.8,10169,72784.7,6364.5,5833,71507.6,8248.29,65.05,1.13939
10038.6,10165,64721.1,3723,3797,64258.8,9209.81,2.23388,1.14256
5455.45,5524,64722.7,1733.25,1716,66194.8,15216.6,90.5881,1.14256
13121.5,13280,64754.1,5133.75,5188,64850.7,10587.7,-34.7979,1.14361
7040.15,7705,59881,3815.25,3753,66623,20756,-113.44,1.14889
4502.55,5172,57053.2,1841.25,1844,65438.3,10623.4,-39.9592,1.15523
45701.5,32949,90900.9,38945.3,30693,83156.3,70427.3,205.473,1.15628
6680.7,6893,63517.5,3880.5,3657,69541.3,15233.1,-7.57248,1.15628
12959.7,12773,66493.9,7209.75,6709,70427.5,16751.8,-23.8496,1.15734
5947.5,6777,57514.4,3822,3725,67242.6,11383.5,-62.3478,1.16473
11926.2,12640,61835.1,5787.75,5716,66358.6,18532.3,20.8035,1.16895
10089.9,10162,65071.3,5629.5,5190,71085.7,19684.5,18.1802,1.17001
10874.5,11024,64647.3,8491.5,7652,72726,20456.3,7.83122,1.17423
6969.3,7395,61763.4,3982.5,3703,70482.6,11995.5,-70.9708,1.17635
4791.8,5100,61575.6,2802.75,2664,68949.3,14373.8,-36.6602,1.17951
12092.6,12196,64980.4,6875.25,6432,70052.3,6795.54,-24.3354,1.18268
9887.8,9228,70221.8,3502.5,3304,69473.3,13325.1,-42.6408,1.19747
19766.5,17437,74291.3,9751.5,8569,74579.8,10262.5,77.8743,1.19852
20578.3,17377,77609.6,11651.3,10581,72164.9,22511,38.714,1.20063
8204.95,8441,63703.3,2733.75,2713,66037.2,16655.3,-9.22593,1.21542
12825.1,11713,71758.6,8925,7937,73693.9,13315.4,9.81959,1.21647
10554.7,9893,69919.4,8204.25,7765,69243.2,20802.3,14.6982,1.21964
6279.65,6512,63197.7,3318,3264,66620.2,12617.8,-6.4942,1.22175
9001.85,8564,68886.6,6117,5520,72623.9,13146.9,42.5059,1.22703
15482.3,15224,66648.1,8502.75,7784,71587.4,11775,-53.7625,1.22914
9565.4,9254,67741.3,6195,5622,72215.5,30445.3,-77.6842,1.23548
22785.8,19732,75678.4,13458,11856,74391.3,11871.8,107.054,1.24182
12275.3,11697,68775.8,5395.5,5297,66754.7,7772.72,21.2079,1.24287
15197.6,13908,71613,6809.25,6048,73784.9,17193.7,45.7938,1.24604
15434.9,13873,72914.4,10983,10225,70394.3,13210.6,-54.6765,1.25026
7847.45,7190,71528.6,5848.5,5734,66844.7,23995.2,56.7182,1.25026
14508,13468,70596.7,6679.5,6296,69527.9,10471.4,-16.7335,1.25449
22829.9,15826,94539.6,93056.3,56918,107146,262081,742.651,1.25977
12742.6,12621,66167.4,7031.25,6969,66121.4,17775.9,-1.52804,1.26188
7169.5,7012,67008,2664.75,2692,64872.6,12011.6,13.3086,1.26294
17182.1,14521,77546,9993,8989,72855.9,48064.2,101.394,1.26294
11670.1,11376,67230.3,5041.5,4912,67263.8,25596.1,43.7581,1.26294
13158.6,11324,76153.5,7093.5,6204,74932.2,29902.7,16.0762,1.27033
11424.4,11148,67160.9,3540.75,3548,65402.1,12166.8,-110.537,1.27033
8952.45,8564,68508.6,3668.25,3604,66704.3,8048.58,-66.5225,1.27033
15130,13837,71660.3,7971.75,7289,71674.7,7657.86,147.632,1.27138
16225.9,15155,70167.2,10563.8,10007,69182.2,14385.1,-1.40061,1.2735
10174.4,10076,66176.3,6110.25,5820,68804.4,27815.7,-130.905,1.27455
9601.15,8916,70572.1,5494.5,5188,69407.8,12819.9,60.5782,1.27666
13089.7,12318,69641.7,5555.25,5166,70474,21549.9,60.2501,1.28194
7838.35,7104,72310.5,4443.75,4036,72157,8299.75,-47.6119,1.283
14612.6,12238,78252.5,11658,10462,73028,37863,116.397,1.283
11821.5,11069,69991.6,5002.5,4873,67277.6,15709.2,84.5496,1.28405
13275.6,11440,76051.6,6078.75,5412,73609.9,25305.7,0.768974,1.28511
5714.15,5723,65434.7,3035.25,2927,67959.7,10631.8,91.6204,1.28828
9053.85,8880,66819,4998.75,4704,69642.5,12358.9,3.83553,1.28933
9469.85,8764,70814.3,3195.75,3052,68622.8,11434.8,-21.9297,1.29356
12487.1,11225,72904.9,5427.75,5129,69353.3,22224.4,22.3848,1.29461
12382.5,11909,68141.7,4635,4641,65451.3,8963.94,63.3031,1.29567
7896.2,7464,69330.8,2893.5,2780,68211.7,6487.06,-3.68379,1.29778
12586.6,11485,71822,4945.5,4701,68944.5,12130.6,52.0041,1.29778
9714.9,9012,70647.5,4878.75,4384,72932,14825.3,79.4228,1.29989
5766.8,5401,69974.6,3265.5,3177,67361.6,7364.6,-84.5568,1.30201
5976.1,5707,68626.2,3136.5,3003,68449.4,11978.2,81.2498,1.30306
10623.6,9677,71946.7,3679.5,3565,67640.9,12259.3,-33.1407,1.30623
30618.2,18842,106496,31719.8,22462,92546.8,25676.6,219.195,1.30623
5561.4,5280,69028.8,2423.25,2352,67521.3,9174.6,-78.6048,1.31045
23357.1,19264,79460.7,15459,13648,74232.2,25003.5,196.86,1.31573
10690.5,10421,67231.2,2592,2609,65109,9015.96,33.2012,1.31679
11471.2,10769,69809.3,5870.25,5589,68833.9,14852.5,-39.2582,1.32101
9431.5,8229,75112.8,5674.5,5121,72619.4,28944.8,44.4922,1.32524
16532.8,15404,70338.3,5988.75,5628,69736.8,6768.74,35.8656,1.32735
8694.4,8440,67511.4,5426.25,5116,69510.3,6905.56,-3.69952,1.33474
8615.75,8660,65201.1,5223.75,5152,66448.7,9368.1,-78.6121,1.33685
14758.2,14356,67372.3,7934.25,7712,67424.7,16668.4,39.7936,1.34002
9157.2,8822,68026.1,3850.5,3638,69364,17240.3,-81.4879,1.34108
7267.65,7329,64987.4,2745.75,2753,65363.4,8998.09,49.5418,1.34213
12049,11590,68131.7,7215.75,6946,68081.1,21073.7,60.268,1.3453
14178.4,12233,75958.4,12939,11325,74876,45366.6,172.015,1.34847
6653.4,6564,66428.6,1714.5,1712,65631.7,8086.88,84.8361,1.34952
12712,12580,66223.9,4983,4944,66053,8710.93,-14.0874,1.35058
9506.9,9657,64517.4,3887.25,3821,66672.3,16791.1,70.749,1.35269
13472.5,12237,72153.1,10404,9757,69881.8,24036.7,54.1367,1.3548
10093.2,9948,66492.6,7746,7404,68563.2,18520,-11.876,1.35692
20535.4,18948,71026.6,12828.8,12128,69322.6,17727.4,-13.5662,1.35797
29071.2,23469,81180,10602,8125,85515.4,11344.1,39.9937,1.35797
17362.1,15953,71324.9,14151.8,12901,71889.7,17527.1,121.461,1.36008
8707.4,8445,67572.3,5481.75,5113,70262.5,7790.3,8.30723,1.36008
12786.8,11645,71961.8,4217.25,3885,71140.7,10717.9,31.4172,1.36536
15033.2,13491,73027.6,8642.25,7907,71630,21962.5,59.3746,1.36642
11664.9,10375,73683.9,7364.25,6695,72087.2,21291.4,40.4798,1.36642
11472.5,10724,70110.2,8946,8240,71151.1,12372.8,35.655,1.37064
10321.3,9472,71412.6,7209.75,6736,70145.2,8437.54,71.0629,1.37381
15133.9,13969,71001.4,6486,6081,69900.8,19726,6.13867,1.37487
11535.5,11109,68052.4,4378.5,4229,67852.8,9583.41,54.6798,1.37592
10311.6,10205,66220.6,5276.25,5177,66792.4,23617.6,-18.9476,1.37698
9803.95,9247,69483.3,3961.5,3707,70035.3,6517.33,100.375,1.38015
24945.7,19796,82584.4,12140.3,10196,78032.9,29102.4,167.466,1.38226
9891.05,9673,67013.3,4732.5,4765,65089,6445.68,140.798,1.38226
32664.4,25313,84569.1,27609.8,22737,79581,31851.2,238.743,1.38332
11020.1,9557,75569,10020.8,9141,71843.3,10157.3,52.9383,1.38332
8200.4,8088,66446.8,4319.25,4184,67654.5,14604.7,54.4911,1.38754
9009,8407,70228.8,7251.75,6631,71671,17031.1,-45.3601,1.3886
8513.7,8564,65151.1,3250.5,3280,64946.6,9364.79,32.3281,1.38965
9106.5,8029,74331,6528.75,5929,72165.3,7390.06,-48.4377,1.39916
8242.65,7646,70650.1,5613.75,5213,70574.1,14722.1,49.3267,1.40021
28215.2,24856,74393,18642.8,16504,74028.8,22607.2,63.6504,1.40338
17293.3,15834,71575.8,9481.5,8634,71968.9,10255.8,50.3546,1.40444
8828.3,8816,65627.4,2832.75,2848,65185.1,18133,-11.8615,1.40549
8745.1,7949,72099.5,5595.75,5309,69075.7,8642.64,-4.6248,1.4076
9858.55,9296,69501.9,3483.75,3396,67229.4,17636.9,-35.0628,1.41288
33821.4,25764,86031.8,20455.5,16948,79099.1,11346.9,212.854,1.42239
21594.3,19372,73054.1,5825.25,5404,70644.6,12569.9,9.8476,1.42555
10229,9774,68587.2,6412.5,6190,67891.7,14291.3,70.8429,1.43189
9547.2,8818,70955.5,3921.75,3814,67387.5,10076.2,-62.2987,1.43295
13698.7,12277,73125.5,6640.5,6005,72471.6,31185.4,-40.732,1.43295
22031.1,13071,110461,9186,5035,119566,26901,97.889,1.434
8144.5,7664,69644.8,2001.75,1984,66122.3,16022.7,48.4178,1.43717
13412.7,12384,70980.1,4899,4496,71410.3,26776.3,-113.666,1.44139
10791.9,10314,68572.9,5177.25,4990,67995.2,15037.6,70.8149,1.44245
9027.2,8689,68086.8,3779.25,3697,66994,10895.3,26.2505,1.44351
26676.6,20391,85737.9,19614,15399,83474.5,32152.7,176.812,1.44773
16863.6,15978,69168.4,5304,4926,70564.9,8542.28,38.379,1.4509
5948.15,5616,69412,2263.5,2272,65290.8,7778.43,-20.0723,1.4509
16619.2,14473,75254.3,11026.5,10041,71968.2,9216.96,33.1936,1.45195
12586.6,12127,68019.8,4742.25,4725,65775.3,15748.6,-36.7119,1.45407
8366.8,8148,67295.9,6492.75,5936,71682.8,16368,35.5049,1.45618
13009.8,12217,69788.6,8640.75,7933,71382.9,9950.92,-34.774,1.45618
12826.4,11425,73575,7784.25,7249,70375,13054.7,59.7094,1.45723
7591.35,6850,72628.7,3909.75,3558,72015,9058.92,48.6796,1.45723
10680.1,9959,70281.6,4723.5,4583,67545.1,14571.5,-77.0876,1.45829
7301.45,6972,68632.8,3165.75,3096,67012.5,13996.6,-1.38601,1.45829
14199.2,12369,75233.4,10509,9089,75774.9,24877.7,78.1851,1.45935
10824.4,10169,69760.2,5399.25,5305,66700.3,14975.3,-35.8228,1.46251
13070.2,11741,72955.3,11520,10857,69538.1,10987.6,114.827,1.46251
6258.85,6209,66062.2,3507,3461,66407,10856.5,68.392,1.46251
12883,11954,70629.1,4289.25,4086,68796,13092.2,6.38798,1.46463
7240.35,6971,68068.2,2661,2619,66587,11364.8,-27.9471,1.46568
11830,11612,66766.4,8385.75,7980,68868.2,10798.7,33.1342,1.46674
7949.5,7597,68576.9,2728.5,2669,66997,12201.6,-33.9986,1.46674
7038.85,7044,65488.1,2586.75,2660,63731.3,15755,47.5679,1.47096
11090.9,10313,70479.6,5183.25,4841,70169.3,16022.2,26.9179,1.47096
11330.8,10731,69199.1,4992,4715,69386.2,10809.9,88.1738,1.48152
5957.25,5952,65593.8,2588.25,2592,65441.2,6320.04,20.4025,1.48152
12838.8,12469,67479.6,4694.25,4677,65777.7,6783.99,-2.83495,1.48258
8419.45,8111,68028.2,5220.75,4923,69499.7,16788.6,91.3891,1.48363
11352.3,10734,69310.7,4566,4298,69622.5,17598.1,-28.1814,1.48574
9449.05,8989,68890.1,6048,5561,71275.3,21520.2,39.6112,1.48786
8918,8336,70111.6,3900,3696,69153.3,13120.5,45.0869,1.48891
16327.3,15085,70933.3,10436.3,9789,69869.3,28080.1,61.7247,1.48891
12102.3,11613,68297.6,6293.25,6153,67029.8,21950.1,37.0151,1.48997
14190.8,13909,66863.8,6144.75,6033,66749.9,20343.1,-54.9445,1.48997
5607.55,5609,65519.1,2781.75,2681,67998.8,10562.8,-87.257,1.49314
18420.3,17217,70116.5,12569.3,11589,71079.3,13291.3,162.9,1.49525
5093.4,5037,66269.8,2100,2061,66776.1,7783.9,-22.6525,1.49842
12176.4,10808,73833.8,6834.75,6328,70784.2,33788.8,46.8902,1.50158
8380.45,8056,68175.4,4127.25,3944,68581,16516.6,-63.4007,1.50158
16544.4,15772,68745.7,5707.5,5532,67615.1,7207.33,10.9091,1.50158
9700.6,9244,68773.1,4760.25,4520,69019.4,13077.2,-28.8715,1.50158
8786.05,8712,66093,3140.25,3052,67431,10906.4,19.3701,1.50475
10287.5,10216,65995,2524.5,2476,66819.7,19226.8,-33.4026,1.50581
10993.4,9817,73389.7,7365,6681,72245.6,19048.5,0.144129,1.50686
7114.9,7046,66176.8,2162.25,2198,64470.1,16189.1,93.9916,1.51531
11048,9652,75015,9138.75,8224,72825.5,13077,-62.4115,1.51742
19882.8,14788,88114.9,10854.8,7952,89458.9,26605.7,86.7201,1.51848
17687.1,17849,64941.7,5281.5,5245,65992.1,9139.54,-134.503,1.51954
9265.75,8761,69311.8,5081.25,4857,68561.8,13205.4,69.1637,1.51954
13774.8,12933,69801.7,5859.75,5649,67981,13343.8,860.359,1.5227
9238.45,8820,68645.2,3927,3728,69034.3,19189.7,-11.9012,1.52587
8999.25,8667,68048.3,3675.75,3531,68222.6,6343.8,-30.3384,1.52693
17793.1,16020,72789.5,14883.8,13440,72576,20890.1,111.875,1.52798
6316.7,6045,68481.6,2937.75,2937,65552.7,10374.3,-30.4899,1.53537
7182.5,6729,69952.8,4914,4525,71169.9,26308.7,23.9513,1.5396
18773.3,17472,70417.1,10830,10164,69830.3,10769.3,-53.7247,1.54065
15275,14689,68150.5,6247.5,6037,67821.1,13210.7,140.544,1.56072
12805,12467,67312.8,6562.5,6371,67505.9,15265.8,-65.9337,1.56072
26439.4,19668,88099.1,19773,15552,83323.3,15932.8,137.001,1.56705
11265.8,10901,67729.1,4455,4417,66099.8,8362.55,53.0057,1.56917
10192,8924,74847.9,7512.75,6856,71813.8,9224.43,-46.7867,1.57339
10160.8,9880,67398.6,3534,3480,66552.9,10373.3,-54.5698,1.57761
16705.6,12733,85983,15502.5,12441,81663.2,57475.3,82.98,1.57973
17450.5,14605,78304.6,11886,10601,73480,17848.5,62.9692,1.57973
15098.8,13960,70882.4,6326.25,6376,65024.6,15261.3,-47.8735,1.58606
10494.9,9681,71045.7,4643.25,4513,67427.4,6710.13,-87.9722,1.58712
9259.25,8474,71608.9,5419.5,5070,70053.7,23084,48.1525,1.59134
9359.35,8840,69386.2,3051.75,2936,68119.7,13564.9,-49.5298,1.59345
12680.8,11691,71084.8,7452,6527,74823.7,23578.9,147.034,1.59451
9318.4,9277,65828.5,4186.5,4089,67098.7,7276.62,7.46653,1.59451
11289.8,11392,64948.4,4439.25,4304,67595.4,8086.29,20.3361,1.59768
9419.8,9544,64683.2,4470,4392,66699.9,9241.85,4.81268,1.60084
10920,10744,66609.6,5338.5,5260,66514.1,8047.15,66.7776,1.60084
10695.1,10928,64139.3,4188.75,4084,67216.9,9247.54,71.0325,1.6019
16469,13685,78868.5,13005.8,11185,76204.3,15142.5,63.0709,1.6019
11343.8,11909,62425.7,2685,2661,66127.1,11372.8,-77.8274,1.60507
12899.9,13038,64841.8,4911,4734,67986.3,15489.5,-68.5221,1.60507
9182.55,9524,63186.4,2149.5,2112,66699.6,9984.46,-5.53523,1.60929
5742.1,6376,59020.4,3057,3000,66781.2,9247.41,9.97247,1.61352
6643.65,6841,63645.4,4950.75,4633,70030.7,11739.9,-28.8212,1.62196
32712.5,23721,90377.7,29897.3,20553,95331.4,27051.4,146.903,1.62513
11880.7,11300,68903.8,9589.5,8704,72203.3,38987.2,72.4948,1.62513
13708.5,13009,69059.9,8298,7349,73998.9,14618.9,10.6306,1.62936
7649.85,8268,60636.3,2607.75,2632,64932.2,22741.2,-112.655,1.63358
5829.85,6042,63234.9,2294.25,2270,66236.1,10570.2,-23.6172,1.64308
12755.6,12973,64437.8,4921.5,4889,65971.7,6492.29,59.096,1.64625
9712.95,9221,69032.4,6444,5761,73305.7,31092.7,89.9915,1.64625
9505.6,9023,69041.2,4160.25,3983,68452.5,17587.8,41.479,1.64942
8717.15,8397,68034.7,4862.25,4589,69438.3,8887.73,15.146,1.65048
7669.35,7419,67747.5,8531.25,7903,70745.8,27180.4,138.299,1.6547
11627.8,11829,64421.6,2695.5,2629,67193.7,7409.82,-131.858,1.65576
5697.9,5505,67832.4,5036.25,4581,72048.8,33830.7,47.7486,1.66103
13910.6,13193,69100.9,6908.25,6361,71174.2,20819.2,18.1376,1.66209
10026.9,9373,70108.1,5580.75,5133,71252.7,26239,86.7339,1.66209
11400.3,11536,64765.4,3600.75,3556,66360.7,6933.89,-55.3006,1.67371
10790,10588,66786.3,5812.5,5816,65496.6,11835,35.6752,1.67687
11099.4,10625,68462.1,4774.5,4645,67363.1,16532.1,10.5587,1.68004
7776.6,7613,66944.3,3341.25,3273,66902.6,11245.1,-4.72261,1.6811
14552.8,13716,69534.5,4553.25,4468,66786.4,13583.3,97.5295,1.68321
10509.2,9717,70879,6537.75,6149,69679.3,13451.7,92.3745,1.68321
8815.95,8444,68422.8,4554.75,4332,68905.8,11621.1,64.0633,1.68743
7645.3,7502,66787.8,2593.5,2586,65726.1,25534.4,27.4204,1.68955
10232.3,9850,68079.6,3809.25,3630,68772.2,23685.1,-27.5501,1.69377
10914.1,10892,65669.3,4197.75,4088,67295.4,22375.4,36.9991,1.69483
17049.5,15442,72358.2,8996.25,8470,69607.8,36174.9,186.12,1.69694
21487,17837,78946.9,15234.8,13081,76326.3,7516.43,152.798,1.69905
9806.55,9548,67310.6,4218.75,4200,65828.6,8475.74,-35.5785,1.70539
9647.3,9180,68872.1,2863.5,2776,67601.7,7486.87,13.4786,1.71067
14716,12581,76657.5,14710.5,13253,72743.3,18557.7,137.763,1.71489
13242.4,11488,75544.7,11725.5,10704,71790.2,8862.63,46.1069,1.717
10677.5,8680,80618,10073.3,8508,77592.9,17112.1,-9.6431,1.71806
7656.35,6868,73058.6,5421.75,4804,73963.3,12513.1,25.3297,1.72017
7759.05,7884,64497.3,2769,2760,65749.7,11756.8,10.7382,1.72228
10340.2,9097,74492.2,8290.5,7533,72126.1,12592.7,33.0667,1.72334
10781.5,10813,65345.4,3624,3581,66322.9,8920.45,45.2448,1.72967
13869,13100,69383.4,4416,4060,71282.5,11737.3,29.6589,1.73284
22865,12448,120379,10134,6180,107466,21515.5,131.631,1.73812
13060.4,12681,67497,5313,5097,68313.3,8841.79,26.3277,1.74129
6689.8,6212,70576.7,3693.75,3444,70288.5,12788.6,129.379,1.74234
12850.5,11736,71759.6,8327.25,7340,74350.8,8521.51,107.18,1.74446
8341.45,8209,66593.4,2046,2033,65955.1,28568.8,-7.09366,1.74551
11299.6,10784,68669.4,4404,4276,67497.8,8874.53,83.0865,1.74868
13016.3,10108,84391.9,12941.3,10424,81362,15938.3,115.501,1.74868
10384.4,9547,71284.4,6396,6047,69318.4,16635.4,-41.0452,1.74974
15384.8,14564,69229.7,4639.5,4480,67869.3,8187.64,28.0723,1.75607
12099.1,10988,72163,8835,8284,69895,16651.8,-3.2058,1.75607
14681.5,14037,68545.3,6749.25,6629,66724.8,8096.14,28.0757,1.75607
9380.8,9148,67203.8,3372.75,3356,65863.1,12251.9,-8.20045,1.75818
15145.6,12905,76914.8,14666.3,13097,73388.4,18545.1,38.003,1.75818
21308.9,17769,78592.1,12220.5,10957,73093.3,25184.4,-28.4665,1.75924
8282.95,7791,69674.2,4133.25,3931,68907.8,8916.43,75.3449,1.76135
6029.4,5756,68648.8,2830.5,2796,66344.7,16919.7,-59.1159,1.76874
5173.35,5009,67686.3,2190,2213,64854.9,6680.04,-69.051,1.77191
15891.2,14572,71469,6358.5,6040,68991.8,8934.65,28.0442,1.77402
6079.45,5574,71478.8,4156.5,3906,69739,7487.74,119.259,1.78141
14489.1,13905,68289.2,3872.25,3797,66834.8,7598.17,81.4145,1.78564
6299.15,5896,70017.1,2229,2152,67880.9,11955.9,-46.0293,1.78564
13169,12505,69015.9,5377.5,5293,66582.3,7419.46,-5.43883,1.78775
10684,9966,70257.9,4270.5,4222,66288.8,7350.06,124.424,1.78881
22906.6,17917,83786.9,17247.8,14525,77820.9,18509.9,19.0844,1.79092
6849.7,6365,70526.6,2913.75,2681,71225.5,7785.85,114.947,1.79197
16251.9,14764,72140.9,13820.3,13128,68991.8,12060.6,64.9067,1.79197
12116.6,11382,69766,7740,7122,71222.8,14588.3,44.1718,1.79831
10712,9863,71177.3,7088.25,6355,73097.6,8518.7,-38.1601,1.79937
9967.1,9900,65980.2,3410.25,3368,66358.1,6341.33,16.9617,1.80042
7315.75,7024,68258.1,3870,3648,69524.2,10545.6,1.32368,1.80148
9233.9,8804,68736.1,3628.5,3508,67787.2,14770.8,14.0649,1.80148
6520.15,6167,69288.9,2949,2775,69645.3,8376.24,86.5452,1.80887
5356.65,5216,67303.2,2553,2532,66079.5,12276.6,-34.0014,1.80993
10607.3,10117,68712.4,6231,5717,71428.2,20213.7,30.2003,1.81309
14173.2,13469,68962.7,5067.75,4829,68776.2,17098.1,130.077,1.81309
6076.85,5826,68357.8,3048,2886,69214.7,14169.8,-53.8525,1.81415
14375.4,13792,68308.2,6522,6208,68850.8,8727,-8.92797,1.81837
7939.75,8066,64510.2,2040,2070,64586.2,14741.7,48.466,1.82154
11909.9,11636,67078.9,5503.5,5204,69307.7,9418.86,-13.254,1.82471
12154.3,11724,67941.6,5060.25,4920,67404.2,10813.3,55.4936,1.8321
11308,10293,71998.9,7816.5,7089,72261.6,16621.1,4.53535,1.83527
10916.1,10781,66357.3,4148.25,4089,66485.6,12036.8,168.968,1.84477
13585,13284,67021,6422.25,6224,67623.5,13442.5,-101.125,1.849
11387.3,11280,66159.7,4509.75,4512,65503.3,7955.96,-44.159,1.85005
17371.3,15792,72089.8,12462.8,11536,70800.9,23861.6,93.7032,1.85744
9768.85,8719,73427.2,6269.25,5707,71992.6,10503.6,82.1653,1.8585
12363,11416,70972.5,7396.5,6860,70661.4,12045.8,61.4673,1.85956
10437.7,9939,68824.3,5595,5283,69406.4,18830.8,1.87231,1.86378
8353.8,7941,68942.8,3980.25,3637,71721.1,18404.3,8.76834,1.86906
13538.8,12021,73811,9005.25,8289,71198.9,18100.5,62.9598,1.87434
7133.75,7273,64281.2,3869.25,3885,65270.3,11144.1,20.2212,1.87434
10173.1,9640,69160.5,4366.5,4184,68394.6,11291.2,9.89566,1.87751
12121.8,11577,68620.3,3921,3817,67321.6,14795.5,23.524,1.87856
9200.75,8841,68202.7,5395.5,5161,68513.8,13751.7,48.5032,1.88173
22605,17868,82910.5,16982.3,14328,77676.5,17595.2,24.2787,1.8849
13122.2,12424,69219,3540.75,3468,66910.8,14565.7,72.5526,1.8849
12321.4,11633,69414.2,5640.75,5333,69317.9,15403.7,-65.0789,1.88701
14968.2,14125,69448.2,7164,7001,67061.8,10035.6,-24.4572,1.88807
17505.1,9802,117039,10341,5754,117780,27472,175.268,1.88912
10628.8,10160,68559.9,4125,4068,66454.3,7076.98,9.19404,1.88912
10894,9146,78061.4,4973.25,4526,72012.1,22768.4,-7.73567,1.89124
47767.8,31332,99914.3,31067.3,19828,102684,65143,157.512,1.89229
8881.6,8205,70940.2,3421.5,3437,65240.5,12780.9,69.1797,1.89335
11854,11566,67168.2,5816.25,5710,66755.5,13889.2,-26.322,1.89863
8789.95,8518,67628.3,2388,2386,65590.9,7146.91,-73.3686,1.89968
11696.1,11583,66175.9,6406.5,6223,67468.5,25508.6,147.821,1.90708
10054.2,10457,63011.6,5353.5,5197,67509.5,6571.35,108.973,1.91552
7725.9,8161,62042,3645,3553,67233,7017.07,-54.4437,1.91552
7632.95,8232,60766.9,3759,3596,68506.6,9565.2,128.641,1.91763
9906.65,10545,61568.7,4764.75,4789,65204.1,6331.44,-26.0379,1.91763
10442.3,9513,71937.7,7182,6381,73762.7,15813.4,111.206,1.91975
13442,13946,63167.6,10245.8,9982,67267.6,7905.18,69.3629,1.9208
7150.65,6834,68572.6,6916.5,6242,72617.7,12586.8,-39.173,1.92397
7710.3,8114,62275.4,3814.5,3622,69019.1,7602.17,-46.7257,1.92503
8008,7840,66940.3,6923.25,6528,69504,14022.8,106.113,1.92925
11383.4,11356,65694.4,4539,4376,67977.1,7007.01,11.7767,1.93031
6377.15,6676,62602.3,3370.5,3264,67674.4,17512.7,50.9418,1.93136
19641.7,15668,82157.2,9838.5,6768,95268.3,37807.4,37.2791,1.93242
5759.65,5661,66678.1,4721.25,4461,69359.3,10826.9,46.0331,1.93453
18453.5,17263,70055.5,6703.5,6251,70280,10701.2,-56.3022,1.9377
11994.4,10932,71905.3,6927.75,6272,72387.9,15354.8,79.4029,1.94509
6992.05,6804,67347.3,4268.25,4116,67960.2,8008.35,37.539,1.95143
7146.75,7176,65268.9,2045.25,2056,65193.3,14125.3,20.1091,1.95248
21514.3,18105,77877.1,21378.8,18329,76440.5,24576.3,85.9364,1.95459
10784.8,10525,67153.7,5742.75,5629,66860.3,11691.4,49.4406,1.95459
22239.8,20200,72153.7,9998.25,9064,72291,22814,47.3026,1.95776
7939.75,7837,66395.2,3579,3465,67692.2,9838.12,-4.36973,1.96093
14338.3,13920,67505.6,5754.75,5748,65613,24490,-30.1604,1.96304
11908,11785,66220,4303.5,4269,66065.6,12732.8,-54.6585,1.96304
8907.6,7872,74157.6,7260.75,6608,72009.8,14362.2,-14.2998,1.9641
11720.1,11012,69750.4,6413.25,5972,70378.2,9754.87,-57.9866,1.9641
15143,14537,68268.2,5248.5,5129,67062.9,19952.5,23.3302,1.96515
12881,11736,71930.2,7178.25,6696,70255.9,14301.3,-57.2975,1.97149
9062.3,8680,68422.4,4179,4012,68263.9,15334.1,-22.0763,1.97254
13715.6,13159,68308.3,4467,4211,69520.1,16405.6,79.3635,1.9736
16116.1,15780,66931.9,4415.25,4224,68503.3,15159.7,9.75028,1.97466
8425.95,7688,71826.6,5661,5148,72066.7,26050.9,13.641,1.97677
7515.3,7334,67156.1,2961.75,2861,67843.8,15248.4,-1.43306,1.97994
17460.3,14152,80856.3,11010,9352,77154.8,8342.57,-48.4735,1.97994
8490.95,8101,68690.6,5131.5,4821,69756.9,10151.4,-19.3015,1.97994
8077.55,7856,67384.2,3714,3504,69463.7,8835.4,-22.692,1.9831
11141,10445,69903,8543.25,8125,68909.6,10225.7,-2.9643,1.98944
19847.8,17141,75884.9,14622,13061,73368.6,21562.1,121.31,1.99789
17119.7,15580,72012.6,12315,11660,69217.5,8270.05,-24.3908,2.00528
7220.2,7215,65583.2,3582.75,3567,65825.4,11134.9,156.102,2.01162
11321,10441,71059.9,4809.75,4585,68748.5,8263.68,69.3494,2.01267
13999,12912,71053.4,2676.75,2496,70281.9,12246.8,70.9198,2.01267
8154.25,7405,72167,4566,4349,68806,6685.94,12.6487,2.01584
6025.5,6005,65759.7,3159,3073,67370.1,28295.2,-8.80338,2.01901
10535.2,10094,68400.5,5969.25,5902,66282.7,15039.2,-37.5452,2.02957
10225.8,9613,69713.7,4109.25,3929,68542.6,12853.3,38.217,2.03168
9090.9,8734,68214,2250.75,2250,65557.9,11419.9,-49.4492,2.03485
15245.1,14417,69300.3,7128,6929,67418.2,9545.9,28.0213,2.03696
12786.8,12079,69376.3,8022,7727,68038,10915.3,118.27,2.03801
14365,13421,70145.6,5973,5597,69938.6,13937.8,-59.8638,2.03907
28925.6,26101,72628.3,25486.5,20885,79975.3,43029.9,38615.8,2.04118
14675,14040,68500.3,8741.25,8376,68393.8,12188.1,19.322,2.04435
6713.85,6493,67765.1,3087,2941,68789.4,21455.3,-54.1263,2.04646
8528.65,7977,70068.2,3454.5,3353,67519.9,14708.7,155.107,2.04752
16628.3,15036,72476.2,9717,8984,70883.1,15765.9,-28.9725,2.04857
12027.6,10878,72461.9,7617.75,6878,72584.6,17079.8,52.6781,2.04857
14682.8,12773,75335.1,9627.75,8837,71400.3,11469.9,43.4289,2.05069
9664.85,8801,71968.6,5466,4965,72149,30677.4,51.3071,2.05174
13511.5,11773,75213.9,10512,9385,73405.9,8017.05,59.0387,2.05174
11657.1,11140,68578.1,4905.75,4756,67599.5,14373,17.5198,2.0528
6704.1,6633,66238.5,2684.25,2669,65910.5,18388.4,10.4889,2.05385
18409.9,15936,75710,13099.5,11552,74315.2,17403.2,33.746,2.05913
8327.15,7973,68447,5523,5157,70187.2,16630.1,-13.525,2.06019
7179.9,7288,64563.9,2604,2604,65536,15264.9,7.16632,2.06019
9683.7,9433,67277.7,4150.5,4061,66980.3,18786.5,38.854,2.06758
11474.4,11284,66642.1,3949.5,3952,65494.5,11049.5,-51.1553,2.06969
8060.65,7776,67935,5521.5,5200,69587.9,17127.5,-32.4637,2.07075
15102.7,14413,68672.3,9118.5,8669,68934.1,9522.4,66.7221,2.07075
7980.05,7944,65833.4,3650.25,3564,67122,9007.21,-50.2185,2.07181
8590.4,7916,71119.3,7587.75,6840,72700.4,29019.9,9533.73,2.07814
9638.85,9164,68931.9,6424.5,5916,71169,10925.9,108.809,2.0792
6432.4,6325,66648.8,2320.5,2309,65862.4,9735.95,6.51411,2.08342
9911.85,9548,68033.4,3855.75,3804,66427.6,12445,-11.6477,2.08448
11536.8,11059,68367.8,4747.5,4707,66099.9,11441.2,9.03002,2.08448
15159.3,14737,67414,6610.5,6529,66354.1,6499.13,40.1758,2.08448
7482.8,7557,64892.5,2817.75,2837,65091.3,6357.24,-2.81891,2.08553
8715.2,8413,67890.1,4425.75,4269,67942.4,17190.1,-28.166,2.08765
35348.9,28465,81385.2,13899.8,11617,78413.9,12500.9,90.6902,2.08765
26206,14925,115071,10148.3,5097,130484,40578.2,-38.505,2.08976
9396.4,9001,68414.9,4692,4461,68929.6,19128.6,64.6411,2.08976
11533.6,11696,64626,3818.25,3776,66269.3,6619.25,-14.8688,2.09293
6999.2,6157,74500.5,6443.25,5997,70412.7,16805.6,57.8484,2.09398
23526.8,17400,88612,16333.5,12764,83863.4,13590.8,80.3292,2.10032
6419.4,6384,65899.4,2543.25,2512,66351.3,14422,24.398,2.10243
10593.7,10340,67144,5681.25,5492,67794.3,25613.6,13.6574,2.10454
17891.3,17300,67775.8,8831.25,7988,72454.3,15119.3,70.8118,2.10771
6839.95,6920,64777.9,3636.75,3580,66574.9,8921.39,34.0647,2.11616
15154.1,13581,73127.1,12189,10761,74232.7,9196.39,72.7544,2.12672
12912.3,12702,66620.8,5864.25,5694,67495.5,7564.67,-46.7243,2.12883
11259.3,11149,66184.4,3666,3497,68703.2,11912.8,46.8523,2.12883
11648,10337,73847.7,7137,6385,73254.6,19557.9,33.665,2.13305
6701.5,6537,67185.2,4073.25,4061,65733.7,14550.4,-22.0468,2.13411
11392.5,11337,65857.1,3100.5,3117,65189.1,9270.79,71.0316,2.13516
7586.8,7252,68561.6,3810,3616,69052,17593.3,56.0988,2.13728
15334.8,14105,71250,7415.25,6893,70501.4,10517.5,32.2847,2.13728
9456.85,9012,68771,4684.5,4452,68958.5,12102,-45.1748,2.14256
18370.9,16792,71698.4,11695.5,10604,72281.8,15538.5,-9.18396,2.14361
13900.2,13153,69259.2,4899,4689,68471.1,6990.8,-36.3827,2.14784
16187.6,14089,75297.8,12252,10921,73523.2,20767.3,92.0995,2.14995
10580,10302,67304.8,4673.25,4574,66958.1,9544.18,-14.1187,2.15523
28931.5,25692,73799.4,17396.3,15500,73553.6,13036.5,160.33,2.15945
5679.05,5695,65352.5,2202.75,2159,66864,13341.1,-1.36138,2.16156
9876.75,9077,71310.2,5513.25,5025,71903.8,15118.9,93.1718,2.16262
9041.5,8713,68006.9,3294,3101,69614.8,11353.1,67.5133,2.1679
14814.8,13392,72498.7,10067.3,9232,71465.3,7874.04,109.784,2.17001
10615.8,10345,67251.5,4743,4525,68693.3,15806.4,-10.914,2.17001
6319.95,6029,68698.7,5445.75,4861,73419.6,31871.9,-7.21779,2.17107
13502.4,12076,73277.3,10003.5,9144,71696.1,18247.9,-31.6458,2.18268
13109.2,12535,68538.1,4599,4259,70767.8,21038.9,99.8293,2.18691
13224.9,11825,73294.5,6144.75,5441,74012.6,20103.8,8.70447,2.18796
11789,11120,69479.1,4047.75,3844,69009.7,17173.6,69.8746,2.19747
19264.7,17153,73604.1,9803.25,8785,73132.1,38198.5,95.7444,2.19958
13222.9,11669,74263.4,8533.5,7857,71178.8,24191,2.53086,2.20275
12689.3,11855,70148.1,5853,5695,67354.2,29409.1,16.0948,2.20275
5321.55,5380,64824,2071.5,2032,66810,17940.4,22.5458,2.20486
11465.3,10481,71691,6082.5,5713,69774.7,17057.3,186.839,2.20908
5262.4,5321,64814.3,2426.25,2393,66446.6,10536,-53.716,2.21014
6357,6015,69262.2,2669.25,2539,68898,8200.45,-8.30819,2.21331
27095.2,23036,77084.3,16159.5,13944,75948.7,46041.7,-26.6703,2.21436
15037.1,13453,73252.9,7425,6541,74393,11167.5,26.2403,2.21436
5792.8,5711,66474.7,2110.5,2091,66147.2,11848.9,48.5747,2.21436
15255.5,14136,70726.1,10279.5,9404,71637.3,6586.59,43.6125,2.21859
10294.7,9408,71712.7,7312.5,6532,73366.8,24106.8,5.11403,2.22175
8039.85,7403,71173.8,4522.5,4175,70990.8,24758.5,14.5495,2.22492
18555.5,16909,71917.7,7633.5,7229,69203.1,10744.3,-33.9438,2.22809
9549.15,9004,69503.9,3785.25,3672,67557.2,12434,65.7527,2.23337
15928.9,13140,79445.7,12130.5,10468,75944.3,15020.7,-5.7245,2.23337
10069.1,9532,69229.1,4737,4508,68865.1,9344.52,95.1088,2.23548
6123.65,5908,67928.1,2184.75,2176,65799.5,7305.67,36.7054,2.23548
13375,8053,108847,102635,61729,108964,56964.9,13179.9,2.23759
13040.3,12244,69798.2,7291.5,6756,70730.6,15952.4,-25.5395,2.2397
10560.5,10076,68687.6,4644.75,4572,66578.8,7738.74,-2.87083,2.2397
12164.8,10722,74354.5,8549.25,7958,70405.1,13992.3,41.6142,2.24076
10652.2,9853,70851.8,6654.75,6169,70696.3,17527.9,39.7613,2.24182
11792.9,11022,70120,4613.25,4378,69057.5,11565.5,47.7253,2.24393
8416.85,8033,68667.6,2712.75,2613,68037.8,6346.39,-16.5785,2.24604
8860.15,8484,68441.6,3462,3268,69426.5,16864.3,-24.7138,2.2471
9935.9,8525,76382.3,9655.5,8473,74682.3,28715.1,2.36085,2.2471
9347,8664,70702.3,8585.25,7480,75219.6,12121.3,2.12446,2.24815
23698.3,18765,82765.5,20969.3,17145,80154,37515.8,26.1101,2.25026
12110.8,11306,70201.1,4857.75,4622,68878.7,13038.3,67.45,2.25132
6790.55,6481,68666.2,2790,2721,67197.9,16001,-15.2213,2.25238
15627.9,14613,70087.8,5322,4929,70761.3,33522.4,30.5602,2.25238
10427.9,9882,69156.7,7461,7070,69160.4,11841.1,-1.30501,2.25449
13221.6,12689,68287,5958.75,5701,68499,12530.5,77.7891,2.25449
7079.8,6917,67078.5,3209.25,3153,66705.2,23707.1,5.12905,2.25554
10123.8,9696,68427.2,2780.25,2660,68498.7,6703.17,75.4281,2.25554
8218.6,7749,69507.6,4854.75,4341,73292.1,17200.4,9.67358,2.2566
10895.9,10574,67531.4,4074,4030,66251.5,9774.44,-103.567,2.2566
19630.6,18065,71215.8,15151.5,14465,68646.3,7487.85,82.2786,2.26082
13897.6,13152,69251.6,7524,6900,71462.7,13439.9,27.8749,2.26294
13592.8,12796,69616.9,3560.25,3432,67985,8654.44,95.9948,2.26927
12324,11656,69291.8,5231.25,5048,67915.1,8947.87,558.664,2.27033
7132.45,6677,70006.3,4107.75,3893,69151.2,7480.46,27.2389,2.27033
13163.1,12616,68378.3,4728,4648,66664,11576.5,122.545,2.27033
7399.6,7258,66814.6,3197.25,3130,66944.1,13523.2,8.95178,2.27138
8575.45,8161,68864.2,3783,3669,67572.3,16923.6,136.104,2.27455
14394.2,12297,76713.1,10103.3,9117,72625.5,28574.9,10.1061,2.27772
8195.85,7308,73498,3856.5,3644,69357.7,17318,-68.5908,2.28511
7653.75,7209,69579.2,2736.75,2637,68015,21933.4,57.6557,2.28511
18781.1,14281,86187.1,10884,8713,81865.5,64552.1,85.294,2.28617
10973.3,10556,68126.8,3729,3724,65624,17343.8,-18.7118,2.28828
7912.45,7166,72362.6,6066,5562,71474.5,22546.5,-35.2473,2.28828
11334.7,10688,69501.4,4058.25,3940,67502.9,9736.65,105.414,2.29356
11028.5,10328,69981.3,5945.25,5544,70279.2,17833.8,104.25,2.29673
10215.4,9598,69751.7,7337.25,6794,70776.3,7836.62,-25.2345,2.29673
7549.75,7313,67657.6,2840.25,2753,67613,9699.43,-85.5045,2.29673
15337.4,12148,82742.2,12290.3,10468,76944.4,10753.3,-6.42412,2.29778
5651.75,5224,70902.2,3272.25,3080,69626.7,13494.5,74.3129,2.29989
12996.8,12185,69901.9,4476,4253,68972.3,11300.5,6.45531,2.30306
9154.6,8837,67891.4,3716.25,3617,67334.3,24030.6,19.7369,2.30729
8424.65,7677,71918.4,4842,4553,69695.9,17189.9,81.914,2.30834
8582.6,8552,65770.5,2248.5,2248,65550.6,17897.8,-6.69263,2.31045
8434.4,8068,68512.3,3580.5,3412,68772.5,9624.64,1.35829,2.32313
9867.65,9560,67645,1803,1752,67443.7,26897.3,79.8292,2.33897
6593.6,6565,65821.5,2487.75,2497,65293.2,10772.6,120.855,2.34213
8944,8770,66836.3,4803.75,4758,66166.2,14807.2,27.8235,2.34636
7218.9,6969,67886,2521.5,2429,68031.7,11289.3,23.6557,2.34741
9076.6,8113,73319.9,4858.5,4341,73348.7,17277,-26.4493,2.34847
12760.1,10124,82600.7,13933.5,11656,78341.3,28656.5,74.6031,2.35164
7052.5,6733,68645.9,3294,3165,68207.1,10758.6,-25.3443,2.35375
14493,13549,70102.3,5030.25,4765,69184.2,15541.7,-47.0241,2.35797
6966.7,6892,66246.3,3920.25,3788,67824.1,6348.68,63.4014,2.36114
12852.4,11732,71794.9,8975.25,8480,69363.4,10281.8,8.21359,2.37276
10329.8,9873,68568.2,3518.25,3461,66620.1,19593.1,-45.4563,2.37381
12493,11888,68871.2,4818.75,4676,67536.7,11874.7,36.5337,2.37487
29609.4,14708,131934,19586.3,10896,117805,18749.6,228.055,2.37487
6724.9,6448,68350.3,3603,3408,69285.9,11957.8,10.7306,2.37698
6853.6,6704,66998.4,2882.25,2784,67848.8,12188.7,93.2819,2.37804
9972.95,9825,66522.9,4434.75,4337,67013.1,18444.8,7.90682,2.37909
12221.3,12084,66280.6,6057.75,5760,68923.7,10512.5,101.085,2.3812
8326.5,8249,66151.7,1830.75,1817,66031.9,17130.2,24.2962,2.38754
6490.9,6393,66539.6,3447.75,3321,68037.3,20134.4,-7.63668,2.38754
6621.55,5951,72920.5,6874.5,6251,72072.8,17958.5,11.3651,2.39071
6674.2,6324,69165.1,4650,4292,71002.4,16988,-14.3984,2.39176
10556.6,9847,70259,5913.75,5335,72645.5,13422,115.596,2.39493
9048.65,8809,67318.9,3136.5,3021,68041.6,12880.1,130.236,2.39493
11919,11756,66445,5226.75,4988,68672.9,6577.1,-13.1472,2.39599
6051.5,6400,61967.4,2545.5,2528,65989.7,7732.58,16.9094,2.39704
8225.1,7681,70178.4,7933.5,7205,72162.4,21816.4,57.6601,2.39916
6795.75,6882,64714.7,1201.5,1206,65291.5,8900.42,-2.05449,2.40021
8680.75,8393,67782.9,5079.75,4713,70635.8,24139.3,82.5128,2.40021
14738.7,12848,75180.5,11520,10100,74750,32671.7,69.2922,2.40232
15832.7,12915,80341.6,10807.5,9191,77062.4,34321.2,111.37,2.40971
10946.6,10881,65931.4,4624.5,4533,66858.9,13598.1,126.769,2.41183
46763.6,37540,81638.2,28983.8,22784,83369,75394.3,101.227,2.41183
11663.6,11025,69332,4902,4465,71950.2,9080.4,105.439,2.41183
11581,11245,67494.5,5893.5,5625,68664.3,10223.1,46.0558,2.41711
8413.6,7905,69752.5,6076.5,5521,72130,28412.8,100.412,2.41711
7977.45,8263,63271.2,3811.5,3735,66878.3,14120.1,-42.6707,2.41711
7242.95,6957,68229.7,3099,2761,73558.9,17117,-15.2633,2.42661
13629.2,11216,79636.5,9081.75,7856,75761.4,25339.7,-1.8123,2.42872
12265.5,11589,69361.6,5631,5381,68580.8,7216.02,-83.6912,2.43189
6529.25,6549,65338.4,3335.25,3329,65659,6318.94,6.64252,2.43189
11687.6,11366,67390.6,2447.25,2342,68481.2,10768.2,-23.6247,2.43295
16491.8,14103,76636.6,11866.5,10803,71987.7,24824.3,71.3071,2.43295
13847.6,13416,67644.3,5115.75,4968,67485.1,15996.1,-1.46116,2.434
7144.15,7095,65990,2967,2851,68202.5,15779.3,-27.253,2.43928
12260.9,10996,73075.1,7830.75,6916,74204.2,13155.2,78.6256,2.44351
9150.05,9080,66041.6,5340.75,5276,66340.3,10943.2,45.1687,2.44351
10660.6,10169,68704.5,5597.25,5245,69937.3,17817.2,7.07041,2.44456
20506.8,18853,71285,14938.5,13649,71727.6,16187.4,25.1917,2.44562
11942.4,11517,67957,7807.5,7545,67816.1,14874.6,63.941,2.44562
14719.9,13396,72012.8,10405.5,9380,72700.9,21071.2,161.748,2.45935
11167.6,10769,67962,4642.5,4373,69574.9,20894.3,124.775,2.45935
6323.2,6478,63969.9,2819.25,2782,66413.5,8708.59,49.5527,2.45935
5783.05,5784,65525.2,2352,2348,65647.6,11099.9,-25.3572,2.46463
16526.9,14981,72298.7,10856.3,9777,72770.3,19683.2,77.5203,2.46568
19524.7,16664,76786.5,16044.8,13752,76462.2,14198,128.466,2.46779
7216.95,6681,70793.3,5409,4905,72270,12945.4,-58.9665,2.47307
13452.4,12767,69054.3,7823.25,7115,72059.7,23622.8,71.3522,2.47835
13408.8,12398,70879.4,5864.25,5534,69447,13758.6,-7.39707,2.47835
6113.9,5925,67625.4,2869.5,2737,68708.6,9023.88,1.38087,2.48363
12849.2,11029,76351.9,12795,11141,75265.5,23237.2,-8.87329,2.48363
11803.3,10565,73217.6,8478,7473,74349.6,31035.5,137.294,2.48891
13817.7,12105,74808.5,10005.8,8857,74036,24254.4,6.82848,2.48997
6647.55,6612,65888.4,2900.25,2848,66738.3,8361.85,-90.6143,2.49208
22600.5,20542,72103.3,14028,13002,70707.5,13785.8,8.08191,2.49525
8354.45,7964,68749,5148,4908,68740.7,16955.3,106.863,2.49736
14578.2,14124,67643.5,4110,3980,67676.6,10264.7,-2.96576,2.49842
7963.15,7185,72633.7,5283.75,4929,70252.8,20649.2,15.564,2.49947
5231.85,5238,65459,3414,3302,67758.9,10734.5,3.03658,2.50053
17368,16072,70820.6,9569.25,8972,69898.6,12493.3,118.21,2.50264
20556.3,18856,71445.4,10683,9772,71645.6,23706,8.56909,2.5037
11445.8,10993,68235.7,7837.5,7173,71607.2,14471.6,-22.0439,2.5037
6737.25,6442,68539.6,2439.75,2314,69097.4,8411.49,-2.89612,2.50581
12517.7,10861,75532.6,9081.75,7981,74574.8,24754.7,6.80968,2.50686
11738.3,9869,77949.6,15196.5,12797,77824.3,28421,1165.09,2.50792
11812.4,11394,67942.8,4824.75,4710,67132.7,9953.96,45.2059,2.50898
7307.95,6992,68497.4,3138.75,2996,68658.6,8978.93,-8.07744,2.51214
5751.85,5536,68091.3,2179.5,2080,68671,17918.8,-132.253,2.51426
17303,16132,70293.2,9387.75,8516,72244.7,21187.3,-104.856,2.51848
9449.05,8849,69980,9872.25,9185,70439.6,21354.2,51.6575,2.52376
14384.5,13459,70042.5,4505.25,4215,70048.9,21165.1,87.7846,2.52587
9124.05,8699,68738.2,4094.25,3899,68817.8,11546.2,89.8661,2.53432
13203.4,12701,68128.6,3924.75,3805,67598.5,11344.1,31.3937,2.54065
9637.55,9205,68615.6,5036.25,4693,70329.4,15468.2,-20.3613,2.54277
8118.5,8117,65548.1,2641.5,2625,65947.9,11679.2,33.1011,2.54699
12045.8,11480,68766,5175,4844,70014.2,13818.2,77.7407,2.56177
7055.1,6729,68712,2289.75,2249,66723.5,6654.63,-43.2501,2.57761
11360.7,10313,72193.8,6537,5949,72013.6,9727.32,73.5944,2.57867
11306.1,10668,69456,4785,4600,68171.7,8171.05,-24.3871,2.58078
6470.75,6285,67472.9,2894.25,2809,67524.9,7031.59,4.89574,2.58289
10326.5,9757,69361.6,5834.25,5389,70950.7,22754.8,64.5048,2.58501
10977.2,10449,68848.9,5744.25,5445,69137.8,10758.2,86.4557,2.58712
9525.1,9103,68574.9,4434,4335,67032.7,7504.12,-75.962,2.58712
28145,18852,97841.6,35312.3,25364,91240.5,103724,230.022,2.58817
5893.55,5752,67148.8,2490.75,2424,67340.7,19474,68.9281,2.58923
12787.4,11997,69854,8976,8377,70222.2,11253.2,6.45709,2.59029
5868.2,5752,66859.9,2766.75,2696,67255.8,11225.7,21.0781,2.59134
7686.9,6940,72589.1,5225.25,4728,72428.5,20882.3,26.7352,2.59557
12119.3,11032,71994.8,8478.75,7916,70195,10091.5,86.4807,2.6019
15929.5,14680,71114.4,8503.5,7736,72037.9,11293.9,93.3156,2.60401
13568.1,12764,69664.6,8280,7884,68827.8,13447.5,0.354624,2.60401
9519.9,9321,66934.5,3735,3629,67450.3,13499.3,16.6927,2.60401
10246.6,9640,69659.9,4710,4460,69209.5,12806.6,-3.92129,2.60612
5353.4,5369,65345.6,1632.75,1677,63806.7,15572,-32.4052,2.60612
13195.6,12329,70142.8,4987.5,4697,69589.3,7835.29,26.3655,2.60824
7527.65,7361,67019.7,3485.25,3425,66688.9,10730,38.2967,2.61035
10444.2,9608,71239.7,6706.5,6200,70889.9,12271.7,105.319,2.6188
11007.8,10883,66287.2,5306.25,5171,67250.1,8397.45,-32.1356,2.61985
5125.9,5065,66324,2274.75,2217,67243.1,10204.8,23.6965,2.62196
7629.7,7477,66874.4,4794,4625,67930.7,10467.5,3.04662,2.62408
9743.5,9700,65829.9,4026.75,3972,66439.3,11441,-23.65,2.63252
8701.55,8516,66963.9,4040.25,3936,67271.8,11165.1,10.7604,2.63358
14634.1,13153,72915.7,7284.75,6533,73077.2,15341.5,211.843,2.6378
18656.3,17265,70817.2,11096.3,10181,71427.5,25155.8,177.935,2.64097
11168.9,10537,69466.5,5756.25,5465,69028.7,6860.05,136.482,2.65153
9469.2,9348,66385.7,2793,2736,66901.3,6598.34,-33.788,2.65259
12817.3,12136,69215.4,5473.5,5128,69951.5,6473.15,54.7967,2.65998
8831.55,8609,67230.2,5315.25,5029,69266.3,11750.6,31.3784,2.66526
15213.2,14077,70825.8,10059.8,9209,71590.4,16445.3,26.042,2.66948
9828,9457,68107,5077.5,4885,68118.5,21090.3,-30.0326,2.66948
13749.4,12424,72527.7,12657.8,11884,69803,20627.4,33.6248,2.67054
18421,17261,69940.3,9096,8745,68166.4,10451.5,113.127,2.67265
11328.2,11157,66541.6,3927.75,3857,66738.1,6685.33,-105.171,2.67371
5542.55,5516,65851.4,3470.25,3304,68833.6,13842.4,48.4998,2.67371
10703.5,10219,68643.5,4420.5,4299,67388.2,16636.1,58.7148,2.67582
18188.3,16517,72167.4,13390.5,12261,71573.3,18565.5,62.0823,2.67582
17040.4,14728,75825.6,11782.5,10700,72166.2,30228.5,-32.956,2.67793
6613.75,6261,69228.4,2789.25,2641,69214.8,12097.1,-31.4146,2.6811
10320.7,9409,71886.2,5214,4753,71892.4,17581.8,14.8193,2.68215
11529,10972,68863.3,4170.75,4044,67590.1,10211.5,77.8762,2.68215
13284,12357,70452.7,5697.75,5393,69239.3,10287.1,78.7334,2.68532
14131.6,13552,68339.1,6567.75,6368,67591.7,13798.8,94.9414,2.69166
25658.8,19907,84471.4,15183,11399,87291.3,38064.3,14.9095,2.69905
11836.5,10688,72578.3,5785.5,5488,69088.7,25965.4,-22.4758,2.69905
13406.9,12508,70245.8,6117.75,6088,65856.3,12695.8,29.6229,2.69905
10358.4,9550,71083.6,4055.25,3850,69029.8,9531.71,45.2218,2.70011
14032.2,13084,70285.4,4737,4588,67664.4,25448.4,-37.0764,2.70539
13936.6,12936,70605.5,4960.5,4716,68933.7,7293.45,84.0059,2.70539
19442.1,13504,94354.3,8078.25,5936,89187.4,24814.8,49.8074,2.71278
11950.9,11726,66792.9,3549,3498,66491.5,11915,92.4322,2.71383
9862.45,9376,68936.2,5128.5,4912,68424.6,11899.3,46.8528,2.71911
7580.3,7465,66548.2,2714.25,2681,66348.8,16530.7,81.0788,2.72123
15780,14244,72603.3,9612.75,8916,70657.4,8467.98,137.282,2.7339
9244.3,8632,70184.7,5874,5484,70196.7,14735.5,-3.13378,2.73601
21611.2,19198,73773.9,10228.5,8938,74998.3,23783.9,153.046,2.73812
11344.4,11044,67318.9,6185.25,5968,67921.7,9054.58,-15.8203,2.73812
14404,13921,67809.8,7347,7141,67426.6,21843.6,55.0791,2.74234
9738.95,9312,68540.8,5646.75,5252,70461.8,16379.1,38.0844,2.7434
7173.4,7096,66250.8,5100,4780,69923.4,10316.8,-95.8477,2.74446
10039.3,9081,72451.5,10431,9465,72224.6,10424.6,58.0882,2.74551
10786.1,10353,68277.6,6276.75,5749,71552.1,23380.9,93.7213,2.74974
9151.35,9070,66123.8,4299.75,4250,66303.2,18007.1,-48.8367,2.74974
4922.45,5141,62750,2643,2565,67528.9,14217.3,22.6857,2.7603
17960.1,16025,73450,13040.3,11385,75064.2,15851,74.2243,2.76135
10706.8,10217,68677.8,6834.75,6557,68312.1,26063.1,10.2005,2.76346
10327.2,9112,74276,11844.8,10332,75131.4,25532.9,144.38,2.76558
8549.45,7964,70353.7,5412.75,5052,70215.8,23203.2,12.888,2.77086
47550.1,23881,130490,43020,24925,113114,68976.2,283.788,2.77297
10653.5,9466,73757.4,7232.25,6606,71748.8,22928.7,173.718,2.77297
8689.85,8537,66709.4,3357,3277,67135.9,14613,0.310823,2.77614
6492.2,6437,66098,2058.75,2053,65719.6,13545.4,4.65094,2.77825
8006.05,7521,69762.6,5892,5313,72678,21946.9,30.9952,2.77825
29905.8,21413,91529,19689.8,16353,78908.3,37992.2,-2.2878,2.78247
17922.4,15112,77724,14722.5,12856,75050.9,25932.9,-11.2946,2.78775
10682.8,10122,69166.6,6444,6062,69665.8,8806.73,15.149,2.78986
14541.8,13911,68507.8,5433,5123,69501.7,18041.5,86.182,2.79197
12334.4,11960,67587.6,4339.5,4280,66447.1,7271.69,12.6267,2.79197
40921.4,33014,81233,17527.5,14066,81663.8,24046.1,111.756,2.79197
9295,8310,73304.1,8466.75,7906,70184.3,34991.3,249.805,2.79514
7120.1,6819,68429.8,6675,6019,72678.7,27406.9,66.91,2.7962
10930.4,10236,69981.9,4518.75,4316,68614.6,8646.86,114.915,2.79725
21149.7,18879,73418.4,10290.8,9375,71937.6,31742.7,48.6871,2.80148
12229.8,11869,67527.9,7095,6905,67339.3,6631.39,28.1308,2.8057
13065,11956,71614.9,5516.25,5184,69736.3,7455.38,129.58,2.8057
8758.75,8399,68343.1,3612,3467,68276.9,7171.04,59.0705,2.80887
22313.2,17485,83632.7,18653.3,14317,85385.2,26825.9,135.732,2.80993
8689.2,8684,65575.2,2840.25,2824,65913.1,21461.2,18.9735,2.80993
11883.3,11644,66882.9,3272.25,3212,66765.3,16622.5,32.9153,2.81204
33079.8,28927,74944.4,21107.3,18095,76445.7,33261.6,287.71,2.8226
16234.4,15060,70646.6,6323.25,6052,68473.3,21744,80.8828,2.8226
33896.8,26185,84837.3,29015.3,23049,82500,31553.5,131.254,2.82999
9354.8,8156,75168.7,5935.5,5292,73505.1,16295.1,20.0276,2.82999
13603.8,11639,76599.5,7365,6487,74406.1,16828.5,89.6676,2.8321
13085.1,11651,73603,10152.8,9063,73416.2,15395.1,118.101,2.83527
7645.3,7389,67809.2,3333.75,3129,69824.4,6499.62,-37.2243,2.84266
12833.6,12428,67674.8,5187,5128,66290,6765.65,54.7857,2.84266
8854.3,8336,69610.8,6498.75,6228,68385.1,22651.4,55.0487,2.84477
9789.65,9525,67356.9,3692.25,3685,65664.9,9676.95,57.2563,2.84688
9734.4,9585,66557.5,3626.25,3605,65922.3,10767,17.6554,2.85428
6890,6441,70104.5,3600,3325,70956.3,13324.2,75.1793,2.85428
19165.9,15561,80718.2,12444,10669,76439.2,10073.5,121.741,2.8585
10958.3,10179,70553.7,6458.25,6071,69716.3,11870.1,64.0539,2.86272
11462.1,10732,69994.4,6159.75,5788,69745.2,16703.2,1.09227,2.86484
9046.7,8353,70978.6,6744,6065,72873,15366.4,-40.9975,2.86695
6879.6,6369,70790,5581.5,5041,72562.8,9665.29,26.2968,2.868
9460.1,9473,65446.8,3410.25,3409,65560,14292.2,95.7829,2.87012
15207.4,13965,71366.4,10913.3,10265,69674.7,11820.2,86.4158,2.87328
26859.3,22936,76746.2,21117.8,18552,74599.7,18322.2,110.251,2.87434
19361.5,16681,76067.3,8398.5,7081,77729.7,16834.5,71.6073,2.88068
8919.3,8980,65093,4681.5,4628,66293.6,6502.2,-5.40436,2.88068
8060,8028,65797.2,3482.25,3320,68738.8,15921.9,-46.1784,2.88173
9098.05,8949,66627.5,3277.5,3121,68822.3,13907.7,12.3773,2.8849
6087.25,6101,65388.3,3604.5,3441,68650,7801.93,30.6668,2.89335
7061.6,7133,64880,2963.25,2845,68259.9,7128.65,54.7721,2.89652
13243.8,12188,71212.9,8664.75,8140,69760.8,23716.2,30.9287,2.89863
17347.2,16589,68531.3,7629,7305,68442.7,13735,131.064,2.89968
13968.5,13464,67991.6,5894.25,5692,67864.6,18800.6,-13.6066,2.90285
20458.8,18064,74224.1,11464.5,10032,74894.1,24235.3,100.569,2.90496
10198.5,10133,65959.6,4171.5,4133,66146.5,8361.86,-19.2343,2.90707
6687.85,6185,70864.2,6975,6109,74826.3,16287.1,25.1879,2.91024
16600.3,16428,66223.6,5858.25,5800,66194.2,16576.8,-93.503,2.91341
10478,9796,70098.6,6116.25,5796,69157.1,11263.8,-3.00331,2.91447
9807.2,9201,69853.8,5512.5,5185,69675.5,19169.3,151.5,2.91552
9013.55,8444,69956.4,5574,5052,72307.5,18528.9,42.3037,2.91552
12316.2,11936,67623.5,4865.25,4708,67724.9,15342,45.0034,2.91658
13536.2,13180,67307.4,3935.25,3944,65390.6,9545.75,29.7413,2.92186
7363.85,7083,68134.6,2430.75,2431,65529.3,22488.3,5.17486,2.92608
12661.3,11253,73738,7261.5,6933,68641.2,15525.7,-53.0435,2.92925
8762,7732,74266.2,4420.5,3968,73009.5,16536.1,34.6385,2.93031
36971.3,30017,80719.4,23739,20097,77412.5,29136.8,-9.69501,2.93664
10030.8,8929,73622.9,3593.25,3489,67494.2,12383.7,3.8346,2.9377
35724.6,25398,92182.5,33589.5,23430,93953.1,22039.3,135.912,2.94087
6756.75,6145,72060.3,2256,2229,66329.8,10523.1,-15.8755,2.94087
12395.5,11309,71832.3,4551.75,4349,68591.3,6776.95,0.605312,2.94192
18428.1,17121,70539.5,7848.75,7617,67530,7138.79,59.0717,2.94192
11999.6,10785,72916.9,7078.5,6741,68817.2,19780.1,85.2566,2.94298
8113.95,7457,71309.6,5163.75,4693,72109.8,20955.1,-28.3075,2.94931
11098.8,10477,69425.2,6850.5,6441,69702.6,8131.65,16.0344,2.94931
9739.6,9837,64887.1,3783.75,3801,65238.6,10768.3,-33.9447,2.95248
9419.15,9325,66197.7,6910.5,6573,68901,20995,-3.36902,2.95459
11211.2,10807,67987.1,3892.5,3799,67149,14842.7,69.1022,2.95459
8429.85,8289,66649.6,5520,5377,67278.9,24711.4,-4.36869,2.95459
8725.6,8549,66889.8,4662,4385,69675.9,20298.2,24.1772,2.95565
12816.7,11592,72459.9,7787.25,6968,73241.3,12989,-5.64815,2.96515
8343.4,8008,68280.9,5360.25,5052,69534.7,10591.2,128.602,2.96515
27866.1,22368,81645,18010.5,13444,87796.5,50900.4,78.9271,2.97149
6002.1,5748,68433.1,5235,4928,69618.7,13983.7,54.5145,2.97782
11154,10508,69565,5609.25,5256,69940.6,19639.7,-37.7181,2.97994
6748.95,6769,65341.9,3370.5,3333,66273.4,12771.1,70.04,2.98416
8190,7421,72327.2,6425.25,5853,71943.5,9248.26,-98.3876,2.98416
14727,14204,67949.3,4785.75,4668,67189.1,12867.4,49.3964,2.98627
6869.2,6720,66991.1,4107,3876,69441.8,10306.6,52.0727,2.99366
24156.6,20396,77619.5,15663,13496,76058.9,43715.8,645.937,2.99472
15648.7,14128,72590.4,11801.3,10468,73883,33467.9,19.3822,2.99683
11349,10690,69576.1,4389,4130,69645.9,6334.54,-18.2981,2.99789
13048.8,12257,69769.3,5394.75,5073,69692.6,13745.2,18.4034,2.99789
16095.9,13673,77149.4,10068,8909,74061.8,34490.4,15.9038,2.99894
12110.1,11620,68300.4,6553.5,6212,69138.8,11398.5,-71.8084,3.00106
16339,15444,69334.1,7495.5,7088,69303.8,8066.22,27.2169,3.00211
19120.4,15971,78459.4,13248.8,11443,75877.8,22960.5,98.8971,3.00317
7164.95,7057,66538.5,3082.5,3025,66781.7,15160.3,73.3903,3.00528
10814.7,10581,66983.5,5003.25,4721,69454.1,15795.6,108.626,3.01056
9974.9,9936,65792.6,3897,3908,65351.5,9599.03,83.0592,3.01584
9808.5,9149,70260.1,5527.5,5257,68908.2,7154.73,47.8911,3.0169
7266.35,6988,68146.5,2922,2840,67428.2,9132.95,51.2568,3.0169
5770.05,5701,66329.8,2488.5,2437,66920.9,11179.7,-11.6002,3.01795
12520.3,12024,68241.1,4070.25,3900,68396.9,8812.07,-48.4912,3.01901
8895.9,8249,70675.4,7061.25,6505,71140.1,26055.3,-84.3992,3.02006
9061,8301,71536.2,4020,3789,69531.5,21866.6,76.5782,3.02851
9258.6,8887,68276.3,3423,3399,65998.7,7076.39,-10.5859,3.03379
10650.9,10066,69344.1,3661.5,3590,66841.2,7193.49,-2.85034,3.03907
13842.4,12524,72435,8829,7960,72690.6,19088.1,108.503,3.04118
9098.7,8803,67737.4,2761.5,2775,65217.2,30054.5,21.2305,3.04329
13739.7,12522,71909,4774.5,4458,70188.8,10318.5,-27.0478,3.04435
26353.6,24048,71819.3,17902.5,16272,72102.9,10040.5,121.743,3.04646
11276.2,10617,69605.1,9333.75,8681,70463.9,28445.7,119.331,3.05491
12311,11557,69811.7,7248.75,6821,69645.8,23624.9,73.0721,3.05491
6153.55,6128,65809.2,2917.5,2868,66667.1,7773.62,-25.2321,3.05808
6341.4,6288,66092.6,2388.75,2272,68903.7,15987.8,-63.3808,3.05913
8517.6,8252,67645.4,3346.5,3212,68280.3,8798.23,53.8493,3.06125
14825.8,13327,72906.6,9500.25,8703,71539.5,36469.9,138.809,3.06864
11256,10941,67423.1,5517.75,5289,68370.4,9151.8,14.2761,3.07286
8292.05,7756,70065.5,8726.25,8184,69878.2,15507.5,-41.8628,3.07392
15798.2,15213,68057.2,5793.75,5353,70932,9989.79,-6.39543,3.07814
30191.8,21285,92960,27496.5,21393,84233.7,8488.11,237.041,3.0792
7745.4,7304,69496.5,6245.25,5708,71704.4,19787.4,114.496,3.0792
8221.2,8606,62605.7,2844.75,2878,64778.9,8531.9,28.0594,3.08025
15546.7,13576,75049.3,15016.5,13516,72811.6,22747.8,32.6851,3.08237
16365.7,15673,68432.5,6919.5,6701,67672.9,9368.03,38.3479,3.08342
9414.6,9303,66322.2,4377,4275,67099.7,12182.9,-16.7979,3.08553
26484.3,23076,75215.5,15393.8,13604,74158,18200.8,-60.024,3.0887
20562.1,16496,81690,12003,10512,74831.5,29817.8,34.9994,3.0887
12462.4,12032,67880.6,4791.75,4624,67913.5,10866.9,43.4516,3.0887
7241,7024,67560.7,5004,4704,69715.6,20109.2,-55.7957,3.0887
8846.5,8204,70668.5,6849.75,6332,70894.7,28051.6,16.1458,3.09187
8565.05,8060,69642.6,6067.5,5852,67949.4,10068.9,43.4816,3.09293
12684.8,11837,70229.6,9765,9161,69856.9,18593.7,84.4412,3.09926
12547.6,12280,66964.1,4293,4252,66167.9,8422.5,35.8035,3.10032
8162.7,8041,66527.9,3466.5,3405,66719.7,11849.3,62.3347,3.10137
8515,7720,72284.9,7869,7452,69203.3,13359.6,37.3379,3.10454
6854.25,6704,67004.8,2592,2528,67195.1,14485.7,-2.26439,3.10876
14495,12855,73896.9,9210.75,8659,69711.9,17544.6,64.7007,3.11193
22525.1,19379,76175.5,10979.3,9331,77112.4,10722.5,154.397,3.11616
9796.15,9192,69843.4,4141.5,4024,67449.6,10282.3,46.9136,3.11616
7417.8,6924,70209.8,3156.75,3000,68960.3,20948.8,29.3127,3.11721
12082.8,9341,84772.7,9530.25,7961,78454.3,19000.6,16.4859,3.12038
11146.2,10308,70865.1,6360.75,6032,69107.8,17275.1,-4.08922,3.12038
8765.25,8369,68639,3239.25,3189,66568.7,9536.05,20.2816,3.12883
9633.65,9270,68106.9,4888.5,4758,67333.5,6890.92,-7.99897,3.12988
11279.4,10741,68821.3,3798,3637,68437.1,11635.1,-75.2573,3.13305
14292.8,13985,66978.6,3500.25,3473,66050.2,11140.2,-68.3587,3.13411
8762,8557,67106,4650.75,4573,66650.2,11858.4,-1.30566,3.13411
10845.9,10489,67765.9,3662.25,3533,67933.5,10745.5,-74.3638,3.13411
9038.9,8875,66746.3,6828.75,6303,71002.5,19885.5,8.71267,3.13516
8771.1,8292,69322.6,4119.75,3876,69657.4,9694.72,-11.5443,3.13939
13456.9,12625,69854.6,4299,4085,68969.2,8439,-53.6371,3.1415
14674.4,13696,70217.7,6327,5952,69665,16713.2,24.3119,3.14256
12921.3,10624,79707.6,11778,10464,73765.6,12092.9,-8.19447,3.14572
10324.6,9269,72999.6,4375.5,4181,68584.7,15857.8,-6.61596,3.14678
12719.2,11392,73171.1,3897.75,3684,69338.5,26880.4,57.4698,3.14784
8182.2,7336,73095.5,3022.5,2920,67836.5,12869.6,-31.4437,3.14889
8851.7,7968,72804.3,3299.25,3120,69301.2,11266.4,54.6166,3.14995
19771.7,16725,77474.3,20318.3,17621,75567.6,14538.7,18.3736,3.14995
14257.1,11596,80575.5,8493,7244,76835.6,9244.62,-19.2674,3.151
8606,7424,75970.2,4983,4592,71116.3,15782.4,25.2069,3.15312
14801.8,12209,79453.7,8261.25,7397,73193.1,23106,98.8916,3.15417
12239.5,10924,73428,5681.25,5352,69567.7,24119.9,1.67354,3.15734
5659.55,5045,73519.2,2437.5,2389,66866.5,7580.54,-57.0449,3.15734
12062.7,10904,72500.1,4527,4332,68486,16293.6,64.7477,3.1584
12905.1,11507,73498.6,4862.25,4583,69529.2,12191.8,56.3018,3.1584
10011.9,9169,71561,3825.75,3733,67164.3,19534.4,81.8259,3.16051
12280.4,11332,71021.1,4108.5,3940,68338.7,18206.1,19.0958,3.16367
12218.7,11525,69480.7,4072.5,3861,69126,6949.76,-110.341,3.17001
6134.05,6008,66911,3171,3148,66014.8,18516.7,0.164113,3.17107
6458.4,6329,66875.9,2625.75,2541,67721.8,10157.1,-70.0417,3.17107
7946.9,7812,66667.7,3891,3812,66894.2,10927,33.1293,3.17529
9536.8,8308,75229.1,5805.75,5216,72945.9,25408.7,-2.6749,3.17529
11458.8,11240,66812,2940,2892,66623.7,11990.1,100.169,3.17951
8095.1,7825,67798.1,4622.25,4357,69525.8,19969.5,-8.49048,3.18163
7147.4,6944,67455.6,2770.5,2644,68671.5,12591.1,8.12681,3.18268
7631,7508,66609.6,1917.75,1872,67137.6,9268.13,174.232,3.18374
6672.25,6486,67417.9,2688,2582,68226.5,13262,56.2616,3.18374
12634.7,12433,66599.2,4116.75,4069,66305.1,8656.58,61.5947,3.18796
15592.8,13281,76944,8136.75,6965,76561.4,19965.4,67.1897,3.19219
9722.05,9052,70387.1,4394.25,3980,72357.2,16222.5,53.5703,3.19641
7304.7,7072,67692.4,2518.5,2452,67313.4,8450.9,144.162,3.19641
13707.2,12600,71294.8,7411.5,6844,70970.2,26015.2,134.902,3.19958
17713.1,16008,72516.8,4597.5,4012,75100.1,30975.9,-2.16412,3.20063
7735.65,7357,68909,3737.25,3529,69403.4,9059.33,-54.5205,3.20063
7725.25,7667,66033.9,3308.25,3239,66937.2,16788.1,-36.7509,3.20169
15392.6,14764,68326.5,5105.25,4920,68003.6,7668.61,-7.2882,3.20275
8505.9,7939,70215.7,4387.5,4083,70423.5,28576.8,4.94604,3.20591
10003.5,9580,68433.1,5281.5,4796,72170.2,18934.9,236.648,3.20591
15220.4,14120,70643.3,9317.25,8744,69832.5,9860.67,48.6494,3.20697
14028.3,13100,70180.1,7326.75,6908,69508.7,12471.9,-91.6287,3.20803
9683.7,9296,68269.2,4226.25,4048,68421.8,11331.6,-15.9059,3.20908
9272.25,8632,70396.9,5093.25,4764,70065.3,8263.52,89.1294,3.21225
7627.1,7324,68248.2,3004.5,2924,67340.3,9063.08,61.5794,3.21436
12124.4,11814,67258.2,3066.75,2914,68971.4,11042.1,-60.615,3.21647
8571.55,8240,68173,3954.75,3808,68061.6,11174.4,-90.72,3.22492
11095.5,10460,69517.7,6619.5,6172,70287.7,27497.1,29.0666,3.22598
15590.9,14789,69089.5,6468.75,6053,70037.3,9195.31,40.9344,3.23126
14504.7,12501,76040.6,11229.8,10337,71196,20339.3,7.83562,3.23231
8314.8,8157,66803.8,3021,2909,68059.2,10205.6,13.3765,3.23337
11551.8,11204,67570.4,4323,4148,68300.9,10374.5,-23.6099,3.23442
13052,10016,85400.9,12830.3,10768,78087.2,23310.2,33.524,3.23548
8437,7873,70230.8,7288.5,6657,71752.9,6363.9,-73.3392,3.23759
5032.95,5233,63030.6,2923.5,2833,67629.5,13608.1,61.4086,3.24076
6004.05,6369,61780.7,3471,3509,64826.3,22729.3,47.3058,3.24076
15014.3,14469,68006.1,5732.25,5361,70074.4,25879.5,-18.1726,3.24393
6592.3,6856,63015.3,2624.25,2588,66454,12764.5,122.5,3.24815
6384.95,6332,66084,3618,3448,68767.2,17148,98.2556,3.24921
12270.7,11680,68850.4,5853.75,5428,70676.4,8673.3,14.294,3.24921
6965.4,6836,66776.5,3420,3348,66945.4,11299.2,39.1354,3.25238
6219.85,6128,66518.3,2984.25,2848,68671.3,6342.69,90.0616,3.25238
10986.3,10529,68382.4,4240.5,3937,70588.1,23739.5,38.6678,3.25343
11034.4,9653,74914.6,6780,6353,69940.8,7874.09,-33.8359,3.26294
12448.1,11096,73522.2,6623.25,6104,71111,12174.9,-72.6975,3.26294
13511.5,11497,77019.5,8157,7369,72544.1,7052.43,-20.045,3.2661
15653.3,14501,70743.7,6285,6065,67913.2,23704.5,89.4091,3.27033
5344.95,5588,62685.5,2746.5,2720,66174.5,10667.2,-17.6009,3.27772
13462.8,13077,67469.5,5674.5,5553,66969.9,11664.4,21.9216,3.27772
12801.8,13045,64313.9,5675.25,5477,67908.2,8809.85,-84.6111,3.27878
7519.2,7968,61844.7,2213.25,2116,68548,13654.5,-53.8332,3.28089
10153,10345,64319.7,5106,4925,67944.5,20783.5,-47.2211,3.28405
5597.8,5992,61224.5,3047.25,3052,65434,10851.1,52.0522,3.28511
15211.9,14645,68073.1,11107.5,10561,68927.3,16960.3,91.3826,3.28722
6773.65,7036,63092.4,5478,5016,71572.2,15270,-53.0339,3.28828
11121.5,11344,64250.6,6417.75,6116,68769.4,29141,-50.9752,3.28828
4605.25,5100,59178.4,2194.5,2188,65730.7,9826.87,58.1107,3.29039
9772.75,9544,67106.8,3955.5,3692,70213.3,7381.98,3.16257,3.2925
11338.6,11072,67114,5304.75,4964,70034.7,10045.7,69.2825,3.2925
10784.1,9976,70845,9093.75,8280,71976.8,12218.6,13.3008,3.29356
10285.6,10226,65918,3718.5,3494,69746.9,22737.5,119.545,3.29567
8058.7,8312,63538.9,6397.5,5992,69971.1,17873.3,34.5883,3.29567
4873.05,5293,60336.3,2506.5,2345,70049.5,12855.5,47.6769,3.29673
12666.5,11792,70396.5,9785.25,8836,72576.5,13144,157.746,3.29989
5105.1,5200,64340,2438.25,2356,67823.9,23559.6,46.4146,3.29989
5021.25,5081,64765.3,2487.75,2381,68474.3,9661.15,66.7169,3.30201
16437.2,15431,69809.4,9506.25,8627,72215.3,36152.7,-4.79867,3.30306
11876.8,11705,66497.9,2577,2621,64435.8,11617.2,47.7234,3.30623
7674.55,7444,67565.7,4617,4400,68768.1,10443.6,46.9075,3.30729
9707.75,9160,69454.9,4731.75,4460,69529.1,16765.6,25.1699,3.3094
8886.8,8721,66782,4788.75,4529,69294.7,11234.6,40.8578,3.31045
9642.75,9520,66381,5819.25,5396,70676.5,13350.8,-36.6217,3.31573
6893.25,7031,64252,3933.75,3811,67646.9,31628.3,89.1114,3.32207
6064.5,6185,64259.2,5659.5,5177,71644,8656.21,-50.2053,3.32418
9489.35,9368,66384.9,5369.25,5052,69651.5,13918.1,57.9569,3.32418
6117.8,6256,64088.3,3270,3104,69040.8,17747.6,-102.147,3.32524
9707.1,9873,64434.8,5171.25,5045,67176,18028.5,80.1625,3.32524
7070.05,6880,67346.3,3393.75,3248,68476.9,12969.1,-72.7274,3.32946
15597.4,15016,68073.5,4651.5,4524,67383,7468.24,-86.2807,3.32946
13390,12704,69074.9,6395.25,6192,67687.2,13221.2,-2.21687,3.33685
18331.3,16781,71590.5,13937.3,13053,69975.6,20892.9,34.4748,3.33791
10931,10877,65861.7,3537.75,3401,68171.1,16766.4,-29.0101,3.3453
8048.95,8385,62909.5,6262.5,5889,69692.5,21766.2,39.602,3.3453
11091.6,11261,64550.1,3562.5,3449,67692.7,10999.9,57.2066,3.3453
10791.3,10068,70244.2,7011.75,6500,70695.7,20706.9,-19.6982,3.34636
10328.5,10132,66807,4312.5,4080,69270.6,18409.1,103.368,3.34636
11361.3,11192,66527.6,3865.5,3724,68026.2,12435.5,65.7527,3.34741
4913.35,5612,57377.3,1487.25,1516,64293.2,18673.1,31.9782,3.35058
7227.35,7121,66514.8,2754.75,2705,66741.3,9613.01,23.7187,3.35797
20903.3,16224,84438,15822,13252,78245.6,35245.4,19.3154,3.36748
8035.95,7244,72700.7,3406.5,3212,69504.5,7931.22,27.2219,3.36959
9665.5,8833,71712.7,5268.75,5125,67374.2,15588.1,-10.0458,3.36959
13332.8,12734,68617.7,2811.75,2750,67007.6,8482.92,3.9812,3.37276
12241.4,10869,73811.4,7802.25,7089,72129.8,15891.8,8.00276,3.37487
28915.9,20245,93605,28836.8,22673,83352.2,7958.66,138.161,3.37804
15399.8,14328,70438.4,5646,5372,68878.7,12647.7,-58.9553,3.38332
5324.15,5176,67411.8,2918.25,2876,66498.8,10904.8,-60.6098,3.38543
10502,9688,71042.8,4644.75,4440,68558.2,17692.7,68.9951,3.38543
16864.3,13828,79925.9,10592.3,9200,75453.7,37273.8,202.419,3.3886
7936.5,7264,71603.3,3255,3136,68022.9,8101.19,57.3155,3.3886
31166.2,22348,91395.6,30627.8,21628,92806.6,53448.7,197.511,3.39493
12619.1,11774,70240,4817.25,4746,66519.9,7322.56,41.0048,3.40021
10418.2,9922,68813.5,3633.75,3622,65748.6,8450.22,-17.5176,3.40127
11995.8,11231,69998.5,3099.75,2955,68746.3,28230.2,-1.92093,3.40444
9293.05,8455,72031.8,4275.75,4099,68361.9,10026.4,-22.7368,3.40549
8376.55,7632,71929.5,3931.5,3780,68162.6,16077.2,-2.32421,3.41077
23730.2,21766,71450.1,3774,3622,68286.3,21556.9,31.0099,3.41183
14417.6,12249,77139,12221.3,10537,76011.4,14182.6,132.767,3.41288
10444.2,9896,69166.4,6225.75,5928,68827.7,12879.3,40.796,3.4245
8934.9,8544,68534.4,3411,3252,68740.3,6457.36,19.5373,3.42661
10500.1,9885,69614,6124.5,5753,69768,16391.8,47.544,3.42872
11640.2,10760,70897,7801.5,7032,72707.5,14250.8,26.1244,3.42872
13429.6,12711,69241.3,6198,5827,69708.6,6584.41,42.7525,3.42872
7172.1,6913,67992.3,2802,2677,68596.1,11742,45.1387,3.43083
20208.5,16825,78715.3,11343,9837,75569.3,14885.8,47.6006,3.43189
16158.3,13874,76326.5,8369.25,7526,72879,7523.7,39.2772,3.43506
5699.85,5676,65811.4,3213,3032,69448.3,7246.89,111.528,3.43717
16412.5,14932,72033.9,10443,9856,69439.2,13770,143.102,3.44139
14043.9,12625,72901.5,7176.75,6689,70314.8,11284.2,-14.1841,3.44139
8815.95,8494,68020,4380.75,4218,68064.7,11947.4,-8.189,3.44456
6438.25,6283,67155.4,2573.25,2607,64687.6,8550.29,-12.3613,3.44456
10126.3,9557,69440.2,4730.25,4469,69367.1,10595.8,119.142,3.44667
17600.7,16675,69174.2,6889.5,6647,67926.9,22271.6,49.903,3.45195
13379.6,12448,70440.7,7004.25,6532,70274.1,13522.9,-22.8682,3.45301
12075,10671,74159,5136,4623,72808.3,15439.3,127.56,3.45407
14086.8,12785,72209,9216,8577,70418.5,13768,33.0226,3.45723
26927.5,19438,90787.3,24712.5,19182,84431.2,29946,115.835,3.46251
11200.8,11130,65952.9,3870,3802,66708.1,11692.6,16.7606,3.46568
10468.3,10053,68243,6168,5841,69204.9,9670.78,5.65656,3.46991
10597.6,9509,73038.6,7389.75,6721,72056.9,10193.1,72.7169,3.47307
5929.3,5821,66755.3,2766,2653,68327.4,8043.15,60.7577,3.47518
6378.45,6600,63336.1,3376.5,3308,66893.1,17813,74.1506,3.47835
8944,8905,65823,3936,3913,65921.2,17227.5,44.9326,3.47835
9581.65,9344,67202.8,5230.5,4944,69333.8,7988.13,90.8598,3.47941
9845.55,9936,64939.4,2857.5,2784,67266.2,21174.2,6.08424,3.48363
13889.8,13108,69445,9228,8228,73501,20058.9,78.3662,3.48363
7137.65,7060,66256.8,3669.75,3460,69508.9,18663.2,42.2986,3.48574
10271.9,10397,64747.8,4223.25,4093,67621.5,15585.9,42.4143,3.48574
10247.3,9488,70780.3,5316,4704,74062.4,37956,63.0736,3.49842
5100.55,5284,63260.7,1769.25,1780,65140.2,12256,166.379,3.49842
13672.1,13100,68398.1,6996,6876,66679.7,16470.2,104.301,3.5037
9638.2,8496,74346.6,6015,5408,72891.8,7026.78,26.3959,3.5037
12983.1,11971,71076.8,6659.25,6183,70584,8282.59,4.84873,3.5037
10981.1,10780,66758.6,4859.25,4556,69898.1,24045.3,-21.5437,3.50475
9520.55,9305,67054.1,3970.5,3641,71466.8,15575.3,80.2547,3.50686
16617.9,15441,70531.1,7096.5,6773,68666.2,13468.3,46.7938,3.51109
12202.4,11736,68140.7,6240.75,6204,65924.2,11424.7,-89.0094,3.51637
13588.9,12141,73351.6,5259.75,4685,73575.9,17057.6,22.579,3.51637
10591.1,9949,69765.6,4658.25,4473,68250.2,15958,-47.8997,3.51848
17731.3,15505,74946.3,10857.8,10005,71121.8,26175.4,156.396,3.52165
8547.5,7919,70737.3,3764.25,3627,68016,13059.1,-54.6708,3.5227
5503.55,5209,69241.8,2435.25,2361,67597,9332.18,-8.09072,3.52798
7560.8,6984,70948.5,3977.25,3772,69102.1,17994.1,-46.2562,3.53432
11354.8,10800,68902.9,4580.25,4432,67728.2,16622.6,-30.7247,3.53432
11137.8,10192,71617.3,9093.75,8420,70780,10873.4,18.5114,3.53854
16758.3,14837,74022.5,7531.5,6753,73091.1,10042.9,31.4426,3.5396
11870.9,11120,69961.7,6396,5856,71579.3,8094.43,30.6558,3.54171
8473.4,7821,71002.8,4564.5,4253,70336,12165.8,79.5228,3.54488
6593.6,6120,70607.5,3731.25,3528,69311.6,14506.9,48.4748,3.55121
9085.05,8861,67193.1,4020.75,3981,66190.4,22215.4,40.4451,3.55227
27290.9,23408,76407.1,18265.5,15988,74871.6,35577.4,58.0029,3.55438
10517.6,10013,68839,3568.5,3481,67183.3,23596,5.99323,3.56177
8513.7,8572,65090.3,3194.25,3212,65173.8,7757.38,7.44847,3.56705
7257.9,7133,66683.5,2825.25,2701,68550.8,18412.5,-17.892,3.56917
7990.45,7961,65778.4,4488,4285,68640.7,10160.2,-8.12183,3.57022
10409.1,9513,71709.3,6992.25,6425,71322,13929.5,92.3565,3.57656
10325.3,9832,68823.8,4582.5,4428,67822.7,8598.21,33.2169,3.57656
7211.1,6589,71723.6,6490.5,5945,71549.4,16081.4,9.71564,3.57761
5475.6,5209,68890.2,1448.25,1481,64086.8,11267.4,-1.28344,3.57761
12865.4,12268,68727.6,6156,6056,66618.2,7024.87,-31.224,3.57867
12670.4,12623,65782.3,2184,2267,63136.6,17300.7,38.9098,3.57867
11327.5,10109,73435.8,6305.25,5881,70263.7,18626.6,-40.26,3.58078
7648.55,7188,69735,2631.75,2608,66132.8,20461.8,32.771,3.58078
6240.65,5716,71551.3,3639,3540,67368.8,15453.5,-32.4008,3.58078
13040.9,12364,69124.2,9188.25,8924,67476.6,7217.19,90.0288,3.58395
12442.9,10597,76952.1,9657,8613,73479.8,17972.6,75.8646,3.58606
10415.6,9920,68810.2,5141.25,4880,69044.5,6842.14,-16.5971,3.58817
13349.7,12052,72592.6,9765,8964,71392.1,8866.16,-67.4132,3.59029
15202.8,14070,70812.6,5316,5074,68661.7,13977.8,115.575,3.5924
15975,14772,70873.3,9332.25,9056,67535.1,8411.92,-124.156,3.5924
10719.8,10528,66729.9,9422.25,9056,68186.5,7455.14,-55.3202,3.59768
12270.7,12267,65555.8,5102.25,4907,68143.7,17029.6,-28.16,3.60401
14706.2,13600,70866.8,6544.5,6080,70542.8,12128.9,117.364,3.60507
8389.55,8349,65854.3,3855,3865,65366.4,8388.39,-49.3352,3.60612
11957.4,11462,68368.5,4568.25,4418,67764.8,32206.9,146.71,3.60718
12058.8,12102,65302.1,4491.75,4422,66569.7,8229.64,28.0707,3.61246
10547.5,10609,65156.4,5052,4849,68279.6,17224.3,38.0527,3.61352
9319.7,9549,63962.3,4444.5,4253,68486.9,19345.8,-29.967,3.61774
18411.9,16161,74663.8,9016.5,8065,73267.9,20906.2,107.574,3.62196
11330.8,10668,69607.7,4388.25,4136,69533,20411.8,100.713,3.62513
5487.95,5312,67706.8,2546.25,2436,68502.1,7131.74,125.292,3.62936
10977.8,10893,66046.5,5208,5113,66753.7,8372.16,-34.7146,3.62936
12531.3,12083,67967.8,5315.25,4999,69682,12533.3,16.729,3.63464
7766.85,7176,70932,4098,3724,72117.8,8046.06,124.398,3.63569
7400.9,7184,67514.7,6393.75,6004,69790.3,7373.76,11.7629,3.63569
14194.7,12529,74248.9,7110,6641,70164.3,26119.1,40.2984,3.63675
12888.2,12787,66054.7,8844.75,8439,68687,15825.7,71.6452,3.64414
14340.9,14475,64929.1,4389,4095,70241.1,18118.4,72.4191,3.64731
9809.15,9833,65377,4016.25,3869,68030.2,13424.9,-34.0445,3.64942
6727.5,6921,63703.7,3030,2925,67888.6,13386.7,-43.5031,3.65048
5054.4,5188,63848.3,3792.75,3728,66674.3,23983.8,-30.1413,3.65153
19115.8,14652,85502.1,19487.3,16540,77213.8,43992.2,50.8067,3.6547
13577.2,12998,68456.3,6324,5810,71333.8,28043.7,66.0261,3.66315
11549.8,10801,70079.7,7777.5,7205,70743.4,25365.6,73.0067,3.66315
10060.7,9644,68367.7,4515.75,4092,72322.6,24969,-0.0783727,3.67054
6955.65,6801,67026.3,2681.25,2613,67247.8,9990.16,15.9646,3.67265
6384.95,6492,64455.3,3507.75,3480,66058.6,20696.1,-6.79779,3.67687
9768.2,9102,70332.8,3041.25,2890,68965.9,8563.05,59.0182,3.68004
9200.1,8709,69231.6,3690.75,3685,65638.3,20375.5,77.4943,3.6811
23267.4,19992,76273.1,15550.5,14028,72648.8,28420.9,93.5319,3.68427
11531.6,10685,70728.9,5245.5,5145,66816.1,7308.91,-73.3747,3.68427
19375.2,17573,72257,11604.8,11201,67898.3,6817.74,41.8838,3.68532
7887.75,7061,73209.4,4806,4641,67866,7061.69,-32.0854,3.68532
10299.9,9493,71106.5,4466.25,4293,68180.8,6745.44,90.0465,3.68743
7149.35,6673,70214.3,3144.75,3173,64952.5,10984.2,48.6072,3.6906
8906.95,8649,67490.6,4045.5,4089,64838.8,7164.25,68.5308,3.69166
6292.65,6004,68686.7,2183.25,2212,64684.2,21314.3,-18.861,3.69166
21244.6,19398,71774.7,9402.75,8902,69222.5,13977.6,2.0547,3.69483
34113.9,25892,86346.8,30307.5,23700,83807.3,7028.93,358.356,3.69588
22396.4,17889,82048.8,15097.5,12033,82226.4,24043.4,91.1164,3.69694
7109.05,6801,68504.4,1843.5,1829,66055.6,12857.3,26.1768,3.69694
11183.9,10442,70192.3,3602.25,3450,68428.1,17345.4,-90.9519,3.69694
9215.05,8004,75452,5400,4900,72223.3,20472.5,29.3306,3.70116
5892.9,5413,71346.2,2943,2785,69254,8739.03,-0.328426,3.70222
8309.6,7865,69240.7,3266.25,3261,65641.5,23555.4,-145.365,3.70222
14584.7,13446,71086,7199.25,6898,68398.1,7353.83,-27.7964,3.71067
10130.9,9502,69873.6,5157,4878,69284.4,17636.2,27.7172,3.71489
8786.7,8829,65222,2458.5,2413,66771.8,13321.2,57.1194,3.72545
10372,10359,65618.6,4365.75,4247,67368.4,10686.6,984.298,3.72756
10664.5,10349,67534.3,5508.75,5341,67594.4,7503.45,83.998,3.7339
10541,10273,67246,4755,4609,67612,15924.5,110.342,3.7339
15085.8,13737,71971,11506.5,10237,73663.2,15998.8,1.97874,3.7339
13058.5,12854,66578.6,5217.75,5138,66553.2,11875.7,69.2137,3.73495
6788.6,6852,64929.6,2865.75,2836,66223.5,14359.9,-66.7597,3.73601
6596.2,6796,63609.3,2613.75,2604,65781.4,6418.1,-13.1412,3.74023
7632.3,7577,66014.3,2568,2521,66757.8,11320.4,46.0146,3.74023
11811.1,11409,67846,5754.75,5585,67527.9,7550.7,334.256,3.74023
12247.9,11961,67108.2,4266,4169,67060.8,12081.3,23.626,3.74129
8906.95,7588,76927.5,8052.75,7396,71355.5,10082.9,9.94107,3.75079
14686.7,14455,66586.7,5016.75,4995,65821.4,11174.7,12.48,3.75502
12882.3,12421,67970.2,5532.75,5361,67635.6,9339.16,-73.451,3.75607
6069.7,6320,62940.5,2925,2996,63982.9,8225.08,-15.7891,3.75713
29838.2,23544,83056.4,24084.8,18232,86574.1,17838.5,56.9496,3.75818
11074,11045,65708.4,6239.25,6145,66541.2,11148.9,52.041,3.75818
9599.85,9542,65933.3,3636.75,3638,65513.5,16611,17.4357,3.7603
17915.3,16022,73280.3,11066.3,10214,71004.3,24314.2,89.3862,3.76346
9073.35,9273,64125,3894.75,3949,64635.7,18319.1,31.9915,3.76452
10543,9763,70771.9,6846.75,6567,68327.8,23841,71.344,3.76769
15819.7,15131,68518.9,5293.5,5087,68196.3,12280.5,-71.8415,3.7698
10816,10433,67941.9,6123.75,5793,69277.8,18092.9,108.54,3.77086
8242,8076,66883.1,4843.5,4508,70413.4,15188.3,62.2092,3.77719
11492.6,11321,66529.7,5681.25,5453,68279.2,21144.9,-28.3147,3.78142
25925.3,21067,80649.2,15830.3,12625,82174.4,38400.1,25.2169,3.78353
6030.7,6340,62338.8,2656.5,2612,66652.5,6523.55,-36.3652,3.78564
9829.3,10090,63842.7,3548.25,3546,65577.6,14715.9,7.18695,3.7867
5384.6,5501,64149.3,2352.75,2249,68559.3,9917.57,40.9073,3.79092
9257.3,8841,68621.9,7137.75,6793,68862,11960.9,64.0505,3.79197
13144.3,12732,67658.3,5760.75,5452,69247.3,7547.3,97.7564,3.79303
10886.2,10848,65766.8,3916.5,3872,66289.2,28833.1,150.276,3.79514
8866,8552,67942.3,6333.75,5740,72315.1,12395.5,-64.9658,3.79831
9044.75,9140,64853,3498,3440,66641,15105.7,89.7323,3.79937
11732.5,11156,68922.7,7916.25,7152,72539.1,20809.4,-123.762,3.80148
10788,10561,66945,4801.5,4629,67978.2,22595.8,11.1908,3.80148
7688.85,7424,67874,3255.75,3072,69456,25484.5,103.962,3.80253
15616.9,15449,66248.3,7444.5,6973,69967.4,12757.5,27.0406,3.80887
13865.1,13332,68156.8,6885.75,6448,69985.2,21804.3,-30.9194,3.80887
12535.3,11168,73559.3,6723.75,6224,70798.1,18968.5,-2.43286,3.82049
11547.9,10852,69738.6,5824.5,5632,67776,14749.5,18.3657,3.82154
9839.05,9380,68743.3,4137.75,3904,69459.9,20938.9,-5.08692,3.8226
7521.15,7256,67930.8,3015,2888,68417.9,12819.3,-83.9018,3.82365
12697.8,12479,66684.8,5790.75,5695,66637.9,12751.6,88.1008,3.82788
10710.7,10132,69279.2,4608,4388,68821.8,15520.3,-59.9233,3.82788
13149.5,12724,67727.6,5416.5,5236,67795.2,10088.8,10.8008,3.82788
12581.4,12008,68665.5,4308.75,4108,68738.6,13530.5,38.1915,3.82893
6663.15,6736,64827.2,3384,3312,66960.7,22922.6,-85.1415,3.82893
8650.85,8949,63352.6,3357,3333,66007.9,13136,110.446,3.8321
17302.3,15010,75544.8,11244.8,9814,75090.3,12975.7,18.4324,3.8321
19654,17904,71941.9,9913.5,8816,73694.5,21997,158.273,3.83316
14422.8,12829,73678.1,13135.5,11629,74026,23608.8,-21.5273,3.83527
12851.8,12276,68609.9,7777.5,7296,69861.1,13612.1,14.1084,3.83738
5970.25,6056,64608,2654.25,2556,68055.1,13005,80.3513,3.83738
10029.5,9138,71929.7,6285,5714,72085,23622.7,18.0322,3.83738
10559.3,9913,69808.4,6521.25,5965,71647.4,13193.5,51.1042,3.8416
15813.8,15612,66383.3,6624.75,6584,65941.6,9030.95,-38.1794,3.84372
11775.4,10880,70929.5,7332,6564,73203.8,9893.45,51.2282,3.84477
20382,17569,76029.3,18195,16449,72492.4,31863.5,92.5425,3.84583
13364.6,12736,68770.9,11680.5,11236,68128.6,8786.19,63.3098,3.85639
15589.6,13705,74548,15036,14093,69921.2,35162.1,-15.9414,3.85744
10095.1,10004,66133.1,3285,3248,66282.6,15038.5,112.955,3.8585
10558.6,10261,67436.7,5644.5,5509,67147.9,7614.37,-31.2462,3.86695
19031.3,15442,80769.2,12659.3,10530,78787.9,34343.2,72.6693,3.87012
13107.3,12237,70196.7,9227.25,8541,70801.7,19578,71.5042,3.8754
20573.1,15876,84925.8,26140.5,20036,85503.3,22415.9,233.078,3.88068
8874.45,8568,67880,4077.75,3948,67689.8,8151.4,22.0537,3.88173
7506.2,7443,66092.5,3617.25,3559,66608.6,8612.04,154.476,3.88173
13510.2,12048,73490,11728.5,10624,72349.3,10838.5,-21.0473,3.88173
6135.35,6240,64436.9,2287.5,2292,65407.3,8357.29,26.3459,3.88279
7376.85,6737,71760.3,4953.75,4533,71619,9517.03,211.202,3.88384
17250.3,16680,67776.9,7338,7100,67732.8,22464.6,81.7157,3.88912
12866.8,11912,70788.7,8118.75,7292,72966.3,15355.6,79.4029,3.89124
7724.6,6893,73442.5,5800.5,5341,71174.2,11866.1,13.3141,3.89229
12688.6,11351,73259,7658.25,7063,71059.2,13801.5,8.94132,3.89968
6831.5,6524,68624.9,4390.5,4092,70316.7,12642.8,168.945,3.90285
23662.6,20789,74594.8,6702,5877,74735.8,35065.8,-48.6178,3.90496
16914.9,15665,70765.3,3798,3653,68137.3,22739.9,-42.9946,3.90602
10365.5,10018,67809.6,3182.25,3074,67843.8,8095.9,-22.6643,3.90707
13171.6,11677,73924.3,8628,7741,73045.4,19087.9,111.943,3.91975
11098.1,10481,69394.6,6010.5,5697,69142.4,6418.58,-27.7612,3.9208
12889.5,12297,68693.7,4158.75,4141,65816.9,23874,9.42278,3.92291
12267.4,11244,71501.2,4438.5,4200,69257.5,11504,38.2677,3.92503
6184.75,5888,68839,2479.5,2388,68047.1,16109,136.995,3.92714
6502.6,6104,69815.6,3204.75,3176,66129.3,11770.3,-15.9223,3.93031
8952.45,8557,68564.6,2703.75,2701,65602.7,7294.69,96.0459,3.93031
10886.8,10036,71092.1,5047.5,4916,67289,8353.35,37.5261,3.93664
7471.1,6901,70950,2740.5,2657,67595.6,9866.34,-72.6108,3.93981
12886.9,11779,71700.1,4282.5,4083,68738.2,15011.4,33.8358,3.93981
19418.1,15852,80279.1,13017,11644,73263.7,27537.6,90.9851,3.94615
8170.5,7640,70086.6,3156,3132,66038.2,9355.05,103.708,3.94615
6764.55,6301,70357.3,2325.75,2265,67293.8,9110.39,78.7776,3.94826
20777.3,17910,76027.8,8387.25,7314,75152.7,7637.74,119.253,3.95143
11874.2,10336,75289,6576,6180,69735.4,18200.6,-13.584,3.95248
17655.3,15600,74170.4,8825.25,8212,70430.1,19163.2,71.5198,3.95248
10209.5,8981,74501,5751,5349,70461.3,20738.2,0.0806257,3.95354
8181.55,7655,70043.9,4053.75,4003,66366.9,13591.7,24.4292,3.95565
9488.05,8648,71902,3369.75,3192,69185.4,8843.8,20.3076,3.95776
10388.3,9812,69385.2,4306.5,4320,65331.2,20152.6,-45.4774,3.95776
13389.3,12332,71155.1,6364.5,5996,69563.7,7328.94,-70.7954,3.95987
11839.1,11313,68583.7,5412,5313,66757.2,8111.09,10.8752,3.96621
7985.25,7537,69433.6,3333.75,3265,66916,6329.4,60.8221,3.96727
13998.4,12782,71772.7,5458.5,5146,69515.8,14003.7,48.4937,3.96832
15165.1,13688,72608.4,7274.25,6520,73117.4,28512.2,68.5885,3.9736
34752.3,28204,80751.8,18213,15080,79151.7,25949.6,139.205,3.9736
9501.05,9113,68326.7,5257.5,5177,66555.1,12838.3,2.09752,3.97466
9931.35,9708,67043.8,4319.25,4280,66137,13956.5,-15.1445,3.97994
9475.05,8513,72942.2,8228.25,7473,72159.3,17006.5,50.9609,3.98099
6006,6012,65470.6,3041.25,3020,65997.1,8566.21,-5.48193,3.98416
12019.8,11355,69372.9,4284,4139,67831.9,12156.4,75.2231,3.98733
12548.9,11287,72863,6715.5,5987,73510.4,13667.1,-25.4536,3.98733
11804,10937,70731.2,3825,3433,73019.3,10879.9,66.6711,3.9905
7889.7,7525,68712.2,3819,3669,68215.3,16034.3,80.2374,3.99366
9357.4,8889,68989.4,3792,3657,67955.3,14522.2,-44.4058,3.99578
12064.6,11360,69601.1,7935,7664,67853.4,12217.1,85.5409,3.99578
15384.2,14228,70861.6,7363.5,7008,68860.5,8836.41,9.98791,3.99683
14574.9,13427,71139,8970,8167,71979.7,9994.8,14.2444,4.00211
15453.7,14334,70655.6,9492.75,8622,72154.6,8513.36,114.92,4.00317
12938.9,12141,69843,5037.75,4761,69345.5,21730.5,62.8233,4.00422
8992.75,8872,66428,4063.5,4012,66377.3,9472.96,-5.51601,4.00528
11529,10597,71300.2,7153.5,6389,73378,20248.5,18.159,4.00634
11605.1,10924,69622.1,4937.25,4716,68610.6,11340.5,38.2738,4.00634
9879.35,9676,66913.3,3445.5,3416,66102,11368,-3.00723,4.00845
10157.5,9480,70220,4716.75,4220,73250.5,31031.7,-40.7262,4.01373
6002.75,5989,65686.5,2313,2325,65197.8,23724.6,-43.0316,4.01584
9192.3,8447,71318.4,5561.25,5179,70373.1,28334.8,65.1551,4.01795
21471.4,18945,74275.7,10402.5,9425,72333,37583.5,77.7076,4.02112
9799.4,8604,74641.3,6636.75,6028,72154.3,22407.2,50.7579,4.02851
9829.3,9068,71038,8253,7784,69484.7,11839.9,-14.205,4.03273
13306.8,12684,68753.9,4783.5,4696,66757.1,19741.2,-112.542,4.03379
5909.15,5493,70501,2487,2373,68684.4,12133.2,92.424,4.03696
11989.9,11093,70834.8,7548.75,7041,70262,12592.7,60.5868,4.04541
7549.1,6863,72087.7,5329.5,4827,72358.4,19257,53.4563,4.04646
12818.6,12317,68205.2,5437.5,5309,67122.2,12009.8,80.3887,4.04752
11765.6,11440,67401.5,4805.25,4708,66889.7,13246.1,49.3822,4.04963
12579.4,11885,69365.3,3426.75,3257,68951.6,7813.13,40.1264,4.04963
6171.1,6355,63639.5,2436.75,2423,65907.9,14570.1,-6.56756,4.05385
17012.4,15853,70329.1,11253.8,10381,71045.7,14601.4,39.8713,4.05702
11801.4,11380,67962.8,6480.75,6132,69263.3,18831.5,29.3923,4.05808
12093.9,11877,66732.8,4038.75,3925,67435.3,15782,-14.3531,4.06019
10383.1,10496,64831.1,4995.75,4532,72242.2,24236.2,-35.3108,4.06758
17345.9,16719,67993.3,6205.5,5691,71460.8,15929.4,87.9814,4.06758
9512.1,9209,67693,5124.75,4813,69780.9,11831.2,9.87537,4.07497
6615.05,6692,64782.4,2797.5,2704,67802.1,18064.2,56.9411,4.07603
20358.6,17868,74671.2,14822.3,13240,73367.9,33859.5,89.0275,4.07709
20166.3,18056,73195.4,18777.8,16936,72662.9,35014.9,93.2841,4.08025
9150.7,9417,63682.7,2726.25,2733,65374.1,11332.1,-31.3859,4.08237
14123.8,13101,70652.7,9028.5,8297,71313.9,11773.6,-18.5025,4.08342
10034,10380,63351.8,2698.5,2648,66785.8,16514.4,-90.9206,4.0887
13605.1,13249,67297.7,4266,4177,66932.4,6566.1,37.5932,4.09187
11228.8,10449,70426.6,5032.5,4741,69565.5,26675.1,-7.02249,4.09398
9237.15,8148,74296.3,3720.75,3380,72142.9,18728.4,78.4162,4.09398
8405.8,8028,68620.1,5009.25,4780,68679.1,21332.3,98.0983,4.09504
9243.65,9013,67213.1,5339.25,5121,68329.1,26388.1,60.9283,4.09609
8018.4,7640,68781.9,5892,5356,72094.5,12611.5,6.40604,4.09609
6800.95,6713,66394.6,2755.5,2669,67660,13498.8,50.2327,4.09926
10305.8,9702,69614.3,7932.75,7410,70159.3,20762.9,135.1,4.10032
12716.6,11879,70157,4561.5,4343,68833.2,12045.6,2.12731,4.10243
6032.65,5988,66024.7,1987.5,1984,65651.6,7164.02,44.4508,4.10454
26477.8,20040,86589.1,21089.3,16536,83581.6,21642,142.807,4.1151
14890.2,13937,70018.2,5855.25,5621,68267.2,15773.2,36.3872,4.11827
10431.8,10017,68250.1,4581.75,4325,69426.5,15375.6,55.3222,4.11932
9163.7,8973,66928.8,3273.75,3289,65232.1,9017.86,-7.2189,4.12672
12459.8,12057,67725.7,6506.25,6361,67032.5,7706.34,88.2904,4.12988
7441.2,7381,66070.5,2712.75,2657,66911.1,12214.4,45.981,4.12988
19628,15609,82410.4,12856.5,10589,79569.7,7101.36,58.2131,4.13305
11598.6,11601,65522.4,3199.5,3153,66502.5,8808.27,95.129,4.13305
11109.8,9683,75192.8,8134.5,7107,75010.9,22864.5,-8.85928,4.13939
10467.6,9517,72082,9774.75,9101,70387.7,10877.7,-14.1688,4.14044
10326.5,9236,73274.2,9363,8608,71284.1,14675.4,-28.0715,4.15628
14360.4,13551,69450.7,8835.75,8427,68714.8,15299.8,74.245,4.15628
7522.45,7531,65461.6,3450,3419,66130.2,7133.16,10.0519,4.15734
8069.1,7993,66160,2835.75,2813,66066,6388.93,102.1,4.16156
20495.8,18558,72379.2,6604.5,5946,72793.9,14000.7,30.4338,4.16367
5320.25,5193,67141.9,2105.25,2077,66427.4,22059,36.151,4.16473
11380.2,9876,75517.7,10171.5,8880,75067.5,15705.9,60.4697,4.16579
12377.3,11717,69229.2,8411.25,7825,70446,22964.7,74.8169,4.16684
11271.6,9848,75010,8245.5,7148,75598.4,30800.5,148.482,4.17107
11488.8,10226,73628.7,7876.5,7254,71160,10000.7,15.1042,4.17107
8914.1,7940,73576.1,7555.5,6612,74887.7,13700.8,-42.6549,4.17107
17731.3,15620,74394.5,9342,8064,75922.3,20009.7,146.308,4.17212
11275.5,10713,68977.4,7536.75,7373,66991.5,9944.59,94.2263,4.17318
7593.95,6656,74771.2,5088,4692,71067.2,15851.8,92.2843,4.18268
9340.5,8845,69207.4,3012.75,2909,67873.4,22366.4,-61.9006,4.18585
12364.3,11689,69322.2,5098.5,5017,66600.6,11863.3,56.3142,4.19007
13347.1,11677,74909.3,9829.5,8777,73394.8,34958.6,-40.0138,4.1943
5437.9,5157,69105.7,1626,1557,68440.3,6748.83,-21.7536,4.19535
13108.5,11944,71925.8,4473.75,4232,69279.7,17965.8,-102.155,4.19535
7463.95,7039,69492.5,3572.25,3483,67215.3,12126,-26.2557,4.19535
15172.3,14398,69060.4,4265.25,4142,67486.1,8010.89,-10.6211,4.19641
10043.8,9368,70263.7,4344,4232,67270.4,7972.9,66.7804,4.19747
5986.5,5679,69084.6,2462.25,2415,66818.2,19744,-20.522,4.20169
10574.8,9497,72973.9,6984,6541,69974.5,8482.34,-78.5788,4.20169
14317.5,12768,73489.6,6645.75,6276,69397,12858.7,143.137,4.20275
15341.3,12007,83735.1,8574,7255,77450.8,33975.5,155.243,4.20275
13818.3,12640,71645.5,8648.25,8048,70423.9,10090.8,5.64077,4.20803
12225.2,10880,73638.9,7846.5,7172,71699.4,21347.9,28.4377,4.20908
5435.3,5157,69072.7,3330.75,3221,67769,7189.06,-48.4302,4.21436
11766.9,10340,74580.2,6498,5971,71320.2,9646.24,92.5175,4.21542
8369.4,8034,68272,2457.75,2450,65743.3,8118.08,16.8949,4.21542
5920.2,5884,65939.2,2094.75,2140,64150.3,8417.69,12.5837,4.22175
23253.8,18098,84205.9,18945.8,16082,77206.1,23806.6,88.5453,4.22281
8353.8,7378,74203.7,6390.75,5766,72636.9,27888.4,84.0919,4.22281
26399.8,19144,90374.7,24174,18472,85765.9,36474.4,192.129,4.23654
5853.9,5817,65951.7,2212.5,2137,67851.4,12037.5,80.3876,4.23865
17414.8,14769,77276.5,13107.8,11473,74874,36284.9,99.2564,4.24182
11928.1,11436,68356.4,5754.75,5512,68422.2,7961.59,49.5808,4.24287
8469.5,8272,67100.7,4643.25,4372,69602,13295,-33.1796,4.24921
6979.7,7048,64900.9,2676.75,2604,67366.9,8097.4,-22.6643,4.25026
13943.1,13018,70193.4,6372.75,5834,71588,15927.1,16.6014,4.25026
9780.55,9390,68261.8,4407.75,4062,71114.3,10239.6,-114.765,4.25238
8118.5,7865,67648.3,3591.75,3369,69869.1,8236.45,0.550462,4.25871
8375.9,8145,67393.9,3010.5,2933,67267.7,13489.9,102.693,4.26188
8539.7,8220,68084.9,3669,3544,67847.5,12316.5,0.397129,4.26716
11545.3,9810,77128.7,8760,7906,72615.2,40070.1,153.294,4.27244
9449.05,8589,72098.4,8145.75,7389,72247.9,18772.8,31.9745,4.27244
10793.9,10116,69927.7,5352.75,4884,71825.9,18655.1,13.9189,4.2735
16040,14812,70969.5,8213.25,7852,68551.1,14579.6,120.712,4.27666
6640.4,6501,66941.3,2508.75,2533,64908.6,7285.93,102.066,4.27878
5126.55,5028,66820.5,4076.25,3968,67323.9,13320.1,43.3594,4.28406
6528.6,6520,65622.4,3199.5,3164,66271.3,18872.9,27.6707,4.28722
9692.8,8949,70983.1,7770,7121,71508.9,13204.5,8.96376,4.28722
7924.15,7560,68692.7,5751,5292,71220.3,13662.4,84.6265,4.29145
9443.85,9044,68433.4,5475.75,5076,70697.2,11501.9,-88.1523,4.29145
11826.1,11521,67271.5,4643.25,4469,68091.3,13670.9,-34.0538,4.29356
25320.1,18409,90139.5,19809.8,15629,83066.9,28890.2,140.814,4.29461
7031.05,6676,69021.4,3318,3104,70054.3,19987.6,123.949,4.29567
10860.2,10616,67043.5,4614.75,4572,66148.8,16431.9,42.3825,4.29567
11628.5,10125,75267.7,8142,7289,73205.4,17870.2,26.8484,4.29673
11457.5,11234,66840.1,3732.75,3686,66367.2,14680.9,75.9883,4.29673
7968.35,7460,70001.8,3647.25,3392,70467.6,8740.26,101.152,4.29884
9434.75,8365,73917,6464.25,6013,70454.2,12793.6,26.1792,4.30095
6800.95,6595,67582.6,2338.5,2263,67722.5,14988.2,32.9767,4.30201
15581.8,13893,73502.4,6480,5745,73920.5,17320.8,112.009,4.30306
12991.5,12365,68856.8,4592.25,4409,68259.9,11785.7,33.0971,4.30517
5580.25,5429,67361.8,3426.75,3253,69036.4,6537.11,-19.1657,4.30729
10029.5,9516,69072.4,5310.75,5116,68030.8,12598.7,-20.2535,4.31045
14876.5,14168,68813.5,6560.25,6344,67769.9,8185.54,71.0724,4.31257
10277.8,10089,66762.4,5100,4985,67047.9,12415.9,-58.9466,4.31257
5241.6,5117,67131.8,2281.5,2297,65093.8,15249.5,-23.7931,4.31257
11644.1,10860,70267.8,8145,7500,71172.1,11765.3,17.6178,4.31468
11759.1,11208,68758.7,4824.75,4492,70390.7,15286.7,87.1455,4.31679
13449.8,13084,67368.3,5730.75,5592,67162.1,9405.95,6.52651,4.32207
10414.9,10128,67392.8,4422,4256,68092.2,16663.9,102.574,4.32524
23996.7,22327,70437,13821.8,12551,72171.3,8981.62,58.1425,4.32735
9606.35,8761,71859.6,5712,5325,70298.9,27343.5,26.4924,4.33052
6787.95,7025,63324.6,3042.75,3041,65573.7,18340.3,-60.0293,4.33474
10309.6,8624,78345.7,10941.8,9684,74047.8,14347.4,82.0208,4.34002
11283.3,9496,77871.3,11076,9612,75517.8,32138.4,-20.1278,4.34108
7965.75,7829,66680.7,3288,3025,71233.8,7203.37,13.4893,4.34108
11740.3,11075,69472.9,8523,7735,72212.5,11750.7,48.5784,4.34319
33324.2,21408,102015,31866.8,20880,100020,56692.1,-3.85057,4.34424
9025.25,8728,67768,3870,3756,67525.1,9774.69,18.5527,4.34636
9830.6,9276,69454.3,4498.5,4248,69400.6,14135.1,63.9688,4.34847
7741.5,7296,69537.7,3401.25,3220,69224.9,11391.1,25.3719,4.34847
12680.2,11824,70281.6,5722.5,5348,70125.2,19945.2,-85.8896,4.35269
5532.15,5360,67640.9,2492.25,2464,66287.4,13193.3,-27.1558,4.35375
14280.5,13964,67021.4,4956,4972,65325.1,10063.4,54.6618,4.35586
17153.5,14997,74959.8,12262.5,11281,71237.9,17097.2,123.197,4.35797
18578.3,16809,72434.3,15714,14521,70920.2,18257.2,134.334,4.36642
12700.3,11490,72439.5,7596.75,6914,72007.6,7355.07,73.6836,4.36642
12208.9,11213,71357,8700,8013,71154.8,25713.4,4.19365,4.36642
9009,8829,66872.1,3853.5,3689,68458.4,11049.4,31.4047,4.36748
14033.5,12440,73930.8,8860.5,7884,73653.2,16792.6,43.2289,4.36748
11347.7,10020,74219.8,8799.75,8096,71232.8,25101.3,-119.623,4.3717
7198.1,6492,72664,7221,6684,70801.2,15597.7,36.3938,4.37592
9657.7,9228,68587.7,5046,4760,69473.7,16877,2.80574,4.37698
6630.65,6505,66801.9,2373.75,2285,68081.4,6383.23,125.32,4.37698
10681.4,10585,66133.2,4794.75,4685,67071.2,7920.37,58.1823,4.38332
17763.2,15037,77417.6,10378.5,8669,78459.5,19560,-44.5951,4.38437
39302.9,28760,89560.3,25545.8,18988,88169.7,9566.58,228.4,4.38543
9725.95,9669,65922,3879,3861,65841.5,11123.7,-22.778,4.38648
10001.5,9558,68577.3,6033.75,5734,68962,8568.88,52.138,4.3886
8203,8233,65297.2,3606.75,3549,66602.4,11694.9,42.5605,4.39282
5571.15,5680,64280.1,2487,2400,67911.7,7365.67,-8.01681,4.39388
5270.2,5339,64691.5,2415.75,2399,65993.6,16290.9,51.8478,4.39388
8631.35,8265,68440.9,5829,5485,69646.2,6480.91,132.196,4.39599
9964.5,9801,66629.3,4138.5,3961,68472.8,22391.1,46.4585,4.3981
6719.7,6993,62974.7,1144.5,1169,64162.5,18236.4,87.0346,4.40444
11619.4,10108,75335.3,9182.25,8172,73637.8,24717.3,77.3311,4.41183
5926.05,6016,64556.1,2276.25,2276,65543.2,9806.05,20.2715,4.41922
9655.75,8749,72328.2,8220,7433,72474.9,11350.2,155.233,4.42555
10784.8,10592,66728.9,3267,3220,66492.6,15072.3,-30.6664,4.42555
9029.8,8472,69850.9,4668,4344,70424,7759.34,10.8884,4.42872
13692.2,12505,71758.1,9166.5,8393,71575.8,13298.3,-36.6198,4.42978
10249.8,9844,68237.9,4980,4788,68164,7949.96,116.661,4.43083
11302.2,11167,66329.5,4892.25,4715,67999.7,21436.3,19.8344,4.43189
7055.75,7092,65201,3020.25,2912,67972.2,9039.45,12.5603,4.434
11508.3,11223,67201.7,5961,5891,66314.7,9422.88,-70.0141,4.45195
11484.2,10879,69181.8,5068.5,4843,68587.5,17954.1,63.8253,4.45618
16247.4,15017,70905.6,13151.3,12825,67203.1,6506.44,51.3555,4.4604
6903.65,6500,69605.8,3503.25,3328,68987.1,7575.05,53.0353,4.46146
12595,11800,69951.6,4109.25,4008,67191.6,8735.34,132.972,4.46251
17312.1,16081,70553.2,8712.75,8033,71081.6,17383.8,-12.6933,4.4699
7773.35,7406,68786.7,3621.75,3466,68481,15021.8,-35.8245,4.47518
9757.8,9403,68008.9,3029.25,2923,67918.2,19716.2,-55.781,4.48152
13194.3,12577,68752.9,5328.75,5153,67771.2,8914.78,77.065,4.48469
5903.95,5747,67325.8,1842.75,1815,66538,19494.4,-67.8126,4.4868
5580.25,5245,69724.9,1811.25,1709,69457,8630.01,-59.6643,4.49102
23122.4,17446,86859.6,17745,14802,78566.2,42520.6,249.522,4.49102
10182.3,9359,71300.8,4302.75,4075,69198.8,18288.1,44.0327,4.49208
14041.3,12912,71267.9,5976,5632,69538.9,24722.8,-60.2691,4.49208
7611.5,7429,67145.9,3396,3269,68082.1,10380,45.1899,4.4963
9848.8,9028,71494.3,5472.75,5136,69833,8411.32,-9.77611,4.49736
9436.7,8891,69558.4,4417.5,4207,68815.1,15386.3,17.4818,4.49736
8344.05,7505,72862.9,5254.5,4801,71726.5,12741.8,52.8411,4.49842
13241.1,12572,69024.2,5658.75,5368,69085.7,9753.46,39.1935,4.50158
14323.4,13506,69502.3,6237,6054,67517,10808.3,80.4338,4.50158
10311.6,9396,71922.2,7617.75,7268,68689.7,8806.09,94.2691,4.50264
6883.5,6516,69232.2,6448.5,5972,70765.1,10504.6,97.6452,4.51109
7588.1,7512,66199.9,2856,2828,66184.9,14557.7,-100.307,4.51214
10434.4,10199,67048.9,3798.75,3699,67303.3,16809.8,70.7483,4.51426
14730.9,13668,70632.7,11748.8,10928,70458.1,6381.17,114.14,4.51531
11505.6,10957,68817.6,6186.75,5769,70281.7,8092.77,50.4359,4.51742
16290.3,15269,69919.5,5165.25,4885,69295.8,16674.1,-18.6866,4.52059
15583.1,14956,68283.9,2433.75,2348,67929.4,8740.64,78.7915,4.52482
10515.7,9776,70494.8,6988.5,6384,71741.6,17773.7,-163.208,4.52798
10060.7,9497,69425.9,4865.25,4569,69785.3,9370.15,-94.0921,4.53854
18463.9,13820,87557.9,15214.5,12760,78142.4,24420.4,299.222,4.54699
6867.25,6508,69153.7,2218.5,2152,67561.2,7645.92,-40.7073,4.54805
11883.3,10773,72290.4,4830.75,4469,70840.9,10096.6,230.961,4.54805
12272.6,11112,72381.3,6729,6220,70899,13819.4,-7.39935,4.5491
9547.2,8576,72957.7,6056.25,5440,72960,16957.1,58.7027,4.55016
11880.7,10942,71158.3,5628.75,5130,71907.6,20496.9,15.5697,4.55121
15954.9,13282,78724.6,12258.8,10726,74901.1,14843.9,45.8821,4.55544
14381.9,13378,70453.9,5028,4706,70020.2,9888.65,72.7284,4.55966
15603.9,14464,70700.9,4120.5,3856,70031.4,12758,-5.63946,4.56072
24943.8,21349,76571,9798,8181,78489.4,23274.2,15.4653,4.566
12122.5,11266,70518.4,5345.25,4790,73132.8,13447.4,170.635,4.57128
16610.8,14988,72631.6,9802.5,8824,72803.3,12311.6,-31.4227,4.57128
9381.45,8473,72562.6,5015.25,4589,71623.3,8278.19,12.5889,4.57656
15078,13805,71579.5,9303,8349,73024.5,11339.8,2.15383,4.58395
8893.95,8677,67174.6,3897,3861,66147.1,9293.11,-51.9493,4.58395
12501.4,11917,68750.1,5748,5625,66969.1,25821.3,-38.8104,4.59134
9560.2,8910,70318.4,3398.25,3194,69726.9,7536.39,-49.3032,4.59345
14038.7,12519,73491.5,8403.75,7559,72859.9,30378.4,-40.7017,4.59451
13908.7,12477,73056.1,9200.25,8457,71295.7,26214.6,100.495,4.6019
13314.6,12273,71098,3812.25,3521,70957,13595,39.0491,4.60401
16205.1,13885,76486.9,11271.8,9837,75094.6,33473.7,120.002,4.60507
9718.8,9028,70550.6,2650.5,2528,68711.7,9970.63,96.8053,4.60612
14529.4,13128,72532.1,9759.75,8792,72749.7,11461.6,-18.4907,4.61035
13442.6,11332,77742.5,6654.75,5844,74627.9,8070.64,28.0767,4.6114
10535.2,9981,69174.9,3227.25,3133,67507.5,18325.5,-26.4887,4.61352
9951.5,9248,70521.4,6350.25,5892,70633.1,9723.43,30.5946,4.61457
13060.4,12426,68882.1,4972.5,4826,67525.4,23390.2,80.821,4.61563
18927.3,16484,75250.1,10822.5,10052,70559.4,17279.5,5.37061,4.62724
14762.8,12701,76174.7,10911,9389,76159.7,23961.9,51.5595,4.62936
5665.4,5601,66289.5,2466,2421,66754.1,11444.4,-100.19,4.63041
17659.8,15572,74322.9,10688.3,9460,74044.9,12820.3,-122.602,4.63569
12158.9,11528,69122.6,7992.75,7480,70028.5,19515.7,-17.0734,4.63992
20191.6,17381,76133.5,13466.3,11925,74006.2,21109.3,37.9067,4.64097
7970.3,7856,66489.5,5463.75,5268,67971.2,10401.8,17.6691,4.64097
13642.2,13337,67035.7,5953.5,5753,67820,17646.7,18.2568,4.64414
15718.3,15068,68364.4,7241.25,6760,70201.6,6762.87,-37.2342,4.64625
8180.9,8404,63796.2,5372.25,4964,70925.8,10811.2,27.9737,4.64942
9925.5,9968,65256.6,4090.5,3860,69449.5,22054.1,-102.309,4.65153
5553.6,5597,65027.8,1267.5,1241,66935.4,9079.79,148.439,4.6547
11257.3,11292,65334.9,4503,4396,67131.2,10051.7,51.2222,4.6547
8537.1,8476,66008.4,3265.5,3128,68416.8,9644.02,-33.0424,4.66104
7582.9,7779,63883.9,3117.75,3047,67057.7,14519,-68.4856,4.66104
15585,15003,68078.5,7308,7019,68234.4,32932,51.2224,4.66104
9338.55,9390,65176.9,5372.25,5098,69061.5,24717.9,-37.9089,4.66315
12249.9,11749,68330,5470.5,5189,69091.3,18590.6,40.5813,4.66737
27379.9,20237,88667.9,20385.8,15949,83767,33368.1,207.726,4.66948
5639.4,5547,66627.7,2418,2395,66165.4,10077.8,160.441,4.67371
10978.5,10436,68942.8,5687.25,5344,69745.4,13748.5,-2.51669,4.67793
9734.4,9484,67266.3,3939.75,3772,68450.5,16961.4,-28.1574,4.67793
12571,11828,69652.8,6423,6004,70109.5,14103.2,6.34998,4.67899
5228.6,5409,63350.3,2266.5,2193,67732.5,10598.2,-34.7983,4.68532
9029.8,8336,70990.5,5391.75,4932,71645.1,10672,95.9189,4.68955
6089.85,5860,68106.6,2134.5,2032,68841.8,6801.21,-56.1556,4.6906
16192.1,14325,74078.1,10875,9509,74950.5,24799.9,-31.032,4.69377
16927.9,16021,69246,6391.5,6161,67987.9,12731.3,52.8415,4.69694
4806.75,5054,62329.9,1910.25,1870,66946.6,10211.5,-38.2238,4.69905
7596.55,6764,73602.5,10168.5,9276,71841.6,30667.7,86.5675,4.70011
10749,10224,68901.6,3846.75,3664,68804.8,26454.3,49.7458,4.70433
20449.6,16445,81495.2,20955,16541,83024.4,26309.4,-28.5087,4.70433
10160.1,9340,71290.7,7630.5,7048,70952.4,8395.67,42.6845,4.70539
6966.7,7015,65084.8,3147,3127,65955.2,9703.66,15.9753,4.70644
13180,11761,73443.4,7855.5,6769,76055.3,12186.2,-10.778,4.70644
19188,17185,73174.6,10278.8,9637,69900.2,9088.37,19.4384,4.70961
11367.2,10581,70405.5,6598.5,6209,69647.2,7194.24,41.8696,4.71067
8903.7,8257,70668.9,3749.25,3493,70343.8,18592.7,-47.1387,4.71172
21988.2,17329,83156.5,29496.8,24117,80155,19903,140.292,4.71489
10206.9,10108,66177.6,4821.75,4716,67005.6,19417.2,3.57027,4.71806
6051.5,5915,67048.4,3303.75,3199,67682,8974.83,-21.8373,4.71806
13047.4,12209,70036.7,5316.75,4977,70009.8,7113.85,-45.8474,4.72334
5268.9,5149,67062.1,2432.25,2365,67399.5,8642.58,22.8952,4.72545
9848.15,9184,70275.3,7388.25,7024,68934.6,8636.53,-39.0246,4.7265
9722.05,9500,67067.8,4461,4376,66809,15861.7,26.9239,4.72756
19401.2,17232,73785.8,15034.5,14048,70138.2,29197.4,28.1427,4.73706
13738.4,13030,69099,5483.25,5222,68814.7,8016.19,96.0187,4.74234
12660,12374,67051,5190.75,4998,68063.4,9403.13,-31.3134,4.74762
11900.8,11380,68535.5,5280,5140,67321,22629.6,64.5095,4.74868
7567.3,7357,67409.4,2280.75,2201,67910.6,17402.7,-67.734,4.74868
12959,12117,70090.3,4297.5,4081,69012.7,8592.4,66.7571,4.75185
6009.25,5848,67343.1,2177.25,2172,65694.4,16076.9,117.216,4.7529
10372.7,9956,68278.9,4086,4000,66945,20238.6,11.2794,4.75396
10572.3,10578,65500.4,4289.25,4230,66454,8506.54,71.0603,4.75607
9343.75,8897,68826.8,3807,3621,68902.4,18898.3,-24.7902,4.75924
5794.75,5648,67238.8,2820,2640,70004.4,9138.36,-57.9634,4.7603
14509.9,12796,74314.2,9910.5,8920,72813.3,8352.6,82.2461,4.76241
16877.9,14968,73898.3,10701,9832,71328.4,23684.6,-22.3901,4.76452
13521.3,12516,70799.9,9279,8292,73336.8,27537.4,-5.3349,4.76663
5301.4,5393,64422.9,2563.5,2449,68600.1,7559.49,-2.8641,4.76769
9725.3,7782,81901.5,11360.3,9445,78825.3,21024.9,123.91,4.76874
5791.5,5564,68215.6,2672.25,2584,67774.2,17612,-23.8819,4.7698
14516.4,13085,72705.4,10782.8,9805,72071.2,20219.8,46.5401,4.7698
6540.3,6676,64203.9,3064.5,3044,65977.4,8458.29,20.3221,4.77086
7269.6,6821,69846.1,3126.75,2913,70344.9,12821.7,48.5381,4.77402
9148.1,8385,71500.3,4823.25,4417,71563.6,22228.4,28.4046,4.77508
6815.25,6619,67479.1,1883.25,1919,64315.1,7482.54,65.0788,4.7793
10587.2,10311,67291.5,4148.25,3908,69564.9,6900.56,73.7007,4.78353
13227.5,13284,65257.3,3098.25,3120,65079.1,17055.6,19.139,4.78458
12549.5,11312,72705.7,9818.25,8820,72953.4,9461.62,58.1244,4.78564
5619.25,5768,63845.9,2148,2120,66401.6,7028.88,1.45584,4.7867
5520.45,5354,67573.4,2421,2318,68448.1,11728.2,-94.1808,4.78881
11443.3,10701,70081.8,7416.75,6941,70028,14379.7,107.82,4.79092
7187.05,7385,63779.3,3411,3325,67231.1,7860.77,-71.6754,4.79197
13756.6,13200,68299.4,6458.25,6144,68888,11518.4,126.847,4.79831
6927.05,7345,61806.8,3658.5,3637,65923.4,12321.5,82.9569,4.80148
9808.5,9773,65774.1,8010,7545,69575,9181.91,93.3949,4.80676
7714.85,8044,62854.3,3688.5,3612,66924,17446.8,-74.6157,4.80993
8675.55,9253,61446.1,4278,4193,66864.5,11236.3,20.2177,4.80993
9536.8,10174,61431.5,3773.25,3742,66083.3,7799.1,37.5469,4.81837
9558.9,10007,62601.4,5657.25,5495,67471.1,8403.75,35.8042,4.81943
11536.2,11241,67257,3604.5,3437,68729.9,17881.8,-30.772,4.82365
9436.7,9468,65319.3,4638.75,4520,67257.8,6806.2,-44.1158,4.82471
8286.85,8132,66783.9,6219,5700,71503.2,18286.5,0.172766,4.82682
14474.8,13725,69116.5,5269.5,4713,73274.3,26105.3,61.7989,4.82893
6597.5,6636,65155.8,3349.5,3240,67750.9,13251,-62.418,4.8321
10823.1,10229,69342.6,7004.25,6705,68460.9,17253.7,27.7316,4.83421
7408.7,6743,72006,6264.75,5667,72448.7,19232.5,-38.5628,4.83527
12212.8,11492,69646.8,5088.75,4628,72060.6,7269.04,-18.3332,4.83527
11965.2,11876,66028.2,5289.75,5220,66411.7,18260.5,-56.5863,4.84055
13286,12772,68173.5,4964.25,4788,67948.4,10431.4,-13.292,4.84055
18960.5,17049,72883.8,9720.75,8905,71539.5,15338.8,73.3835,4.84161
5175.95,5040,67303.8,2181,2116,67549.2,16944.6,38.0632,4.84161
18153.2,16936,70246.1,8287.5,7752,70063.2,19739.7,-5.04185,4.84266
10903.1,10509,67993.7,3000,2921,67308.5,7213.54,26.3889,4.84583
30223,23660,83715,27129,23464,75772.5,17497.3,47.5024,4.85005
5427.5,5733,62043.7,2658,2577,67595.9,14275.2,21.8235,4.85956
11443.3,11023,68034.6,4997.25,4715,69459.1,8864.42,-2.05314,4.86378
11629.1,10474,72763.8,5480.25,4814,74606.1,18488,-41.9748,4.86695
18593.3,16797,72544.3,15374.3,14361,70159.9,9100.24,3.098,4.86695
12095.8,11630,68161.1,5376.75,5166,68209.6,8665.81,40.9543,4.87223
11501.8,11487,65620.1,4194,3964,69338.5,12637.3,46.8251,4.88807
16493.1,13145,82228.4,8040.75,6809,77391.5,6727.76,95.2072,4.89229
11317.8,10960,67675.5,7281,6964,68519.2,14511.2,78.5747,4.8944
11982.8,11236,69891.6,4989.75,4676,69933.3,24960.5,2.50195,4.89863
18755.8,17157,71642.9,8538.75,7905,70790.1,13697.1,-52.1148,4.89863
20057.7,17608,74653.6,16830,15900,69369.2,9603.59,55.5391,4.9018
10611.9,9525,73014.3,7056.75,6545,70660.2,13802.9,45.9213,4.90285
5900.05,5339,72422.9,3189,3035,68861.4,8615.84,-78.5838,4.90496
8490.95,8140,68361.5,4662.75,4392,69576.1,15639.7,9.73224,4.90708
53488.5,35938,97540.8,62741.3,43330,94895.2,6692.24,196.688,4.90813
5805.8,5777,65862.7,1713,1681,66783.6,12089.9,37.3856,4.91235
12604.1,12316,67069.3,8651.25,8344,67949.2,13849.7,14.9595,4.91552
14292.8,13428,69756.9,5657.25,5396,68709,30297.8,-9.73864,4.91763
9235.2,9064,66773.8,4204.5,4216,65357.2,12007.1,147.469,4.91869
10034.7,9657,68099.2,5262,4873,70767.6,16763.4,42.37,4.9208
7615.4,7241,68924.6,2790,2793,65465.6,7678.99,-86.2886,4.9208
10801.7,8047,87970.7,5550.75,3611,100741,11385,116.532,4.92186
20914.4,16354,83811.1,17821.5,14434,80916.6,18405,8.76831,4.92186
11560.3,11336,66832.4,5469.75,5336,67178.7,12930.4,13.2741,4.92291
7459.4,6651,73501.6,6159,5611,71936.6,17804,-23.8891,4.92714
7117.5,6657,70069.5,3543.75,3381,68690.7,14190.8,80.3067,4.92819
10448.8,10178,67279.4,3398.25,3318,67121.1,14877,62.2209,4.92819
11092.9,10161,71546.5,7813.5,7089,72233.8,15605.5,-56.4865,4.92925
10476,8988,76386.1,5067,4520,73467,23604.4,40.3929,4.93242
12067.9,11285,70082.6,5245.5,5029,68357.4,18410.6,103.368,4.93453
11120.2,10876,67007.5,5556,5308,68598,22947.1,123.838,4.93664
6600.1,6636,65181.5,3177.75,3132,66493.3,12214.4,-7.33903,4.93875
26190.4,18456,93000.5,29547,24332,79582.1,10144.7,87.3388,4.94087
7742.15,7759,65393.7,3618,3567,66473,15242.9,90.5872,4.94192
9571.25,8885,70597.8,5484.75,5045,71248.5,33518.3,-107.9,4.94509
9268.35,8473,71687.8,6177,5709,70908.4,15122.9,27.8117,4.9472
8886.15,8796,66207.7,3164.25,3016,68757.4,11630,-6.45707,4.95143
10667.8,9819,71201.2,6783.75,6267,70939.8,25234.6,123.752,4.95354
11694.1,10777,71113.3,6018,5449,72379.5,11209.4,-97.6013,4.95459
12934.3,11884,71328.3,8444.25,7948,69627.9,20383.9,39.6539,4.95459
7152.6,7396,63379.2,2897.25,2868,66204.4,22605.6,109.23,4.95776
5669.3,5426,68474.6,3004.5,2838,69380.9,8180.12,-25.2474,4.95987
7159.1,6720,69818.3,2973.75,2704,72073.8,12397.7,15.0141,4.96093
8975.85,8858,66407.9,4776,4602,68013.9,17157.2,60.4152,4.9641
7870.85,7945,64924.4,3224.25,3193,66177.4,14075.9,-61.589,4.96727
15243.8,12953,77126.4,9003.75,7801,75640.3,11676.5,39.1212,4.96938
16875.3,15457,71549.4,9183.75,8325,72296.2,21658.1,49.9261,4.97149
17567.5,16224,70963.2,10305,9632,70115.1,16601.5,32.9161,4.97677
13141,10885,79119.1,7878,6709,76955.2,29399.1,82.3151,4.97888
6145.1,5732,70259.1,2635.5,2500,69088.1,8032.1,31.5181,4.9831
9850.1,9192,70228,5580.75,5192,70443,20093.6,49.1249,4.98627
15587.6,14249,71692.9,9476.25,8557,72576.3,16413.9,-46.1969,4.98627
13000,11840,71956.8,5526.75,5268,68755,7593.58,-60.4854,4.98944
8233.55,7593,71064.6,4264.5,3997,69922,7296.15,16.0658,4.99261
12346.8,11620,69634.8,5109,4948,67668.4,20351.3,53.4152,4.99261
12333.1,11437,70670.8,4877.25,4617,69230.1,10540.1,-30.4961,4.99366
10504,9984,68949.3,4566.75,4484,66745.4,24156.5,3.39216,4.99366
13893.7,12733,71510.3,7742.25,7373,68818.1,9432.98,-29.5945,4.99789
14025.7,13281,69210.8,4137,4117,65854.4,17044.4,-35.0406,5.00317
11145.5,10233,71380.3,4482,4217,69654.3,10900.7,-91.5697,5.00317
12546.9,11668,70472.8,6152.25,5716,70537.8,24391.7,-47.3567,5.01056
10801,9585,73850.6,8329.5,7397,73797.8,11475.4,-4.73126,5.01267
10193.3,9496,70348.4,2886,2728,69331.7,18555.1,7.90267,5.01373
12255.1,11412,70377.7,6221.25,5748,70931.8,13453.7,14.9744,5.01373
9314.5,8996,67856.3,5328.75,5216,66952.6,14807.7,-22.9165,5.01584
12011.3,11268,69859.4,4707,4436,69539.7,21108.5,20.7067,5.01584
5621.85,5280,69779.1,2875.5,2724,69180.9,9104.77,-77.7422,5.02218
8037.9,7878,66866.2,2380.5,2294,68007.2,8820.5,74.4885,5.02218
18573.8,15625,77904,11498.3,9869,76355.2,18527,83.5837,5.02534
12804.3,12285,68306.5,3255,3129,68175,10822.2,83.8733,5.02746
27926.6,19981,91596.9,27105.8,19133,92844.9,24130.4,73.0531,5.03168
11733.8,11173,68825.4,4908.75,4677,68783.4,9730.9,66.7143,5.03273
15154.7,14247,69711.6,4296,4131,68153.6,7060.58,16.9347,5.03273
8337.55,7852,69588.6,6076.5,5416,73528.3,15636,17.4724,5.03379
7696,7648,65947.3,3208.5,3056,68806.4,13258.2,66.5817,5.03485
10777,9921,71190.5,7934.25,7201,72209.3,10791.5,110.534,5.03485
12192.7,11768,67901.2,4198.5,4124,66719.9,8381.91,10.005,5.03801
10929.1,10443,68586.6,6408.75,6111,68729.2,18765,98.1948,5.04435
6427.2,6165,68323.3,2761.5,2709,66806.1,11047.4,19.3648,5.05069
12834.3,12305,68354.8,5001.75,4689,69907.2,22882.9,84.28,5.05174
10667.8,10079,69364.5,3721.5,3567,68374.6,9180.22,-11.525,5.05385
6767.8,6536,67860.2,3390,3256,68233.1,10112.4,-46.82,5.05491
17798.3,15629,74632.4,10473.8,9097,75454.3,10278.2,59.8137,5.05808
15934.7,13803,75657.4,13158.8,11371,75839.6,11613.9,7.30353,5.05808
23462.4,21492,71544.4,15498,14064,72218.2,10879,113.111,5.06019
12919.4,11940,70911.7,6606,6160,70281,22350.8,26.68,5.06125
5676.45,5793,64217.5,2436,2309,69140.6,9725.88,46.0745,5.06336
7683,7751,64961,2524.5,2483,66631.4,7683.52,83.1312,5.06441
7732.4,7782,65118.3,2957.25,2930,66145.5,11974.7,87.27,5.06547
6072.3,6141,64802.8,2181.75,2109,67796.7,13361.6,14.1179,5.06653
9987.25,9564,68436.3,3608.25,3436,68821.4,13517.1,90.652,5.06653
8788.65,8237,69925.1,8127,7225,73717.8,12622.8,-39.1744,5.06758
11600.5,11099,68497.5,3776.25,3711,66688.3,6647.77,38.4502,5.06969
20555.6,19005,70883,14496,13293,71466.9,8359.25,74.5058,5.07075
9355.45,8552,71693,4351.5,4088,69760.3,13127.9,9.82663,5.07286
10431.8,10061,67951.7,4929,4825,66948.6,8776.63,7.41016,5.07814
7731.1,7519,67384.7,2919,2907,65806.5,15810.2,113.786,5.07814
8631.35,7924,71386.2,3937.5,3712,69517.2,14625.3,85.4504,5.08025
11299.6,9673,76556.4,8976,8125,72400.1,19414.6,25.9304,5.08237
10944,10291,69694.8,7578,7315,67892.3,15126.6,136.172,5.08448
24308.7,18873,84411.3,16933.5,13661,81235.2,38695,41.5458,5.08659
11323,10886,68166.8,3090.75,3090,65551.9,13115.9,-52.9529,5.08659
15362.1,14093,71437.6,6885.75,6589,68487.6,6335.08,216.482,5.08765
9418.5,8588,71873.6,5056.5,4668,70990.3,13074,80.3487,5.0887
10223.2,9221,72658.9,5703,5345,69925.5,19156.8,31.9601,5.09293
11319.8,10113,73356.2,5492.25,5089,70729,22261.5,-9.43662,5.10137
16235.7,12552,84769.2,16583.3,15020,72356.8,6869.5,68.5418,5.10454
12025.6,10929,72112.1,4512,4209,70253.8,18427.6,88.7475,5.10665
8632,7777,72741,3948,3681,70289.6,14016.7,26.9932,5.10665
11652.5,10872,70241.1,4253.25,4204,66303.8,7627.6,-45.8667,5.10771
13581.7,11993,74217.8,8874.75,8121,71618.7,24823.3,2.5071,5.10876
7065.5,6413,72204,2640,2537,68196.7,9096.73,53.8381,5.11088
19464.3,16763,76096.7,14718.8,13291,72576,15615.8,53.5931,5.11088
9262.5,7977,76097.2,5860.5,5449,70485.2,23026.3,154.795,5.11193
20655.7,17557,77102.7,8934,7857,74519.4,21914.6,165.156,5.11193
12318.8,11166,72302.1,7801.5,7358,69486.2,7838.27,89.1454,5.11404
10474.8,9144,75073.6,7011,6396,71837.5,25276.7,113.43,5.1151
8303.1,6917,78668.8,6585,5925,72836.2,15990,124.959,5.11616
8470.8,7800,71172.1,3731.25,3628,67401.1,19094.5,6.1624,5.12038
17147.6,14816,75849.6,9692.25,8532,74448.1,16586.6,22.5967,5.12038
6511.7,6158,69300.2,2291.25,2282,65801.6,10205.5,-57.1435,5.12144
10915.4,9705,73709.9,5433.75,5081,70085.9,10760.4,33.9956,5.12355
14165.4,12717,73000.5,10470.8,9785,70128.9,14422,14.938,5.12355
10357.8,9464,71725,3570,3432,68171.2,6352.19,12.6613,5.1246
9064.9,8332,71300.7,5470.5,5384,66588.9,8685.96,77.9336,5.1246
9445.8,8741,70820.3,4487.25,4357,67495.2,19349.3,-18.7872,5.12566
10467.6,10312,66524.9,5136,5068,66415.3,8178.89,-10.6274,5.13305
17333.5,14808,76713.4,10860,9400,75715,18235.9,75.8547,5.13411
9837.1,9360,68876.5,4785.75,4528,69266.5,17330,29.4487,5.13411
6362.85,5496,75872.6,6642,5752,75676.3,27004.8,-30.2549,5.13939
15009.1,13820,71175.1,8112,7420,71648,25192.7,15.3932,5.14044
13817.7,12160,74470.1,11226,9984,73688.6,27973.8,95.2687,5.14467
8914.1,8533,68463,4020,3809,69166.4,12878.7,21.876,5.14572
8310.9,7564,72007.3,7671.75,7340,68498.1,12193,68.3418,5.14678
12301.3,11669,69086.9,7152.75,6897,67966.2,12897.9,60.5753,5.14784
13689.6,13153,68209.9,7494,7157,68621.9,19735.9,57.7383,5.14784
12242.8,11601,69161.4,4484.25,4197,70021.4,18691.7,-11.8825,5.151
10401.3,9180,74254.9,6430.5,5720,73676.4,23858.3,25.7634,5.15417
12499.5,12337,66399.2,6270.75,6213,66145.2,18528.8,34.5637,5.15839
9339.85,8172,74901.7,7004.25,6280,73094,36700.2,30.4408,5.16051
13334.1,10992,79500,10085.3,8592,76925.9,21075,80.048,5.16051
10322,9415,71849.5,6391.5,5767,72632.8,12889,51.1156,5.16051
9906,9105,71301.4,9933.75,9025,72135,12803.3,-9.08117,5.16367
12030.8,11696,67412.3,5514.75,5140,70314.1,7544.56,-3.72354,5.16367
8019.7,7885,66655.5,5541,5129,70800.3,16288.5,-8.35214,5.16473
12606.1,12038,68628.8,5175,4822,70333.6,8347.3,-24.3937,5.16473
7608.25,7557,65980.4,6267.75,5569,73758.9,18237.6,82.7346,5.16895
8225.1,8568,62913.2,3465.75,3260,69672.2,22733.3,35.2656,5.17212
10681.4,10880,64340,5067.75,4864,68281.3,13998.7,107.834,5.17635
5753.8,6346,59420.3,2725.5,2734,65332.3,19916.1,10.4315,5.17951
13232.7,12696,68306.4,5811.75,5400,70533.1,19085.8,19.9227,5.18057
11191,11420,64222.1,6834.75,6524,68657.6,7334.59,165.704,5.18057
11466.6,11296,66526.1,6534.75,6192,69163.7,12463.3,-24.5484,5.18163
9729.85,8680,73462.6,6769.5,5880,75450,17195.2,99.1138,5.18902
13379.6,12772,68653.7,8522.25,7872,70949.5,20418.9,105.013,5.19113
11782.5,11548,66867.1,4274.25,4152,67465.6,6351.25,23.8413,5.1943
8785.4,8545,67379.7,2649,2485,69861.1,10779.6,46.0349,5.1943
16571.8,14616,74305.3,14094.8,12392,74541.1,29496.7,27.2715,5.19747
12905.8,12908,65524.6,5151,5080,66452,13588.7,42.4893,5.20169
15642.2,14109,72657.9,11001.8,9721,74170.4,15103.3,82.8524,5.20275
10171.8,10440,63852.7,4299,4220,66762.9,10311.8,34.8725,5.20275
10548.2,10253,67422.9,6980.25,6269,72971.4,21583.7,51.6489,5.2038
17098.9,16273,68862.1,6630,6161,70524.9,9406.84,49.5265,5.2038
10219.9,9752,68680.7,6098.25,5532,72244.2,17617.2,155.858,5.20591
12673,12513,66374.3,5658.75,5489,67562.7,10074.8,177.641,5.20803
10336.9,9872,68622.6,5050.5,4580,72268.5,9812.51,23.7112,5.21331
5942.3,5448,71482.1,8674.5,7900,71961,27703.9,84.9588,5.21436
6869.85,7201,62522.2,3812.25,3653,68393,7570.28,-51.0245,5.21753
7749.3,7253,70020.4,8139.75,7329,72785.7,13899,-53.8423,5.21859
8840,7959,72790.3,6557.25,5731,74984.5,24280.8,-12.0925,5.22281
25151.1,21945,75110.6,16553.3,14697,73813.3,27037.2,74.6639,5.22492
14279.2,13423,69716.3,12134.3,11259,70630.6,21077.4,104.988,5.22598
9506.9,9328,66792.9,4569,4304,69571.1,7090.88,40.1535,5.22703
11867.7,11470,67808.3,4351.5,4142,68850.8,10217.6,40.896,5.22809
9153.3,9384,63924.8,2772,2748,66108.4,12130.7,87.2641,5.22915
7891,7784,66436.9,1824.75,1736,68886.4,9621.85,-1.2216,5.22915
12916.8,12649,66923.5,4671.75,4509,67901.5,11557.6,8.16565,5.23654
6582.55,7009,61548.6,2962.5,2833,68531.7,7647.59,10.8926,5.2397
8045.05,8220,64141.2,4091.25,3928,68259.7,16800,88.8086,5.24182
8420.1,8330,66244.9,5226,4922,69583.7,13777.8,-65.8778,5.25449
10392.2,9537,71412.7,8325.75,7553,72241,15692.9,45.8502,5.25449
9364.55,7895,77734.7,6514.5,5891,72472.3,23725.7,122.948,5.25554
12981.8,12653,67239,5027.25,4889,67389.2,15850.3,28.6443,5.2566
7709.65,7553,66895.2,3084,3041,66462.7,11063.2,71.8242,5.26294
13488.8,13092,67522.3,4700.25,4576,67315.5,12802.3,55.4189,5.26399
10836.1,9601,73967.1,7758,6945,73207.8,22382.2,-25.7812,5.2661
10245.9,9977,67302.6,6223.5,5977,68238.8,8022.33,-21.8015,5.26716
14145.3,13196,70250.6,5087.25,4824,69112.4,12271.1,-13.3612,5.27138
15141.7,13623,72842.2,10738.5,9751,72172.9,17445.9,96.5244,5.27455
12335.7,11764,68720.9,4117.5,4032,66925.7,17970.8,-53.9954,5.27666
10483.2,9789,70183.6,5558.25,5181,70308,12612.3,76.926,5.28194
15889.9,14817,70281.5,2859.75,2725,68776.7,18908.5,86.1494,5.283
8544.25,6885,81329.9,7538.25,6581,75068.6,21729.6,11.2234,5.28405
9124.05,8805,67910.7,3362.25,3345,65874,7429.42,-8.01921,5.28405
6587.1,6032,71567,3531.75,3364,68804,6998.27,44.457,5.28722
12069.2,10569,74838.4,10465.5,9389,73050.1,33322.5,17.6677,5.28828
7553.65,7041,70307.6,2769,2641,68712.3,18812.3,-17.907,5.28933
10353.2,8676,78205.1,8010,7312,71792,15115.7,6.31193,5.29039
7637.5,7129,70210.6,3236.25,3161,67096.1,7044.26,50.4753,5.2925
11867,10592,73425.1,4954.5,4688,69261.5,19233.7,-61.7828,5.29989
7393.1,6585,73578.5,3006.75,2873,68587,8577.88,52.1376,5.29989
16182.4,14071,75369.9,10662,9299,75141.9,32057.2,-17.5448,5.30306
7610.2,7196,69308.2,2979.75,2844,68664.2,15519.9,69.9367,5.30412
11204,9429,77873.4,7310.25,6357,75363.3,8047.69,-109.522,5.31151
19110.6,17446,71789.3,9791.25,9254,69340.8,19552.6,69.7852,5.31151
8396.05,7781,70716.3,6367.5,5729,72840,11009.7,-95.0138,5.31257
15659.8,14348,71527.8,6399.75,6156,68130.9,7903.98,2121.32,5.32101
8416.2,7976,69153,4944,4728,68530,25055.8,65.2784,5.32207
7991.1,6661,78622.5,5736.75,5473,68694.3,14703.4,3.74742,5.32418
11501.8,10108,74572.5,7779,7164,71162,24384.3,5.1036,5.32418
12070.5,10696,73957.8,5614.5,5288,69582.4,9234.75,-53.6671,5.32418
12792.6,12029,69696.5,5285.25,5197,66648.9,11891.6,58.0331,5.32524
7094.1,6475,71802.1,1838.25,1775,67871.3,6538.12,-120.646,5.33263
11938.5,10940,71517.8,6139.5,5788,69515.9,20306.1,-60.9631,5.33369
8982.35,8692,67725.2,3686.25,3716,65011.3,11002.6,97.6265,5.33369
22448.4,18560,79266.1,18468.8,14640,82675.4,23232.6,109.207,5.34213
9512.1,8745,71284.7,5208.75,4937,69143.3,13556,-23.7295,5.34213
11464.7,11276,66632.7,4901.25,4796,66974.2,22728,-9.45415,5.34424
13058.5,12686,67460.3,3454.5,3374,67099.6,6735.68,63.3869,5.34847
10577.4,10537,65787.6,4185,4045,67804.3,6380.36,96.9402,5.34952
9127.3,9084,65848.4,2008.5,1964,67020.9,8053.14,-49.3227,5.35797
9573.2,9517,65923,5844.75,5689,67330.2,17621.1,109.418,5.36325
16558.8,14940,72636.8,12474.8,11804,69260,12627.5,279.885,5.36325
10773.1,10732,65787,3559.5,3436,67891.6,29031.2,122.749,5.36748
15269.8,14348,69746.4,10067.3,9320,70790.5,18897.2,78.4098,5.36748
12888.2,12473,67717.6,5197.5,5017,67893.8,7644.63,46.1527,5.3717
8227.7,8178,65934.3,3443.25,3398,66408.7,9164.71,-5.50442,5.37381
6752.85,6430,68826.6,6782.25,6346,70041.2,7146.63,162.271,5.37381
9524.45,9269,67342.1,3957,3793,68369.6,8080.9,66.7763,5.37487
7119.45,7164,65128.5,3364.5,3384,65158.4,18159.8,106.818,5.37487
19193.8,16869,74568,13332.8,12181,71732.6,13393,33.0367,5.37592
33919.6,25636,86712.2,19544.3,15780,81169.3,25041.2,96.2389,5.37698
9443.2,8988,68855.1,4149.75,3980,68331.2,21003.4,138.531,5.37804
7660.9,7528,66693,2841,2828,65837.3,12594.9,87.2467,5.38226
8012.55,7669,68471.8,4014.75,3765,69883.3,28106.2,81.5037,5.38226
10363.6,10054,67554.1,4898.25,4742,67695.4,6937.42,-8.00072,5.38543
7826.65,7705,66570.7,6130.5,6077,66113,12295.6,52.8579,5.3886
19716.4,17134,75413.6,12495,10830,75611.5,10450.8,94.2072,5.39388
15315.9,13521,74236.1,12577.5,11537,71446.6,19068.7,-43.7166,5.39493
12953.2,11904,71312.2,5415.75,5088,69757.6,17266.3,-15.2689,5.39704
21784.8,20404,69970.9,6470.25,6212,68260.5,14898.7,27.8201,5.40021
7988.5,7757,67491.9,3960.75,3773,68797.2,18668.9,-60.9016,5.40127
7779.2,7648,66660.3,3026.25,3028,65498.1,7210.84,-39.831,5.40127
6604,6341,68254.2,3524.25,3349,68965.4,10595.7,-94.9982,5.40232
15436.2,12521,80794.4,12678,10953,75857.3,15900.8,62.1824,5.40549
8606,8141,69279.3,3174,3037,68492.4,8198.55,-30.4081,5.40655
11012.3,10862,66442.8,3764.25,3786,65159.5,9284.36,70.1711,5.40655
13764.4,12581,71700.5,10566.8,9317,74326.8,32646.4,-39.9269,5.4076
23573.5,20409,75697.8,18433.5,16009,75461.2,30156.8,187.207,5.41288
21379.8,15677,89375.9,16054.5,13225,79557.5,38572.1,32.0904,5.41711
6299.15,6376,64746.1,3051,3000,66650.1,7909.39,-88.0173,5.42344
6435,6377,66132.1,2082,2077,65693.8,16998.8,-9.23884,5.4245
9625.85,9501,66397.2,5285.25,4937,70158.8,25130.6,48.9356,5.43611
7508.8,7588,64852,3551.25,3460,67264.4,6965.22,98.6382,5.43928
16758.9,15172,72390.9,8253.75,7268,74424.6,13650.1,-1.37299,5.43928
8893.95,9148,63716,4603.5,4524,66687.7,19642.4,81.8218,5.44456
7991.75,7572,69169,4979.25,4564,71498.7,6625.6,-1.249,5.44984
10775,10406,67860.2,4956.75,4630,70161,19821.2,-19.6649,5.44984
12444.9,11620,70188.4,6339,5860,70893,11029.1,67.5255,5.4509
10595,9084,76437,7094.25,6248,74412.4,14651,47.6094,5.45301
9507.55,9005,69193.4,3620.25,3401,69760.9,8042.75,-14.9223,5.45407
12064,11570,68334.2,5462.25,5170,69240.6,14325.5,-23.7584,5.4604
12881,11464,73636.8,8724,8028,71217.7,33858.8,-27.0725,5.46568
18970.3,18332,67817.7,9615,9516,66217.8,14042.5,-38.3677,5.46779
13547.9,12145,73106.5,12895.5,11745,71955.7,26040.6,100.501,5.47096
13657.8,12492,71652.1,8670.75,7720,73607,22393.7,-11.1616,5.4773
16133,13637,77531.1,16086,13185,79955.4,20104.8,157.484,5.47835
32158.7,22943,91860.5,23070,16479,91748,31655.2,161.35,5.47941
5270.85,5529,62476.1,2972.25,2861,68084.4,8847.38,-76.0125,5.47941
10500.1,10134,67903.5,5415.75,5158,68810.9,15181,23.5095,5.48046
12453.3,11580,70478.7,6987,6408,71457.6,6365.24,80.6008,5.4868
12922,12564,67403.4,4795.5,4672,67268.4,16362.8,17.4451,5.48891
7762.95,7569,67215.3,3380.25,3301,67109.4,11803.1,-21.9436,5.48997
24830.6,18986,85710.6,17487.8,14190,80766.5,52418.3,43.61,5.49102
10167.3,9532,69903.9,5591.25,5340,68619.5,11988.7,98.4494,5.49208
12535.9,11584,70921.3,5700,5364,69641.2,11192.4,69.2394,5.49419
11563.5,11321,66939.8,4755.75,4717,66074.4,8923.2,12.5647,5.50264
9244.95,9161,66136.6,3798,3773,65970.2,17596.7,50.9387,5.50581
7740.85,6761,75033.9,5735.25,5177,72602.9,11411,21.0712,5.51742
15613.6,13424,76225.9,8090.25,7252,73111.2,7416,-8.87871,5.51742
20562.1,19168,70302.5,11055.8,10688,67790.9,7090.14,66.8135,5.52059
5387.2,5412,65235.7,2519.25,2544,64898.4,7733.25,-8.89063,5.52059
34238.1,28845,77789.1,16376.3,13609,78862.1,57723.9,168.111,5.52376
11698,11499,66670.4,4962,4863,66870.2,10328.2,80.4519,5.52376
11732.5,11172,68824,4379.25,4048,70898.8,7693.86,-13.1891,5.52904
21731.4,20153,70669,7942.5,7149,72810.1,25994.9,18.8031,5.5301
15845,14565,71295.7,9541.5,8821,70889,13860.8,79.4591,5.53115
19641.7,17517,73485.1,18683.3,16921,72361.3,12556.2,137.988,5.53326
11290.5,11052,66950.3,4089,4012,66793.8,9439.79,148.425,5.53643
9147.45,8620,69546.1,3633.75,3404,69959.3,9869.09,10.8091,5.53854
11523.2,11242,67175.3,4450.5,4330,67359.8,13208.9,-52.0964,5.54593
8157.5,7815,68408.2,4848.75,4599,69095,16587.7,125.797,5.55227
15278.9,13218,75754.1,8949.75,8070,72680.4,32570.7,47.7959,5.55333
18071.3,15789,75009.2,12355.5,11305,71625.8,17829.6,197.99,5.55438
11906,11429,68271.5,6522,6273,68137.4,15235.2,110.367,5.55544
7990.45,7452,70271.4,3566.25,3416,68418.5,17664.3,-12.7039,5.56283
10543.6,8840,78166.1,5823.75,5244,72781.3,21172.2,111.004,5.57022
7474.35,6836,71655.8,2579.25,2560,66028.8,8584.93,-14.0826,5.57022
17575.3,14269,80721.7,11427,10077,74315.8,34205.5,95.0345,5.57339
12164.8,11582,68833.5,4469.25,4538,64543.1,13195.8,-65.8559,5.57445
12725,12138,68705.6,5287.5,5050,68618.1,19852.5,-125.446,5.5755
15865.2,13957,74496.1,8409,7317,75316.7,22385.4,-36.9613,5.57656
13191.8,11705,73860.3,8456.25,7721,71776.8,15903.6,-96.9177,5.57761
18816.8,15952,77305.7,13704.8,12272,73187.3,16967.4,131.802,5.57867
8294.65,7228,75207.3,7453.5,6616,73832,34896.7,27.0685,5.57973
8370.05,7848,69895.5,3345,3228,67911.4,8798.12,-25.2706,5.58289
18090.1,16141,73450,13425.8,12349,71250.3,25952.8,172.745,5.58395
8266.7,6661,81334.1,6446.25,5745,73535.5,27524.2,126.246,5.58817
10684.7,9573,73146.6,6180,5697,71092.2,26516.2,63.5035,5.59345
19455.1,14865,85772.8,15267.8,12945,77295.3,41656.5,98.1945,5.59345
14105.6,12596,73390.6,9394.5,8576,71790.8,14832.1,132.743,5.59873
7946.25,7445,69948.3,4120.5,4053,66627.5,12187.8,41.682,5.59873
12156.9,11593,68724,5145,4921,68519.1,20301.1,7.83705,5.6019
12990.9,12165,69985.3,4776.75,4597,68098.6,7143.52,38.4315,5.6019
10877.8,10372,68731.6,6472.5,6192,68504.8,12189.7,-8.19811,5.60507
9623.9,9097,69331.9,3606.75,3389,69746.8,7277.28,71.1065,5.61457
8712.6,8684,65751.8,3190.5,3196,65423.2,10646.6,31.4199,5.61563
6914.7,6893,65742.3,3279.75,3209,66980.9,10326.1,34.0119,5.6188
33027.8,23232,93169.3,24339,18272,87296.5,8182.54,71.0725,5.62196
10022.3,9325,70437,6861.75,6381,70473.5,8839.59,132.968,5.62302
10310.9,9336,72379.9,8816.25,8060,71685.1,15128.7,164.551,5.62619
8984.3,8240,71455.7,2914.5,2708,70533.5,6759.92,-1.97405,5.62936
9971,9232,70782,3350.25,3136,70013.4,16696.5,116.333,5.62936
7116.85,6682,69800.9,2569.5,2442,68957.7,6540.51,-32.9258,5.63252
9629.1,8011,78773.3,8396.25,7295,75429.3,20817.8,17.2776,5.63358
13549.9,12273,72354.5,8823.75,8129,71137.1,30654.4,30.668,5.63569
13800.1,12953,69822.2,6017.25,5869,67191.4,19793.2,-53.2039,5.64203
10057.4,9233,71388,6613.5,5761,75233.9,27259.9,102.176,5.64942
6953.05,7093,64242.9,2971.5,2977,65414.9,14035.8,58.8125,5.64942
13317.8,12716,68637.8,4756.5,4460,69892.8,13375.7,69.1573,5.65048
5125.9,5537,60670.2,2634,2629,65660.6,10401.5,11.6491,5.6547
17871.8,16168,72442,7230,6440,73575.4,39445.6,185.998,5.65787
15917.2,13489,77333.3,10204.5,8289,80680.7,11448.6,73.5297,5.65892
9773.4,9952,64359.9,6352.5,5828,71434,13859,65.6992,5.65998
9304.1,9544,63888.7,4680,4520,67855.9,10396.6,124.309,5.65998
10075.6,10025,65867.1,4479.75,4185,70151.7,12928.6,52.8341,5.6642
27794.6,18613,97864.4,29469.8,19409,99506.9,62824.8,174.799,5.66631
6574.75,6737,63957.7,3081,2965,68100,13439.3,-45.2251,5.66737
6862.05,6717,66951.2,6813,6249,71450.9,11514.5,154.367,5.66843
13702.6,13721,65448.4,6685.5,6493,67479,8588.61,-13.2228,5.66948
9617.4,9444,66739.3,4905.75,4724,68057.4,8800.82,-3.77075,5.66948
9661.6,9433,67124.2,3752.25,3597,68364.6,15892.3,29.5027,5.67582
7139.6,7136,65569.1,3684,3648,66182.7,11837.2,0.41514,5.67687
15104.7,14753,67098.3,4831.5,4705,67298,16606.8,-48.7841,5.67793
15620.1,14427,70956,12577.5,11547,71384.7,19169.3,-45.4404,5.67899
21179.6,19772,70201.6,11190.8,10408,70464.7,8118.91,87.4149,5.68004
10733.4,10452,67300.7,5544,5060,71804.7,10644.7,-26.2,5.6811
16527.5,14056,77059.6,12837,11308,74397.4,15323.5,122.404,5.68743
12082.2,11701,67671.1,5082,4849,68685.1,13929.7,36.4565,5.68849
10396.1,9960,68405.5,5693.25,5464,68285.7,15365.3,80.2626,5.68849
11410.8,10800,69242.1,3855,3776,66907.1,10797.1,-19.3258,5.69271
6941.35,6409,70979.6,6919.5,6297,72014.7,8640.86,-90.6247,5.69799
14372.1,11843,79531.6,12072.8,10695,73978.5,23840.9,27.484,5.69799
9485.45,8932,69596.8,5715,5412,69205.1,9178.62,96.8351,5.69905
16448.3,15608,69064.1,5181,5116,66368.7,10875,35.7113,5.70011
10366.2,9413,72172.5,5404.5,4961,71394.7,17559.8,-45.3799,5.70116
6406.4,6157,68190.6,3978,3789,68805,8799.79,71.0493,5.70222
9618.05,9176,68693.2,3825.75,3756,66753,9731.34,132.934,5.70433
12806.9,12197,68813.3,2875.5,2789,67568.6,8909.98,98.5651,5.70539
9530.95,8888,70276.8,3492,3304,69265,20597.1,37.9259,5.7075
7370.35,7082,68204.4,1605,1533,68614,7730.95,-115.531,5.70961
4910.1,5024,64050.2,2034,2032,65600.5,9101.64,-4.64205,5.71172
13428.3,11045,79677.7,8437.5,7393,74795.1,16973.3,97.4021,5.71172
14127.7,13640,67879.5,6174,6056,66813,11880.6,73.5135,5.71172
10362.3,9793,69345.8,5862.75,5397,71191.6,9479.39,34.0438,5.71172
9739.6,9292,68692.9,4524.75,4284,69219,14004.9,78.5937,5.71383
34999.3,23608,97158.2,21245.3,15756,88368.2,55325.5,50.3808,5.71911
7676.5,7337,68568.5,3113.25,2909,70137.5,14459.4,25.2566,5.72334
13718.9,12009,74867.3,7290.75,6621,72165.3,13858.1,32.1592,5.72545
8297.9,8137,66831.9,3036.75,2921,68133,7295.08,-60.4742,5.72756
9406.15,8765,70329.9,3545.25,3389,68557.5,6829.2,39.3033,5.72756
10886.2,9421,75728.5,8541.75,7465,74988.9,18504.4,155.825,5.72756
12437.1,8769,92949.9,4648.5,2849,106930,10403.2,54.649,5.73284
5895.5,5980,64609.9,3183,3148,66264.6,9864.9,-10.6907,5.73495
13543.4,10768,82427.6,10854,8932,79638.1,13857.9,-46.1008,5.73601
9660.95,8823,71760.2,5644.5,5223,70824.8,7875.07,-9.75596,5.74551
6474.65,6169,68783.1,2042.25,2073,64563.9,7694.83,-60.4892,5.74657
25803.7,20773,81407.2,12150.8,9797,81281.2,12955.5,134.533,5.74868
9828.65,8966,71841.4,4060.5,3814,69771.6,27579.2,122.804,5.74974
17613,16441,70207.9,8068.5,7785,67922.6,7119.67,-52.7276,5.75396
8923.2,7912,73911.9,6002.25,5628,69894,20360.1,10.4148,5.7603
7794.15,7420,68840.6,2725.5,2636,67761.1,7960.28,38.4008,5.76135
13166.4,12281,70260.8,8730.75,8249,69363.4,14322.2,42.4618,5.76346
12929.8,11480,73812.5,10982.3,10124,71091.7,12825,-62.402,5.76346
16422.9,14816,72643.8,8034,7268,72443.1,25985.2,54.0634,5.76558
7102.55,6768,68775.5,2709.75,2592,68513.2,8760.27,50.4108,5.76558
10517,10209,67513.2,4796.25,4449,70651.2,9629.09,-33.9019,5.76558
9797.45,8445,76031.5,6532.5,5977,71626.9,14087.5,193.831,5.76769
5714.15,5621,66622,2060.25,2033,66414.4,10132,33.1592,5.76874
9637.55,9383,67313.9,5769.75,5651,66913.2,26663.7,155.518,5.7698
10351.3,9719,69799.3,6338.25,6071,68420.9,14862.5,146.501,5.7698
12097.1,11529,68765.6,5124.75,4921,68249.5,14565.4,21.8126,5.7698
9360,8653,70890.7,7617,6861,72757.3,16104.3,14.8748,5.77086
8549.45,8173,68554.6,3612,3561,66474.6,16012.8,58.7382,5.77402
10032.8,9989,65823,1495.5,1537,63766.5,19182.6,-7.60091,5.77614
11987.3,11107,70730.1,5154,4883,69173.2,8302.47,27.208,5.77614
18092.8,16356,72494.9,12624,11204,73842.1,29975,154.533,5.7793
8678.15,8653,65726.5,4826.25,4825,65553,9553.19,-58.839,5.7793
10331.8,10389,65174.9,3996.75,4001,65466.4,14547.7,-8.28672,5.78036
5991.05,6073,64651.6,2721,2777,64214.4,10719.8,-18.4629,5.78036
12054.9,11988,65901.7,4650,4608,66133.3,7239.65,99.4879,5.78247
8472.75,8249,67313.6,4791,4397,71408.5,17873.7,111.128,5.78458
13666.9,13028,68749.9,4398,4244,67914.1,13616.5,-38.3517,5.78458
11493.9,11273,66820.5,6342.75,5901,70442,21933.8,-89.4043,5.78564
36184.8,26197,90522.2,31736.3,23297,89276.2,24035.9,134.977,5.78881
8756.15,7863,72980.2,4346.25,3991,71369.5,13902.6,28.7175,5.78986
6925.75,6421,70687.7,4040.25,3841,68935.7,6831.95,122.723,5.78986
9603.75,8573,73415.5,6703.5,6013,73061.8,20266,24.1784,5.79092
9009.65,8829,66876.9,4672.5,4461,68643.1,14953.6,52.758,5.79303
15351.7,14430,69722,6030.75,5646,70002,8016.43,-14.0613,5.79937
11615.5,11288,67437.4,5502,5128,70315.7,17345.8,20.8481,5.79937
9831.25,9440,68252.2,5604,5268,69716,6332.66,4.06201,5.80359
6555.9,6772,63444.7,2160,2176,65054.1,16563,26.8975,5.80465
10742.5,9248,76127.1,7750.5,6852,74129.7,17605.4,81.8984,5.80465
19897.1,15586,83663.5,10945.5,9030,79437.9,6779.26,17.8052,5.81204
9326.85,9009,67848.2,5759.25,5157,73189.5,20758.9,67.1599,5.81415
15148.2,13885,71498.4,13081.5,12525,68447.8,11910.4,147.472,5.81415
15728,13601,75785.1,12812.3,11397,73674.1,12496.6,25.3304,5.81732
9944.35,9249,70463.1,7653,7141,70234.8,7686.97,59.9111,5.81837
11768.9,11249,68564.9,7397.25,6821,71072.6,8208.54,20.3315,5.82049
9084.4,8872,67105,4855.5,4456,71411.6,9801.48,21.1316,5.8226
7107.1,6521,71426.3,2778.75,2617,69586.6,13960.3,-41.8046,5.82577
9885.85,9332,69425.5,5122.5,4752,70645.7,7903.27,83.123,5.83316
16724.5,14928,73422.9,12849,11952,70454.5,16035.3,85.3974,5.83527
10247.9,9020,74457.5,7087.5,6248,74341.6,17186.5,104.274,5.83633
11382.8,10886,68526.8,4191,4070,67484.4,12261.9,-20.2408,5.83949
13015.6,12222,69791.4,6001.5,5706,68930,21314.4,60.259,5.84055
20164.9,18145,72831.6,13017.8,11873,71854.7,18888.1,-18.7698,5.84266
13477.7,12843,68775,6816.75,6539,68319.7,11916,-9.04782,5.84477
12405.9,10545,77101.3,4506.75,4101,72020.1,24880.1,49.805,5.849
9365.85,8981,68344.3,6291,5653,72932.4,24334.1,-66.2745,5.85111
14079.6,13720,67253.9,4778.25,4668,67083.9,13232.3,-35.7573,5.85111
8750.95,8932,64207.6,4353,4272,66778.6,22252.3,-24.9163,5.85639
5814.25,6160,61857.6,2535,2528,65717.5,10652.9,1.31965,5.85744
10453.3,9744,70306.6,6486,5904,71996.4,33722.4,-28.7873,5.85956
14791.4,14220,68169.4,6698.25,6380,68805.1,8722.73,15.1522,5.86378
14705.6,14177,67979.6,6165.75,5957,67832.6,18016.6,52.6429,5.86378
9529.65,9288,67241.1,5267.25,4952,69708.1,7694.42,-2.00917,5.868
10690.5,10440,67108.8,4983,4668,69958.4,7112.39,34.1327,5.87012
25966.8,19853,85718.2,22280.3,19321,75573.6,20150.6,-12.7973,5.87856
17152.8,16580,67800.3,6852.75,6676,67271.1,9902.52,139.808,5.88068
8585.2,8260,68116.2,4125,3956,68335.7,13551.8,-27.1693,5.88173
13566.1,12964,68580,6423,6276,67071,16950.1,16.563,5.88173
11148.1,10324,70767.6,7644.75,7088,70683.7,10490.9,19.3857,5.88384
6605.3,6581,65778,2559.75,2449,68499.7,9719.33,-54.5453,5.88384
16899.3,13744,80581.8,13321.5,11296,77287.3,23506.5,98.0166,5.88912
14709.5,12893,74769.4,7634.25,6697,74707.8,29181.6,64.2633,5.88912
8873.15,8532,68156.4,3724.5,3588,68029.2,16400,-166.596,5.89229
13089,12294,69774.2,5450.25,5346,66814,11876.4,96.7337,5.89757
13776.7,12824,70404.9,7801.5,7496,68206.9,10394.7,-41.6707,5.90285
12406.5,11810,68846.4,4750.5,4722,65931.5,10627.6,-27.9194,5.90285
22445.1,15950,92223.5,13698,9818,91435.3,14940.5,12.3385,5.90391
8058.7,7313,72218.6,6858.75,6421,70003.9,15788.8,-6.61337,5.90391
11482.3,10709,70268.1,6168,6017,67180.7,16423.7,-2.33723,5.90496
11244.3,10488,70262.2,4940.25,4716,68652.3,15316,51.0244,5.90496
12005.5,10809,72790.5,9369,8317,73825.5,27039.3,-39.7162,5.90602
17724.2,17240,67376.6,5816.25,5628,67728.1,18785.2,54.334,5.90602
8429.2,6989,79040.8,7224,6489,72959.2,14440.4,-7.42269,5.90919
11486.8,10492,71749.8,10470.8,9532,71990.3,7548.68,108.076,5.91024
7261.8,6960,68377.8,5946,5540,70338.8,23290.4,171.125,5.9113
9432.8,9341,66180.1,3624.75,3545,67010.3,11814.7,27.076,5.91763
6284.85,6384,64518.2,2830.5,2720,68198.4,11286.9,25.3758,5.91869
12784.2,11589,72294.9,7598.25,6929,71865.9,13170.5,82.925,5.91975
9691.5,9657,65770.1,4095,4009,66941.9,19729.1,-4.18145,5.92291
8008.65,7581,69232.9,3235.5,3117,68027.5,12389,-50.3456,5.92397
6695.65,6708,65415.3,2343.75,2368,64864.9,18162.5,47.4774,5.92608
12914.8,12825,65995.1,4284.75,4269,65777.8,13456.6,141.394,5.92925
9690.85,8985,70684.4,6783.75,6253,71098.6,10805.5,76.9939,5.93031
7417.8,6984,69606.7,3427.5,3260,68903.3,10757.7,3.03571,5.93136
13340.6,12621,69272.6,4116,3949,68307.5,7222.78,-12.3114,5.93242
6448.65,6255,67564.9,2405.25,2315,68090.9,18007,-47.1167,5.93347
5783.05,5698,66514.2,3157.5,3014,68656.3,20507.8,11.2693,5.93664
16349.4,14584,73469.4,11340.8,10104,73557.8,25494.5,30.0019,5.93875
11562.8,10524,72005.2,9322.5,8168,74799.1,8839.56,124.368,5.94087
9774.7,8925,71775.3,6467.25,6205,68305.8,19113.6,-78.9783,5.94087
10258.3,9920,67771,4110,3972,67812.9,10624.2,83.8807,5.94192
14960.4,11916,82279.7,13264.5,11388,76334.9,11514.8,124.267,5.94403
5863.65,5797,66289.5,2401.5,2341,67229.7,15223.6,-108.072,5.94615
5995.6,5748,68359,3093,2928,69229.1,9601.04,77.0392,5.9472
11792.3,11200,69001.8,4475.25,4244,69107,17840.1,28.5695,5.94826
9363.25,9176,66873.4,3325.5,3256,66934.9,6990.68,108.097,5.94931
18648.5,15073,81081.9,11274,10101,73146.5,12309.3,-12.5026,5.95037
9588.15,9614,65359.8,4207.5,4206,65559.4,11672,47.7213,5.95248
13955.5,11013,83046.2,9874.5,8373,77288.3,27655.2,84.1007,5.95671
8881.6,8463,68777.6,4152.75,4015,67784.5,17050.6,25.1592,5.95776
10474.8,10120,67833.3,4420.5,4200,68976.6,10895.9,-61.4695,5.95776
13300.3,12505,69704,8048.25,7385,71421.8,19989.9,33.6488,5.95882
17741.8,16155,71973,7710,6655,75925.3,31229.3,44.4064,5.95882
10895.9,10152,70338.6,5158.5,4840,69848.6,31528.6,-108.685,5.95882
12861.5,12617,66806.3,2952,2893,66872.5,8007.82,34.9591,5.96304
11604.4,10241,74261.2,11302.5,10309,71851.9,19068.8,26.8034,5.96832
14303.9,13288,70546.4,9342.75,8716,70248.6,14440.2,93.1973,5.96832
7172.1,6929,67835.3,2960.25,2801,69262,8907.57,73.6252,5.96832
10808.2,9768,72515,8304,7292,74631.2,16280.8,-51.3519,5.97149
16332.5,14560,73514.4,14710.5,13156,73279.7,22567.1,40.4319,5.97254
12108.2,11163,71085.1,7793.25,6936,73635.9,11627.8,118.243,5.97254
19970.6,17334,75504.4,15791.3,13926,74313.9,21355.2,263.217,5.97466
9662.25,8544,74113.4,6796.5,6272,71016.5,6469.52,-44.9631,5.97994
11396.4,11021,67768.6,8280,7993,67889.2,19532.9,19.0459,5.98627
12045.1,10725,73602.9,8460,7569,73250.7,15284.2,63.0656,5.98838
14010.1,13081,70190.8,7861.5,7357,70030.1,17787.3,130.052,5.99155
9396.4,8824,69787.2,6914.25,6680,67834.2,10093.6,-19.2993,5.99472
8537.1,7940,70464.4,5757.75,5428,69517.3,10911.7,161.27,5.99683
6819.15,6962,64191.3,3237.75,3266,64969.1,7963.74,41.8407,5.99894
5093.4,5135,65005.1,2585.25,2603,65089.1,8003.86,64.1992,6
11320.4,11081,66951.9,4128.75,4041,66959.1,23560.9,48.9945,6
7128.55,6828,68420.7,2570.25,2472,68140.7,11288.2,36.5558,6.00106
6916.65,7049,64305.5,2316.75,2285,66446.6,8691.69,-26.1266,6.00528
7603.05,7552,65979,3185.25,3076,67863.6,8647.78,-39.025,6.01056
6808.1,6772,65885.4,3815.25,3700,67577.4,10390.4,-8.13049,6.01162
16781.7,15160,72546.5,15918.8,14696,70988.8,9372.69,108.008,6.01478
7347.6,7160,67253.1,2484.75,2412,67512.7,9184.4,28.0348,6.0169
6826.3,6748,66296.4,2785.5,2712,67312.1,13810.3,64.841,6.02429
7605,7478,66649,5980.5,5542,70721.4,7552.9,22.0762,6.02429
12455.3,11680,69886.2,12510.8,11504,71271.3,20544.7,63.7279,6.02745
7306.65,7159,66887.6,3600,3459,68207.5,12479,110.471,6.02745
11649.3,11245,67892.3,5717.25,5369,69786.9,10654.9,76.1396,6.02957
6110.65,6088,65779.8,5004.75,4776,68674.9,12013.2,2.98852,6.03273
9024.6,8632,68516.7,3797.25,3612,68897.2,7378,23.8027,6.0359
13089.7,12939,66299.3,3886.5,3791,67186.9,8580.27,5.69754,6.03801
12118.6,11636,68254.1,5920.5,5584,69485.3,14728.1,-76.2335,6.04013
6760.65,6838,64794.7,2693.25,2642,66807.3,15263,2.86639,6.04118
7032.35,6607,69755.1,5494.5,5119,70343.3,25751.7,-31.9278,6.04118
11704.5,10837,70782.4,6252.75,5649,72540.3,20408,74.053,6.04329
10543.6,9741,70936.1,5322,5069,68807,7393.84,4.88213,6.04646
10918.7,10169,70367.6,7455,7177,68074.5,6991.44,-26.0627,6.04646
9431.5,8857,69786.9,4789.5,4525,69366.8,6721.64,-55.2926,6.04752
11818.3,10590,73137.3,7647,7114,70446.1,33518.3,79.5803,6.04752
8323.9,7205,75713.4,5875.5,5285,72858.4,17285.1,-42.7896,6.04857
12130.3,11316,70252,4633.5,4448,68269.1,11901.7,45.1327,6.04857
9523.15,9256,67427.5,3684.75,3656,66051.4,7845.88,7.44514,6.05174
13475.8,12153,72669.3,8316.75,7657,71182.8,9987.33,67.5647,6.05491
14178.4,12801,72588,6525.75,5781,73978.8,7650.96,77.9725,6.05597
8819.85,7956,72651.8,6835.5,6176,72534.2,17472.9,-28.1767,6.06336
7860.45,7476,68906.2,3114.75,3024,67502.7,6852.25,68.5425,6.06336
13740.3,12980,69375,4139.25,3988,68021.5,9584.71,83.9198,6.06547
8884.2,7630,76308.6,5287.5,4878,71037.6,21005.8,19.8506,6.07075
12416.3,10855,74962.2,5946,5527,70504.3,6336.93,24.7018,6.07286
29755,22212,87791.6,11591.3,8340,91084.4,12074.9,-16.7938,6.07497
10682.1,9989,70083.3,5210.25,5109,66834.8,6373.81,-48.3995,6.0792
13908.7,12765,71407.8,4991.25,4713,69405.2,11523.2,6.44694,6.0792
7740.85,7361,68917.9,2656.5,2673,65131.5,9906.38,-76.0523,6.08025
10431.8,8849,77258.6,6144,5477,73517.1,25944.5,-24.195,6.08237
14194.7,12717,73151.2,4665,4297,71148.6,16589.4,106.017,6.08659
13005.2,12076,70578.7,8754.75,7884,72774.1,11942.2,98.4512,6.09187
12296,11397,70705.8,7661.25,7205,69686,22427.5,59.3571,6.09609
24036.3,19189,82091.1,16188,13109,80928.9,20707.4,117.042,6.10032
14277.9,13972,66970.8,4829.25,4752,66601.4,28684.2,48.802,6.10137
10574.8,9969,69518.8,6619.5,6257,69332.8,8923.01,-65.6953,6.10243
10182.9,10161,65677.3,3803.25,3765,66201.8,11326.7,-28.8057,6.10348
10520.9,10260,67202.5,4227,4100,67566,12374.3,44.255,6.10348
14465.7,13964,67890.8,5579.25,5436,67263,10723.8,-2.98301,6.1056
37952.2,28176,88275,22740.8,17780,83821,36797.1,100.097,6.10771
7738.9,7872,64427.9,3135.75,3124,65782.5,18694.6,-1.56257,6.10876
8138.65,7792,68451.6,4276.5,3856,72682.8,31209.8,-117.273,6.10876
11763,10668,72263.1,5285.25,4712,73508.9,29354.2,45.3368,6.10982
11647.3,11422,66829,4430.25,4362,66561.4,8981.6,4.82246,6.11088
6179.55,6231,64994.9,2151,2131,66151.1,17698.6,61.2549,6.11193
11194.3,10681,68685.5,3330,3193,68347.9,9630.03,44.3581,6.11404
8183.5,7977,67232.5,2631.75,2589,66618.1,11671,-38.2786,6.1151
10443.5,9205,74354,5660.25,4945,75015.2,16540.4,81.0784,6.11721
8814.65,8577,67351.9,5479.5,5189,69205,10128,26.2794,6.11827
21806.2,16284,87760.4,20691,15480,87597.3,28235.6,228.559,6.11932
6149,5893,68383,3327,3141,69416.8,7864.09,-39.8555,6.12038
15593.5,14634,69833,7988.25,7310,71616.7,28800.6,73.7376,6.12038
30195.7,15485,127795,20991.8,11961,115017,25740.1,34.2926,6.12144
15410.2,13025,77537.3,10439.3,8901,76861.8,17628.5,47.4975,6.12249
7951.45,7424,70192.1,3470.25,3172,71698.1,14067.9,69.9913,6.1246
14008.8,13865,66215.7,5154,5065,66687.6,8423.78,38.3834,6.1246
8638.5,8608,65768.2,4521.75,4308,68787.7,19438.7,50.8695,6.12566
17512.9,14657,78305.8,12348.8,10465,77332.8,35180.3,-27.1221,6.12777
7281.95,7538,63309.9,3240.75,3154,67338.5,9359.47,-56.2517,6.12988
9898.85,9625,67400.6,4149.75,3913,69501.2,9447.26,-20.995,6.132
23590.4,17539,88147.8,17834.3,14515,80522.6,21815,128.18,6.13622
8050.9,7897,66813.2,3960.75,3901,66539.8,8715.39,-4.62754,6.14889
16950.7,12576,88333.4,15300,12608,79528.9,14144.5,-56.4316,6.15312
18430.8,17082,70710.6,10779.8,9898,71374.2,8874.25,68.4665,6.15312
13436.8,9821,89664.4,8442.75,6665,83016.4,16434,71.6224,6.15734
6537.7,6433,66602.6,2417.25,2385,66422.2,11240,-15.0424,6.1584
6519.5,6340,67391.5,2901.75,2784,68307.9,6876.25,-20.8984,6.16262
7919.6,7429,69863.9,5042.25,4805,68771.9,7944.75,-53.6186,6.17001
19355,12344,102759,21956.3,15868,90680.9,50309.1,260.409,6.17212
6683.3,6061,72264.8,7360.5,6781,71136.7,18537.6,73.2633,6.17212
7706.4,6730,75044.1,5721,5050,74243.9,15335,56.1837,6.17212
5503.55,5489,65709.7,2718,2629,67754.6,7458.84,43.5797,6.17951
8416.85,8352,66044.9,3680.25,3588,67221,10875.9,43.4513,6.18057
11099.4,10299,70629.2,7201.5,6561,71933.8,14695.6,43.3077,6.18902
9233.25,9236,65516.5,2924.25,2852,67196.2,30747.3,-3.73553,6.18902
15698.8,14281,72042.3,8919.75,8285,70557,11681,-51.179,6.19113
11302.2,10497,70563.1,5440.5,5077,70228.2,25288.8,-56.8504,6.19219
17896.4,16714,70172.4,6456.75,6010,70407.6,21219.1,16.4026,6.19219
16601,15144,71841.2,11958.8,11228,69801.3,28072.5,-18.255,6.20169
10406.5,9540,71488.5,5051.25,4708,70314.1,16560,80.2177,6.20486
10218,9589,69834.9,7508.25,6949,70810.3,12304.8,50.2776,6.20591
11038.3,10517,68784.5,3126,2993,68448.2,15005.7,66.5161,6.20697
31687.5,21139,98238.9,45218.3,33267,89080,98529.9,105.517,6.20803
6652.1,6536,66700.1,2517.75,2504,65895.9,12190.9,-13.3582,6.20803
9391.85,8569,71829.2,6546,6109,70224,11594.8,82.9842,6.21225
10643.8,9804,71149.4,6735,6312,69927.9,7498.35,82.2782,6.21331
7983.95,7292,71754.8,7460.25,6972,70125.5,20465.6,93.8309,6.21436
7705.75,7520,67154.8,2437.5,2452,65148.5,10615.7,-101.019,6.22175
8256.95,7400,73125.3,6940.5,6312,72061.6,20865.4,-22.2842,6.22175
8988.2,8440,69792.7,5110.5,4904,68295.6,11898.6,118.233,6.22387
18902,17864,69344,6218.25,6108,66718.9,22226.6,-21.4753,6.22492
19132.8,16053,78109,12687,11397,72953.9,13869.3,23.5588,6.22492
22770.1,20372,73250.8,9359.25,8320,73722.1,33600.2,59.7973,6.23126
7653.75,7169,69967.4,4231.5,3985,69589.9,19440.2,-65.2306,6.23231
13124.1,12773,67337.7,8850.75,8645,67095.8,10861.3,64.9518,6.23337
11685.7,10745,71273.5,6571.5,6025,71480.5,11564.1,162.105,6.24498
8236.15,7952,67877.8,2502,2388,68664.6,22751.1,73.105,6.24604
5799.95,5699,66696.9,826.5,851,63649.2,7373.69,-32.0971,6.2471
7777.25,7053,72265.7,5506.5,5101,70745.7,17417,-41.9346,6.2471
11738.3,10737,71648,7485,6965,70428.9,20003.5,6.12824,6.25132
9094.15,8560,69625.5,3440.25,3284,68654.2,6370.18,57.3806,6.25132
12906.4,11029,76691.8,11245.5,9969,73927.7,8385.79,26.3448,6.25238
14270.7,12937,72292.5,8558.25,8045,69717,8242.85,76.2302,6.25554
13005.2,12683,67200.9,4119,4091,65984.6,7539.92,42.7166,6.2566
9010.3,8380,70465.3,6633.75,5948,73091.7,17135.1,55.256,6.2566
11788.4,11400,67768.8,5055.75,4904,67564,8723.77,11.7121,6.25871
17809.3,14036,83154.3,11794.5,10224,75602.9,15690.1,230.75,6.25977
7794.15,7332,69666.9,5248.5,4932,69741.6,10892.5,51.1906,6.26082
15090.4,13885,71225.4,10715.3,9513,73818.4,16124.2,71.634,6.26505
10286.3,9245,72917.2,8658,7865,72143.8,24094.1,94.5545,6.26505
9085.05,8925,66711.2,3488.25,3209,71239,13476.3,-21.1465,6.2661
5218.2,5345,63981.3,2004,1937,67802.9,8697.27,5.69314,6.26927
5960.5,6067,64385.6,3375,3235,68372.2,18661.5,-27.3613,6.27138
15232.7,14565,68540.6,5659.5,5349,69340.3,11873,190.474,6.27244
12093.9,11427,69360.8,4107.75,3895,69115.7,12974.9,9.83238,6.2735
12385.8,11912,68142.4,4528.5,4328,68572,21297.5,29.2996,6.27455
8899.15,8468,68872.8,3231,3076,68838.4,12071.8,46.8463,6.27772
11469.3,10781,69719.8,4038,4009,66010.1,8210.68,-14.0686,6.28194
8227.05,7564,71280.8,4960.5,4444,73152.9,19349.3,43.9928,6.283
11116.3,10065,72381.3,4406.25,4149,69599.4,12462.3,41.6716,6.28405
7808.45,7108,71994.2,2953.5,2804,69030.2,7914.49,3.14256,6.28617
6156.15,5589,72186.3,2269.5,2165,68699.3,10238.7,-5.54479,6.28722
13679.2,12885,69575.7,4611.75,4341,69623.5,7287.61,19.5061,6.28828
5920.85,5540,70041.3,1866.75,1824,67072,7060.02,5.75467,6.2925
18508.1,15975,75927.8,8109.75,6931,76681.7,27209.1,82.3974,6.29673
23194.6,20125,75532,13467.8,11065,79767.1,33401.5,220.625,6.29778
8362.25,7796,70296.1,4432.5,4196,69229.8,6550.35,37.5938,6.29778
7704.45,7381,68407.9,2621.25,2481,69240.7,13797.7,-34.9185,6.30095
10814.7,9942,71288.7,7245,6722,70635,18227.5,104.235,6.30201
7728.5,7353,68882.8,4313.25,4073,69401.7,10230,115.716,6.30306
33783.8,25844,85669.9,24442.5,18848,84988.5,30242.2,188.063,6.31362
13183.3,12921,66866.4,4998,4969,65918.5,11000.4,15.9266,6.31785
14459.9,13285,71331.9,6465.75,5953,71180.8,7285.75,113.246,6.31996
14543.7,12480,76373.3,10523.3,9664,71363,11432.5,-65.7896,6.32207
12624.3,11509,71886.9,8136.75,7269,73359.5,9388.11,31.4672,6.32313
17072.9,10076,111045,7582.5,5036,98674.9,26164.1,-57.7433,6.32629
12350,12040,67223.4,7351.5,6812,70726.4,14082.4,94.0708,6.33263
18521.1,12696,95604.8,8742.75,6472,88529.8,10431.2,77.868,6.33791
19709.9,15800,81753.9,16940.3,14140,78514.6,21157.8,86.0649,6.33896
9038.9,8481,69847.1,6752.25,6001,73740.3,11895.1,-64.087,6.34108
8028.15,7409,71012.7,6162.75,5653,71445.6,17948.2,-97.8545,6.34319
6712.55,6660,66053.1,2605.5,2480,68852.4,12499.2,-32.2897,6.34424
10527.4,10141,68033.1,5371.5,5197,67736.5,11807.3,106.196,6.34636
12132.3,11165,71213.5,7317,6765,70883.5,15412.6,-64.2192,6.34741
7484.1,7180,68311.7,3483.75,3304,69101.4,8528.42,-2.04051,6.34847
11521.9,11468,65844,4590.75,4520,66561.8,6709.88,40.1678,6.35058
12684.8,12173,68291.1,6835.5,6397,70028.3,18558.5,163.563,6.35269
6949.8,6706,67918.6,3485.25,3270,69849.9,6579.11,-19.1673,6.35586
6126.25,6169,65081.8,3062.25,2989,67142.1,10408.1,85.6088,6.36008
17819.1,16901,69096.1,7134.75,6929,67482,26037.8,35.1415,6.3622
13291.2,12979,67112.4,5260.5,5171,66670.3,13598.8,56.2489,6.36642
23311.6,17017,89777.8,16706.3,12825,85369.3,29495.7,75.4315,6.36642
12808.9,12060,69605.6,5501.25,5080,70970.5,25348.9,-49.1126,6.36853
11834.5,10752,72134.4,5346,4740,73914.6,24720.3,121.191,6.3717
11311.9,9844,75308.8,8198.25,7284,73761.7,19284.6,108.495,6.37276
6419.4,6264,67161.8,2259.75,2140,69203.3,10621.5,-71.7792,6.37909
10974.6,10720,67092.5,6235.5,5988,68244.8,13865.5,51.0789,6.3812
10646.3,10188,68484.4,5650.5,5324,69555.1,13432.7,-28.8848,6.38226
9196.2,8561,70398.6,6774.75,6213,71461.5,11793.1,88.1368,6.38332
5298.15,5220,66517.2,2192.25,2084,68940.2,10226.1,82.1757,6.38437
18411.3,16287,74083.6,13038,12063,70833,7656.1,-1.14773,6.38437
21857.5,19685,72768.9,8658,7605,74610.2,17711.4,43.1944,6.38648
21076.3,17840,77424.5,14717.3,12884,74861,15503.3,169.697,6.39282
5590.65,5244,69868.2,2844.75,2760,67548.4,25778.8,-6.98881,6.39388
14402.7,12632,74722.5,9845.25,8792,73387,19751.5,77.5177,6.39916
13757.9,12839,70226.5,7158,6483,72359.5,23154.6,91.1498,6.40021
9331.4,8777,69675.6,5037,4765,69277,8024,-59.6416,6.41288
11493.3,10803,69723.7,4998.75,4727,69303.6,13755.9,60.543,6.41922
6475.3,6474,65549.2,2582.25,2586,65441,15061.6,-46.146,6.42239
14810.9,13615,71292.5,7982.25,7355,71125.1,10681.4,-25.3414,6.42239
17837.3,16259,71897.7,8565,7763,72306.6,9952.8,14.246,6.4245
9531.6,8716,71668.5,6280.5,5820,70721.5,30493.3,-122.406,6.42661
13027.9,11136,76670.2,9012.75,8144,72527,27865.8,-12.2272,6.42767
10402.6,9871,69065.4,4587,4395,68399,22417.6,43.0175,6.43083
11722.8,11209,68539.8,4935,4637,69747.7,7735.22,21.2093,6.43295
10992.1,10393,69314.1,5196,4989,68255.2,12184.1,-40.0179,6.43611
10036,8876,74100.9,5650.5,5224,70886.5,10623.1,79.5808,6.43717
13247,11631,74641.5,11248.5,10607,69499.5,29962.7,-20.046,6.44034
7158.45,7001,67009.9,2935.5,2921,65861.3,8948.55,103.724,6.44245
24701.9,20085,80600.8,18259.5,15329,78064.8,26521.3,226.043,6.44456
6894.55,6432,70248.9,3414.75,3312,67569.2,16171.6,-108.108,6.44562
9658.35,8940,70802,2955,2792,69362.1,16249.3,28.6293,6.44562
14244.7,13357,69891.7,7484.25,7085,69229,6533.22,53.9345,6.44562
12664.6,11920,69629.8,3680.25,3536,68209.5,16252,-65.9708,6.44667
11497.2,10776,69922.1,6298.5,5980,69026.5,7630.57,-54.4668,6.44984
14300,13480,69522.6,6561,6264,68643.3,7987.55,97.7398,6.4509
11394.5,11307,66043.2,4391.25,4411,65242.6,12243.4,-14.2201,6.45195
9709.05,9224,68982.3,4261.5,4108,67984.8,20150.4,-29.1373,6.45723
8819.85,8064,71678.8,8278.5,7332,73996.1,14448.2,104.377,6.4604
15028.6,13780,71474.4,8913,8000,73015.3,17636.6,-4.10281,6.46146
9200.1,8805,68476.7,4395.75,4325,66608.1,24165.1,7.69184,6.46146
13780,12605,71645.1,7951.5,7481,69657.7,14128.3,118.149,6.46251
16876.6,15528,71227.8,6265.5,5996,68481.6,16685.5,59.5729,6.46357
15397.2,14169,71216.8,7794.75,7561,67562.1,10226.4,123.456,6.46357
37661.6,23924,103168,36468,25952,92091.8,40150,122.331,6.46568
28236,21613,85618.6,23925.8,18633,84151.7,36918.5,101.813,6.46674
6808.1,6235,71559.8,3199.5,3023,69362.4,8922.62,-69.9953,6.46779
7836.4,7136,71968.4,2568.75,2464,68322.1,17869.5,-98.7116,6.46885
12042.5,10891,72465.4,6015.75,5643,69865,8889.7,89.9659,6.46991
6175,5757,70294.4,2397,2253,69724.7,14998.4,19.2163,6.47096
14099.1,12349,74824,8405.25,7453,73909.4,14130.5,155.129,6.47202
14829.1,12906,75301.4,13454.3,12090,72931.2,12937.9,93.2538,6.47624
6308.25,5789,71414.3,2106,2041,67623.1,17020.4,-7.51965,6.4773
16749.2,15083,72775.7,10969.5,9903,72593.9,18909.1,88.7294,6.4773
14713.4,13386,72034.8,7189.5,6858,68703.9,16960.1,85.3626,6.47941
12470.9,12009,68056.7,4365,4237,67515.8,10708.3,100.218,6.48046
9521.2,9380,66522.5,4602,4532,66548.3,8112.56,2.27512,6.48258
20111,16828,78321.5,17224.5,15000,75255,21188.6,76.6037,6.48363
9675.25,9224,68742.1,5541,5320,68258.5,12320.1,-60.663,6.48574
21077.5,17928,77049.2,10585.5,8796,78869,22669.1,31.8281,6.48786
10677.5,9835,71150.4,10051.5,9179,71765.5,17687.6,-93.5447,6.48891
5285.8,5412,64007.8,2286,2308,64911.3,16429.6,-28.1374,6.48891
8830.9,8449,68498.3,4002.75,3761,69748.5,9838.84,94.2302,6.49102
12479.3,11844,69051.6,2955.75,2772,69880.2,14024.9,99.2329,6.49102
66457.3,44096,98769.6,53772.8,38560,91391.4,88103.8,296.829,6.49419
9422.4,8413,73399.1,7200,6441,73258.7,18730.1,-22.2039,6.49736
10894,10442,68372.8,5171.25,5034,67322.8,15127,51.0315,6.50053
5086.9,5015,66475.6,2076,2023,67253,19279.1,-4.16454,6.5037
6234.8,6125,66710.8,2637.75,2569,67289.8,18296.2,9.6324,6.5037
8578.05,8477,66317.2,3249.75,3145,67718.8,6888.33,94.3411,6.50475
30967.3,23877,84997,25628.3,19905,84379.5,10251.9,204.295,6.50475
10901.8,10169,70258.7,5082,4813,69198.8,11035.3,55.4853,6.50686
6292,6013,68576.8,3276.75,3037,70709.6,17190.8,-45.3661,6.51003
29707.6,18896,103033,30642,21776,92218.7,23560.8,282.915,6.51109
24952.2,23081,70849.1,14688,13513,71234.6,20444.5,140.272,6.51109
9488.05,8752,71047.6,5907.75,5344,72449.5,9609.98,15.1188,6.51109
19079.4,13040,95888.9,10347,6608,102618,16397.5,23.4638,6.5132
11289.8,11140,66417.6,3788.25,3744,66310.6,15107.4,-118.388,6.51531
13400.4,12660,69368.8,4467,4084,71682,14164.8,148.248,6.51531
23659.3,20667,75024.9,13544.3,11803,75204.3,35070.7,268.722,6.51637
7411.3,7089,68515.6,4909.5,4769,67466.8,9193.28,-6.3655,6.51742
33062.9,29277,74010.7,30204.8,26345,75137.5,33126.9,132.055,6.51848
20897.5,18368,74561.1,13862.3,12608,72055.5,19848.5,145.454,6.52165
12696.4,12409,67054.1,3234,3117,67996,28572.8,-0.213807,6.52376
13020.8,12637,67526.4,3588.75,3513,66949.1,10130,-5.5407,6.52482
14206.4,13504,68944.8,5061.75,4788,69283,12234.4,66.6202,6.52693
10268.7,10217,65867.6,2430.75,2457,64835.8,8810.81,2.24888,6.5301
8655.4,8620,65805.1,2641.5,2680,64594.5,14411,29.5584,6.5301
21996.6,19345,74519.1,11865,10629,73156.9,9750.74,9.09355,6.53115
16563.9,15189,71468.5,9630,8581,73547.6,11023.6,124.286,6.53854
11631.1,10981,69415.9,9450.75,8449,73306.2,24972.1,106.562,6.53854
6702.8,6504,67539.2,4156.5,3964,68718.6,12365.2,98.4353,6.54066
18510.7,16004,75800.9,11829.8,10160,76306.5,21311.9,117.879,6.54382
16435.3,14445,74565.6,11415.8,9961,75107.2,23860.5,9.42329,6.54805
12071.8,11809,66994.4,4505.25,4305,68584.5,9668.83,-60.5634,6.55333
16447.6,15489,69592,9794.25,9029,71090.5,7376.29,-18.3372,6.55544
11586.3,11377,66741.4,4819.5,4705,67130.9,14387.4,87.1793,6.55649
13930.8,13408,68091.4,4712.25,4516,68384,9280.44,18.5712,6.55755
5663.45,5680,65345,1833,1780,67487.4,10491.5,-50.2743,6.55861
6358.95,6437,64741.4,2958.75,2897,66932.9,12536.6,-58.0911,6.56072
9649.25,9293,68048.3,4074.75,3885,68736.9,9123.58,100.277,6.56177
5106.4,5173,64692.3,2301,2229,67652.9,6739.53,-89.6933,6.56283
6364.15,6257,66658.3,2955.75,2917,66406.6,10627.6,96.7806,6.57128
17280.9,15294,74050,11783.3,10234,75457,21349.7,-37.7824,6.57233
8802.95,8288,69607.9,5975.25,5632,69530.2,15987.1,-46.1808,6.57656
12521.6,11942,68716.8,4505.25,4310,68504.9,13332.5,-41.7811,6.58078
7402.85,7280,66641.9,2403.75,2368,66525.4,12180.7,-151.818,6.58606
6810.05,6673,66882,3057.75,2945,68045.1,8038.28,-6.32209,6.58712
13799.5,13113,68967,6090,5805,68753.5,9031.87,102.861,6.58817
12400,11104,73185.3,7031.25,6144,75000,16339.4,1.10594,6.59345
8288.15,8073,67282.6,3441.75,3353,67270.7,11387.3,-18.488,6.59556
10303.8,9221,73231.7,6893.25,6245,72338.8,9445.12,58.125,6.59556
7065.5,7073,65466.5,2805.75,2789,65929.6,12856.5,88.9568,6.59556
13458.2,12970,68003.1,5102.25,4938,67715.9,20769.3,-75.6005,6.59662
13977.6,12860,71231.4,6451.5,5864,72101.9,42824.7,30.2106,6.60084
20381.4,16558,80668.9,20553,17210,78266.2,32275.6,88.227,6.6019
5437.25,5351,66592.3,2352,2291,67281,6326.43,24.7022,6.6019
13768.9,12559,71849.8,9871.5,8815,73390.7,27196.3,56.5979,6.6019
18741.4,17574,69889.6,10447.5,10022,68318.4,21255.4,40.4812,6.60296
5021.25,5181,63515.3,1978.5,2009,64541.1,9957.96,77.8858,6.60718
23030.1,19089,79066.7,15329.3,12849,78186.5,22521.9,-36.9664,6.60929
9983.35,9944,65795.3,5625.75,5544,66502.4,7504.78,32.398,6.61563
8191.95,8121,66108.6,4771.5,4669,66974.7,6430.13,-49.2617,6.61668
12427.3,11485,70913.3,8572.5,7885,71250.1,7276.29,-24.3535,6.61668
7528.3,7627,64687.9,3605.25,3579,66016.7,6375.58,-105.16,6.6188
8619,8477,66633.8,6636.75,5897,73757.2,13800.4,39.9014,6.62196
12039.3,11235,70227.6,9102.75,8419,70858.5,12944.2,63.1535,6.62936
13735.8,12927,69636.4,6107.25,5455,73372.1,17453.7,21.7041,6.63041
10020.4,9332,70370.4,4940.25,4548,71188.3,7784.04,20.3475,6.63992
5521.1,5380,67254.8,1720.5,1632,69089.9,8843.96,0.527631,6.63992
9433.45,8932,69215.2,5811.75,5348,71218.9,7097.53,77.1333,6.64203
11373.7,10584,70425.8,8243.25,7452,72494.6,15444.3,121.54,6.64414
14749.8,13482,71698.8,9714.75,8906,71487.3,36768.7,27.8582,6.64414
13904.1,13237,68839,3111,2997,68028.9,8958.24,131.243,6.64625
11013.6,10440,69136.7,4930.5,4844,66706.3,15274.7,113.806,6.65048
7179.25,6461,72821.4,2270.25,2157,68976.9,7150.21,110.671,6.65364
10193.9,9521,70168.1,3078,3009,67038.8,7332,62.5045,6.65364
10791.3,9504,74412.7,8054.25,7412,71214.7,9848.78,38.3299,6.65364
11100.7,9684,75123.4,7011.75,6368,72161.1,15336.1,69.9436,6.65364
10968.8,9300,77295.5,5654.25,5088,72829.6,24607.6,61.8552,6.65576
11544.6,10583,71491.1,5367,4883,72031.9,17053.8,68.1591,6.65787
12976.6,11702,72674.3,5115,4630,72401,14078,2.91093,6.66843
11993.1,11065,71033.3,3840,3641,69117.9,7794.39,-49.3129,6.67054
9909.25,8949,72568.2,6620.25,6213,69831.8,16537.7,69.0385,6.67159
11483.5,10355,72678.5,4824.75,4519,69970.1,6973.01,-65.6221,6.67265
10924.5,9845,72722.3,5074.5,4805,69211.8,15580.7,-11.7655,6.67371
13775.4,13161,68595.7,6204.75,6109,66563.2,12376.9,-49.4851,6.67582
7565.35,6665,74389,3399,3241,68730.9,22660,-119.532,6.6811
48379.5,34171,92786.3,56511,41967,88248,38248.4,314.183,6.68321
14638,13207,72636.9,7194,6659,70801.3,6895.61,-63.8991,6.68638
17490.8,15120,75812.2,8478.75,7988,69562.3,14001.6,-16.0062,6.69166
7237.1,6529,72643.7,2688,2709,65028,9249.62,64.1524,6.69166
16943.5,13511,82185.8,10317,8759,77193.2,9216.82,240.454,6.69271
12517,11595,70747.5,6475.5,6367,66652.8,11255,-23.643,6.69799
29744,21125,92274.7,24715.5,17393,93126.8,19234.6,142.037,6.69799
11180.6,10737,68243.9,4476.75,4417,66422.5,18879.8,70.6705,6.69905
8728.85,8344,68558.7,5439,5116,69673.6,10675,41.7388,6.70644
21709.3,17860,79660.9,15612.8,13328,76770.5,20454.4,75.7713,6.71067
17610.4,17505,65930.8,7564.5,7461,66445.1,11116.3,-33.9578,6.71067
11607,10236,74314.1,7635.75,6732,74334,14434,121.578,6.71172
11801.4,11588,66742.9,5159.25,4896,69059.8,13222.4,-106.277,6.71383
8227.05,7917,68102.6,6441,5881,71776.5,30613.9,58.1895,6.71806
7599.8,7308,68152.8,3250.5,3035,70189.4,15084.2,77.6931,6.72122
15323.7,13861,72452,4793.25,4469,70291,7517.24,125.277,6.72334
17314.7,15684,72349.9,5061,4772,69505,7254.17,158.827,6.72545
16725.8,15713,69760.2,5149.5,5041,66946.6,15964.9,-49.62,6.72862
23364.9,19405,78909.7,9555,8317,75291.2,32744.4,96.8094,6.73284
10694.4,9912,70709.4,3960.75,3896,66625.2,22687.2,-5.15262,6.73495
9332.05,8828,69277.9,4331.25,4236,67009.6,6863.26,17.8021,6.74234
15960.1,14468,72294.8,9626.25,8736,72214.5,15391.3,109.502,6.7434
9124.05,8528,70116.5,2940.75,2852,67575.4,12804.6,-123.461,6.74446
8037.9,7561,69669.6,3257.25,3177,67191.4,15742.9,-58.2116,6.74446
11029.8,9925,72831.5,5335.5,4981,70200.2,14361.8,17.5203,6.74762
9553.05,9128,68587.7,3102.75,3116,65257.3,17195.5,-91.8062,6.74868
12774.4,11808,70899.9,8169.75,7776,68854.5,15473.4,123.258,6.75079
16294.2,15124,70606.8,5150.25,4976,67830.9,11485.8,50.3083,6.7529
9324.25,8869,68900,6204,5777,70380,25842.1,-19.0312,6.75607
6114.55,6316,63445.7,2614.5,2632,65100.3,18254.6,31.994,6.75924
7223.45,7308,64777.8,4579.5,4520,66398.7,15171.5,-15.1902,6.7603
17953,16388,71794.5,11799.8,10564,73202.2,14589,53.6317,6.76346
11290.5,10673,69327.7,8670,7745,73363.1,12062.4,96.7267,6.76874
24529.7,18406,87339.9,23277,18338,83186.9,16345.6,159.346,6.7698
9491.3,9396,66200.7,5726.25,5476,68531,16820.4,16.5679,6.77191
15969.2,15373,68077.6,9615,8761,71924.3,14391.9,-19.4609,6.77508
19767.1,15384,84208.3,15954.8,13580,76996.4,32925.7,81.3226,6.77719
13588.9,12981,68605.1,7272,6805,70033.5,8726.11,64.1721,6.78353
14877.2,14019,69547.9,6751.5,6339,69800.6,9279.94,-64.8488,6.78775
8728.85,8072,70868.9,6937.5,6524,69689.8,16243.8,130.11,6.78986
10921.3,10898,65676.1,5298,5090,68214.1,8190.78,-9.30782,6.79198
11897.6,11615,67130.5,5973.75,5839,67048.4,28509.9,60.8486,6.79303
8052.85,7765,67965.4,4441.5,4177,69685.9,9311.58,22.8701,6.7962
13642.8,13463,66411.5,4852.5,4743,67049,16644.8,34.6345,6.79937
12158.3,10998,72449.8,7899.75,7078,73144.7,21757.2,92.9223,6.80465
12712,11628,71645.8,8919.75,7976,73290.5,29842.1,-13.1615,6.80887
8004.1,7493,70006.2,6257.25,5509,74437.3,17134.1,-102.124,6.80887
22825.4,17008,87951.9,16553.3,12948,83783.9,7051.91,-40.685,6.81098
20025.2,18840,69658.8,10037.3,9404,69949.1,14005.1,40.7537,6.81204
16095.3,15073,69980.9,7563.75,7025,70562,28455.7,-34.6094,6.81309
36500.1,28572,83720.8,33356.3,27436,79677.6,30931,211.258,6.81732
12138.8,11328,70226.4,6416.25,5876,71561.5,14052.3,-47.8281,6.81837
9899.5,9725,66711.9,6523.5,6169,69302,11051.8,10.7647,6.82049
13481.6,13105,67419.6,4645.5,4581,66458.7,8570.17,36.6579,6.8226
8440.25,8049,68721.6,2915.25,2789,68502.6,8667.83,-99.2258,6.82365
9862.45,9459,68331.3,5292,4967,69824.1,15183.7,143.909,6.82682
11792.9,10310,74962.4,8659.5,8018,70779.4,21782.1,-79.0786,6.82788
15353,14596,68934.9,5379,5156,68370.5,15524.8,64.7766,6.83105
11300.9,10682,69333.1,4440,4238,68659.7,14861.9,-16.8985,6.83105
6685.9,6421,68239.7,3628.5,3461,68707.7,10209.5,3.05631,6.83527
16855.1,15052,73386.9,11945.3,10632,73630.9,21324.3,76.5986,6.83844
7834.45,7061,72714.7,5385.75,4773,73949.4,16401.1,-1.47638,6.84055
9168.25,8584,69996.6,6071.25,5580,71305.6,23709.7,-53.351,6.84055
10942.1,10439,68694.5,4086.75,3895,68762.3,9143.53,-83.7636,6.84161
14144.6,13637,67975.6,5564.25,5441,67020.5,15728,-15.2111,6.84266
7292.35,7064,67654.5,2757.75,2684,67336.8,6327.12,7.50222,6.84372
11544.6,11162,67782.7,3261.75,3182,67178.5,9371.79,65.0078,6.84477
9670.7,9660,65608.6,4695,4648,66198.7,10765.8,130.315,6.84689
33319.6,24572,88866.9,17629.5,13468,85786.1,27653.6,156.341,6.84794
11125.4,10733,67932,5958.75,5709,68403,14214.3,32.1458,6.85111
9150.05,8768,68391.6,4194.75,3940,69773.4,9606.55,20.279,6.85217
13719.5,12749,70525.1,7138.5,6553,71391.5,8819.76,101.149,6.85217
7449.65,7390,66065,1678.5,1658,66346.3,23987,-131.621,6.85322
7261.8,6940,68574.8,2867.25,2732,68780.4,11470,-57.1911,6.85744
6695,6369,68890.5,2777.25,2609,69762.3,11272.4,-33.9636,6.86061
12458.5,11675,69934.3,7045.5,6591,70055.2,12380.4,-28.8453,6.86378
10747.1,10401,67716.8,4736.25,4469,69455.1,10600.2,75.2816,6.86378
5235.75,5357,64052.7,2028.75,2029,65527.9,14376.4,4.61971,6.86484
10845.3,10620,66926,4937.25,4808,67297.8,6378.15,-73.3397,6.86484
15795.6,14320,72289.4,7263,6500,73228.9,6708.88,78.8679,6.86589
7151.95,7020,66767.8,3460.5,3368,67335.9,11151.4,-40.8391,6.87117
10605.4,9210,75465.3,4444.5,4062,71707.2,29713.2,146.803,6.87223
8221.85,7584,71047.9,3315,3120,69632,19211.6,13.898,6.87328
8048.95,7552,69848.5,4325.25,4160,68139.3,8626.04,32.3558,6.87434
9113,8180,73011,6335.25,5764,72031,34881.3,22.7691,6.87434
8275.8,7789,69631.9,5787,5309,71436.6,17785.6,115.432,6.8754
10876.4,10171,70081.5,5861.25,5423,70832.2,28096.4,10.1241,6.8754
5281.25,5248,65951.2,2222.25,2128,68438.6,7825.87,-147.354,6.88068
12359.1,11925,67921.7,7411.5,7013,69260,8029.29,20.3382,6.88384
8880.3,8437,68979.4,4004.25,3777,69479.1,14971,-3.14263,6.88807
7595.9,7298,68211.1,4041,3986,66440.3,13963.4,-34.0648,6.89124
11224.8,10681,68872.9,4915.5,4665,69055.1,33923.9,54.6251,6.89229
7159.1,6561,71510.3,4925.25,4433,72813.3,12035.9,90.7077,6.89229
16275.3,15789,67554.7,4848.75,4777,66520.4,7619.36,70.2337,6.8944
15746.9,13305,77564,13931.3,11945,76433.5,8986.84,94.2623,6.8944
12857.6,11321,74431.5,9096,8185,72830.2,28978.5,35.8909,6.89757
11447.8,10288,72924.1,9895.5,7968,81389.5,18447.5,262.467,6.89757
8785.4,7992,72042,9238.5,8524,71029.4,16217.8,46.6905,6.89863
11807.9,11368,68072,5981.25,5852,66983.5,13140.8,16.7061,6.89968
17674.8,15417,75133.7,8003.25,7017,74747.2,20905.6,88.6543,6.90179
18890.9,17020,72740.1,10398.8,9816,69426.7,21110.4,-55.8334,6.90391
12849.2,12049,69888.4,4849.5,4449,71435.6,25301.5,41.1891,6.90707
22213.1,16852,86384.9,16662.8,12720,85849.8,38881.5,88.8388,6.90707
22021.3,18160,79470.9,13469.3,11508,76705,17552.9,170.48,6.90813
15016.9,13572,72513.3,7948.5,7136,72997.9,6672.2,122.729,6.91024
12220.6,11035,72577.5,7497,6907,71134.1,10141.4,-43.3811,6.91341
7619.3,7476,66792.2,2706,2672,66369.9,16897.4,45.805,6.91763
8840.65,8031,72143,5291.25,4875,71131.8,13415.3,-35.7642,6.9208
13073.4,11853,72283.9,6320.25,5865,70623,13655.3,-9.97319,6.92186
17789.2,12875,90550.1,5388.75,3723,94858.2,11786.9,27.937,6.92186
11328.8,10632,69831.4,7763.25,7352,69201.9,17196.4,-76.3263,6.92291
17661.1,16137,71725.9,8099.25,7609,69758.5,9587.57,-3.80032,6.92503
12870,12412,67954.3,4262.25,4172,66953.7,11016.9,-20.194,6.93031
11152,10633,68735.1,5113.5,4921,68099.6,12516.3,-12.5104,6.93242
8910.85,8387,69629.4,3393.75,3239,68667.1,9315.97,-11.5301,6.93559
14494.3,13448,70635.2,5456.25,5176,69084.4,7089.3,-75.0864,6.93664
13951.6,13088,69860.3,6440.25,5904,71488.5,18262.9,210.014,6.9377
14730.9,13861,69649.2,7835.25,7345,69910.3,18717.5,12.1966,6.93981
9321,8455,72248.5,6042.75,5539,71496.2,10083.9,24.561,6.94087
9793.55,9409,68214.5,3720.75,3633,67118.9,9100.01,-20.982,6.94403
19306.9,15590,81161,14712,12482,77244.5,7098.23,86.5932,6.94509
11330.1,10580,70182.7,6884.25,6704,67298.1,14719.9,3.7468,6.94509
5970.9,5861,66764.9,2558.25,2517,66610,10912.6,-81.2501,6.94931
11709.8,10550,72740.3,5694.75,5202,71743.8,23142.7,98.8903,6.95354
8983.65,8196,71834.1,4899,4432,72441.5,16866.1,-19.5539,6.95459
11527.1,10866,69523.3,5379,4918,71679.2,19366.9,21.6322,6.95671
8691.8,8497,67038.5,2805,2753,66773.9,9593.96,0.499445,6.95882
18817.5,15461,79763.5,16002.8,13141,79807.9,40913.1,136.062,6.96093
13391.3,12677,69228.7,4557.75,4481,66658.5,10893.2,-2.12938,6.96093
10502,9803,70209.4,4220.25,4027,68681,7602.89,34.1143,6.96304
12135.5,11612,68490.5,7179,6920,67988.9,9902.19,107.988,6.9641
7435.35,6721,72501.6,2819.25,2549,72484.3,23099.6,22.3519,6.97149
13356.8,11944,73288.2,8877,7964,73049.1,14651,-59.8906,6.97782
13404.3,12509,70226.6,4254,4169,66872.2,9292.7,95.9708,6.97888
8215.35,7845,68629.9,2625.75,2641,65157.6,15663.1,52.7314,6.97994
53700.4,34564,101820,42889.5,28624,98197.5,71668.7,202.847,6.98099
9980.1,8671,75430.3,5074.5,4683,71014.8,12496.3,-132.05,6.98416
10732.8,9753,72119.8,4330.5,4137,68601.3,15606.3,68.2135,6.98416
11679.2,10509,72833.6,8682.75,7977,71334.2,23861.5,-20.6768,6.98416
9891.05,9325,69514.2,3843.75,3609,69798.8,9201.91,60.7142,6.98416
11401,11048,67630,3893.25,3848,66306.7,7194.62,-69.9304,6.98838
9334,8528,71730,3735,3492,70096.5,11621,109.643,6.99155
6836.7,6588,68010,3462.75,3336,68026,8614.91,48.6962,6.99155
6287.45,6297,65436.6,2657.25,2669,65247.5,17261.9,90.5113,6.99472
13422.5,12364,71146.6,4717.5,4460,69319.8,7203.72,-62.1907,6.99578
5999.5,5420,72543,2568.75,2424,69449.5,9171.05,-63.1247,6.99894
10340.2,8682,78052.9,7091.25,6186,75126.4,17193.3,41.4939,6.99894
12166.7,11693,68190.9,5916.75,5629,68886.1,7759.91,48.7284,7.01373
10186.1,9985,66856.2,4696.5,4549,67661,8723.69,102.012,7.01478
8368.75,8036,68249.7,3417.75,3248,68961.1,6918.54,20.38,7.0169
15005.9,14750,66673,3920.25,3774,68075.6,15766.4,100.027,7.0169
13586.9,13072,68117.7,5876.25,5700,67562.4,10634.9,-52.8597,7.01795
9849.45,9437,68400.3,3916.5,3725,68905.2,19752,80.0977,7.02323
12695.1,11557,71990.1,7574.25,6929,71638.9,15998.5,-83.1612,7.02429
12024.3,10004,78771.3,7282.5,6276,76046.2,12496,-11.6496,7.02746
8892.65,7869,74061.3,8382.75,7545,72812.7,25523,48.0608,7.02851
9246.9,8921,67930.1,4128.75,4061,66629.3,23123.8,29.231,7.03379
14656.8,13860,69303.8,6796.5,6324,70432.5,20344.2,173.815,7.0359
10687.9,10396,67376.4,7422.75,6892,70582.9,30291,35.8416,7.03696
14729,13344,72338.1,9774.75,8756,73161,33237.1,52.0709,7.03907
13683.8,13004,68962,8489.25,8216,67715.6,14032.5,44.1926,7.04224
16897.4,13960,79325.8,13146,10956,78636,29592.8,79.7279,7.04435
5263.7,5234,65907.9,1929,1894,66747.1,16461.6,-51.3587,7.04646
11083.1,10400,69840.9,3802.5,3588,69453.9,25190.8,-6.96671,7.04752
10581.3,9472,73211.5,8259.75,7316,73990,25591.5,98.7982,7.04857
17613,14552,79321.7,13741.5,11432,78775.6,10074.3,-47.6786,7.04857
12164.1,11805,67529.6,4092.75,4013,66838.4,15974.1,-42.7403,7.05069
6756.1,6553,67567.2,3585,3357,69987.1,8161.11,-13.2067,7.05491
11715.6,11080,69295.4,6087.75,5672,70339.7,29818,184.639,7.05808
9170.2,8945,67185.9,5992.5,5809,67606.2,8850.01,62.4474,7.06019
14174.5,12605,73696.4,17038.5,14441,77324,64329.2,149.802,7.06441
35385.3,25505,90923.9,25409.3,19461,85567.1,59120.4,203.318,7.06547
10503.3,9936,69278.1,11305.5,10544,70269.1,13538.8,38.1912,7.06547
9659,9365,67593.4,4452,4341,67211.8,17647,41.4768,7.06547
12105.6,11732,67623,4589.25,4420,68045.5,13441.5,-8.50515,7.06864
12992.8,11577,73551,7821.75,6937,73894.5,28010.8,73.7673,7.07181
9356.75,9119,67244.6,4863.75,4607,69188.4,14640.1,69.9698,7.07181
9608.95,9376,67164.3,4263,4100,68141.5,16335.5,118.926,7.07603
8593.65,8442,66713.3,4542,4366,68177.9,22336.7,33.5606,7.07709
11867,11251,69124.4,6117,5751,69706.8,9260.3,97.692,7.08025
9153.3,8613,69647.1,5827.5,5473,69780.9,26305.4,-7.8686,7.08448
13979.5,13716,66795.3,4995.75,4928,66437,9754.57,-9.82659,7.08553
7551.7,7418,66717.2,4740.75,4442,69943.7,18849.6,-34.2484,7.08553
14501.5,13504,70376.9,10266.8,9492,70885.1,33448.5,-53.717,7.09081
12860.9,12088,69726.3,7521,6844,72018.7,19273.8,14.7557,7.09081
11307.4,10944,67712.1,5936.25,5584,69670.1,9478.91,93.3838,7.09398
8526.7,8112,68886.3,4857.75,4564,69754.1,17394.6,-6.67371,7.09398
12121.8,11815,67238.1,5805.75,5735,66344.5,15008.8,136.176,7.09609
8911.5,8021,72811.9,6561.75,5825,73825,19761,35.3773,7.09715
7190.3,7224,65230.3,4499.25,4332,68066.2,7798.2,39.2669,7.09821
9620,9440,66785.6,5483.25,5408,66447.9,12674.3,-9.93632,7.09926
14695.8,14048,68558.3,5719.5,5572,67270.9,9721.84,94.2346,7.10876
14443.6,13264,71364.5,6657.75,6192,70465.5,9115.24,3.09744,7.10982
11376.3,10636,70097.5,8028,7352,71561.9,9889.91,-22.7317,7.11088
11884.6,11472,67893.1,3898.5,3680,69427.2,7298.06,118.406,7.11088
9961.9,9357,69772.7,4342.5,4105,69327.7,13214.3,44.2234,7.11193
13319.8,12789,68256,5227.5,4965,69000.9,13511.2,0.352228,7.12038
7785.7,7117,71693.6,5817.75,5341,71385.9,22337.6,-30.9395,7.12249
8781.5,8577,67098.6,4992,4833,67692.1,13944.6,-24.6041,7.12355
15021.5,14013,70252.5,8628,8093,69868.4,20955.1,-99.6875,7.1246
11461.4,11292,66519.4,4380.75,4332,66273.5,10302.4,3.91282,7.12566
14121.9,13023,71066,7559.25,7147,69316.2,14581.3,38.152,7.12566
19369.3,16801,75554.4,14707.5,12837,75085.4,53282.6,-39.8424,7.12672
17731.3,16597,70015.2,8090.25,7637,69425.5,7920.17,-46.7377,7.12777
13819,12893,70242.9,5714.25,5273,71020.1,11962,-39.1496,7.12777
29616.6,24097,80547.5,17222.3,14341,78702.8,29345,38.4572,7.12777
13181.3,11817,73102.6,10341,9129,74236.8,26289.5,21.372,7.12883
16552.3,15328,70770.4,8549.25,8080,69342,15065.7,48.4538,7.12988
28053.3,20824,88287.8,29113.5,23784,80221.3,32481.1,106.279,7.12988
11940.5,11037,70900.8,6078,5661,70363.5,13470,-9.10622,7.13094
15183.3,14539,68440.5,5257.5,5183,66478,10012.5,0.483717,7.132
5505.5,5264,68542.6,2241,2128,69016.1,12662.6,192.164,7.13516
13874.2,13036,69750.1,6128.25,5784,69436.5,16089.4,75.0753,7.13622
7042.75,6117,75454.3,5896.5,5237,73789,12705.6,-123.457,7.13622
12318.8,11613,69519.1,4982.25,4825,67671.9,8048.25,107.198,7.13833
26818.3,20402,86146.8,35082,27158,84657.7,63413.1,82.7568,7.13939
6123,6040,66436.6,1785,1708,68490.5,17608.2,-121.922,7.1415
12727.6,10684,78071.8,9434.25,8088,76444.5,23254.3,-86.8739,7.14256
13586.3,12812,69496.7,4825.5,4568,69230.3,12673.4,-16.8163,7.14361
10123.1,9760,67974.1,4170.75,4148,65895.4,15713.8,-6.61055,7.14467
38246.6,24860,100826,31535.3,22044,93753.1,22844,217.581,7.14784
6305,5821,70985.1,4657.5,4297,71034.2,16268.8,73.3486,7.14995
6558.5,6085,70635.6,3301.5,3089,70044.4,14806.2,48.4636,7.15312
11070.8,9557,75916.7,8270.25,7301,74236.3,20673.8,204.763,7.15417
15005.2,13521,72730.1,8835,8065,71793,31118.8,217.271,7.15628
88671,58705,98988.9,62723.3,39461,104169,19422,518.71,7.15734
11840.4,11288,68743.1,7659,7304,68721.3,17561.5,122.32,7.15945
23209.5,18125,83920.6,10779,8889,79470.4,11332.2,12.4741,7.16051
8677.5,7964,71407.4,7761.75,7180,70846,12052.5,9.00705,7.16051
11138.4,10926,66810,5142,5034,66942,30113.4,114.968,7.16156
12312.3,11796,68404.5,5094.75,4900,68140.7,8093.72,-23.5242,7.16262
10461.1,10193,67259.8,4593.75,4513,66708.6,13848.1,8.07957,7.16368
11343.8,11148,66687.1,5316,5224,66690.2,14990.5,-2.56336,7.16579
10019.1,8950,73364.4,7275.75,6758,70556.9,9109.93,30.6176,7.16579
17243.8,16862,67020.1,6159,6062,66584.7,14503.7,24.3949,7.16684
14808.3,14232,68189.8,7668.75,7340,68471.3,7323.55,-113.795,7.16895
11960.6,10920,71781.4,10679.3,9432,74202.2,9328.66,15.9894,7.17001
11668.1,11061,69133.3,5975.25,5749,68115.1,15518.6,40.6968,7.17212
7588.75,7341,67747.8,4168.5,4073,67072.6,19802.2,36.2358,7.17212
8336.25,7929,68902.1,3950.25,3773,68614.8,7176.41,4.0303,7.17635
5411.9,5289,67058.8,2092.5,1993,68807.9,6419.8,2.33873,7.17951
21370,18072,77496,12204,10808,74000.9,54222.1,61.6023,7.18268
10394.1,10480,64999.1,2688,2676,65829.9,10216.1,-30.4839,7.18691
9633,9401,67153.3,3148.5,2985,69125.7,19211.7,119.678,7.19535
8622.25,8337,67778.3,4201.5,4005,68751.4,10566.5,65.8229,7.19535
8495.5,8393,66336.4,2690.25,2617,67370.4,6772.35,153.685,7.19747
6297.2,6344,65052.5,2973.75,2920,66742.4,17182.7,51.8143,7.19852
8141.9,7772,68655.1,7173.75,6680,70380.1,18558.9,-19.6175,7.19852
11402.3,11276,66270.1,4578,4524,66318.3,6865.64,-10.578,7.20486
16083.6,14306,73679.2,10281,8950,75282.2,14937.9,123.279,7.20591
5829.2,5939,64324.4,2959.5,2919,66445.3,17207,38.9133,7.21014
13350.3,11872,73696.8,6791.25,6068,73347.3,7084.47,188.074,7.21119
10071.1,9970,66200.6,4454.25,4358,66983.4,19878.8,-36.0071,7.21436
7707.05,7349,68729,2707.5,2581,68748.1,10795.5,115.694,7.22175
19769.1,17457,74215.9,9491.25,8577,72521.7,31069.8,-39.8677,7.22386
25834.3,22649,74752.7,22410,20269,72458.5,17432.7,21.7049,7.22492
13155.3,12384,69618,5610,5296,69421.6,15399.5,56.1813,7.22809
10056.1,9276,71047.9,6882,6456,69860.4,14860.4,72.5415,7.22809
9922.25,8742,74384,6515.25,5682,75146.7,11393.2,169.852,7.2302
15561,13598,74996.7,11911.5,10750,72616.9,14050.5,26.992,7.2302
11803.3,11237,68839,3513,3377,68175.3,10624.5,80.4407,7.23231
15805.4,13756,75299.7,10575.8,9480,73111,12863.2,179.257,7.23548
12192.7,10964,72880.4,8529,7556,73975.2,24840,62.7065,7.24076
9428.25,8278,74642.4,6397.5,5826,71964.7,18403,130.888,7.24076
15330.9,14292,70299.9,6144.75,5824,69145.3,6922.81,-3.70017,7.24182
6121.05,5768,69547.4,2493.75,2424,67421.8,19595.3,-72.1164,7.24393
13706.5,13296,67559.6,5007,4916,66749.1,23151.1,-36.9901,7.24604
18133,15726,75567.1,11993.3,10698,73470.7,11877.6,19.3336,7.25026
9585.55,9300,67548.2,4548,4368,68236.7,10553.7,-5.55662,7.25238
8426.6,7744,71312.7,5146.5,4804,70208.4,7463.31,79.6995,7.25449
16331.2,14736,72630.6,11232.8,10324,71304.7,15515.4,87.1369,7.25449
21132.1,19836,69818.3,8505,8072,69051.5,19002.9,-180.454,7.2566
6286.8,6082,67742.8,2707.5,2706,65572.3,8435.06,2.263,7.25766
11763,10992,70133.1,6523.5,5988,71396.8,6482.99,35.8764,7.25977
14032.8,13545,67896.4,4605,4525,66694.6,13413.5,83.7759,7.26399
9860.5,9211,70157.2,6795.75,6491,68612.9,10310.6,31.4325,7.26505
12601.5,11704,70561.8,4633.5,4408,68888.6,7651.79,-57.0476,7.2661
7066.8,6773,68378.8,3426.75,3393,66187.9,10840,5.61262,7.26716
12556.7,11093,74183.4,6942.75,6341,71755.3,31894.1,112.321,7.26822
12735.4,11597,71969.5,8515.5,8237,67751.8,18114.9,-19.6008,7.27033
12612.6,11664,70865.9,7944,7636,68179.4,11559.3,68.3656,7.27138
11592.8,9816,77398.4,6177,5640,71775.9,13119.6,10.6869,7.27138
6584.5,6258,68955.2,2573.25,2626,64219.5,15061.9,147.354,7.27138
8708.7,8064,70775.5,3573,3444,67990.8,14598.3,40.7314,7.27455
11622.6,10333,73715.5,6411.75,5741,73192.9,20865.8,-62.7042,7.27561
12426.7,11228,72532.6,6671.25,6120,71439.1,15104,-23.7876,7.27561
12818.6,10032,83740.3,10914.8,9620,74356.5,7898.11,-96.6168,7.27983
7678.45,7003,71857.1,3732.75,3567,68581.3,10988.5,33.127,7.28089
6809.4,6206,71908,2630.25,2554,67492.6,8797.98,-23.5506,7.28089
11594.7,9513,79877,7625.25,6905,72372,34198.9,-40.8452,7.28194
10594.3,9843,70538.6,4779.75,4471,70061.7,15764.3,17.4676,7.28194
12321.4,11275,71618.2,6254.25,5935,69061.3,17185.5,17.4141,7.28405
8284.9,7601,71432.6,4076.25,3889,68691.5,9064.28,-6.36065,7.28722
8710.65,8157,69984.2,5588.25,5421,67557.9,9581.58,-21.8601,7.29039
9070.75,8172,72743.6,5493,5116,70365.4,9833.06,2.21046,7.29356
16905.8,13759,80524.9,12847.5,11067,76079.7,17262.1,34.6113,7.29461
11838.4,11324,68513.3,4565.25,4428,67567.4,12301.4,81.2377,7.29567
11733.1,10976,70056.8,5694.75,5264,70898.8,12872.1,73.4762,7.29673
7698.6,7333,68803.4,3145.5,3009,68509,9694.41,54.6757,7.29778
13742.3,12799,70366.1,3954.75,3791,68366.8,25743.9,79.0125,7.29884
12471.5,11286,72420.3,7742.25,7222,70257,38750.2,125.824,7.29989
19875.7,17078,76272,9333,8082,75680.2,8787.97,-100.95,7.30412
13042.3,11572,73862.5,5412,4900,72383.8,16527.3,50.1189,7.30834
11055.8,10802,67076.1,5574.75,5302,68907.4,27394.5,97.8705,7.3094
14340.9,14193,66219.1,4837.5,4773,66421.6,19584,124.824,7.31045
8717.15,8465,67488.1,4467,4209,69553.2,15254,20.9267,7.31257
8166.6,8445,63375.5,4303.5,4201,67135,17200.4,81.0536,7.31573
10513.1,10352,66555.9,5373,5168,68135.6,22608.8,43.8703,7.31679
4762.55,5177,60289.4,2395.5,2333,67291.7,9100.32,73.618,7.3189
9735.7,9500,67162,2390.25,2284,68584.7,13368,35.6176,7.32313
5945.55,6193,62917.4,1794,1729,67999.8,7339.37,135.604,7.32418
7880.6,7664,67388.2,5624.25,5104,72216.1,13770.4,-4.51751,7.32524
18883.8,18225,67905,8997.75,8437,69891.7,25089.2,-2.66289,7.32629
8815.3,8913,64817.6,4735.5,4529,68524.1,11134.7,-20.1985,7.33052
23526.1,17244,89411.2,18460.5,13788,87744.9,16918.7,123.204,7.33157
6238.7,6385,64034.4,2658.75,2565,67931.3,10291.4,9.93323,7.33369
10546.9,10109,68374.9,6186.75,5613,72235,26869.8,32.5302,7.33369
12001.6,11315,69512.8,7902.75,7331,70647.2,15956,11.4403,7.3358
7769.45,7216,70562.5,3402.75,3184,70038.5,14096.6,85.4702,7.34108
11955.4,11184,70056.5,5556.75,5364,67891,23701.4,72.2093,7.34108
13033.1,12660,67467.6,4688.25,4644,66160.5,11201.9,37.419,7.34319
10751,10380,67878.4,5740.5,5372,70031.5,6360.11,-19.159,7.34319
13605.8,12793,69699.8,7460.25,6793,71973.4,9689.93,36.6158,7.34424
11007.8,10701,67414.6,4908.75,4825,66673.5,6801.6,198.404,7.34636
13083.2,12409,69096.7,5671.5,5453,68162,25469.7,-5.25719,7.34847
12322,12116,66650.5,4422,4244,68284.7,23373.7,-7.75842,7.34952
5101.85,5073,65908.7,2113.5,2117,65427.6,7074.5,29.8341,7.35164
10053.5,9369,70324.4,6342,5849,71059.9,31544,3.11453,7.3548
6387.55,5876,71241.4,2307.75,2256,67039.3,8887.13,-31.294,7.35586
9398.35,8577,71811.9,6268.5,5637,72877.8,21173.1,1.78428,7.35903
12444.3,11420,71413.9,5928.75,5564,69832.2,16100,74.2149,7.35903
9736.35,9725,65612.5,3824.25,3821,65591.7,22302.2,78.2819,7.36008
28296.4,21682,85528.8,14718.8,12098,79732.9,12247.2,65.7597,7.3622
12884.3,12577,67137.3,5059.5,4901,67655.5,9485.22,27.1635,7.36748
8185.45,7980,67223.3,5175.75,4872,69621.9,12358.3,2.11556,7.37276
19540.3,17165,74604.9,8928.75,7945,73650.7,15496.9,102.618,7.37487
7180.55,6928,67925,3697.5,3536,68529.2,7234.21,-5.43187,7.37698
25688,20681,81402.7,21843,18781,76220.8,25649.4,213.176,7.37804
11431.5,11185,66980.6,8144.25,7845,68035.9,17989.2,38.8839,7.37909
5441.15,5468,65214.2,2685.75,2568,68541,9493.64,123.483,7.38015
10779.6,10281,68714.3,7209.75,6541,72236.4,9779.97,27.1525,7.3812
8692.45,8842,64427.5,3249.75,3230,65936.7,21951.8,43.895,7.38754
9653.15,9469,66810.5,5425.5,5261,67585.2,7867.15,22.0643,7.38965
12361.7,10417,77770.6,6040.5,5393,73404.5,19905.7,62.8919,7.39176
11527.1,10873,69478.5,4002.75,3885,67522.3,7152.51,11.7712,7.39176
10858.9,10557,67410.1,3623.25,3581,66309.2,6981.08,61.6576,7.39282
7892.95,7337,70501.9,2568.75,2505,67203.8,10682.1,20.2386,7.39282
18136.9,17145,69327.7,7051.5,6669,69294.8,12182.5,6.42216,7.39388
9103.9,8504,70159.1,3360,3196,68898.9,14688.7,-26.352,7.39388
12371.4,11586,69978.9,3386.25,3186,69655.1,15693.6,-6.60979,7.39493
13099.4,11593,74052.1,6508.5,6013,70936.5,30499.9,57.3338,7.39916
13218.4,12025,72040,7361.25,6729,71693.7,15162.6,-70.2298,7.40021
11708.4,10706,71672.4,5507.25,4870,74111.5,26545.7,42.8624,7.40021
11405.5,10561,70776.8,5847.75,5425,70643,21510.9,-100.568,7.40232
5985.2,5736,68383.2,2159.25,2124,66623.6,10469.6,-102.733,7.40232
9470.5,8689,71430.4,5316,5025,69331.2,12113,-68.3952,7.40232
6090.5,5957,67004.7,2262,2289,64763,9156.39,40.0759,7.40655
11268.4,10725,68856.5,3748.5,3617,67918.6,19141.7,24.2206,7.40866
14951.9,13027,75220,8679.75,7619,74660.2,11978.1,126.83,7.40972
14151.1,12872,72048.6,9312.75,8460,72141.9,19198.6,-63.5015,7.41394
7109.05,6736,69165.5,2895.75,2736,69362.5,8700.03,-89.767,7.415
11169.6,9987,73296.4,5184.75,4695,72372.3,10619.4,-28.7791,7.41605
19508.4,14209,89978.6,15406.5,11825,85385.2,8978.85,126.943,7.41711
8873.15,8274,70281.7,3646.5,3522,67852.6,6496.9,138.216,7.41711
14171.3,12870,72162.4,6418.5,6050,69527.7,9324.99,86.5096,7.41816
8649.55,7928,71500.6,3921.75,3708,69313.9,7973.73,92.5803,7.43823
8788,8158,70597,4380.75,4062,70678.7,18559,24.2425,7.44351
13141,12160,70823.3,8825.25,8160,70878.9,25772.3,124.591,7.44879
8390.85,8152,67456.2,4100.25,3932,68340.3,14240.6,-40.0952,7.45195
21833.5,18785,76171.4,16887.8,14837,74594.3,32367.3,112.304,7.45407
17322.5,16343,69463.8,6621,6291,68973.8,8634.82,-54.5045,7.45512
9386.65,8860,69431.5,6150.75,5480,73557.6,16010.6,67.3383,7.46463
13531.7,12717,69734.5,5392.5,4729,74731,10399.6,52.0692,7.46568
15818.4,10881,95273.8,21404.3,15237,92062,12308.3,160.357,7.46568
5801.9,6144,61886.9,2232,2228,65653.7,11615.7,-68.3765,7.47096
9967.75,9392,69553.5,5400,4960,71349.7,11055.5,-41.6955,7.47413
9829.95,9726,66236.4,3687.75,3562,67849.6,22168.7,104.947,7.47624
12374.7,11979,67700.8,6651.75,6127,71148.9,8712.46,-50.2074,7.47835
9473.75,8174,75956.9,7720.5,6718,75315.7,31844.8,11.7032,7.47941
6426.55,6440,65399.1,3132.75,3000,68436,7441.13,84.8604,7.48046
8317.4,8428,64676,3964.5,3836,67731.4,14595.7,-61.6085,7.48152
12702.3,11477,72532.7,10857.8,9493,74957.7,17549.9,81.0405,7.48363
7124,6872,67939.2,5691,5304,70317.8,10088.1,28.8609,7.48786
10367.5,9520,71370.2,7728.75,6800,74487,23065.1,22.3532,7.48891
8103.55,7829,67834.2,3276.75,3121,68806.5,12320.1,-52.063,7.49314
14708.2,13548,71148.3,9189.75,8520,70687.7,20973.1,43.9318,7.49314
11021.4,10475,68954.5,6526.5,6127,69809.2,15924.7,-26.3985,7.49419
14313,11898,78838.2,9953.25,8366,77969.9,15179.4,78.5495,7.49419
14095.9,12754,72431.3,6535.5,5878,72866.7,15658.1,4.57154,7.49525
11507.6,10612,71066.9,6085.5,5584,71421.8,7691.01,56.471,7.49736
15397.2,14357,70284.2,8028.75,7649,68789.7,8541.4,66.759,7.49842
11597.9,10952,69401.3,5920.5,5516,70341.9,22949.8,-24.9425,7.49842
7975.5,7741,67521.3,4995,4713,69457.3,15358.5,151.643,7.49947
13893.1,13145,69265.7,5885.25,5517,69910.4,12933.5,38.2139,7.49947
7807.8,7811,65509.2,3165.75,3171,65427.5,12841.2,-58.9626,7.50264
15331.5,15221,66012,4301.25,4293,65661.9,15992.8,-51.341,7.51214
5475.6,5376,66750.2,3098.25,2868,70797.4,14899.2,3.74007,7.51214
11330.1,10661,69649.4,4614.75,4261,70976.8,18692.7,110.238,7.51214
5768.1,5817,64985.1,2370,2317,67035.1,15003.9,69.9561,7.51214
11451.7,10949,68544.9,3810.75,3605,69276.4,8198.1,82.2519,7.5132
7781.8,7462,68344.7,3714.75,3506,69438.1,11290.9,3.87567,7.51426
5889,6000,64323.6,2601,2560,66585.6,11065.6,-45.9959,7.51531
8064.55,7637,69205,3858,3617,69902.6,9706.42,9.95522,7.51848
7703.8,6500,77673.3,5451,4992,71561.9,25461.2,69.5631,7.52165
7695.35,6975,72304.3,4626,4207,72063.1,13957.2,-32.3445,7.5227
25474.8,20009,83438.3,12469.5,10605,77058.1,23072.4,-10.3271,7.52376
13434.8,12427,70851.1,5641.5,5599,66033.5,18159.8,97.3575,7.52482
12362.3,11058,73266.3,3983.25,3718,70211.5,7958.09,-78.5591,7.52482
9603.1,8448,74496.8,6828,6356,70402.7,20945.8,-60.1272,7.52482
9566.05,8304,75496.2,7275.75,6544,72864.2,22382.6,93.7588,7.52482
18099.3,15496,76545.7,8274,7320,74077.2,31782.3,77.0656,7.52587
12198.5,10140,78840.6,9711.75,8776,72523.8,17722.6,-63.446,7.52693
14640.6,12953,74074.5,4836.75,4553,69620.3,14746.2,39.8658,7.52693
11008.4,10009,72079.8,7170,6793,69173.1,21034.5,-9.39051,7.52904
9386,8393,73289.8,4141.5,3949,68730.7,9118.15,22.0173,7.52904
20328.1,17008,78329.2,15064.5,12756,77396.3,13262.7,57.1216,7.5301
13827.4,11961,75762.5,10575,9321,74352.9,9713.19,18.555,7.53326
10929.1,9949,71992.1,6238.5,5769,70869.5,20017.5,-44.6123,7.53326
10079.5,9324,70846.6,4804.5,4492,70095.2,7201.6,70.2494,7.53432
10496.2,9576,71833.6,5812.5,5564,68463,10660.1,31.4194,7.53537
15701.4,13744,74869.5,5696.25,4992,74781.5,34067.6,85.5797,7.53749
10782.8,9453,74755.6,8640.75,7753,73040.1,23524.4,117.796,7.53854
6589.05,6225,69368.7,5542.5,5077,71544.9,24080.8,65.315,7.5396
10841.3,9849,72139.2,9117,8329,71736.3,10089.2,15.9608,7.54065
7825.35,7558,67854.2,3111,2966,68739.9,6639.3,-30.3495,7.54065
10008,9913,66164.4,4347,4249,67047.5,8243.92,36.6702,7.54277
10425.3,9921,68867.6,4968,4661,69852.6,6600.4,93.4919,7.54277
15020.2,13673,71993.3,11942.3,10441,74959,24077.6,4.25513,7.54488
11327.5,11216,66187.8,7564.5,7220,68663,14639.6,156.83,7.54488
9657.05,9351,67680.9,3927,3767,68319.6,22469.4,-36.9644,7.54699
9489.35,8969,69338.2,5556,5197,70063.1,17894.9,-159.773,7.5491
16143.4,16020,66040.8,5731.5,5680,66130.2,11534.8,20.2065,7.55016
15520.7,14934,68110.7,8341.5,7826,69852.9,17791.5,-8.40863,7.55121
10192,10192,65536,5920.5,5584,69485.3,9875.22,27.1489,7.55333
13436.8,12057,73035.9,4653,4349,70117,6324.01,89.2023,7.55438
13260.6,12680,68537.1,5970,5736,68209.5,30851.9,-69.9595,7.55861
9265.75,8861,68529.5,8325,7549,72272.8,24531.5,38.6381,7.56072
13846.3,12648,71745,6965.25,6296,72502.3,41229.4,-41.1095,7.56811
13568.1,12568,70751,7476,7000,69992.5,18770.4,15.6346,7.56917
11216.4,10849,67755.4,4795.5,4561,68905.5,13105.7,87.2275,7.57128
5339.75,5576,62759.3,2155.5,2140,66010.7,6557.67,-85.3864,7.57445
10323.3,10385,65146.6,4118.25,4065,66394.5,22067.1,55.0707,7.58184
12342.8,12120,66741,5212.5,4984,68540.6,14093.1,-95.9896,7.58712
12442.9,12269,66465.2,6118.5,5997,66863.8,9911.74,92.5075,7.58923
6048.25,5928,66865.4,3174,3000,69337.1,7136.06,2.31182,7.59556
10764,10707,65884.9,6362.25,6035,69089.7,21921.3,49.9162,7.59873
17149.6,15704,71568.8,8038.5,7016,75087.1,24059.5,-118.724,7.59873
8065.2,7711,68546.4,4701,4351,70807.8,8308.87,-31.2723,7.59873
9805.25,8580,74894.7,6444,5620,75144.8,16048.3,-33.2831,7.60718
23973.3,20345,77223.6,19094.3,17065,73329.1,12457.4,107.892,7.61457
16429.4,15187,70897.3,11138.3,10419,70060.1,9178.94,57.275,7.6188
21845.2,20336,70399.6,9120,8528,70085.4,6758.69,57.366,7.61985
17207.4,14915,75609,12481.5,10803,75718.6,21912.1,43.0365,7.62091
14327.9,13301,70595.9,8431.5,7765,71161.2,19500.6,64.6271,7.62196
32253.6,26590,79495.1,24501.8,20366,78844.5,44160.1,133.36,7.62408
6156.15,5805,69500.3,2643,2525,68598.7,12682.9,48.5434,7.62619
8342.1,8061,67821.3,3405.75,3385,65937.7,12657.8,-27.1357,7.63464
14060.8,13174,69947.5,8133.75,7554,70565.7,17031.9,-1.64008,7.63569
7772.7,7232,70435.8,3470.25,3268,69591.9,12424.7,-29.7069,7.6378
12729.6,11860,70341.2,6205.5,5792,70214.7,13829.9,45.9203,7.63886
31844.8,23009,90702.8,25967.3,18865,90208.8,7277.7,84.0065,7.64414
6779.5,6243,71167.9,3100.5,2883,70480.2,13029.1,142.27,7.6452
32660.5,25868,82744.8,21201.8,17740,78324.6,22331.1,73.1208,7.65787
11965.8,11376,68934.1,3236.25,3072,69040,15946.3,-59.9393,7.65787
7917,7587,68386.5,3039,2967,67126.4,17043.2,42.3595,7.65892
13280.1,12307,70718.1,4080.75,3875,69015.8,9603.02,89.0791,7.65998
11915.1,10665,73218.1,4954.5,4393,73912.6,12479,101.871,7.66209
17514.3,16144,71098.5,10106.3,9632,68762.8,8621.3,97.716,7.66315
9761.05,8953,71450.9,4872.75,4473,71392.9,10215.1,-90.6839,7.66526
7875.4,7352,70201.6,3431.25,3372,66687.5,11206.6,-19.3412,7.66631
8914.75,8463,69034.3,3492,3439,66546,9157.6,43.5158,7.66631
27051,20439,86737,26945.3,20739,85148,22440.3,94.6167,7.67793
27457.3,21357,84255.4,15896.3,12873,80927.3,15637.9,147.332,7.68321
6377.15,6120,68289.7,2291.25,2284,65744,20773.7,-29.1607,7.69483
10420.8,9578,71302.7,7293,6701,71325.8,15458.1,91.4391,7.70327
11134.5,10637,68601.2,6739.5,6285,70275.2,14724,26.9667,7.7075
10331.1,9622,70365.7,9312.75,8818,69213,9518.4,105.422,7.70855
10825.8,10264,69122.8,6742.5,6188,71408.6,20566.8,-39.4729,7.71067
5181.15,5434,62486.5,2213.25,2218,65395.7,19237,-74.683,7.71172
8299.85,7659,71019.6,4909.5,4443,72417.1,7686.75,151.931,7.71595
9674.6,8812,71951.3,8272.5,7352,73741.4,6768.38,-4.55437,7.717
6834.1,6804,65825.9,3898.5,3652,69959.5,11343.1,-9.88629,7.72017
16960.4,12564,88468.6,17931.8,14852,79125.7,11779.1,84.6973,7.72017
9170.2,9249,64977.6,4363.5,4229,67620.3,8880.48,-23.5537,7.72756
14202.5,13745,67717.3,7200.75,6801,69388.1,11923.7,-29.6881,7.72862
9817.6,9701,66323.7,3792.75,3585,69333.8,6587.62,-75.9276,7.73178
8615.75,7645,73857.7,7827,6989,73393.9,15669.7,45.8511,7.73601
10949.9,10704,67041.5,3072.75,2980,67575.8,15802.9,48.4261,7.73812
8216.65,7954,67700.1,3681.75,3458,69776.5,19706.5,50.8594,7.74129
34023.6,30301,73587.4,15750.8,14617,70619.2,25153.9,-4.38532,7.74868
21574.1,18336,77109.7,10620,9204,75618.5,17889.1,87.9077,7.74868
11555,10685,70872.4,3044.25,2957,67469.7,6752.65,22.1062,7.74974
8393.45,6838,80443.6,8204.25,7490,71785.5,18000.7,99.0835,7.75185
7203.3,6545,72127.6,3047.25,2849,70096.4,11850.8,61.4746,7.7529
8971.3,8281,70999,3279,3113,69030.7,8411.23,9.14389,7.75502
12266.8,11101,72418.4,6660,6125,71260.4,9411.07,79.6263,7.75713
7331.35,6845,70192.5,2148,2061,68302.4,19110.1,34.5418,7.76241
9005.1,8516,69299.9,3924.75,3828,67192.4,17405.1,-105.574,7.76241
9105.2,8236,72452.5,4800,4460,70532,14808.9,-72.7965,7.76241
16616.6,13824,78775,13571.3,12384,71818.9,17112.2,15.6969,7.76452
15498.6,14128,71893.8,6042.75,5664,69918.4,12440.5,33.0725,7.76558
7611.5,6820,73141.8,3033,2896,68636.3,6378.47,-23.4597,7.7698
7375.55,6717,71961.3,2568.75,2537,66356.2,6465.86,25.557,7.7698
18057,14613,80981.6,13574.3,11845,75103.6,30176,83.1459,7.77297
14361.7,11773,79946.6,11481,10121,74342.3,17328.6,144.689,7.77402
20316.4,14117,94315.8,13952.3,11793,77535.4,45985.6,159.952,7.77719
11139.7,9928,73534.6,5489.25,5432,66226.7,9093.29,-12.3817,7.77719
17391.4,14561,78275,11872.5,11105,70065.4,17093.2,72.4576,7.78142
13780,12354,73100.7,5970.75,5830,67118.2,16266.6,1.96868,7.78353
15451.1,13749,73649.5,4825.5,4609,68614.4,20705.6,75.7618,7.78353
5956.6,5480,71235.7,2328,2364,64538,6684.32,22.9688,7.7867
11332.1,9813,75681.3,9591,8561,73420.8,12546.9,-72.7115,7.78881
13179.4,12136,71170.5,4816.5,4664,67678.8,14583.8,-144.168,7.78881
7646.6,7157,70019.2,3549,3429,67829.5,11815.5,-53.764,7.79198
13459.5,12595,70034.5,4709.25,4583,67341.4,16189.6,-63.3884,7.79303
8789.3,7772,74114.2,6756,6108,72488.7,11473.9,-40.8512,7.79514
24489.4,20208,79420.9,13521,11332,78195.6,19642.1,49.1418,7.7962
11716.9,11263,68177.1,4158,4075,66870.8,14611.6,-18.6091,7.79726
11330.1,10989,67570.5,6024.75,6009,65707.8,12665.7,-22.836,7.79831
9769.5,8910,71857.9,5430.75,4926,72251.2,11182.4,-43.4202,7.79937
14890.2,14429,67630.8,5866.5,5881,65374.4,24657,-71.4466,7.80253
15435.5,13325,75916.3,8013,7113,73828.2,19861.5,134.274,7.8057
19606.6,17756,72366.4,12826.5,11756,71503.7,21893.4,150.537,7.80676
6825,6772,66048.9,4072.5,4064,65673.1,6459.89,-10.5628,7.80887
7374.9,7144,67654.2,2892.75,2796,67803.8,19738,23.3382,7.81204
15219.7,14087,70805.8,7507.5,7015,70137.1,30549.6,73.6719,7.82154
11539.4,10686,70770.1,9377.25,8654,71013.1,9364.02,50.3881,7.8226
14853.8,13921,69927.3,10325.3,9569,70715.4,11665.6,52.0216,7.82471
6897.15,6675,67717.1,3165.75,3027,68540,6845.18,-142.157,7.82577
17460.3,15056,76001.5,8698.5,7556,75445.3,14150.7,217.908,7.82682
5703.75,5656,66089.3,2667.75,2620,66730.4,6550.06,-48.4062,7.82682
8740.55,8162,70181.4,6604.5,6182,70015,18062.9,10.5012,7.82999
12077.6,11801,67072.4,4287,3981,70573.4,20959.6,-46.3677,7.82999
9703.2,9556,66545.5,3300.75,3172,68196.1,7597.15,-67.3655,7.8321
11657.8,11265,67820.9,5213.25,4965,68812.8,15703.6,61.3298,7.83316
12762.8,10705,78133.5,12070.5,10449,75706,31897.8,49.5412,7.83421
14914.2,13077,74743.5,10233.8,8769,76483,9961.41,-61.4344,7.83527
12103,11630,68201.4,3188.25,3086,67707.4,10302.7,81.3128,7.83738
13427.7,11482,76641.5,11312.3,10062,73679.1,26790.2,42.8532,7.84583
12493,11701,69971.9,5632.5,5121,72081.9,17474,-14.4167,7.849
7586.15,7297,68132.9,3120.75,2949,69352.8,23729.7,-5.1918,7.85005
9679.8,9597,66101.4,3667.5,3641,66013,9304.26,101.13,7.85428
10333,9694,69856.3,5953.5,5582,69897.6,13425.1,70.8755,7.85533
18534.8,15773,77010.9,11211.8,9678,75922,54748.6,52.9825,7.85744
9283.3,8228,73941.5,6603,5828,74250.9,11969,83.8302,7.86378
15869.1,13433,77421.1,8183.25,6941,77265.2,35365.3,20.1709,7.86484
10765.9,10060,70134.9,7169.25,6632,70845,30485.7,-76.8257,7.86484
28895.1,21880,86548,19062.8,15100,82734.9,20896.9,102.415,7.86589
6651.45,5819,74911.4,5309.25,4735,73484.1,16361.6,-13.5149,7.86589
10013.3,9811,66887,4661.25,4531,67419.9,23193.5,3.42835,7.87434
11667.5,11177,68412,4077.75,3853,69358.8,14329.3,-24.6185,7.8754
11848.8,11280,68841,6353.25,5956,69907.1,19553.8,37.9651,7.87751
8771.75,8641,66527.7,5462.25,5137,69685.4,11730.4,13.3192,7.87856
7657.65,7601,66024.4,3025.5,2929,67695.2,10510.6,106.245,7.88596
11983.4,11111,70681.7,7174.5,6579,71468,9025.01,23.7408,7.88701
18331.9,14912,80566.2,12517.5,10468,78367.1,9567.11,159.6,7.88807
10074.3,10049,65701.3,3554.25,3525,66079.8,20828.6,67.1572,7.89229
11060.4,10473,69211.7,5217.75,4829,70811.9,11557.8,68.3656,7.89757
8651.5,8637,65646,3567,3437,68014.8,12673.3,-15.9563,7.90074
11960,11785,66509.2,3832.5,3773,66569.5,10640,-6.41987,7.90391
10330.4,9701,69788.3,4609.5,4257,70962.7,18220.5,-44.5448,7.90496
10747.8,10545,66796.1,4653.75,4641,65716,11664.8,35.6816,7.90707
8833.5,7916,73131.9,6601.5,5916,73129.8,16833,80.2074,7.90813
12875.2,12382,68146.4,5150.25,4958,68077.2,11659.9,-4.4382,7.91869
14098.5,11853,77951.5,7628.25,6665,75007.5,10723,131.177,7.92397
5429.45,5384,66089.2,2237.25,2236,65572.6,23922.5,-42.179,7.92503
11513.4,10331,73037,5658.75,4911,75514.5,20614.7,50.8253,7.92503
15334.8,14032,71620.7,8926.5,8372,69876.6,17409.3,112.006,7.92819
9776.65,9613,66651.7,2926.5,2861,67036.4,10474.7,41.7463,7.93031
14282.4,12024,77845.5,8986.5,7752,75972.6,25925.3,186.506,7.93242
11252.8,10651,69238.9,5880.75,5755,66968,16721.8,-59.9684,7.93242
13059.8,12490,68525.8,8051.25,7790,67733.9,14775.6,-34.0953,7.93559
11789,11004,70211.5,5937,5592,69579.3,6753.21,-56.1538,7.93664
22203.3,18616,78165,12783,10984,76269.7,33535.9,101.94,7.93664
5986.5,5680,69072.4,2863.5,2688,69814.9,9763.23,-68.3069,7.9377
10312.3,9565,70655.9,4806.75,4541,69371.3,7198.21,-50.1505,7.93875
14304.5,13113,71491.1,9345,8749,70000.4,8947.55,52.9837,7.93981
6734,6519,67697.4,5030.25,4675,70516,15794.4,15.7464,7.94298
12051.6,11549,68388.3,6009.75,5757,68413.2,12830,-86.4822,7.94403
11609,10749,70779.4,7830,7273,70555,15345.8,-54.7567,7.94509
9187.75,9157,65756.1,3087,3061,66092.7,14272.7,-2.25639,7.9472
13085.1,11876,72208.5,10649.3,10004,69763,9336.45,-76.8909,7.9472
17804.1,16538,70553.4,10164,9402,70847.5,10034.6,4.78288,7.9472
10532.6,10040,68751.4,3541.5,3404,68183.2,15729.3,-3.17113,7.95143
13966.5,13165,69526.2,6423.75,6105,68957.7,15077.6,76.8334,7.95354
16082.3,14184,74306.9,11958,11176,70121.6,16566.8,62.1574,7.95459
6214.65,5860,69502.3,2811,2624,70206.4,14606.6,-120.089,7.95565
11944.4,9725,80492.4,8727,7405,77236,48656.8,20.5314,7.95671
6522.1,6221,68708,2965.5,2861,67929.7,8717.67,-40.7476,7.95776
13056.5,12290,69623.6,4644.75,4470,68098.1,14911.1,-13.4604,7.96199
13055.3,12101,70704,9267.75,8641,70289.5,13286.2,-8.23932,7.96304
11263.2,10826,68182.6,3048.75,2970,67273.7,16131.5,30.3538,7.96304
18739.5,16689,73588.1,11181.8,10337,70891.7,9085.81,130.379,7.9641
13250.3,12396,70052.3,2679,2552,68797.4,10905,-9.00983,7.96515
7952.1,7557,68962.4,2782.5,2705,67413.6,22412.1,-33.5223,7.96621
7382.7,6893,70191.9,3843,3741,67322.9,15878.4,-28.9767,7.97043
6462.3,6137,69009.8,2302.5,2269,66503.6,16624,32.9152,7.97043
9949.55,8988,72547.1,5417.25,4936,71925.6,11589.7,143.184,7.97149
11191.7,10076,72792.7,4939.5,4620,70068.2,9116.41,-28.7226,7.97149
12422.1,11864,68619.2,5931,5852,66420.7,9138.46,-5.50344,7.9736
9408.1,8776,70256.3,6141,5852,68772.5,24180.1,-37.0287,7.97677
15730.6,14549,70858.8,9977.25,9665,67653.3,21821.7,-23.1801,7.97888
11314.5,10716,69196.6,4344.75,4140,68777.2,20780.1,82.6391,7.9831
7808.45,7484,68377.1,6906,6472,69930.7,13917.6,-114.903,7.9831
41106,29633,90909.6,29739.8,21317,91430.5,29426.1,198.414,7.98416
11564.8,11004,68875.9,4730.25,4524,68523.8,12726.8,52.8417,7.98416
12676.3,12001,69223.7,5341.5,5041,69442.7,9855.29,77.0296,7.98416
6282.25,6301,65341,2484,2505,64986.6,8467.16,93.4218,7.98416
10870.6,10645,66924.9,4675.5,4629,66194.3,13389.3,50.2368,7.98522
8548.15,8108,69093.7,6972,6312,72388.6,8079.21,122.676,7.98733
20957.9,13504,101711,23895.8,17792,88018.9,15200,155.089,7.98838
6294.6,5961,69203.6,5054.25,4621,71680.4,29036.9,-25.1712,7.99155
10342.8,9140,74160.4,9530.25,8496,73514,17243.4,69.872,7.99472
9716.2,9493,67076.9,2937,2865,67183,16263.8,-71.9912,7.99683
7610.85,7353,67834.2,4252.5,3965,70288,18307.9,48.332,7.99789
28821.6,24316,77679.5,10883.3,9336,76397.3,14594.2,117.272,8.00634
12411.8,12236,66477.3,4530,4492,66090.4,6346.79,59.1015,8.00739
13284,13000,66968,2518.5,2488,66339.4,8802.36,31.4892,8.00845
10646.3,9825,71014.7,6969,6417,71173.5,19393.7,-118.549,8.0095
10960.9,9340,76909.7,10474.5,9308,73749.1,7141.16,93.4716,8.0095
11424.4,11172,67016.6,6810,6624,67376.2,12588.3,76.9269,8.01267
18096,17020,69679.2,6163.5,5736,70420.4,18642.8,70.6794,8.01373
8936.2,8737,67030.2,3871.5,3649,69532.1,17660.9,81.0363,8.01795
6725.55,6738,65414.9,2733,2630,68102.6,8307.38,129.548,8.02006
9493.25,8876,70093.5,5848.5,5176,74050.9,26594.6,76.4005,8.02323
5709.6,5777,64771.4,2745,2753,65345.6,12748.9,-76.1591,8.02534
7497.75,6729,73023.1,5463.75,4857,73722.9,15353.9,153.363,8.02851
10507.9,10225,67349.2,5532.75,5173,70093.6,6447.1,25.5577,8.03168
15755.3,13473,76637.9,10433.3,9009,75896.7,10515.4,-4.69518,8.03168
6003.4,6110,64392.6,2892.75,2862,66240.1,13877.8,47.6385,8.03379
7954.7,7772,67076.6,3631.5,3436,69264.8,19644.8,80.1017,8.0359
6912.1,6936,65310.2,1671.75,1688,64905.1,7886.88,46.1436,8.04118
10747.1,9212,76457,9038.25,7900,74978.6,29779.8,157.121,8.04435
22926.1,20137,74613.3,18164.3,16125,73824,20150,92.1227,8.04541
12362.3,11724,69104.3,7134.75,6728,69498.1,17470.4,9.66343,8.04541
11630.4,10745,70936.5,5982.75,5565,70455.6,9075.19,24.5989,8.04752
6596.85,6213,69584.9,3984.75,3733,69955.7,16173.5,-33.2878,8.04857
12318.8,11471,70379.6,6360.75,5963,69907.5,9773.58,67.5727,8.04857
14465.7,13948,67968.7,4401.75,4332,66591.2,14869.9,13.2012,8.05597
10028.2,9188,71529,5440.5,5056,70519.9,15052,77.6943,8.05913
12681.5,11386,72992.7,7172.25,6702,70134.4,17630.9,153.277,8.05913
10201.1,9725,68744.4,5049,4813,68749.5,8678.6,-39.8862,8.06547
12606.8,11564,71445.5,4798.5,4248,74028.8,13584.1,51.9495,8.06547
13895.7,12233,74443.6,8196.75,7005,76685.5,6937.22,-23.4807,8.06547
11924.9,11220,69653.3,7019.25,6448,71342.1,15305.1,46.7248,8.06653
7445.75,7085,68872.9,2751,2605,69209,8282.27,44.4087,8.06653
13616.8,11901,74984.8,6968.25,6105,74802.8,19302.7,44.8546,8.06864
10535.2,9284,74368.3,7639.5,6916,72391.9,21024.3,14.6899,8.06969
7361.9,7012,68806.3,3296.25,3088,69955.6,17927.5,-21.3137,8.07181
17457,12673,90275.8,14988.8,11893,82595,46456.4,-7.7659,8.07497
11317.1,10576,70128.7,5942.25,5444,71534,14496.9,96.6352,8.07709
10877.8,10401,68540,3794.25,3681,67552.3,6668.05,2.3294,8.07709
15004.6,14163,69430.3,8305.5,7987,68149.4,6522.14,105.535,8.08025
6346.6,5893,70580.5,3186,2997,69668.9,8782.7,51.2699,8.08131
18093.4,13844,85652.2,14550,11636,81948.2,35968.3,109.588,8.08237
6913.4,6817,66462.7,3817.5,3765,66449.9,11394.9,194.792,8.08659
12100.4,10869,72960.9,8103,7285,72894.7,23582.7,57.5937,8.09504
15974.4,14353,72939.3,10965.8,9345,76902.2,21520.4,-79.0688,8.09821
12587.9,11808,69864.5,5860.5,5364,71602.1,26034.1,132.322,8.09821
18064.8,15708,75368.9,10972.5,9788,73466.9,14736,267.766,8.09821
7097.35,6840,68001.7,2901,2732,69590,20022.6,56.0075,8.10032
7019.35,7073,65038.9,2148.75,2081,67669.6,12240.7,-107.1,8.10137
13200.8,12621,68546.9,5551.5,5241,69418.6,19994.9,63.7486,8.10243
9364.55,9324,65821,2315.25,2232,67980.4,13338.2,-74.4613,8.10349
11053.9,10482,69111.7,5680.5,5298,70267.5,14533.2,137.054,8.10454
6630.65,6731,64558.9,2902.5,2735,69549.6,9570.72,27.1603,8.10454
13581.7,12985,68547.8,6327,5961,69559.9,12706.6,25.3225,8.10876
7272.2,7172,66451.6,7124.25,6592,70827.5,23684,3.40992,8.10982
10898.5,10483,68133.9,5751.75,5159,73065.8,17436,133.505,8.10982
8578.7,7878,71365,8266.5,7730,70084.5,16739.7,83.6509,8.11299
5458.7,5608,63791.3,2123.25,2056,67679.6,16404.8,7.98348,8.1151
10301.2,10348,65239.6,4465.5,4460,65616.8,11383.2,119.972,8.11721
11296.3,10785,68643.3,5221.5,4901,69821.7,16512.6,20.0194,8.11932
10870.6,10468,68056.5,3822,3668,68287.5,9743.78,38.3338,8.12038
12346.8,11025,73392.9,10977,9941,72365.8,28852.4,-44.0843,8.12355
36441.6,22973,103958,36614.3,24041,99810.8,29647.6,169.166,8.12566
21308.9,19093,73142.2,12358.5,10853,74627,21798,125.601,8.12566
12008.1,11348,69348.2,8432.25,7888,70057.8,8558.59,49.5584,8.12566
11551.8,10968,69024.3,7101.75,6776,68686.6,7007.54,148.517,8.13411
11911.9,9633,81040,8355,7269,75327.2,16432,50.1225,8.13411
11997.7,11552,68064.5,3857.25,3748,67446.3,12036.3,-146.652,8.13728
8952.45,8960,65480.8,3307.5,3316,65368,6538.88,-49.2657,8.13833
16662.1,15394,70934.6,7924.5,7490,69337.8,10605,143.221,8.14467
40349.4,26893,98328.1,39096,28169,90958,15864.7,188.604,8.14572
13685.7,11989,74811,6702,6021,72948.4,27836,-6.20612,8.14995
10322.6,8983,75309.5,5665.5,4983,74512.2,10374.6,-42.5299,8.151
12286.9,11625,69267.7,6907.5,6473,69935.1,17639.8,73.2971,8.15628
12052.9,11164,70754.4,6724.5,5976,73744.5,7868.68,30.6643,8.15945
10324.6,8332,81208.9,9705.75,8312,76525,10480.3,64.9661,8.16895
11718.2,11276,68106.1,9147.75,8616,69580.7,10231.9,120.875,8.17107
16211,14992,70864.7,7754.25,6900,73649.6,19673.3,-62.6594,8.17212
8642.4,8312,68141,2940,2760,69810.1,8099.57,67.6356,8.17635
21769.8,18736,76147.8,12657,11604,71483,25647.6,54.9361,8.17846
8035.3,7314,71999.1,4341,3890,73134.1,10854.8,62.3721,8.18057
8458.45,7229,76681.8,7276.5,6509,73263.6,12742.6,70.0411,8.18796
10380.5,9516,71489.8,6618,5816,74573.1,20714.4,105.862,8.18902
11358.1,10007,74384.4,7178.25,6407,73425,18873.6,91.3107,8.19324
6274.45,6028,68215.4,2813.25,2696,68386.2,7850.35,-1.15503,8.1943
6021.6,5756,68560,3474.75,3355,67875.2,16148.6,-30.7069,8.19641
9107.15,8464,70515.9,2841,2692,69163.4,16182.7,72.4918,8.19747
11610.9,10420,73026.4,6123,5632,71249.5,24804.5,47.2278,8.20697
11782.5,11292,68383,3912.75,3880,66089.2,9303.73,53.8304,8.21014
21726.3,16424,86693.4,19179,15432,81448.6,34697.2,98.456,8.21119
11362,10384,71708.4,5240.25,4900,70086.7,9589.63,7.37961,8.21119
10808.2,9896,71577,6066.75,5532,71871,12835.2,-4.78236,8.21859
12533.3,10965,74909.5,6819.75,6437,69432.8,9085.64,78.7785,8.21964
16923.4,15000,73939.5,10819.5,9704,73069.5,17497.6,26.0024,8.21964
10078.9,9302,71009.5,2898,2770,68564.4,24501.9,-55.9608,8.2207
8860.15,8141,71325.2,3445.5,3225,70016.8,25333.8,-30.1921,8.22281
8086,7477,70873.9,3443.25,3221,70058,7290.22,-100.894,8.22386
9451,8384,73876.5,5295,4724,73457.5,23372.9,90.2816,8.22386
7988.5,7517,69646.7,3682.5,3513,68698.1,12718.7,-64.978,8.22598
7917.65,7558,68654.5,1862.25,1778,68641.4,7589.45,6.59478,8.22703
7071.35,6730,68860,3057.75,3070,65274.5,8416.28,83.1037,8.22915
6860.1,6395,70302.4,2254.5,2155,68561.9,13306.2,20.9999,8.23231
12363,11536,70234.2,6260.25,5856,70060.1,21889.8,32.7174,8.23337
13834.6,13029,69588.2,5924.25,5877,66062.9,16767.5,-59.1101,8.23337
12006.1,11392,69069.1,4185,4064,67487.2,14118.3,-92.5506,8.23442
5794.75,5476,69350.8,2340,2228,68830.5,6558.44,57.3735,8.23548
7616.05,7186,69458,1978.5,1970,65818.8,28976.2,-8.82897,8.23654
9185.15,8083,74472.1,6871.5,6055,74373.4,15174.5,-68.5103,8.24076
8305.7,7891,68980.1,3102.75,3027,67176,10518.9,43.4647,8.24498
13513.5,12233,72396,6411,5821,72178.5,17669.5,158.436,8.24498
12149.1,11676,68191.7,3925.5,3864,66579.1,19353.3,5.29267,8.24604
14530.7,12415,76704.6,8142.75,7371,72397.7,14718.6,10.6269,8.24815
15307.5,12129,82710.2,9860.25,8085,79926,13686,88.9257,8.24921
17147.6,14808,75890.6,8544,7532,74341.4,11838.7,63.1951,8.24921
21864,16711,85744.9,16187.3,13815,76789.5,32244.2,131.228,8.25132
28291.9,22401,82770.3,16695.8,14961,73135,29521.4,28.1305,8.25132
10772.4,9888,71398,4938,4740,68273.6,16338.7,-79.734,8.25238
14204.4,12572,74045.7,6742.5,6056,72965.1,35078.9,37.3817,8.25554
6113.25,5744,69748.9,2292.75,2256,66603.6,14431.4,-53.0024,8.25554
7857.2,7108,72443.6,4779,4432,70667.1,30517.9,12.6131,8.25766
8756.15,8079,71029,5421,4815,73784.1,11251.4,36.5572,8.25977
10918.7,10454,68449.2,6074.25,5830,68281.6,16716.1,-28.1482,8.26082
5740.8,5340,70454.9,2169,2104,67560.6,14580.2,24.3921,8.26505
8897.85,8229,70862.7,4672.5,4469,68520.3,6939.3,-75.0808,8.26716
10736.7,10004,70335.9,4384.5,4276,67198.9,13558.5,-107.15,8.26822
16474.3,15409,70066.6,8233.5,7941,67950,8987.87,-69.9978,8.26927
8890.7,8377,69554.8,5811,5561,68482.2,31886.4,87.3817,8.27033
11229.4,10033,73350.9,9018.75,8353,70759.3,15844.7,95.7245,8.27138
6826.95,6500,68832.5,2450.25,2343,68535.9,7279.85,31.5464,8.27772
9618.7,8740,72124.8,5775.75,5328,71043.5,6562.46,27.2734,8.27878
13929.5,13208,69116,3771.75,3596,68739,21223.5,35.3224,8.27878
10279.8,9601,70169.1,4250.25,4005,69549.2,20472.6,37.0706,8.27983
9811.1,9205,69851.2,6959.25,6485,70328.7,7404.37,58.2017,8.28194
8291.4,7833,69371.3,2667.75,2521,69350.9,8600.31,-125.883,8.283
14714,12769,75518.8,6523.5,5653,75627.8,16879.6,34.6256,8.283
13432.9,12497,70444,7244.25,6641,71489.1,12463.4,90.6916,8.28617
12216.8,11529,69445.5,6074.25,5661,70320.1,10178.9,27.9975,8.28617
9459.45,8500,72933.5,7265.25,6560,72581.6,15210,35.5484,8.28828
13783.2,12621,71571.1,8659.5,7597,74701.7,28630.8,-3.65599,8.28828
10394.1,10088,67524.9,5297.25,4968,69879.3,19231.8,58.6172,8.28934
9187.75,9209,65384.8,4365.75,4285,66771,9865.45,89.9292,8.2925
10539.8,10184,67825.3,4564.5,4280,69892.3,19546.7,-29.1146,8.29356
6305.65,6468,63891,2821.5,2720,67981.6,6479.48,86.6165,8.29673
27560.6,21084,85667.5,16136.3,12824,82463,23956,131.54,8.29778
8303.1,7892,68949.8,6820.5,6148,72704.7,14787.7,1.16426,8.29778
11044.1,10028,72176.9,8013.75,7228,72660.4,8227.87,58.1708,8.29884
13863.8,13372,67946.6,4767,4508,69301.3,7480.15,22.0789,8.29884
24325.6,19166,83178.7,22663.5,18090,82104.8,42235.9,120.533,8.30834
11314.5,11102,66790.7,4991.25,4746,68922.6,7886.8,-69.0964,8.31151
11451,11109,67553.9,5889,5333,72368.6,28394.1,54.8329,8.31362
8676.2,8441,67362.1,3886.5,3661,69572.7,12681.2,-11.6566,8.31362
8271.25,8233,65840.5,4644,4537,67081.6,14196.1,51.9265,8.31468
10440.3,9969,68634.3,5985,5573,70380.9,11841.7,0.414971,8.31573
5919.55,5904,65708.6,3118.5,2980,68581.9,14386.4,63.9593,8.31573
12026.9,11842,66559.5,3051.75,2994,66800.1,11045.7,65.8049,8.31785
7920.25,7553,68722.6,3852.75,3633,69500.1,22356.4,-93.7202,8.32101
9381.45,9229,66618.6,3608.25,3597,65741,8572.83,22.8978,8.32629
7965.75,7337,71152.1,5916.75,5385,72007.5,14797.6,-64.1961,8.33157
13919.1,12274,74319.9,8823,7969,72559.2,10744.8,14.2162,8.33263
33559.5,18004,122159,25450.5,14576,114429,20556.5,128.227,8.33897
9295.65,8312,73291.6,6333.75,5608,74017.2,23919.8,26.6211,8.34108
8599.5,8545,65954,4434,4161,69835.8,10713.4,-85.5426,8.34636
11746.1,11162,68965.7,7413,6638,73187.5,10824.6,10.7732,8.34847
6913.4,7232,62648.9,2873.25,2832,66490.6,12847.6,8.11717,8.34847
14225.2,14092,66155.7,3583.5,3484,67407.7,17485.1,191.983,8.34953
12246.6,12304,65230.5,4215.75,4096,67452,8078.65,-67.3836,8.34953
13062.4,12293,69637.8,9300.75,8545,71332.2,11195.1,-70.0807,8.35586
7558.85,7245,68375,5148,4585,73583.3,30316.6,-9.73934,8.36008
14134.2,13969,66311.3,4773,4657,67168.4,11912.5,104.472,8.36431
15967.2,15204,68825.9,9141,8372,71555.7,13552,-11.6893,8.36537
10504,10027,68653.7,4610.25,4296,70329.9,6736.85,76.2868,8.36642
12711.4,12321,67612.6,4989.75,4833,67661.6,7915.18,-58.7775,8.36642
14166.7,13113,70802.4,5078.25,4701,70795.2,13785.3,112.142,8.37276
5516.55,5037,71775.4,4074,3661,72929.2,22785.4,-103.196,8.37381
6039.8,5905,67032.1,2532.75,2405,69017.2,18029.6,-48.8376,8.37381
12361.7,11015,73548.5,4425,3923,73922.2,10444.3,74.4275,8.3812
16268.2,14051,75877.4,10151.3,8867,75027.9,18402.8,-9.2916,8.3812
12912.3,11945,70842.8,3491.25,3321,68895.7,20352.1,-117.725,8.39071
8932.3,7904,74062.1,7023.75,6240,73767.4,12310.1,67.4774,8.39071
13901.5,12765,71371.1,7035.75,6717,68646,7592.77,172.575,8.39388
20477.6,18301,73330.4,8605.5,7913,71271.3,11105,65.8027,8.39493
34442.2,22736,99278.9,21906,15588,92098.5,69699.9,149.601,8.39704
30057.3,22497,87559.9,20411.3,16149,82833.1,7205.13,1.44922,8.3981
9815.65,8790,73183,3306,3269,66277.8,7872.27,-38.9959,8.40127
7268.95,6189,76971.7,2205.75,2089,69198.7,16275,169.668,8.40232
11163.1,9649,75819.8,3752.25,3537,69524.3,17633.6,57.8173,8.40444
10854.3,9252,76886.1,6702,6272,70029.1,16783.7,42.3692,8.40444
14909.7,13018,75059.3,7141.5,6750,69337.1,15612.8,70.7933,8.40549
13351,11773,74320.1,5751.75,5481,68773.3,6659.32,61.6697,8.4076
10546.3,8541,80922.5,6574.5,5945,72475.4,17825,-23.8899,8.40866
14656.2,12345,77805.5,13430.3,12141,72495.3,13457.2,116.454,8.40866
14756.9,12825,75408.3,4314.75,3885,72785.4,18822.5,-60.0474,8.40972
26040.9,23708,71985,9611.25,8748,72003.1,20340.9,131.676,8.40972
15923.7,13612,76665.9,10451.3,9132,75003.6,20458.4,171.231,8.41288
12296,10684,75424.4,6699.75,6184,71001.8,24568.6,61.8567,8.41394
13382.2,11905,73667.9,7337.25,6917,69517.7,11601.4,31.384,8.41922
7994.35,7285,71917.3,4956.75,4625,70236.9,14114.5,14.9496,8.42133
50546.6,24648,134397,50024.3,31708,103393,46293.2,211.54,8.42133
22132.5,19964,72654.6,13611.8,12476,71502.1,9311.59,49.5301,8.42239
14212.9,13877,67122.3,7731,7141,70950.7,16662.4,-41.0462,8.42978
11347,11055,67267.3,5024.25,4779,68899.2,6690.34,121.009,8.43506
8245.25,8252,65482.4,3782.25,3624,68397.8,15529.5,71.6564,8.43717
15629.2,14164,72315.6,12666,11200,74114.2,11050.2,75.2647,8.43823
7679.75,7605,66180.2,4620,4241,71392.7,18426.9,60.3675,8.43928
8618.35,8496,66479.8,4260.75,4000,69808.1,8097.41,48.7157,8.43928
20030.4,15300,85798.2,13395.8,10496,83641.8,17800.9,111.131,8.44139
15195,13760,72370.8,9273,8048,75511.4,9688.31,46.9359,8.44773
13192.4,12672,68227.4,5962.5,5520,70789.6,17498.9,90.5024,8.44879
10247.9,9760,68812.1,6423,5860,71832.4,27591.9,87.5431,8.45301
12837.5,12592,66813.7,5286.75,5040,68744.5,7715.7,39.27,8.45618
13455,12365,71313.1,5865,5421,70903.6,13554.8,151.711,8.45618
12140.7,11860,67087.1,6963,6384,71479.8,22527.8,-36.1066,8.46146
9244.3,9532,63558,4638.75,4504,67496.7,11249.8,-51.1628,8.46146
13711.1,13464,66738.8,7455,7020,69597,9253.41,9.97224,8.46779
11561.5,11401,66458.9,3988.5,3705,70550.7,9471.65,28.024,8.46779
6579.3,6910,62399.6,3792,3710,66984.5,14048.2,-34.928,8.46779
8120.45,8172,65122.6,3333,3148,69387.4,13634.1,10.6676,8.46779
13430.3,13352,65920.3,4887,4712,67970,9987.71,-88.9554,8.47096
9215.05,9126,66175.5,5620.5,5078,72537.4,10856,119.132,8.47307
10663.9,10469,66756.1,4806,4497,70039.1,11595.5,11.6042,8.47307
4876.95,5149,62073.4,2145,2077,67681.6,10679.3,-99.3013,8.48152
9079.2,9228,64479.2,3525.75,3468,66627.3,8780.76,101.15,8.48152
8005.4,7885,66536.7,5674.5,5161,72056.6,29831.4,16.0789,8.48258
13863.8,12492,72733.1,9240.75,8264,73281.9,15991.8,76.799,8.48469
26789.7,17714,99113.3,31559.3,23926,86444.3,43459.8,157.467,8.48469
8463.65,7673,72289,4702.5,4221,73011.9,10532.3,34.8642,8.48786
18249.4,17497,68354.2,5991,5785,67869.7,8224.43,-52.7691,8.48786
9112.35,8297,71976.3,5408.25,4873,72734.5,11537.4,-37.4136,8.49314
7570.55,7221,68708.4,3075,2913,69180.6,9532.48,-62.2782,8.49419
6026.15,6038,65407.4,2424,2326,68297.2,6416.19,90.0589,8.49525
18016.7,13204,89423.1,11587.5,8400,90404.6,20132.9,161.783,8.49736
8601.45,7530,74861.2,4832.25,4238,74725.4,16416,-35.8769,8.50158
14316.9,13334,70366.9,5878.5,5638,68331.6,6386,101.24,8.50686
8778.9,8205,70119.9,4287,4153,67650.6,20994,36.191,8.50792
16073.2,14436,72968.5,6133.5,5600,71779.5,21003.1,-18.8493,8.51003
13166.4,12336,69947.6,7012.5,6644,69170.9,15563.4,-1.44489,8.51214
10686,9539,73416.3,7960.5,7171,72751.3,21421.5,-80.7851,8.51426
8277.75,7692,70526.6,2763.75,2584,70094.9,23861.1,73.0633,8.51531
14363,11257,83618.8,8169.75,7161,74767.9,7997.88,46.1394,8.51848
9225.45,8311,72746.8,3213,2951,71354.5,14416.5,18.3782,8.52059
13219,11828,73243.5,6543,5988,71610.2,33035.3,26.2785,8.52376
7933.25,7407,70192.2,3295.5,3179,67937.7,19499.6,-4.17282,8.52482
6591,6076,71090.8,2101.5,2044,67379.6,6507.91,42.7554,8.52482
5919.55,5341,72635,3043.5,2857,69814.1,10738.4,117.416,8.52482
8630.7,7651,73927.8,5287.5,4935,70217.1,6352.01,50.5013,8.52693
12418.3,11061,73577.7,2550.75,2373,70445,11317.8,40.8547,8.52798
17867.2,15656,74792.1,14502.8,13532,70237.4,7936.19,12.6017,8.52798
13101.4,11976,71694.5,5154.75,4904,68887,8934.31,85.6642,8.52798
10203,9528,70179.2,3301.5,3196,67699.3,6502.7,-38.0844,8.53115
13114.4,12413,69239.1,7051.5,6845,67513.1,9456.77,89.0846,8.53221
19752.8,17785,72787.3,11967,11257,69669.5,7894.38,1.42332,8.53326
22961.3,19314,77911.8,16926,14550,76238,22632.1,106.649,8.53432
10878.4,10035,71044,9823.5,9251,69591.7,15377.4,194.642,8.53537
10868.6,9747,73077.6,6942,6339,71770.1,28672,-65.5775,8.53643
10117.3,9438,70252.6,6365.25,5786,72097,17013.7,-61.6994,8.54593
10111.4,9661,68591.3,5214,4829,70761,17983.1,-22.1758,8.54805
9430.2,9068,68153.7,4138.5,3916,69259.6,14341.4,63.961,8.5491
5205.85,5100,66896.2,2451,2348,68410.9,12138.1,52.8638,8.55333
11690.9,11005,69620.6,3576,3401,68908.2,9976.15,-183.555,8.55861
9833.2,8625,74716.3,6842.25,6213,72173.5,17291.5,69.0102,8.56072
10031.4,9297,70713.2,5565.75,5109,71395,13342.4,19.2786,8.56283
9658.35,9485,66733.8,3916.5,3785,67812.9,9485.17,126.064,8.56389
7599.15,7457,66785.3,2652,2533,68614.9,11878.3,-15.9264,8.56389
14248.6,13370,69842.9,5130,4734,71018.1,6716.65,-112.052,8.56917
10940.8,10564,67873.6,5322.75,5040,69212.6,22012.7,184.933,8.57128
19956.9,16539,79079.7,19115.3,16207,77296,36357.4,442.394,8.57445
6761.3,6469,68497.2,3903,3781,67650.6,12529,77.7891,8.5755
8347.3,7813,70017.7,3241.5,2977,71358.7,19731.4,-58.3615,8.57867
7034.95,6501,70918.7,2651.25,2549,68164.9,10575.6,55.5026,8.58184
16576.9,15381,70631.8,7480.5,7077,69272.6,14962.5,151.658,8.58501
9287.85,8984,67752.5,2929.5,2860,67128.6,21140.4,-99.6945,8.58712
5879.25,5148,74845.1,6477,5660,74995.9,18264.5,20.8136,8.58817
11433.5,10536,71118.6,4945.5,4616,70214.1,9097.86,-57.9619,8.58923
11150.1,9953,73418.4,5174.25,4725,71767.1,10919.1,-43.4104,8.59345
5591.95,5196,70530,1479,1448,66939.1,7767.85,-1.15193,8.59662
7325.5,6524,73587.4,3182.25,3000,69517.3,21293.5,14.6798,8.59768
6582.55,5751,75012,2369.25,2227,69722.1,8264.97,27.2094,8.59768
5512.65,5232,69051.4,1866.75,1828,66925.2,17197.6,-28.1663,8.6019
12835.5,11333,74224.9,6678.75,6325,69201.4,6504.5,101.236,8.60612
8490.3,7505,74139.9,3195.75,2977,70351.6,11092.3,-6.43686,8.60929
8756.15,8008,71658.7,3943.5,3820,67654.8,12557.8,64.8881,8.6114
11995.8,10815,72691,6310.5,5759,71811.9,8913.24,41.805,8.61246
8310.25,7423,73369.3,3384.75,3343,66354.5,9838.1,-39.9297,8.61457
19188.6,16608,75719.4,18804.8,17584,70085.8,34861.6,7.28985,8.61563
11796.8,10351,74690.2,5234.25,4795,71539.5,6738.38,40.1668,8.61563
6887.4,6262,72081.2,2788.5,2694,67834.9,10282.4,64.1136,8.61774
11741.6,10565,72834.6,4179.75,3969,69015.9,6810.71,27.264,8.6188
7766.2,6958,73148.3,2488.5,2446,66674.7,8778.99,86.5301,8.61985
10641.1,9803,71139.3,4085.25,3963,67557.6,9168.94,24.5954,8.61985
11938.5,11312,69165.9,4235.25,4096,67764,18238.4,-25.6254,8.62196
7995,7673,68286.2,2095.5,2089,65739.9,11603.1,1.28394,8.62408
5646.55,5040,73423.1,2194.5,2096,68615.8,14659.9,13.2091,8.62513
14281.8,13438,69651.1,3385.5,3230,68691.1,21767.1,55.942,8.62724
9997.65,8241,79505.6,6967.5,6113,74696.9,22950.4,84.2775,8.62724
10723,9981,70408.4,4319.25,4173,67832.8,12955.7,-101.107,8.63358
8043.75,7939,66400.7,2591.25,2599,65340.6,15805.9,49.286,8.63675
15490.1,12088,83981,11766.8,9880,78051.2,13927,23.5566,8.63886
5786.3,5280,71820.3,2748,2608,69054,17973.9,33.7245,8.6452
5411.25,5169,68607.4,2094.75,2005,68469.6,9174.62,19.4352,8.64731
6559.15,6281,68438.2,1850.25,1837,66008.7,19586.7,-5.8961,8.64731
9525.1,8872,70360.3,4039.5,3832,69084.7,11236.3,46.8777,8.64731
15812.5,13616,76108.4,11104.5,9600,75806.7,6445.84,-39.8022,8.64836
13481.6,11580,76298.2,11508,10508,71772.8,8867.78,38.3667,8.64942
11908,10761,72521.4,7176,6393,73562.7,20083.1,49.9852,8.65364
13449.1,12085,72933.7,7759.5,6737,75482.6,30901.9,147.619,8.65576
11152,10485,69705.4,6600,5893,73398.5,18183.3,-30.7834,8.65576
9673.3,9082,69802.8,4276.5,3934,71241.7,11748.8,17.6185,8.65787
6296.55,6236,66172.3,3352.5,3256,67478.3,7932.31,85.7019,8.65892
15019.5,14009,70263.5,13014,12093,70527.2,14169.6,-51.2725,8.65998
10491,9959,69036.9,5244,5011,68583.3,15320.2,1.14425,8.66315
7656.35,7089,70781,5922,5333,72774.1,11700.6,46.8603,8.66526
12580.8,10768,76568.7,7074,6224,74486.1,20423.5,-66.1275,8.66632
12860.3,12012,70163.9,4676.25,4348,70483.6,14355.4,-76.2195,8.67054
26978.9,18420,95987.5,24822.8,16416,99097.4,56460.4,280.818,8.67054
8669.7,8409,67567.8,4399.5,4249,67857.3,21131.4,25.0059,8.67159
11935.9,10660,73380.3,8419.5,7652,72109.3,15406.5,-143.339,8.67793
6229.6,5849,69800.5,3345,3145,69703.6,17439.4,-85.7954,8.67793
11250.2,10385,70996,4890.75,4545,70521.5,16038.8,35.5172,8.67899
8647.6,8076,70174.5,5512.5,5016,72023,16787.6,-102.111,8.68004
17212.6,13993,80615.2,12664.5,10073,82396.6,26499.8,44.5841,8.68004
7655.7,6965,72035,3585,3349,70154.2,13038.8,-81.33,8.68638
7698.6,6824,73935.4,3563.25,3372,69253,10008.4,-94.1161,8.68743
11640.2,10516,72542,7623,6916,72235.5,18178.5,71.5568,8.6906
29488.5,23725,81456.8,11213.3,8893,82634.8,20064.7,27.6259,8.69377
11419.8,10760,69555,6340.5,5752,72241.1,8240.97,-17.5097,8.69588
4956.9,5008,64867.3,2766,2628,68977.4,8106.8,97.7353,8.70222
6845.15,6969,64371.3,3300,3165,68331.4,19720.9,155.779,8.70327
14621.7,14016,68368.4,7120.5,6768,68949.3,10400.3,115.709,8.70855
10058.1,9889,66656.6,6087,5857,68109.5,15434.2,1.13996,8.71383
7809.1,6937,73775,8494.5,7469,74534.1,18333.8,25.971,8.71489
14792.7,14129,68614.5,5277.75,4993,69273.5,13934.7,39.0363,8.71595
8326.5,8078,67552.1,5121,4878,68800.7,8771.44,-20.1096,8.717
10613.2,10488,66318.3,3285.75,3128,68841.1,12491.7,48.5505,8.71806
9347.65,8820,69456.6,4983,4640,70380.6,14191.1,31.2867,8.72017
13026.6,11760,72594.8,7731,6832,74159.7,27847.6,-19.1066,8.72123
10470.8,10114,67848.3,4887,4578,69959.5,12015.3,5.56845,8.72756
10410.4,9890,68984.4,4659.75,4230,72194.2,13323.7,81.1993,8.72862
6875.7,6569,68595.8,3017.25,2809,70394.6,8065.96,-50.1831,8.73073
16382.6,13309,80671,10467,8793,78012.7,11241.8,44.2975,8.73812
6978.4,6903,66251.8,3111.75,3063,66579.1,16523.8,20.019,8.74129
9114.3,8952,66724.2,5734.5,5400,69595.6,9525.69,18.562,8.7434
9716.85,8796,72396.9,8776.5,7884,72954.9,28377.9,141.694,8.74446
15652,13969,73431.8,8042.25,7509,70190,37319.5,14.9375,8.74657
6087.25,5812,68639.7,2615.25,2480,69110.1,13329.2,60.5591,8.74762
16188.9,14339,73990.9,10224,8867,75565.6,7638.85,-45.8671,8.74974
7532.85,6346,77792.8,6479.25,5726,74157.2,29993,101.213,8.75185
14149.8,12844,72199,8490,7644,72789.2,13555.1,-57.2694,8.75396
7466.55,6732,72686.8,7011,6200,74108.5,16691.9,99.1327,8.75713
12073.1,11050,71603.9,5592,5114,71661.6,7897.34,10.8832,8.75713
10112.7,8597,77090.4,6799.5,5969,74654.4,22445.9,63.6564,8.75818
28089.1,19556,94132.1,26774.3,20564,85327.6,46285.5,214.121,8.75924
9945.65,9613,67803.8,4425.75,4269,67942.4,10101.8,62.4004,8.75924
18662.1,16120,75871.1,13667.3,11544,77589.8,26100.8,142.639,8.76558
7050.55,6547,70576.6,3556.5,3299,70651.3,21227,-32.6177,8.76558
10964.2,10116,71031,2746.5,2580,69765.4,8542.54,71.059,8.76663
6296.55,5632,73268.9,4384.5,3972,72342,33618.4,-22.7634,8.7698
15329.6,14226,70620,11320.5,10018,74056.7,27894.3,50.5517,8.77085
15291.2,14249,70329.7,6126,5737,69979.7,6974.36,25.5379,8.77191
10049,9481,69462.2,5724,5181,72404.6,16328.1,126.666,8.78247
6848.4,6985,64254.4,2726.25,2749,64993.6,9086.21,0.518527,8.78353
10186.1,9624,69364,7242,6732,70500.9,14003.9,90.6337,8.78353
11695.4,9936,77141,7665,6564,76528.6,16416,0.243063,8.78881
15010.4,13565,72519.3,12919.5,11673,72534.3,26609,21.36,8.78986
10906.3,10493,68117.7,7552.5,7353,67314.1,12880.6,-36.6041,8.79092
12991.5,12244,69537.3,6195,5748,70632.5,11986.7,140.59,8.79092
11131.3,10359,70421.6,6161.25,5703,70802,12428.6,138.853,8.79197
11999.6,11025,71329.6,7593.75,6853,72619.9,20659.8,41.3636,8.7962
6432.4,5616,75063,3237,2948,71960.7,8090.85,-7.18407,8.79725
8892,7725,75436.4,5662.5,4909,75595.4,16625,56.9952,8.80042
10372,8841,76885.3,6930,6345,71578.3,11324.5,23.6544,8.80253
16570.4,15220,71350.9,4629,4320,70223.6,13640.8,2.06736,8.80676
14792.7,13356,72585.7,9140.25,8536,70175.2,9279.1,-1.20872,8.80676
11146.8,9616,75969.2,6984.75,6272,72983.5,40080.2,194.574,8.80887
9171.5,7840,76666.3,7940.25,7280,71479.7,41978.7,164.402,8.81098
18850,17092,72276.7,11187,10240,71596.8,8007.85,159.659,8.81098
9061.65,7916,75020.8,3973.5,3692,70532.9,12834.3,-3.06233,8.81098
13356.2,11940,73309.2,4989,4640,70465.3,10293.2,86.4732,8.81204
6813.3,6429,69453.5,2002.5,1981,66247.3,10768.9,-58.8847,8.81943
10925.8,10197,70220.3,3609.75,3397,69640.4,6344.09,-78.4984,8.82049
7717.45,7090,71335.8,4886.25,4642,68984.3,9216.7,-70.8664,8.82049
13331.5,12737,68594.9,5019,4805,68454.8,21010.6,25.8704,8.82154
8994.05,8785,67095.5,3627.75,3473,68456.2,11841,35.675,8.82471
20059,17716,74203.4,8679.75,7652,74338.2,17115,35.4768,8.82999
20684.9,17881,75812.8,12075.8,10557,74964.1,12202,23.6214,8.83105
13298.3,11448,76128.6,8506.5,7384,75498.6,17543.2,-35.0593,8.83421
12298,11523,69943.7,3212.25,3059,68819.2,10217.9,46.056,8.83421
10149.1,9672,68768.8,6779.25,6524,68100.1,29210.5,59.1022,8.83527
12375.3,11561,70152.3,4671,4425,69179.4,15987.2,42.3992,8.83844
10535.8,10154,68000.5,4528.5,4298,69050.7,7858.77,5.72466,8.83949
11011,10529,68536.1,5196,4885,69708.3,22046.2,27.5515,8.84055
11674.6,10922,70052.2,5130,4682,71806.9,16722.1,-63.4084,8.84161
20969,18212,75457.1,15634.5,13396,76487.2,24092.4,7.69457,8.84161
13644.8,11701,76423,16620.8,15025,72496.3,24895.7,113.444,8.84372
14680.9,13748,69983.1,8314.5,7652,71210,10354.8,-111.329,8.84477
6612.45,6272,69093.4,3849.75,3616,69772.5,11695.6,7.30046,8.84477
10491,9700,70880.2,5523,5136,70474.2,10235.2,-35.6447,8.84583
14866.1,13645,71401.1,7887.75,7545,68513.1,21831.3,148.82,8.85005
5696.6,5265,70908.3,1968,1925,66999.9,9736.32,-42.5059,8.85111
8750.3,7993,71745.2,4018.5,3897,67579.3,9894.13,52.0882,8.85216
9904.05,9028,71895.4,3633.75,3488,68274.5,9150.61,-51.9439,8.85322
19202.3,16246,77461.6,7871.25,6674,77292.5,15962.8,2.8401,8.86167
9211.8,8128,74274.7,3204.75,3104,67663.2,10832.9,-79.5271,8.86272
20926.1,17759,77223.5,12129,11147,71309.4,29227.4,1.48159,8.86589
10036,9193,71545.7,3160.5,3177,65195.6,13203.8,-53.8162,8.86906
24143.6,21164,74762.6,12244.5,11388,70465,21180.6,117.884,8.86906
18169.4,15880,74984.4,7318.5,6988,68635.5,13155.4,-13.3944,8.87117
15809.3,13293,77941.6,8604.75,7677,73455.9,19246.4,19.0567,8.87223
8615.75,6715,84086.6,6166.5,5467,73921.3,17844.6,19.1094,8.87328
18612.8,14732,82799.7,13975.5,11912,76888.7,30182.8,163.126,8.87328
24345.8,20413,78162.1,18951,16717,74294,18114.7,89.6192,8.8754
10326.5,9240,73242.5,3373.5,3256,67901,10536.5,65.824,8.8754
10052.3,9248,71235.3,4262.25,4228,66066.9,12921.4,21.8744,8.87751
16893.5,14365,77071.5,9635.25,8457,74666.6,12745.7,-28.859,8.87962
14437.8,12288,77001.6,9339.75,8480,72180.4,15715.9,111.209,8.88173
12207.6,11425,70025.4,4101,3989,67376.1,15772,5.42726,8.88384
25405.9,19844,83904.5,11758.5,9680,79608,20119.3,100.724,8.88384
12248.6,11305,71006.1,5460,5321,67248,9745.93,-85.5063,8.88384
12479.3,11130,73481.3,6334.5,5930,70006.4,9660.67,-34.7631,8.8849
5422.3,5200,68337.7,2986.5,2816,69504,8927.5,68.4645,8.88912
18228.6,17213,69402.8,5451,5385,66339.2,10996,15.0668,8.88912
13662.3,12438,71987.1,8739.75,8242,69493.8,6902.66,-40.6794,8.89229
9969.05,9472,68975,4377,4144,69220.8,8857.6,159.627,8.89229
22634.3,18288,81111.2,7239.75,6000,79077.4,20150.1,109.323,8.89335
9161.1,9124,65802.5,3072,2980,67559.3,10287.7,18.5334,8.89546
13061.1,12515,68395.7,4845,4675,67919.1,7980.97,-56.1999,8.89652
12160.2,10644,74871.4,7343.25,6800,70771.7,23521.8,-30.124,8.89968
11195.6,10805,67905.1,4574.25,4309,69570.2,9766.32,73.593,8.89968
10539.8,8739,79040.3,6294,5495,75065.3,11900.7,47.7128,8.89968
6619.6,6671,65031,2594.25,2523,67386.8,7405.73,-29.5183,8.90602
11328.2,10652,69696.3,5433.75,5064,70321.1,13896.1,97.5178,8.90813
7124,6933,67341.5,5817,5457,69859.4,14482.7,140.496,8.90919
13492.7,12532,70560,7591.5,6916,71937,13734.7,-97.6962,8.91341
19897.8,18936,68864.7,8469,8012,69274.1,8812.65,-55.3712,8.91552
19396,18013,70567.7,8747.25,7961,72008.5,18011.3,-9.67689,8.91869
9876.75,9173,70563.9,7997.25,7061,74225.7,29367.8,43.6163,8.93136
10655.4,10081,69270.5,7083.75,6449,71986.5,14018.9,-7.40685,8.93242
11839.1,10721,72370.8,10413.8,9205,74141.8,32981.4,24.5605,8.93453
13572,12556,70839,5688,5356,69598.4,10699.6,79.5779,8.93664
13064.3,11949,71653.3,7759.5,6813,74640.6,22313.1,162.561,8.93664
15127.4,14584,67978.1,5643,5448,67881.7,14323.6,-9.9983,8.94087
11760.4,11216,68717.3,4245.75,3988,69771.7,14324.2,54.5017,8.94192
12053.6,11356,69561.9,5538,5308,68375.7,9369.47,155.308,8.94298
12504.7,11601,70641.1,4583.25,4261,70492.3,9586.04,-57.1203,8.94298
15592.8,14688,69573.3,9385.5,8996,68373.5,20814.7,134.238,8.94403
9634.3,9517,66343.8,3831,3705,67764.8,21147.8,-18.8548,8.94509
12914.8,12556,67409,6275.25,6072,67729.7,25398,80.7455,8.94615
12055.5,10965,72054,7275.75,6501,73346.2,10956.6,-25.3518,8.94931
16205.1,15593,68108.8,6309.75,6201,66685.3,10495.7,167.306,8.95143
9738.3,9118,69994.4,4266,4058,68895.2,21452.9,143.674,8.95565
12816,12204,68822.7,3995.25,3772,69414.8,15167,38.99,8.95671
10043.1,9215,71425.7,4830,4559,69431.6,7696.69,-64.7893,8.95671
12214.8,11708,68372.8,4569.75,4412,67879.2,9571.41,9.96029,8.95671
6940.05,6656,68332.8,3240,3056,69481.9,10127.2,-61.4406,8.95882
14582.1,13660,69959.9,4950,4700,69022,11714.4,-1.30024,8.95987
6803.55,6545,68124.9,2800.5,2705,67849.8,12857.9,-34.8832,8.96199
8388.9,7984,68859.6,3277.5,3008,71407.7,15379.1,-31.538,8.9641
10634,10010,69621.4,5589,5210,70303.4,8462.61,31.502,8.96515
8587.8,8401,66993.2,3332.25,3173,68825.2,13141,193.866,8.96621
14324,12981,72316.5,9616.5,8865,71091.6,18728.7,-50.5839,8.96727
6494.8,6030,70587.6,2554.5,2442,68555.2,6428.47,104.678,8.96832
30334.8,24416,81423,19681.5,15632,82513.2,13258.8,157.742,8.97043
13591.5,13468,66137,5758.5,5644,66865.5,9280.87,58.1312,8.97149
13552.5,13208,67245.4,3342,3256,67267,9816.08,61.5511,8.97149
9248.85,8620,70317,7737,7016,72270.8,11692.8,67.5006,8.97254
10061.3,9734,67739.9,3789.75,3558,69804.7,23104.4,-16.3483,8.97254
15281.5,14320,69936.3,7220.25,6740,70205.7,26375.5,-118.811,8.97571
7521.8,7181,68646.2,4175.25,3853,71017.2,12015.9,-10.7716,8.97571
21966.8,20074,71715.3,11669.3,10954,69815.2,13895.6,-31.4822,8.97677
20066.8,18644,70537.3,11901,10800,72217,10070.9,19.4015,8.97994
11622,10406,73194.3,9038.25,7778,76154.6,21408.4,67.1354,8.9831
11509.5,11061,68193.6,4836,4693,67532.9,7570.67,-46.7245,8.98522
12520.3,10850,75624.9,6059.25,5462,72702.1,25177.5,53.2338,8.98522
6067.1,5751,69138.1,2544,2371,70317.8,13964.5,-21.1648,8.98944
12275.9,11801,68173.3,3669,3549,67751.9,8349.57,28.9262,8.9905
6819.15,6650,67203,2898.75,2750,69080.9,18663.1,-54.8814,8.99261
6989.45,6743,67931.3,2834.25,2691,69024.7,23845.5,-26.6961,8.99578
12400,11953,67987.1,6792,6321,70419.3,16247.4,-2.3306,8.99789
11575.8,11044,68692,5100,4836,69113.6,8387.09,10.8648,9.00211
10715.9,10333,67964.5,4081.5,3881,68921.7,26200.3,37.7154,9.00317
7495.8,7248,67776.6,3430.5,3328,67554.5,10778.3,79.5749,9.00739
6414.85,6136,68514.3,2781.75,2632,69264.7,14071.3,73.4312,9.00739
13596.7,12157,73297.1,11595.8,10585,71794,6348.15,60.8214,9.00739
19214.6,16637,75689.8,11149.5,8797,83061.7,19281.4,-4.72462,9.0095
12205,11223,71270.6,8148.75,7383,72333.3,38506.9,48.4329,9.01162
11653.2,11579,65956,4105.5,4079,65961.8,13653.5,-68.4531,9.01267
11954.1,11485,68213.1,4717.5,4445,69553.7,9912.33,112.287,9.01478
5927.35,6036,64356.3,3097.5,2912,69710.8,12019.7,87.2683,9.01584
10849.8,10753,66126,4188,4081,67254.3,13006.5,-17.6888,9.01901
7286.5,7329,65156,2630.25,2529,68159.8,16259.8,11.4289,9.02006
12147.8,12320,64620.3,4344,4352,65415.5,10255.5,115.715,9.02006
13475.8,12659,69764.6,7590,7091,70147.8,8177.95,89.9927,9.02429
13902.2,12776,71313,10764,9916,71140.5,9524.74,47.802,9.02534
7093.45,7372,63059.7,3762.75,3576,68958.5,13403.9,-169.064,9.0264
8767.85,8988,63930.8,3856.5,3720,67940.8,10626.3,-3.83935,9.0264
9664.85,9768,64843.9,8854.5,8216,70629.1,12899.5,-21.1248,9.0264
8265.4,8473,63930.3,5294.25,5069,68448.2,10563.3,-21.037,9.02746
15757.9,15680,65861.8,7643.25,7408,67617.2,20219.6,148.02,9.02851
14149.8,13741,67486,9570,8809,71197.6,7897.83,-21.7968,9.02957
12283,11712,68731.4,7522.5,6960,70832.6,6427.01,95.2185,9.03062
5233.8,5758,59569.7,2704.5,2634,67290.1,9484.8,-101.836,9.03062
8064.55,8508,62120.2,3635.25,3592,66325.1,15091.5,8.89284,9.03379
12045.1,11875,66475,4996.5,4695,69744.5,8966.35,43.523,9.0359
15923,15416,67691.6,7510.5,7036,69955.7,16880.5,32.9056,9.03802
12665.9,12452,66661.8,4942.5,4768,67934.5,7060.77,121.855,9.04224
6932.9,6772,67093.1,3288.75,3104,69436.7,8620.12,58.156,9.05069
25999.3,18517,92017.8,33315.8,24913,87640.2,29012.6,76.3097,9.0528
7892.3,7787,66422.2,2607.75,2543,67204.7,9639.02,89.0778,9.0528
10437,9841,69505.4,4737.75,4469,69477.1,26370.6,28.249,9.05808
13468.6,12701,69497,5871.75,5561,69198.2,7161.11,25.5309,9.06125
28490.1,20540,90902.2,23514,18344,84006.4,22105.2,147.089,9.06125
8013.2,7676,68414.9,6377.25,6076,68785.3,11020.2,111.386,9.06441
12018.5,11560,68135.3,6354.75,6044,68905.5,12253.1,49.4195,9.06547
11248.9,10737,68660.5,6460.5,6165,68677.3,8804.44,95.9891,9.06653
5458.7,5264,67960,2390.25,2256,69435.9,8085.91,-73.4039,9.06969
14339,13581,69193.8,4897.5,4569,70247.9,10663.1,40.0193,9.07075
5207.15,5046,67629,2287.5,2134,70250,11206.7,-46.8612,9.07392
22750.6,18924,78788.1,17457.8,14940,76580.4,25922.1,180.486,9.07814
6045.65,6153,64392.6,2333.25,2301,66454.5,8646.82,34.935,9.07814
8216.65,8025,67101.1,1862.25,1773,68835,14318.3,-54.7181,9.0792
16291.6,13364,79892.7,10794,9380,75415.3,9107.18,36.6377,9.0792
17421.3,15805,72238,13320.8,12121,72022.8,32341.8,-3.79545,9.08131
10441.6,9925,68947.2,5269.5,4881,70752.3,10247.6,-84.6651,9.08553
9633.65,9641,65486,3249.75,3213,66285.6,12165.2,-171.597,9.08553
17407,14732,77435.9,11681.3,10332,74094.3,20362.8,129.955,9.08765
8598.85,8016,70301.2,5416.5,5092,69712.4,19579.1,120.524,9.09081
6665.1,6443,67795.1,3361.5,3215,68522.3,11874.3,67.4937,9.09609
9964.5,9353,69820.8,3962.25,3725,69710.1,11089.4,-79.5368,9.09609
7530.9,7076,69749.2,2974.5,2784,70020.4,6739.5,-53.5733,9.0982
6698.9,6016,72975.3,6772.5,5920,74973.4,12425,128.533,9.10243
8716.5,8352,68396.1,3246.75,3088,68905.1,11029.1,-49.4345,9.10454
9113,8204,72797.4,7395,6616,73252.5,31321.5,35.8029,9.10771
9710.35,8971,70937.2,3819.75,3563,70258.5,6556.45,206.154,9.10982
13295.8,12486,69786.2,6286.5,5894,69900.3,8331.62,-25.2531,9.11404
12699,12252,67927.3,6810.75,6616,67465.1,10635.4,-58.8797,9.11721
12249.3,11672,68777.1,4608.75,4488,67299.3,6603.19,6.63184,9.11932
10347.3,9317,72783.5,7578,6625,74963.3,15993.4,22.6189,9.12038
16690.7,15313,71432.2,9308.25,8241,74023.3,18270.1,7.91338,9.12144
14610.7,12240,78229.3,10037.3,8612,76381.9,18030,-26.4776,9.12144
10931.7,10598,67599.5,5370,5190,67808.9,12426.9,70.053,9.12883
6608.55,5689,76129,30276.8,27341,72573,28778.6,4803.74,9.13728
13035.1,12780,66844.1,4361.25,4284,66717.8,11154.8,52.9008,9.14256
12828.4,11977,70194.7,9900,9065,71572.7,9156.54,-51.0841,9.14361
11895,11456,68047.4,5193,4980,68339,12675.1,-90.7764,9.14572
14554.8,13849,68876,6843,6473,69282.1,17597.6,32.0187,9.14678
8607.95,8442,66824.3,4173.75,3898,70172.1,20395.8,40.5135,9.14784
13965.9,12677,72199.2,8376.75,7525,72954,20818.6,52.5376,9.151
8825.05,7828,73883.3,7062.75,6080,76129,29928.2,41.8753,9.15628
17373.2,15167,75068.9,13655.3,11791,75897.8,17538.1,105.981,9.15734
12396.8,11148,72877.3,10279.5,9512,70823.9,13692.9,15.8254,9.16051
13378.9,11477,76396.5,9971.25,8577,76189.3,23937.4,-49.9196,9.16156
10525.4,9889,69753.9,4763.25,4577,68202.8,22490.9,-52.4452,9.17001
7264.4,6319,75341,3256.5,3003,71068.3,10751.8,-24.4841,9.17212
12654.8,11136,74474.5,5475.75,5008,71657.1,7755.82,-9.75148,9.17635
13647.4,12529,71386.1,4260,4097,68143.4,6611.2,-44.1085,9.17635
9596.6,8544,73609.9,2953.5,2836,68251.3,10448.4,24.5473,9.1774
8721.05,7511,76094.1,4053.75,3667,72447.9,9760.53,-45.0868,9.18585
18305.3,15088,79510.6,10253.3,8948,75095.8,17492.7,199.723,9.19324
10786.1,9561,73933.5,3162,3005,68960,22135.2,-41.2519,9.19324
6607.25,5913,73230.6,2802,2697,68087.5,7441.07,67.6604,9.1943
12080.3,10425,75941.6,10007.3,8669,75652.9,8796.77,133.829,9.19641
8580.65,7953,70708.1,3349.5,3205,68490.7,15709.7,-20.3704,9.19747
10643.8,9242,75476,4211.25,3838,71909.5,21142,-20.5745,9.20063
11057.8,9646,75127.9,6527.25,5626,76034.5,22310.8,47.3215,9.20591
7638.8,6721,74485.4,2871,2657,70814.4,7661.21,27.2321,9.20697
19446,15436,82561.3,10165.5,8344,79842.6,11678.1,73.5211,9.20803
9485.45,8484,73271.9,5659.5,5232,70890.9,7404.07,-9.73826,9.21119
11165,9027,81058.2,7998,6915,75800,9575.35,-1.21986,9.21331
12653.5,10792,76840.5,5918.25,5352,72469.8,32347.2,22.0043,9.21331
10465.6,9609,71378.6,4056.75,3853,69001.6,8266.47,-62.2307,9.21542
8467.55,7388,75112.3,2735.25,2508,71474.2,14098,94.9302,9.22281
8498.1,7415,75108.8,8499.75,7699,72352.2,12958.2,146.573,9.22703
6470.1,6021,70424.3,2586,2593,65359.1,18735.8,25.9559,9.2302
11495.3,10334,72900.4,5326.5,4730,73800.7,9815.45,95.9511,9.23231
6979.7,6168,74160.4,2777.25,2664,68322,12605.1,-15.9537,9.23865
5817.5,5588,68227.6,2219.25,2176,66838.6,6700.42,-7.99181,9.24076
10218.6,8758,76466,6610.5,6146,70489.1,13795.5,98.3815,9.24287
7805.2,7581,67474.1,3499.5,3417,67118.3,17458.6,7.94388,9.24921
10573.5,9525,72750.5,5946,5429,71776.9,27454.5,-26.8318,9.2566
7820.15,7368,69557.7,3147,2968,69488.5,8840.96,-133.632,9.26188
7385.95,7079,68377.7,2442,2423,66049.9,14276.9,-43.5365,9.26505
10049.6,9112,72279.8,4870.5,4376,72941.7,16080.2,7.13568,9.26505
13997.7,13137,69830,4876.5,4753,67238.9,26775.4,-40.5663,9.2661
11604.4,10421,72978.5,8518.5,7697,72530.7,15122,38.1317,9.26716
10141.3,9366,70961,5473.5,5042,71144.6,16856.5,-20.4135,9.27033
13302.9,12363,70518.4,6265.5,5947,69045.9,25355.9,18.8271,9.27033
20907.3,17404,78727.7,14027.3,11800,77905.9,23766,160.787,9.2735
8676.85,8072,70446.7,4437,4204,69168.2,8692.21,83.9533,9.27772
11074,9982,72705.8,5915.25,5546,69899.4,10987.4,-34.8129,9.27878
14877.2,13921,70037.5,6047.25,5505,71991.4,35281.4,135.414,9.28089
11101.3,10652,68300.6,3546,3228,71992.2,11987.6,-3.89051,9.283
13947.7,13015,70232.5,9396,8823,69792.2,14984.7,12.3369,9.28405
8451.95,8273,66953.6,3377.25,3329,66485.9,16025.8,-15.2223,9.28405
11386,10364,71998.9,5908.5,5500,70403.5,7619.23,-35.5463,9.28617
9780.55,8220,77977.9,7407,6632,73194.4,24269.4,-10.3721,9.28722
14097.2,13440,68740.6,7096.5,6624,70210.8,7507.96,155.378,9.28828
29253.2,20129,95242.7,28899.8,21329,88798.1,14637.9,69.9699,9.29145
12556,11682,70439.4,4966.5,4737,68711.1,15056,-86.5658,9.29567
23871.3,17509,89349.8,17339.3,13349,85125.9,14213.8,38.1658,9.29567
26971.1,21300,82984.9,12731.3,9492,87900.9,34677.3,40.8368,9.29989
8814,8414,68651.6,3381.75,3214,68956.6,6355.35,-7.11884,9.30095
5430.75,5097,69827.3,2124.75,2013,69174.2,6987.89,-10.5826,9.30306
10728.9,10154,69246.5,4818.75,4334,72866.1,14518.2,101.794,9.30412
10911.5,9424,75880.7,9497.25,8468,73501.6,33326.4,-20.1725,9.30729
7856.55,7352,70033.6,3284.25,3148,68372.5,8905.75,113.185,9.30834
11174.1,9477,77272.3,7554.75,6753,73316.8,26535,80.7028,9.31257
9303.45,8688,70178.5,3203.25,3200,65602.6,8511.4,-22.6799,9.31573
16556.8,14113,76884.2,12245.3,11665,68796,7714.13,-75.9699,9.32207
11313.3,10077,73576,3885,3789,67196.5,19439.1,-33.4105,9.32207
6267.3,5836,70379.3,2483.25,2524,64477.9,11193.5,29.6793,9.32313
14904.5,13816,70699.3,5136,4860,69257.8,22831,112.662,9.32524
8857.55,8117,71515.1,2642.25,2517,68797.2,10105.3,-51.1198,9.32629
8763.95,8009,71713.6,4277.25,4173,67173.2,8266.26,56.4493,9.32629
12095.2,9237,85814.8,55242,47089,76882.9,30381.3,5483.94,9.32735
7582.25,7236,68672,3983.25,3876,67349.4,18657.1,61.2188,9.3358
10982.4,10283,69993.4,7828.5,7375,69565.9,16168.7,-38.4476,9.33685
15650,14328,71583,8622.75,7964,70956.9,21034.3,29.3095,9.33791
18514.6,14341,84608.7,17381.3,14449,78835.7,14759.4,168.005,9.34741
11412,10612,70476.8,4699.5,4484,68685.6,8778.76,-26.9899,9.34847
19401.8,17437,72920.8,13187.3,11501,75144.7,30297.3,59.0614,9.34953
8950.5,8860,66205.4,3985.5,3996,65363.8,8206.14,-4.6084,9.35269
10725.6,10051,69935,6432.75,5907,71369,16166.8,74.2124,9.3622
14901.2,14693,66464.9,5028.75,4817,68416.9,13843.5,-45.2403,9.3622
11893,11008,70805.1,7425,6800,71559.5,11339.6,14.1938,9.3622
10286.9,10457,64469.9,5657.25,5481,67643.4,16331.2,44.9663,9.36325
12964.3,12378,68639.9,6450,6057,69788.2,23579.1,73.0739,9.36748
13002.6,12873,66195.8,5372.25,5033,69953.5,12318.2,15.0171,9.36748
7344.35,7780,61866.2,2851.5,2752,67905.5,7320.89,-55.3151,9.36959
12541.1,12789,64265.7,5325.75,4981,70071.9,7604.51,95.1742,9.36959
4748.25,5489,56691.8,2442,2453,65242.1,8994.07,-9.79801,9.37381
6927.05,7333,61908,2999.25,2917,67383.9,15218.2,-53.0319,9.37487
12766,12856,65077.2,3607.5,3452,68488.2,11832.8,17.6153,9.37592
10392.8,9918,68673.7,8119.5,7134,74589.2,11849.4,-1.30532,9.37592
4919.85,5466,58987.8,1917.75,1950,64452.1,12138.6,108.764,9.37804
9788.35,9926,64627.2,4190.25,4102,66945.9,16665.6,-69.4263,9.38015
6996.6,7115,64445.4,2742.75,2587,69481.6,6939.98,86.5992,9.38226
10990.8,10497,68619.3,5486.25,5269,68238.2,14601.2,42.4513,9.38437
6456.45,6257,67625,2357.25,2309,66905.5,6967.7,122.718,9.38543
14017.9,12535,73289,12486.8,11319,72297.2,31693,175.969,9.38543
9679.8,9137,69429.3,6279.75,5797,70993.6,6741.54,65.1066,9.38648
15514.2,14319,71006.3,12495.8,11439,71590.3,20977.4,63.7116,9.39071
29417,24182,79723.6,20847.8,17618,77550.1,22927.9,138.458,9.39282
6854.9,6724,66811.8,3262.5,3056,69964.4,15308.5,5.44468,9.39388
14848.6,14180,68626.1,8592,8064,69827.1,11428,6.45052,9.39388
5092.1,5291,63072.4,2599.5,2495,68280.9,17879.5,-29.9119,9.40338
10046.4,10064,65421.4,5765.25,5600,67469.9,6398.53,-57.0005,9.40549
27959.1,22537,81303.1,19930.5,16589,78736.8,10993.4,54.6269,9.40866
7885.8,7726,66891.5,3624.75,3530,67295.1,8951.46,33.2036,9.40971
17324.4,11296,100511,21783.8,8852,161277,261845,3548.84,9.41288
11404.3,10681,69973.7,10332,9613,70437.7,11479.7,42.5686,9.41605
13907.4,11980,76079.8,12240.8,10536,76139.9,20968.8,32.752,9.41816
13836.5,12612,71899.1,6846.75,6336,70818.9,22614.2,140.19,9.41922
10803.6,10052,70436.5,8783.25,7776,74025.1,15767.2,63.0474,9.42344
8559.85,8589,65313.6,3558,3369,69212.6,8159.44,-64.8066,9.42872
15466.7,14545,69689.2,5797.5,5301,71674.2,10484.5,51.206,9.42978
11765,10800,71391.8,5291.25,4800,72243.2,7973.65,-22.6597,9.43506
17828.8,15432,75714.9,10991.3,9448,76240.7,12915.2,60.5746,9.43506
8699.6,8237,69216.6,5500.5,4985,72313.1,16939.7,-65.1366,9.43717
9655.1,9420,67171.6,3629.25,3528,67416.8,26160.5,66.0969,9.44139
9992.45,9028,72537.1,3922.5,3796,67720,7621.1,31.5336,9.4509
10348,9625,70458.9,9109.5,8077,73913.6,7814.62,58.1863,9.45934
9892.35,9553,67864,4179.75,4049,67652.3,16393,6.26393,9.46146
9676.55,8165,77668.4,7792.5,6721,75984.1,15113.4,-100.328,9.46251
28206.7,19980,92520.4,21256.5,16568,84081.7,15073.8,174.874,9.46251
14190.8,12188,76305.2,10859.3,9288,76622.7,24721.3,19.7109,9.46251
12145.9,11689,68097.7,3111.75,2861,71279.8,19300.3,-24.8053,9.46357
8906.3,7572,77084.4,8406.75,7300,75471.9,25655.8,19.6758,9.46357
9694.1,8697,73049.6,8330.25,7389,73884.3,26786.7,3.29331,9.46885
21476.6,18901,74466.6,15255,14069,71060.6,10461.1,43.4669,9.4699
18328.7,16918,71000.7,10373.3,9702,70070.2,30935.2,27.2174,9.47202
10934.9,10221,70113.8,6694.5,6349,69102.3,8144.74,-41.5861,9.47413
10643.8,9953,70084.3,4486.5,4405,66748.5,6359.01,11.801,9.47835
12988.9,12030,70760.1,4665.75,4474,68344.8,26802.3,31.6727,9.47835
14007.5,13032,70441.6,4262.25,4120,67798.7,33044.6,-48.5419,9.48363
12184.3,11548,69146.8,4221,4140,66818.2,27110.1,54.8812,9.48786
13172.9,12668,68148,7578.75,7272,68300.5,10293.6,46.0532,9.49102
10723.7,9820,71567,8224.5,7724,69782.6,7069.82,-93.1457,9.49208
10833.5,10303,68910.8,4518.75,4235,69927,15043.2,38.9947,9.49208
11020.8,9945,72625,8973.75,7949,73984.6,20871,44.7956,9.49314
7534.15,7296,67675.2,3798.75,3648,68244.2,9929.51,23.7068,9.49314
15960.1,13781,75898.8,11808.8,10197,75894.7,26702.8,136.596,9.4963
7188.35,6757,69719.7,2688,2529,69656.3,7276.62,-108.633,9.4963
21418.8,17656,79502.9,10589.3,8892,78045.1,33600.4,191.377,9.49947
9894.95,9160,70794.3,6259.5,5768,71120.4,19510.3,2.70677,9.49947
11310,11105,66745.8,6564,6197,69417.2,10821.2,60.6533,9.50581
9982.05,9824,66590.4,5363.25,4836,72681.1,10926.9,114.829,9.50792
10773.8,10413,67806.4,6914.25,6297,71960,25154.4,97.0947,9.51003
24549.2,21909,73433.6,15812.3,14081,73593.6,24661.6,186.553,9.51003
8776.95,8816,65245.7,4110,3952,68156.1,11993.1,135.429,9.51003
8782.15,8405,68476.7,5713.5,5441,68818.2,10114.9,-22.7401,9.51214
7040.15,7244,63691.8,4257.75,4172,66883,16307.3,142.147,9.51742
9812.4,9724,66131.8,3709.5,3452,70424.6,26122.5,-116.222,9.51848
9520.55,9401,66369.4,6262.5,5837,70313.4,11193.1,70.0993,9.51954
20741.5,15914,85416.3,13344.8,11070,79002.9,22071.8,61.9505,9.5227
16830.4,15720,70165.4,6764.25,6648,66682,14858.6,58.7816,9.52376
11292.4,11341,65255.4,3722.25,3693,66055.1,10739,65.8164,9.52482
10481.3,10532,65220.2,4002.75,3956,66310.5,7630.3,47.0132,9.53115
10128.3,10163,65312.2,4946.25,4832,67085.6,11894.7,-103.647,9.53221
9831.9,8717,73918,8789.25,8141,70754.5,14418.9,131.898,9.53432
12911.6,12268,68974.1,6885,6552,68866.8,6911.11,108.96,9.53643
13300.3,11393,76507.4,4677.75,4133,74174,20971.1,40.4919,9.54277
14038,13401,68651.4,7308,6889,69522,7669.48,9.17177,9.55861
10447.4,9882,69286,6879.75,6250,72139.4,11132.4,15.9216,9.55861
11538.1,11029,68561.4,6844.5,6225,72058,13100.3,160.328,9.55966
18352.8,16654,72220.8,12218.3,10826,73964.1,12772.4,170.66,9.56494
11011.6,10947,65923,3598.5,3575,65966.8,6442.15,-22.6021,9.57128
21723,18080,78741.1,15254.3,13088,76383.1,13262.2,214.502,9.57445
13148.2,12533,68752.9,8557.5,7841,71524.6,19524.2,-64.3737,9.57656
11097.4,10237,71044.5,6483,6045,70284.5,8667.77,44.3943,9.57656
12456.6,11834,68983.9,4510.5,4158,71091.9,17355.9,43.2077,9.57656
10762,10232,68931,5054.25,4828,68607.2,10021.5,-71.7566,9.57973
8353.8,7381,74173.5,7044.75,6405,72081.9,38548.4,-25.5287,9.58184
10084.8,9960,66356.8,7686.75,7436,67745.9,26147.5,-3.56266,9.58289
10184.8,10097,66106.2,3312.75,3265,66494.5,9834.49,3.07041,9.58395
9419.15,9209,67031.5,3256.5,3117,68469,29128,-56.1347,9.58923
17142.4,15177,74023,9977.25,8813,74193.7,23065.1,58.4732,9.58923
7283.25,7468,63914.7,2997.75,2924,67189,10868.9,-106.188,9.59029
9714.9,9412,67645.1,5081.25,4820,69088.1,12859,23.5967,9.59345
20805.2,17961,75913.9,13034.3,11261,75855.8,6449.54,103.818,9.59451
11328.2,10634,69814.3,7778.25,7258,70233.6,16100.9,-52.2051,9.59451
8119.15,8136,65400.3,5494.5,5356,67230.7,18482.8,-6.71461,9.59662
8748.35,8701,65892.6,3462,3389,66947.7,11903.5,-56.3474,9.59873
17713.8,16052,72320.7,10104.8,9200,71981,11563.4,27.9454,9.59979
5014.75,5063,64911.4,2174.25,2051,69474.2,6907.23,47.9004,9.59979
20466.5,17105,78415.4,12430.5,10081,80810,19506.5,56.0269,9.60085
20521.1,18138,74146.8,14545.5,12734,74859,22001,74.8532,9.60401
10234.9,9560,70162.6,7658.25,7036,71331.9,14083.3,136.211,9.61035
11178.7,10493,69818.7,6803.25,6313,70625.3,11502.6,144.908,9.61563
8440.9,8088,68395.5,3426.75,3224,69657.4,7281.21,33.2664,9.61985
20265,16181,82077.1,14638.5,12629,75964,33517.8,166.44,9.64097
9365.85,8154,75276,3050.25,2878,69458.4,14318.8,-60.7381,9.6452
10188.1,8604,77602,4622.25,4332,69927,10030.8,-93.257,9.6452
13086.4,10707,80100.3,7759.5,7091,71714.4,33024.8,107.119,9.6452
7881.9,6804,75918.3,2709.75,2548,69696.3,7628.44,96.0333,9.64625
13537.5,11855,74837.4,7852.5,7339,70121.5,12170.4,-46.0374,9.64731
10312.9,8532,79215.4,6678.75,5904,74135.9,37645.5,125.005,9.65364
14812.8,12889,75318.1,5278.5,5033,68732.7,15796,-65.0936,9.6547
15789.8,14472,71503.6,5252.25,5208,66092.8,8666.3,52.9943,9.65787
27924,21944,83395.3,23293.5,19196,79525,25362.1,168.467,9.66209
11477,10028,75006,7512.75,7068,69659.8,6698.25,-98.2917,9.66209
14656.2,12455,77118.3,8421.75,7895,69908.5,8543.23,9.13893,9.66315
8318.7,7150,76248.1,2826,2730,67840.6,7317.07,-54.455,9.6642
12463.8,11269,72484.2,5360.25,4913,71502,10263.8,88.1943,9.66948
8440.25,7101,77896.1,5903.25,5293,73091.9,28611.5,11.8247,9.67054
17141.1,15841,70914.9,4676.25,4453,68821.6,12244.2,-40.8802,9.67371
7717.45,7408,68273.6,2380.5,2272,68665.7,11319.4,-22.7854,9.67371
9837.75,9101,70841.3,3831.75,3645,68893.7,9397.82,40.9268,9.67476
10739.3,9876,71264.8,6032.25,5536,71410.7,9832.85,4.79047,9.67582
8403.85,7541,73034.7,3942,3669,70412.4,22516.4,-25.7862,9.67582
5577,5355,68252.9,2068.5,1967,68917.8,10362.1,-1.38942,9.67899
17475.9,15565,73581.8,7977,6973,74972.1,7173.56,-87.1296,9.68004
11091.6,10559,68841.7,5833.5,5151,74219.4,8340.4,66.7666,9.68427
16788.2,13732,80121.7,11125.5,9476,76943.9,30250.4,36.7031,9.68427
10758.8,10296,68481.8,4605,4380,68902.6,14069.5,59.6712,9.68743
14948.7,13345,73411.6,10302,9281,72745.6,6751.19,-76.7937,9.68743
11023.3,9384,76984.9,7832.25,6904,74347.4,18429.4,93.9074,9.68849
10507.3,9497,72507.4,7093.5,6425,72354.8,6703.76,95.2081,9.6906
9343.1,8076,75818.4,5589.75,4888,74944.7,19855.3,64.6138,9.6906
10923.9,9868,72548.5,9618,8780,71791,22488.8,-18.9052,9.69377
8678.8,8521,66749.7,6915.75,6477,69975.4,22208.2,-17.1746,9.70327
9142.9,8117,73819,5291.25,4757,72896.2,34706.6,-4.74433,9.70327
6304.35,6361,64952.3,3277.5,3193,67270.4,13277.3,-27.159,9.71595
11521.9,10721,70431.8,6750.75,6033,73332.9,11401,-65.7885,9.71595
11956.1,10683,73346,5662.5,4939,75136.2,35432.8,91.5484,9.72122
10988.9,10241,70322.1,5847.75,5477,69972.3,8528.08,-15.8005,9.72545
13947,12284,74408.5,9117,8120,73582.7,7083.65,99.4938,9.72756
16229.8,14568,73012,9696,8556,74268,11350.6,61.4934,9.72862
21234.2,18372,75745.9,24455.3,21312,75201.7,37069.2,39.8869,9.72967
9296.95,9043,67376.4,3288,3123,68998.5,7956.47,21.201,9.73073
16561.3,15808,68659.2,10603.5,9556,72719.9,14757.2,14.9254,9.73178
11368.5,10709,69572,4526.25,4277,69355.2,27885,89.252,9.73706
7233.85,7069,67064.3,3211.5,3021,69668.6,18407.2,-70.3518,9.73812
9049.3,8484,69902.8,6738,6036,73158,21002.9,-16.2693,9.74129
6559.8,6064,70894.3,2790,2656,68842.4,8987.17,81.3623,9.7434
11036.3,10109,71547.9,6240,5501,74340.1,12524.9,-7.3507,9.74446
11755.3,10398,74090.4,6660.75,6046,72199.6,11254.6,88.157,9.74974
6962.15,6588,69258,3658.5,3432,69861.1,9137.82,73.6166,9.75185
12927.8,11368,74528.5,7182,6456,72905.8,7014.31,-48.4236,9.75396
14151.1,11908,77881.2,8274,7104,76329.5,32416.1,22.8618,9.75502
16795.3,12525,87880.2,12337.5,9853,82061.4,7295.32,-9.73417,9.75502
7928.05,7029,73918.4,3228.75,2977,71078.1,16013.2,27.7782,9.75502
7200.7,6525,72322.6,2320.5,2253,67499.5,17469.2,-38.4965,9.76135
6774.95,6332,70120.5,2417.25,2332,67931.8,13619.1,-114.892,9.76452
7606.95,6769,73648.9,4308,4113,68643.1,10419.4,-31.3516,9.76558
9982.05,8729,74943.7,7223.25,6429,73632.4,13799.4,159.441,9.76769
8559.2,8170,68658,3655.5,3614,66288.6,7005.38,40.1567,9.76769
12779.6,12283,68185.9,3323.25,3215,67742.6,29218,-65.5981,9.77297
8916.7,9069,64435.4,4063.5,4029,66097.2,7066.21,-5.42556,9.77402
11999.6,11373,69147,4725,4541,68191.5,13188.7,71.7443,9.77719
14102.4,12216,75656.1,9948.75,9052,72028.4,27086.5,130.562,9.77719
12171.9,12073,66072.9,5408.25,5321,66610.6,10678.7,-20.1813,9.7793
6234.8,6044,67604.9,3084.75,3116,64878.8,10979.3,150.947,9.7793
15310.7,14717,68180,5967.75,5805,67373.4,7419.73,9.18116,9.78458
6806.8,6808,65524.4,2749.5,2588,69625.7,21655.5,98.0862,9.78564
12155.6,10989,72493.6,8484,7529,73848.8,23184.8,-0.0113177,9.78775
5497.05,5241,68737.8,3480,3337,68344.4,15521.8,136.157,9.78881
8541,8052,69516,4729.5,4500,68878.3,16162.6,-18.6674,9.79092
8294,7903,68778.4,3791.25,3611,68807.4,23607.1,-10.3472,9.79198
10065.3,9440,69876.7,4811.25,4560,69147,7944.84,43.5614,9.79303
12353.9,9813,82505.4,13038.8,11141,76699.4,27518.4,150.326,9.79409
12030.8,10927,72156.5,5683.5,5391,69091.8,8446.39,28.0626,9.7962
5696.6,5336,69964.8,2268,2264,65651.8,14735.5,-29.7938,9.7962
10007.4,9841,66644.1,4173.75,4085,66959.8,8851.85,76.2073,9.79725
9111.05,8962,66626,3324.75,3286,66308.8,16347.4,48.4056,9.79725
29636.1,26498,73297.3,14601,12866,74373.6,11175.9,266.18,9.79937
14275.9,14189,65937.6,6957.75,6537,69754.2,19968.8,80.0895,9.8057
10419.5,9959,68566.4,5019,4583,71770.7,14615.3,150.811,9.8226
9091.55,8605,69241.6,6688.5,6141,71378.9,9661.96,128.637,9.82365
5349.5,5519,63523.3,1942.5,1871,68040.4,11740.8,5.57876,9.82471
9221.55,8668,69721.2,7543.5,6712,73654.8,20628.3,-30.0152,9.82788
9784.45,9657,66400.9,3815.25,3677,68000.1,7585.65,16.0549,9.82788
9663.55,8825,71763.2,6853.5,6141,73139.7,10442.3,17.6676,9.8321
31998.8,21768,96337.6,25580.3,18904,88681.1,23396.8,73.9407,9.83633
17966.6,16785,70149.7,9846,9249,69766.2,7900.42,126.123,9.83633
12155.6,11385,69972.1,9073.5,8217,72367.2,22150.7,-20.6125,9.84055
11202.8,10840,67729.1,4017,3836,68628.3,10816.8,-57.1665,9.84161
10182.9,9809,68034.1,4611,4293,70390.5,29273.9,45.3398,9.84372
9885.85,9068,71446.7,8146.5,7224,73904.9,15480.7,-43.5818,9.84477
12507.3,11844,69206.2,6427.5,6032,69833,13698.6,45.9252,9.84477
7133.1,6745,69306.9,2516.25,2317,71171.8,31392.7,35.8002,9.84583
7548.45,7187,68831.9,2607,2403,71099.6,19941.2,-100.509,9.84583
11663.6,9660,79129,8218.5,7016,76768.5,14307.8,44.1823,9.84794
10046.4,8429,78111.4,8250.75,7453,72550.8,27599.3,-54.3572,9.849
11831.3,10537,73586,9200.25,8361,72114.3,16519.4,-35.0208,9.85005
9083.75,8045,73997.8,6586.5,5737,75240.2,24320.4,-28.434,9.85111
11562.2,10496,72193.3,6841.5,6112,73358.1,32472.4,-49.3804,9.85111
6557.85,6412,67026.7,2613.75,2492,68737.8,11503.3,-42.5723,9.85533
9278.1,8717,69754.5,5463.75,4985,71830,9922.01,23.7071,9.85744
20384.6,17625,75797.4,10038.8,8797,74786.8,13356.5,163.758,9.8585
9094.15,8602,69285.5,3456.75,3278,69109.7,8301.49,3.12802,9.85956
17937.4,16229,72434.9,6611.25,5985,72393.5,13618.1,31.3082,9.86167
13564.2,12532,70933.9,4244.25,3872,71836.6,6949.6,114.979,9.87117
8744.45,7256,78979.6,5058,4444,74590.7,22872.9,87.7204,9.87117
14766.7,13708,70597.5,7530,7000,70498,8042.51,95.1578,9.87223
7464.6,6284,77848.5,6535.5,5804,73795.8,19263.5,100.756,9.87223
16836.9,14499,76103.6,10116.8,8899,74504,17386.7,148.987,9.87223
10509.8,8816,78127.7,8691,7764,73360.8,6682.37,-69.9111,9.8754
46002.4,31961,94328,43312.5,33725,84166.9,13255.6,338.342,9.87645
9108.45,8465,70517.6,3641.25,3553,67163.8,11943.7,117.371,9.87962
6771.05,6201,71560.6,2925.75,2893,66277.9,14631,-26.3499,9.88384
12156.9,10645,74844.3,8820.75,7985,72395.3,8884.87,13.4261,9.88596
15260,13357,74873.3,8478.75,7533,73763.9,20874.9,43.0755,9.88701
7543.9,6849,72185.3,4419,4129,70138.9,13865.5,59.6789,9.88807
8977.8,8097,72665.1,4776,4353,71904.4,11377.9,21.9324,9.89229
9346.35,8620,71058.3,4305.75,4072,69298,9763.04,148.413,9.89757
20087.6,14381,91541.7,16900.5,12829,86335,8113.03,77.0951,9.89757
21639.8,19857,71419.9,8610.75,7809,72264.6,17428.2,-32.475,9.90074
13022.8,12237,69744.1,6489,6233,68227.7,19203.4,156.658,9.9018
11921,10426,74933.3,6499.5,5838,72961.8,23204.3,26.6479,9.9018
10375.3,9806,69340.8,3291.75,3118,69188,11686.4,18.4808,9.90496
11283.3,9878,74859.9,9311.25,8294,73573.9,8803.04,-57.0908,9.90602
18377.4,16964,70996.5,9974.25,9044,72276.9,20206.2,-23.1194,9.90602
18783,17121,71898,11233.5,10401,70781.5,6994.93,-58.7429,9.90707
14463.8,13507,70178.4,4877.25,4391,72793.3,14146.5,45.0484,9.90919
12903.1,11716,72176.6,8079,6932,76379.9,12810.8,62.2986,9.91024
16145.3,14720,71881.9,10513.5,9776,70480,25274,38.6102,9.91024
7686.25,7625,66062.4,2972.25,2941,66232.4,17129.5,-20.4238,9.91236
5848.7,5576,68741.1,3263.25,3052,70072.2,20388.6,-34.3062,9.91341
17418.7,15852,72013.1,8574,7832,71744.9,16831.6,69.8874,9.91447
14428,13397,70579.7,6351.75,5877,70830.1,6941.66,4.03912,9.91975
11045.4,10829,66845.9,4529.25,4413,67262.4,7086.42,75.4137,9.92397
13249.6,12125,71614.5,7683,7017,71756.2,22222.2,21.5249,9.92608
7972.9,7574,68987.6,4753.5,4514,69013.2,21345.2,-19.7222,9.92714
12330.5,11949,67628.4,4258.5,4153,67200.8,9234.7,89.9529,9.92714
8836.1,7985,72521.3,6878.25,6065,74323.7,27963.2,-73.2909,9.92925
10622.9,10065,69169,4384.5,4209,68268.6,13285.3,38.2007,9.93031
9474.4,7988,77730.9,8561.25,7328,76565.3,21162.2,-38.6353,9.93031
8498.1,7969,69887.2,3466.5,3285,69156.9,10552.3,-6.41657,9.93031
14608.1,13793,69408.9,5499.75,5429,66390.1,15245.1,-7.57294,9.93136
15559,13721,74315.1,8229.75,7389,72993,39977.5,-65.1424,9.93242
8392.15,7141,77018.3,6782.25,5889,75476.6,11860.7,-91.6057,9.93559
5829.85,5262,72608.3,2649.75,2458,70648.5,17114.7,-77.1832,9.93664
11215.8,10536,69764.2,4133.25,4028,67248.4,24972.8,8.52149,9.9377
12605.4,11169,73964.6,6373.5,5925,70496.8,10716.1,-126.823,9.94087
17671.5,15977,72486.9,9728.25,9181,69442.4,11180.5,6.45982,9.94192
12314.9,10133,79647.6,11120.3,9845,74025.1,12380.2,8.99473,9.94403
12760.1,11608,72040.8,4364.25,4124,69353.9,15048.1,106.074,9.94509
8839.35,8344,69426.6,3321,3288,66193.8,12789.9,69.1793,9.94509
12948.6,11198,75781.6,7125.75,6590,70863.9,10060.6,25.4219,9.94931
6024.2,5765,68482.6,2435.25,2369,67368.7,14792.5,23.5241,9.95143
12553.4,11377,72312.8,5198.25,4865,70025.2,17182.5,18.2743,9.95143
12214.8,12078,66278.3,4558.5,4474,66773.8,7856.32,34.9647,9.95671
7433.4,7302,66715.3,3064.5,2930,68544.4,7653.67,-8.02764,9.95882
11001.9,10329,69805.5,5197.5,4889,69671.4,17706,-116.765,9.95882
14756.3,13945,69348.8,6117.75,5805,69066.8,11657.1,1.28191,9.95882
9707.75,9434,67437.7,4008,3930,66836.7,6381.86,-63.8798,9.96093
11544,10241,73874.4,7136.25,6181,75664.3,17082.9,141.258,9.96093
9761.7,9608,66584.4,3922.5,3784,67934.7,12828.7,-160.442,9.96304
30793.7,24844,81230.8,16086,13192,79913,12899.1,91.5352,9.9641
12056.8,11738,67316.2,4290.75,4202,66920.2,8970.68,-52.7971,9.96621
11420.5,10082,74236.6,6720.75,6070,72562,7007.18,-97.4433,9.96727
13819.6,13533,66924.2,6480,6205,68440.5,15708.6,28.6496,9.96938
12029.5,11241,70133.3,5185.5,4825,70432.5,21235.7,50.8019,9.97783
15925,14296,73003.7,10209.8,8940,74844.1,12775.1,58.8599,9.97888
10598.3,10017,69338.8,6349.5,5921,70278.8,32215.3,2.2293,9.98205
8121.75,7837,67917.2,4865.25,4729,67424.2,9142.94,57.2764,9.98416
5628.35,5309,69478.2,2367,2237,69344.5,10776,-9.00498,9.98522
26659.1,20033,87212.6,15973.5,12993,80569.5,11506.4,215.428,9.98627
10644.4,9906,70421.1,5277,5094,67890.4,9764.66,93.373,9.98839
7852,7408,69463.9,3231,3040,69653.6,11993.4,-10.7707,9.99261
7791.55,7325,69710.2,2314.5,2217,68418.2,17330.1,38.0487,9.99578
15518.1,14066,72301.6,8004.75,7298,71882.6,20154.4,111.903,9.99683
21472.8,18028,78058.5,10884,9752,73143.3,19022.4,131.725,9.99894
38502.1,29497,85543.4,25779,20637,81865.2,12801.4,200.759,10.0042
8756.8,8484,67643.3,2747.25,2756,65327.9,16706.1,81.9322,10.0042
5793.45,5684,66797.9,1912.5,1920,65280,19162.7,-64.3602,10.0053
9421.1,8220,75112.1,3865.5,3608,70213.3,12343.7,-136.344,10.0063
8586.5,8308,67732.9,3396.75,3380,65860.8,12584,29.6271,10.0095
5589.35,5588,65551.8,2016,1972,66998.3,9479.5,-2.93625,10.0116
12738,12035,69364.4,5637,5255,70300,23567.6,58.4543,10.0127
5257.85,5107,67471.8,2292,2183,68808.3,13690.4,72.5855,10.0137
12043.8,11117,70999.9,10934.3,9705,73836.9,16522.4,45.8191,10.0158
6643,6548,66486.8,2439,2368,67501,26372,-41.4111,10.0169
9180.6,8851,67976.5,3378,3175,69726.2,16462.5,-8.35868,10.0222
11793.6,11296,68422.9,5399.25,5072,69764.4,25614,-36.2226,10.0253
5193.5,5333,63821.7,2112,2085,66384.7,14023.7,24.413,10.0264
12713.3,12296,67760.4,4133.25,3976,68127.9,7440.76,-71.6596,10.0275
12924.6,12293,68903.2,5223,4881,70128,12807.9,-55.5213,10.0317
9100.65,9173,65019.1,4308,4245,66508.6,27698.6,84.959,10.0338
7744.1,7626,66550.9,4961.25,4554,71396.7,22959.1,61.9172,10.0348
12034.1,11482,68687.2,5960.25,5566,70178,6390.06,79.7399,10.0391
12740.6,12405,67309.3,5271.75,4965,69585,13188.4,13.2644,10.0391
13017.5,12690,67227.6,7566,7010,70734,12597.8,-80.4534,10.0401
5273.45,5519,62620.2,2643.75,2587,66973.6,17296.6,-45.37,10.0433
4827.55,5117,61828.9,2130,2057,67861.8,9834.44,-14.1296,10.0454
12112.8,11289,70318.1,8716.5,7613,75035.4,14557.9,94.0529,10.0454
12087.4,11601,68283.8,6388.5,5909,70854.1,8965.48,98.5631,10.0465
4945.85,5185,62513.3,3160.5,3073,67402.1,10065.3,50.3617,10.0475
8788,8415,68440.9,4066.5,3743,71200.1,7839.87,-63.9346,10.0475
13755.3,13171,68443.4,5046,4787,69081.8,17324,118.889,10.0517
5675.15,5593,66498.6,2200.5,2025,71215.8,10551.5,-33.0765,10.056
9863.75,9137,70748.7,4557,4145,72050.1,8168.45,6.57302,10.057
12136.1,10405,76439.7,6603,5621,76985.3,18666.9,-46.2815,10.0581
8942.7,8765,66864.7,4948.5,4685,69222,9792.87,25.432,10.0581
11805.3,11612,66627,4262.25,4136,67536.5,9585.38,-76.0402,10.0623
11557,11092,68283.4,7255.5,6644,71567.8,12748.3,-41.7591,10.0634
12379.3,11496,70571.2,5425.5,4780,74386.1,16367.3,151.605,10.0665
14728.3,13668,70620.2,5835.75,5392,70929.5,6934.39,-16.6006,10.0686
6041.1,5843,67757.9,2768.25,2663,68126.2,15694.8,130.13,10.0697
8857.55,8187,70903.7,5445.75,4943,72201.6,16147.1,76.7932,10.0729
21955.7,20061,71725.7,15735.8,14505,71096.7,14586.5,2.89182,10.0739
19996.6,16794,78033.7,11623.5,10138,75138.9,39669.6,1.94916,10.075
7971.6,7888,66230.6,3191.25,3120,67032.6,9310.11,-13.2499,10.075
8700.25,8213,69424,3785.25,3573,69429.1,7111.75,23.8127,10.076
10683.4,9976,70183.2,3155.25,2968,69670.6,11341.2,83.8538,10.0781
11986,11325,69361.1,4786.5,4457,70381,10186,-12.4228,10.0792
6238.05,6157,66398.7,3176.25,3085,67474.5,8266.51,17.7493,10.0855
13355.5,12389,70648.9,7250.25,6437,73815.8,12991.4,19.2918,10.0876
8060.65,7931,66607.3,4416,4347,66576.3,8480.28,-89.7587,10.0887
18103.1,16985,69850.3,11907.8,11213,69596.6,14999.9,55.3363,10.0898
9221.55,8799,68683.2,4193.25,3743,73419.4,21287.6,49.08,10.0898
8706.1,8697,65604.6,3172.5,3113,66788.6,13604.1,37.3287,10.0908
6997.9,7068,64886,2708.25,2668,66524.7,27825.5,47.9743,10.0919
13304.2,12792,68160.1,6039,5784,68425.3,6706.95,39.3079,10.0919
11232,10296,71493.8,8847.75,7980,72662.4,16451.4,105.162,10.0919
12856.3,12340,68278.3,4696.5,4400,69952.2,11283.7,125.996,10.094
8684.65,8601,66173.4,3617.25,3453,68653.4,9927.83,61.5469,10.094
12392.3,11908,68201.1,4760.25,4548,68594.5,6943.54,-63.041,10.095
11742.3,11213,68629.3,6138.75,5517,72921.7,13930,68.2765,10.0961
18080.4,17088,69342.1,10476,9584,71635.6,10513.9,84.7449,10.0971
8145.15,7580,70422.2,7348.5,6584,73145.7,26056,5.90078,10.0982
9125.35,9117,65596,4460.25,4249,68794.3,11028.2,60.6455,10.0993
7912.45,7821,66302.3,3311.25,3165,68564.3,22284.6,153.963,10.0993
8162.7,8197,65261.8,3096,3029,66985.6,11498.9,-52.0321,10.1003
13908.7,12233,74513.2,9594,8537,73650.3,25016.5,148.7,10.1045
33564.7,26953,81612.3,25892.3,21065,80554.2,42352.8,112.788,10.1088
11289.8,10745,68859.2,4709.25,4429,69682.9,7731.29,59.0494,10.114
8415.55,8050,68512,5775.75,5314,71230.6,8729.49,-2.90807,10.1162
5676.45,5656,65773,2427.75,2348,67761.9,24926.7,-112.737,10.1183
8435.05,8249,67014.1,4141.5,4013,67634.5,14120.6,-40.0907,10.1193
9191,7957,75699.6,5331,4721,74003.9,18437.2,-25.6329,10.1204
12305.1,11580,69639.9,4276.5,4008,69926.3,6588.74,35.8724,10.1214
20231.9,18333,72324.1,9203.25,8313,72554.3,27839.6,-93.9263,10.1246
8198.45,7691,69860,4494,4191,70274.1,10474.9,-39.9537,10.1278
11731.8,10744,71561.7,5249.25,4728,72761.2,24730.1,49.8106,10.1299
11817.6,11340,68296.4,8601,7896,71387.4,19884.6,64.6127,10.132
26130.6,18220,93990,23202,17384,87469.3,61746.7,161.939,10.1373
11957.4,11390,68800.7,5325.75,5098,68463.8,8268.23,15.1693,10.1383
12498.8,12031,68084.5,5404.5,5243,67554.7,9959.73,-68.3143,10.1383
9396.4,9148,67315.5,5072.25,4908,67729.2,10777.3,-6.42503,10.1436
9722.7,8849,72006.6,6456,5905,71651.2,24158.8,37.7921,10.1447
27623.7,20853,86814.7,20532.8,17041,78964.5,8697,-8.92685,10.1457
15858.7,13300,78144,9728.25,8436,75575,13450.4,99.2545,10.1478
10293.4,9276,72724,4341,3880,73322.6,33088.6,-9.84352,10.1489
5410.6,5311,66765,2700.75,2603,67997.1,8269.87,-31.2708,10.1489
9098.05,8584,69460.6,5013,4696,69960,16884.6,20.0055,10.1489
12104.9,11205,70799.6,7839.75,7057,72805.1,13917.7,81.177,10.1489
8063.9,7865,67193.4,11465.3,10393,72297.4,18676.2,334.698,10.1521
14482.6,12893,73616.3,12643.5,11021,75184.1,17090.5,32.8977,10.1521
5402.15,5445,65020.3,3087.75,2993,67610.7,7360.23,3.16339,10.1531
8992.1,8480,69493.7,3864,3584,70656,13174.5,-27.1551,10.1573
13284,11604,75024.4,8352.75,7264,75358.7,21867.5,226.218,10.1573
11755.3,11201,68778.9,4389.75,4129,69674.7,12631.4,19.3053,10.1584
7666.1,7268,69125.7,3726.75,3396,71918.8,16078.6,34.6557,10.1595
10692.5,10072,69573.4,6754.5,6072,72902.3,16559.5,-11.8023,10.1605
10751.6,9520,74014.7,7872,7284,70826.4,9078.99,41.7988,10.1626
11786.4,10797,71541.8,7827,7213,71114.7,7574.86,-96.6047,10.1668
11054.5,10148,71390.5,5559.75,4752,76675.9,24068.1,64.4555,10.1679
7579,7272,68302.7,3535.5,3288,70469.1,8720.5,113.192,10.169
12120.5,11788,67384.8,5648.25,5468,67696.4,8166.35,-84.5869,10.17
21908.9,18832,76243.7,24744.8,22260,72851.4,36260.6,13.2573,10.1742
11160.5,10656,68638.8,4518,4224,70097.5,12757.2,21.8806,10.1753
10910.9,10404,68729,3669,3584,67090.3,16646.2,-17.8256,10.1753
9997,9117,71861.7,6239.25,5657,72281.3,8965.62,-19.2569,10.1795
6163.95,6101,66212.2,2449.5,2385,67308.4,12776.4,-2.20016,10.1827
19384.3,16464,77160.4,14362.5,12544,75036.7,26881.6,61.7698,10.1827
9659,9301,68058.5,4573.5,4389,68290.9,7629.41,4.01328,10.1848
14772.5,14249,67944,5182.5,5021,67644,8073.4,66.7766,10.1848
16361.1,12344,86863.6,14063.3,10952,84153.5,62606,172.227,10.1859
10247.3,9677,69397.9,4704,4445,69354.6,10216.1,84.7561,10.1901
9506.9,9141,68159.3,3693.75,3589,67448.8,9752.36,70.1535,10.1901
9536.15,8716,71702.7,4544.25,4108,72495.6,10296.7,-17.587,10.1911
9830.6,8992,71647.9,4504.5,4192,70421.5,9748.75,-92.3864,10.1922
13116.3,12227,70302.9,5215.5,4963,68870.3,8950.31,91.6836,10.1932
7768.8,6751,75416.4,7419.75,6719,72371,9812.02,11.6712,10.1932
11022,10058,71817.6,7308,6736,71101.1,21326.7,48.2185,10.1985
11802.7,11168,69260.5,8020.5,7568,69454.5,27096.8,-27.6783,10.1985
9051.25,8432,70349,3670.5,3476,69203.1,23377.4,45.5614,10.1985
21310.3,17087,81734,10143,8479,78397.4,20688.4,4.3825,10.1996
13267.8,12256,70946.4,7237.5,6848,69263.6,8395.16,93.4245,10.1996
13245.7,12367,70192.5,5157,4879,69270.2,8512.74,-2.89992,10.2006
8130.85,7793,68377.2,3573.75,3217,72803.6,7656.83,-27.8078,10.2006
12819.3,11548,72750.7,5466,4988,71816.3,11879,-131.166,10.2006
8979.75,8292,70971.6,3288.75,3072,70160,10229.1,91.6356,10.2006
9985.3,8894,73577.3,8739.75,8046,71186.7,22127.6,-22.3316,10.2017
10272.6,9641,69829.4,4299,4073,69172.4,7273.82,-93.1534,10.2027
5957.9,5561,70213.4,3078.75,2857,70622.7,9759.28,-39.0668,10.2038
15897.7,14657,71083.6,3662.25,3461,69346.8,7735.72,-145.631,10.2049
12264.2,11437,70276,5277.75,5017,68942.1,6815.88,1.46385,10.2101
5393.7,5178,68266,2649,2570,67550.5,10181.2,18.5374,10.2144
7257.25,6460,73624,6513,6056,70481.5,17307.8,-9.25045,10.2144
6905.6,6776,66789.5,2543.25,2524,66035.8,16761.4,4.53008,10.2154
15087.8,13613,72636,7435.5,6717,72546.2,10041.3,94.2226,10.2196
10672.3,10056,69552.8,5340,5084,68836,8048.53,121.818,10.2196
11007.8,10305,70005.2,7232.25,6805,69650.7,22409.9,-79.1022,10.2207
5279.3,5136,67364.5,2637,2612,66163.3,9253.67,-2.06777,10.2228
14168,12761,72762.1,7149.75,6425,72928.6,9573.6,37.4802,10.2313
8676.2,8352,68079.9,3523.5,3472,66508.1,9058.44,18.5796,10.2313
13647.4,12644,70736.8,3930,3680,69988.2,14724.5,11.4866,10.2323
17066.4,15296,73121.3,22522.5,17108,86277.4,20408.9,367.313,10.2334
8659.95,8276,68576.4,3060.75,2964,67675.2,7277.43,24.6665,10.2334
15731.9,14036,73454.6,9609,8868,71012.1,12842.1,90.6774,10.2365
15512.9,13969,72779.3,6438,5957,70827.7,17444.3,-9.25558,10.2365
17876.9,14969,78267.3,11026.5,9529,75835.1,27021.4,-85.2955,10.2386
15836.6,14677,70713.9,6229.5,6081,67136.4,7808.7,128.707,10.245
7698.6,7004,72035.3,2750.25,2620,68794,8451.79,-63.0976,10.2482
9958.65,9029,72283.8,6310.5,5797,71341.2,22593.4,-49.0091,10.2482
6456.45,6003,70486.4,2370.75,2343,66312.2,9020.82,-87.199,10.2513
18352.8,17254,69709.4,4444.5,4354,66898.2,8375.71,-5.47477,10.2534
26134.5,21593,79319.9,13255.5,11709,74191.9,10631.9,126.02,10.2534
6507.15,6092,70002.1,2319,2248,67605.9,7656.1,-90.5877,10.2545
10237.5,9345,71795.1,6157.5,5605,71996.1,24295.6,16.2869,10.2577
11462.8,10255,73254.3,8190.75,7307,73462.3,29583.3,-30.3518,10.2577
7645.95,6928,72327.5,3012,2880,68539.7,13057.2,30.4693,10.2608
6517.55,5932,72005.1,2722.5,2632,67789.4,12777,8.97982,10.264
11425,11109,67400.5,3830.25,3793,66179.6,9810.71,0.491299,10.2672
10329.8,9784,69191.9,4871.25,4668,68389.5,12813.7,71.7584,10.2682
12934.3,11922,71101,4599.75,4274,70530.9,7329.42,-40.6955,10.2693
21319.3,17805,78471.5,16260,14681,72584.7,31124.9,81.3903,10.2693
16614.6,15828,68793.1,6216.75,6132,66441.8,7493.4,16.0584,10.2703
11675.3,11017,69452,4941,4681,69176.1,7863.22,59.9045,10.2735
8910.85,8409,69447.2,3797.25,3577,69571.3,14918.2,89.7394,10.2798
11857.3,11420,68045.5,3537.75,3564,65053.3,6885.19,6.62124,10.2798
11763.7,10905,70696.5,7757.25,7129,71311.4,34753,-119.126,10.2819
8903.05,8392,69527,4263,3944,70836.7,9200.12,19.4342,10.2862
12981.8,12112,70242.3,7762.5,7056,72098,42317.1,1.84966,10.2862
7628.4,7473,66898.8,2766,2737,66230.4,7038.34,4.89549,10.2872
11976.9,10372,75676.6,7997.25,6980,75087.1,13922.6,192.117,10.2883
10663.3,10128,68999.5,4172.25,3892,70255,9939.61,37.4665,10.2914
6026.8,5806,68028.3,3440.25,3278,68779.8,12610.8,86.3861,10.2914
17535.7,15884,72350.8,7076.25,6472,71654.7,10604.3,8.20147,10.2925
11341.8,10941,67937.1,5841,5405,70822.5,10403.4,-19.311,10.2946
7033,6817,67612.5,4152,3909,69610,6554.13,-87.9663,10.2967
10203,10103,66185,7002,6727,68215.1,9983.09,10.8048,10.2967
7046.65,6685,69081.4,3638.25,3433,69454.2,10170.6,-15.8622,10.2978
5761.6,5656,66759.6,6654.75,6348,68702.8,7870.64,-10.6158,10.301
20224.1,18884,70186.8,5793,5280,71903.4,9265.79,148.432,10.3094
10848.5,10358,68639.4,3321,3142,69269.6,12298,-74.4222,10.3094
14554.1,13330,71554.4,6769.5,6262,70847.3,19867.7,-82.4467,10.3105
9673.95,9104,69638.8,5538.75,5168,70237.5,9908.05,64.9876,10.3126
40560,30245,87886.9,35614.5,26837,86970.7,36020.2,205.906,10.3126
13170.3,10612,81335.2,15788.3,13492,76689.8,18353.4,105.09,10.32
5320.9,5268,66194.1,2534.25,2416,68743.6,12224.9,1.26057,10.321
5719.35,5719,65540,1962.75,1895,67879,12903.2,-2.20492,10.321
7250.1,7328,64839.3,3340.5,3344,65467.4,19869.5,-77.2867,10.3221
10530,10170,67855.9,3957.75,3865,67108.7,23043.6,-43.006,10.3263
14623,13538,70788.6,5187,4886,69573.3,10285.1,22.8335,10.3263
7013.5,6808,67514.2,2865,2776,67637.1,12625.5,-70.9945,10.3284
7651.8,6992,71720.3,3300,3092,69944.6,10202.2,170.757,10.3316
17170.4,15189,74085.1,9682.5,8481,74820.5,18987.9,69.8064,10.3369
21243.3,18180,76578.7,13073.3,11648,73555,28360.6,105.574,10.34
13171.6,12038,71707.4,6523.5,6146,69561.4,12640.1,-75.295,10.3411
11009,9825,73434,7548,6805,72691.5,23924.7,110.901,10.3432
7346.3,6937,69402.8,3244.5,3165,67182.2,15015.7,143.056,10.3432
5816.2,5449,69952.4,1800,1737,67913,7324.06,-48.4352,10.3464
12477.4,10649,76788.3,4170.75,3689,74094.4,16876.1,22.5858,10.3485
6688.5,6211,70574.4,1752.75,1651,69574.9,12652.4,135.405,10.3495
17336.1,15521,73200.3,6502.5,5941,71730,14749.6,132.746,10.3506
7344.35,6353,75762.5,4756.5,4485,69503.2,8361.36,31.5058,10.3527
11249.5,10600,69551.9,6475.5,6140,69117,10752.9,-28.7841,10.3537
10651.5,9469,73720.6,5487,5033,71447.7,6388.42,-7.98009,10.3548
9954.1,9300,70145.4,3669.75,3520,68324.1,13968.2,-56.4249,10.3548
14363,12861,73190,5792.25,5069,74886.8,16285.8,14.868,10.3559
18091.4,15316,77411.9,13508.3,11920,74268.2,17151.9,105.995,10.359
12892.8,10521,80309.8,7518.75,6569,75011.2,15115.9,-40.9881,10.359
11835.8,10777,71975,4076.25,3897,68550.5,25634.1,-15.5834,10.3601
12531.3,11397,72058.8,4894.5,4597,69777.2,12342.1,34.7962,10.3601
11473.1,10009,75122.8,7361.25,6733,71651.1,11699.4,43.4203,10.3611
8660.6,8085,70201.7,4457.25,4325,67540,9413.93,-8.09379,10.3633
11953.5,10969,71418,6150.75,5865,68729,13139.5,-21.1338,10.3643
13306.1,10106,86288.5,9338.25,7962,76864,12461.7,-22.8283,10.3654
6783.4,6072,73214.2,3470.25,3240,70193.3,10303.7,-11.5672,10.3664
11513.4,10731,70314.5,4041,3871,68414.1,11323.9,138.034,10.3675
12071.8,9645,82025.7,5540.25,4809,75501.3,17368.6,61.2673,10.3685
11570.6,10909,69510.9,3763.5,3625,68039.9,10169.4,15.9578,10.3706
9618.05,9069,69503.6,5872.5,5581,68959,11817.7,134.576,10.3738
11438.7,10744,69773.5,2424,2376,66860,20877.6,37.0554,10.3749
19227.6,17057,73876,6770.25,6149,72157.3,10239.2,69.2752,10.3791
10858.3,9453,75278.4,8184.75,7133,75199.2,12766.2,-103.68,10.3854
10619.7,9696,71779.4,5643,5188,71283.7,22968.7,107.497,10.3886
11832.6,10728,72283.9,4222.5,3944,70163.7,10569.1,-45.9772,10.3886
8874.45,7961,73055.6,3255,3049,69963.8,6597.67,36.732,10.3886
9504.95,8352,74582.9,2618.25,2368,72461.8,30878.3,61.6195,10.3939
11155.9,10276,71148,4628.25,4516,67165,12226.7,24.4805,10.3939
14420.9,13768,68643.8,5055,4972,66630,18327.8,62.0912,10.397
12769.3,11161,74979.4,5346,4713,74338.1,15986.7,39.8192,10.397
7317.7,6799,70535.8,3255.75,3119,68409.4,9110.28,-45.0624,10.3981
10885.5,9196,77576.7,10530.8,9496,72677.3,12781.9,93.2596,10.3981
9685,8750,72539,5115,4794,69924.2,9651.51,-59.7027,10.3992
8084.05,7244,73135.9,3756.75,3528,69785.3,17995.2,13.0837,10.4002
6044.35,5625,70421.8,2617.5,2665,64367.9,8744.7,-32.1486,10.4013
20320.9,11297,117886,8325.75,5685,95978.3,9711.57,-87.225,10.4023
10473.4,9834,69797.4,5508.75,5258,68661.4,17914.3,2.76676,10.4023
12405.9,11616,69992.5,6136.5,5828,69005.1,15006.7,45.876,10.4044
7254.65,6992,67997.8,2160,2048,69120,9707.8,-24.4448,10.4087
20025.2,17660,74313.2,13284.8,11768,73982.8,17177.9,9.67443,10.4171
13434.2,12420,70887.6,6507,5984,71263.8,14666.3,34.7088,10.4213
11496.5,10521,71612.8,5118,4525,74124.5,17350.6,96.5279,10.4224
5419.7,5573,63733.3,2501.25,2421,67708.4,7543.47,-106.923,10.4234
6186.05,6314,64207.9,2946,2862,67459.5,20368.4,37.0745,10.4277
10762,10274,68649.2,4749.75,4422,70393.4,19795.6,70.6361,10.4287
10745.1,10376,67867.6,5328.75,5112,68314.7,8815.57,-9.7913,10.4298
6565,6496,66232.1,1993.5,1936,67482.4,14445.9,-46.1229,10.4329
10732.1,9955,70652.2,5914.5,5239,73986,36305.3,35.6156,10.4361
6641.7,6366,68374.2,2106.75,2030,68013.8,18833.1,-7.58778,10.4382
9257.95,9200,65948.8,5055,4948,66953.2,8135.6,-129.306,10.4382
14169.3,12607,73657.7,10089,8651,76429.6,17190.4,49.234,10.4393
7601.75,7776,64067.4,3525,3440,67155.4,16441.6,-0.617898,10.4403
13130,12757,67452.2,4399.5,4197,68698,23247.5,73.9463,10.4425
12651.6,11536,71873.7,9217.5,8356,72292.7,15212.8,-33.2517,10.4477
7346.3,7116,67657,4750.5,4424,70372.7,12744.9,15.861,10.4498
10243.3,9910,67740.5,3998.25,3874,67637.9,7887.68,-97.4764,10.4498
11275.5,10737,68823.2,4341,4149,68568.8,18964.1,67.2273,10.4509
14199.2,13235,70310.7,6192.75,5671,71565.5,22512.5,-14.6061,10.453
7900.1,7693,67300.3,2854.5,2793,66979.1,13120.1,4.66693,10.4593
8909.55,7640,76426.2,6143.25,5352,75225,24686.8,-6.94777,10.4636
5883.8,5546,69527.7,2085.75,2078,65780.4,15134.8,29.5312,10.4646
8859.5,8024,72359.9,5358.75,4936,71148.9,12666.8,26.184,10.4657
11118.9,10132,71919.5,4716.75,4352,71028.7,10725.8,62.3769,10.4667
9426.95,8964,68920.6,3580.5,3440,68212.7,9277.08,67.5914,10.4699
11882.6,11348,68623.7,4185,4112,66699.5,8096.94,-70.8243,10.472
19461,17372,73416.8,7563.75,6892,71923.7,8621.99,-80.304,10.4784
6509.75,6021,70855.8,2812.5,2641,69791.8,6766.74,-2.8343,10.4794
11838.4,10972,70711.3,5335.5,5032,69488.7,12500.9,9.8502,10.4805
17115.8,11906,94213.1,7240.5,4770,99478.7,7051.29,65.095,10.4815
7343.7,6940,69348.2,3498,3384,67743.8,15709.7,77.6696,10.4826
11994.4,11037,71221.2,4384.5,4057,70826.4,15538.4,-16.924,10.4836
11801.4,10767,71832.1,5120.25,4751,70629.5,6892,113.261,10.4847
18484,15929,76048.1,11221.5,10045,73211.8,49698.9,-37.1278,10.4857
13553.8,12485,71146.3,5576.25,5109,71529.7,10187.5,-2.96286,10.4879
23466.3,16362,93991.4,21288,16106,86621.8,23821.8,104.025,10.4879
14478.7,13477,70407.3,6249,5925,69119.7,14654.3,106.949,10.4963
9740.25,8673,73600.5,4308.75,4017,70295.8,6645.59,82.3102,10.4963
12704.3,11329,73491.5,9582.75,8849,70970.2,14364.5,-59.8798,10.4974
7523.75,6437,76600.4,2846.25,2657,70203.9,9034.78,121.78,10.4995
19670.9,15801,81586.9,14085,11785,78326.2,11167.2,-23.6397,10.5016
19507.1,17608,72604.5,5226,5000,68498.2,10576.9,-58.8775,10.5079
10349.3,8260,82112.8,7605.75,6772,73604.6,34441.2,-95.0343,10.5079
11750.7,10705,71937.8,3528,3249,71163.8,15576.9,69.9346,10.5111
11300.3,10216,72491.5,3341.25,3208,68258.2,6779.69,12.6452,10.5153
13439.4,12449,70749.8,3206.25,3009,69832.1,6914.64,156.26,10.5164
11610.3,10532,72245.8,5213.25,4980,68605.5,8039.57,112.358,10.5174
8398,7727,71227,6427.5,6015,70030.4,15712.6,16.6095,10.5174
9525.1,8813,70831.4,3596.25,3405,69217,7167.62,-25.2094,10.5206
7916.35,7140,72661.9,4088.25,3780,70880.3,18265,-101.306,10.5216
11778.6,10928,70637.4,4528.5,4324,68635.5,13719.2,-38.3556,10.5269
17163.3,15429,72902.4,11997.8,10481,75020,24994.4,1.64067,10.528
7376.2,7013,68930.1,2668.5,2481,70488.9,11078.5,5.60365,10.529
12141.3,11597,68612.2,4869,4717,67647.8,13457.5,86.3542,10.529
19668.3,14653,87967.3,17284.5,13597,83309.3,8968.89,40.0829,10.529
12227.1,11244,71266.3,4493.25,4184,70379.9,8220.13,7.43108,10.529
21226.4,19413,71657.8,7587.75,7057,70464.9,12200.3,26.2015,10.5301
21169.8,19561,70926.2,14207.3,13049,71353.1,11319.6,28.8146,10.5312
6941.35,6744,67453.8,2276.25,2280,65428.2,18458.5,-20.4737,10.5333
10841.3,10365,68547.9,4341,4137,68767.7,6549.5,-14.8661,10.5396
36302.5,26709,89075.6,26631,20341,85801.5,10773.6,90.7551,10.5396
25136.8,22241,74068.9,15343.5,13509,74435.7,51119.5,220.819,10.5407
14153.7,12790,72523.9,7440.75,6402,76169.5,34495.9,101.904,10.5407
15033.8,12472,78997.6,9780.75,8668,73949.2,16760.7,12.2701,10.5428
11173.5,10248,71454.6,4688.25,4412,69639.4,23285.1,46.4249,10.5428
12840.8,11994,70162.7,5415.75,5098,69620.8,8551.93,75.3586,10.5438
9200.75,8785,68637.5,6600.75,6085,71090.7,18605.2,1.02079,10.547
9584.9,9234,68026.4,7157.25,6818,68796.9,12191.2,18.4618,10.547
11324.3,11068,67053.6,3075.75,3016,66834.3,10898.7,47.7504,10.5491
7142.2,6953,67319.3,3018.75,2841,69636.3,10649.4,25.3998,10.5512
8372.65,7993,68648.8,2957.25,2793,69390,11289.3,67.5157,10.5523
27071.2,19542,90785.9,8521.5,6646,84030.3,30754.5,250.824,10.5565
11349.6,10780,68999.1,4137,4088,66321.5,10545.2,15.0837,10.5586
14567.8,12169,78454.7,12846.8,11321,74368.4,6317.74,164.023,10.5586
11879.4,11272,69067.5,4229.25,3960,69992,14831.7,-85.6974,10.5597
8684.65,8190,69494.2,3591.75,3310,71114.5,13011,45.091,10.5628
16790.8,15622,70439.2,8439,7730,71547,11306.9,9.89507,10.5639
12453.3,10932,74656.3,7174.5,6272,74966.2,19325.1,19.9137,10.5649
7391.8,7577,63934.1,2713.5,2633,67539.7,15423,-44.4396,10.5713
13749.4,13357,67461.5,5616,5469,67297.5,8071.03,121.817,10.5723
9421.1,9602,64301.3,4810.5,4758,66259.1,18565.3,-6.71771,10.5734
7891.65,7948,65071.4,4515.75,4380,67567.2,19934.5,41.3908,10.5744
11041.5,10689,67697.5,6845.25,6401,70084.4,19880,29.3529,10.5766
13579.1,12980,68561.1,4898.25,4592,69906.7,7408.77,50.4616,10.5776
9185.8,8688,69291,6669,6144,71136,20613.1,221.965,10.5776
26932.7,19265,91620.3,10146,6709,99109.9,39832.4,144.703,10.5787
50569.3,35373,93690.5,42797.3,31341,89491.7,68257.3,342.295,10.5818
5877.95,5393,71429.1,5089.5,4485,74369.1,6624.12,52.2111,10.5829
15659.1,14476,70892.4,10152.8,9000,73930.1,21011,154.87,10.5839
9383.4,9165,67097.7,3725.25,3517,69416.5,10999.1,58.0666,10.585
6751.55,6888,64237.7,3682.5,3628,66520.5,6834.39,66.8232,10.5892
11650.6,11720,65147.9,3421.5,3404,65872.9,6472.93,-58.7233,10.5903
6929.65,6768,67101.3,3256.5,3060,69744.4,15629.6,13.1726,10.5935
11759.8,11009,70005.5,5130,4805,69968.7,7364.38,-37.2568,10.5935
11800.1,11584,66758.6,5003.25,4948,66267.8,9386.23,98.5473,10.5956
16432.6,14306,75278.2,12581.3,11238,73369.4,12691.5,107.023,10.5956
11645.4,11095,68787.1,5547.75,5191,70039.9,27108.2,176.141,10.5998
15877.5,14356,72482,8719.5,8096,70583.1,7504.59,-117.242,10.6008
9401.6,8880,69385.5,5158.5,5024,67290.5,7874.14,72.8041,10.603
16833.7,13657,80780.1,6299.25,5405,76378.9,11993.7,110.489,10.603
8038.55,7688,68524.2,2686.5,2600,67716.3,21327,53.3785,10.6072
7886.45,8026,64396.5,3132,3130,65577.9,18518.4,-28.2159,10.6082
5876.65,5724,67283.7,2808.75,2760,66693.6,11905.8,40.8326,10.6082
5758.35,5680,66440,2115,2036,68078.9,7072.78,-12.3058,10.6093
7641.4,7488,66878.6,4369.5,4288,66781.6,22600.8,13.7706,10.6093
10015.2,9614,68270.9,6448.5,5950,71026.7,16735.2,83.6511,10.6114
8925.8,8755,66814.5,5324.25,5159,67635.2,26397.6,29.1079,10.6146
6170.45,6229,64920,2233.5,2213,66143.1,17751.4,-40.2271,10.6146
9744.8,9057,70512.9,5643.75,5269,70197.2,22846.7,-29.2386,10.6177
13164.4,12853,67124,4084.5,4021,66570.9,8350.69,96.0062,10.6177
13263.9,12536,69341.3,5847,5416,70751.3,10918.6,70.1097,10.6177
11057.1,10037,72197,8104.5,7173,74046.6,12675.4,31.3436,10.6188
7545.85,7344,67337.3,2764.5,2660,68110.6,7211.8,47.029,10.6199
17277.6,15645,72375.1,9821.25,8829,72901.3,9024.82,34.9208,10.623
14291.5,13077,71622.8,7930.5,7013,74110,19004.9,55.1858,10.6262
18558.1,15005,81054.8,21245.3,17485,79629.9,16436.8,162.782,10.6325
10773.1,9947,70978.8,6898.5,6475,69822.4,13853.2,63.1194,10.6346
14439.1,11071,85473.8,16254,13663,77964,7718.45,-38.1301,10.6357
8750.95,8400,68274.1,4050.75,3812,69640.6,16825.7,7.10767,10.6367
7540,6920,71407.7,8066.25,7080,74665.2,19171.4,-97.0405,10.6367
8940.1,7888,74277.2,5934.75,5236,74281.9,9866.22,-17.5708,10.6399
14063.4,13089,70414.8,5187.75,4849,70114.3,10764.5,127.735,10.6431
8000.2,7900,66367.2,5040.75,4952,66710.5,7746.69,-70.8111,10.6441
6308.25,6017,68708.2,2824.5,2805,65991.6,11163.8,79.5604,10.6463
12441,11889,68578.8,6321,6113,67765.9,9065.94,18.5793,10.6473
5755.75,5141,73372.7,2259,2085,71005.2,12786.4,-13.3805,10.6484
11584.9,9918,76550.8,6335.25,5614,73955.6,16987.8,-48.7984,10.6494
8922.55,8452,69184.6,3825,3648,68715.8,12105.2,175.845,10.6515
13194.3,12053,71741.9,11088,10289,70625.2,18871.2,-31.6692,10.6526
11344.4,10433,71261.4,4923,4369,73846.1,7607.78,-6.30591,10.6536
7502.3,7285,67490.8,1383.75,1361,66631.5,7239.95,-38.1121,10.6547
9451.65,8417,73591.9,7572.75,7009,70807.2,15984.2,-73.7007,10.6547
11333.4,10890,68204.4,4629.75,4538,66861,30045.1,-9.72914,10.6558
5663.45,5396,68784.3,2522.25,2464,67085.3,13210.5,44.2235,10.6568
18498.3,16169,74977.3,12209.3,10649,75138.1,29964.9,70.2539,10.6579
6418.75,6242,67391.7,2434.5,2450,65121.4,6479.7,-5.40352,10.6589
14134.9,12579,73642.2,7080,6503,71350.9,26891.9,54.8894,10.6589
14643.2,13384,71701.8,6708,6152,71459,6974.63,84.8779,10.6663
14138.8,13404,69128.6,6236.25,6028,67800.1,7650.61,64.2125,10.6684
8947.25,7718,75974,6519.75,5762,74154.5,11685.3,5.58085,10.6737
15668.2,13757,74640.9,12483.8,10905,75023.8,13929.7,117.297,10.6737
14092,12751,72428.3,6343.5,5739,72439,9102.1,43.5179,10.6758
12219.3,11441,69994.5,5329.5,4977,70177.6,14616.1,168.871,10.6769
12073.8,10865,72827,7017,6293,73075.8,15807.5,127.546,10.6779
13893.7,12456,73100.6,8021.25,7032,74755.5,13872.2,14.9587,10.6779
11399.7,9769,76475.7,6806.25,5933,75181.9,24621.6,-16.4053,10.68
12340.3,11836,68328,5553,5228,69610.1,7020.89,-55.3039,10.68
11376.3,11276,66118.9,4035.75,3932,67265.2,18979.7,33.6867,10.6822
11284.6,10665,69343.7,4424.25,4205,68953.1,20135.3,-18.8167,10.6822
5220.15,5041,67865.1,2671.5,2485,70454.5,7145.07,28.9715,10.6843
12571.6,11909,69182.6,6805.5,6385,69852,16633.9,-41.0451,10.6853
21135.4,19893,69629,10908.8,10129,70581.1,7380.09,88.3027,10.6853
15620.8,14293,71624.2,9456,8609,71983.8,8665.86,192.314,10.6927
10807.5,9772,72480.9,6203.25,5560,73118,7633.11,102.913,10.6959
6915.35,6504,69680.9,3666.75,3468,69291.9,11369.8,56.3327,10.6959
10790.6,10252,68979.3,4881,4572,69965.3,16671.8,26.0334,10.6969
9517.95,9129,68328.2,3332.25,3245,67298.1,9962.98,-62.2944,10.7012
8178.3,7480,71654.2,6553.5,6028,71249.2,16827.3,-75.4524,10.7033
14406.6,12983,72722.1,11559.8,10327,73359.1,9423.03,-45.0741,10.7054
17247.1,16012,70591.2,7611.75,7196,69322.4,6704.24,-8.85196,10.7064
14409.8,13711,68876.4,5070,4843,68607.8,6578.43,-20.0272,10.7064
8958.95,8584,68398.6,3909.75,3660,70008,14409.2,14.9385,10.7064
14099.8,13019,70976.6,9718.5,8891,71635.5,17417.1,19.1254,10.7096
14348.7,13372,70323,8391.75,7848,70076.7,9069.27,5.67916,10.7096
7671.3,7574,66377.9,3198,3106,67477.2,9425.33,61.5658,10.7096
8953.75,8268,70971.6,6177.75,5612,72142.7,27872,47.9725,10.7117
8184.8,7780,68945.9,6222.75,5764,70751.9,19546.5,0.125414,10.7138
10704.2,10437,67213.8,3616.5,3541,66933.3,9007.17,-40.7585,10.7159
13166.4,11669,73945.8,6478.5,5889,72096.3,27799.7,6.69525,10.7181
12312.9,11898,67821.6,8430.75,8058,68567.6,8505.67,242.2,10.7202
7912.45,7657,67722.4,3386.25,3245,68388.7,14486.3,8.05558,10.7212
8744.45,8537,67128.5,4123.5,4061,66544.6,15634.1,228.172,10.7212
14459.9,13584,69761.8,4899.75,4500,71357.8,25894.9,129.747,10.7244
8485.75,8098,68674,3316.5,3138,69263.9,26008.4,-43.9774,10.7254
8437.65,8007,69060.8,6447,6131,68913.8,8255.08,55.5898,10.7276
8377.2,7929,69240.5,3840.75,3737,67355.5,6971.86,19.518,10.7318
9148.1,8737,68619.6,4107,3905,68926.1,14169.6,20.1075,10.7339
8572.85,8696,64607.9,4148.25,4136,65730.1,15665.4,78.5313,10.735
11337.3,10481,70890.3,7958.25,7157,72873,31448.7,83.9581,10.735
7425.6,7165,67919.6,3220.5,3049,69222.3,10952.1,1.3084,10.735
15715,14784,69663.3,9396.75,8816,69853.2,10183.3,29.7173,10.735
13919.7,13096,69658.3,4817.25,4536,69599.5,10574.9,135.483,10.7371
10271.9,10029,67123.6,2251.5,2089,70633.9,27393.2,114.211,10.7381
9400.3,8992,68511.8,4654.5,4288,71137.4,11449.7,42.5697,10.7392
8853,8933,64949.1,3678.75,3669,65710.2,10559.3,35.7232,10.7402
14701,13313,72369,6202.5,5537,73412.9,10690.5,187.938,10.7445
29533.4,26008,74419.4,13592.3,12012,74157.6,17114.1,46.6568,10.7455
7970.3,7425,70349,2763,2613,69298.1,6326.37,52.2222,10.7476
12726.3,12441,67039.1,5370.75,5117,68785.9,6484.4,54.7963,10.7476
8114.6,7933,67036.2,3591,3481,67606.9,11532.7,98.4666,10.7487
6108.05,6076,65881.7,3573.75,3356,69788.2,7092.47,-23.4865,10.7497
6801.6,6304,70709,2018.25,1936,68320.3,8828.91,54.7082,10.755
8615.1,7280,77554.8,6483.75,5876,72314.3,8605.23,-68.2634,10.7592
8086.65,7797,67970.6,3876,3745,67828.4,18265,-21.3264,10.7614
49647,35949,90507.8,25601.3,19049,88078.3,54987.3,183.693,10.7624
10820.5,10405,68153.4,4012.5,3809,69037.3,8785.08,22.8898,10.7645
8736.65,8393,68219.4,4755,4429,70359.8,11193.5,101.059,10.7645
11998.3,11080,70967.9,4236.75,3848,72156.9,6471.88,34.1568,10.7666
7974.85,7928,65923.3,2798.25,2680,68427.6,12942,-26.2864,10.7719
11035,10738,67348.9,3944.25,3862,66931.7,6476.97,53.9366,10.7719
19149,17456,71892.1,12055.5,11104,71151.8,26537.8,100.483,10.773
12639.3,10768,76924.8,8118,7252,73362,14635.8,22.67,10.774
9953.45,9521,68512.7,4474.5,4405,66570,24237.6,29.1891,10.7772
19304.3,17659,71642.2,7152.75,6559,71468.6,28083.2,78.0646,10.7782
17866.5,16356,71588.5,15926.3,14788,70580.4,24392.7,57.5633,10.7793
8750.95,7852,73039,4914,4556,70685.7,18274.1,-12.7268,10.7825
13046.1,11916,71751.6,6060,5724,69383,15849.8,195.484,10.7825
6702.8,6790,64694.4,2257.5,2230,66344.2,14017.3,-41.8068,10.7846
9551.75,8804,71102.2,3786,3604,68845.5,7264.02,121.847,10.7899
6762.6,6767,65493.4,2431.5,2367,67321.8,15333.3,76.8238,10.7909
12028.3,10949,71995.9,3767.25,3537,69802.2,16166.9,9.71242,10.7962
7853.95,7640,67371.3,2817,2764,66792.7,10659.3,94.1994,10.7973
8819.85,8809,65616.7,3775.5,3709,66711,6762.57,-15.7341,10.8004
18158.4,15217,78203.9,12249.8,10929,73455.9,9555.9,-10.6791,10.8078
9736.35,9119,69972.7,7746.75,7359,68989.1,6857.85,37.5823,10.8078
7200.05,6809,69299.8,2273.25,2125,70108.1,7340.08,100.344,10.8089
5755.1,5608,67255,2970.75,2812,69235.8,8038.43,108.058,10.811
18494.4,16740,72404.6,15141.8,13732,72264,19239.7,-44.5831,10.812
8633.95,7717,73323.1,6891,5973,75608.3,17520.8,8.80154,10.8152
8114.6,7471,71181.7,4796.25,4411,71259.8,12843.7,-16.8227,10.8163
23250.5,18228,83593.6,14516.3,11648,81673.9,24973.6,-108.439,10.8205
9935.25,9600,67824.6,3884.25,3636,70010.5,27398.2,27.3503,10.8205
7516.6,7387,66685.8,2640.75,2523,68594.6,10473.3,22.8264,10.8247
5413.85,5215,68034.9,2020.5,1935,68431.8,7803.38,129.567,10.8258
10258.9,9865,68153.1,2435.25,2281,69967.8,8634.15,60.7355,10.8268
11219,10772,68255.5,3931.5,3764,68452.4,9338.16,99.4091,10.8268
10034,9236,71198.7,6315.75,5648,73284.2,8971.96,83.9428,10.8279
11900.2,11361,68646.4,6168,5957,67857.3,8023.27,-32.9815,10.8279
9447.1,9200,67296.2,3711,3648,66667.8,9697.43,36.6156,10.831
9143.55,8637,69379.6,5665.5,5261,70574.8,15888.8,-53.9171,10.8342
16294.8,15051,70952,8295.75,7743,70214.4,16601,146.436,10.8342
14359.1,13433,70054.4,8012.25,7405,70910.3,8984.75,29.7623,10.8353
11435.4,11284,66415.6,6966.75,6612,69052.2,15647.9,-79.7081,10.8395
12785.5,11972,69989.2,7161,6640,70678.2,14347.3,-132.119,10.8416
11337.3,10392,71497.4,8540.25,7468,74945.6,9533.41,-28.7383,10.8437
11273.6,10409,70979.6,7958.25,7305,71396.6,31637.5,-57.089,10.8479
9904.7,9593,67665.4,5568,5209,70052.7,13765.3,74.3027,10.849
9161.1,8645,69448.4,5922,5413,71698.5,8931.72,-17.5357,10.8501
6810.05,6593,67693.5,3759,3585,68716.8,8131.45,89.9944,10.8532
6778.2,6513,68204.5,3303.75,3125,69284.7,11380.6,-46.0077,10.8532
11371.1,10485,71074.5,8195.25,7541,71221.8,15383.6,58.7619,10.8543
11419.2,10737,69700,4320.75,4021,70421.5,9064.82,-3.78067,10.8543
5779.15,5825,65020.1,2353.5,2337,65998.7,13391.7,83.7767,10.8574
8982.35,8116,72531.7,4825.5,4260,74235.7,24607.4,-70.5848,10.8574
14505.4,13448,70689,3268.5,3020,70928.6,9777.92,-2.08747,10.8606
11246.9,10681,69008.5,5322.75,5101,68385,21283.4,179.8,10.8627
19327.1,17413,72740,9101.25,8321,71681.2,17436.7,-26.4553,10.8669
10852.4,9724,73141,4372.5,4028,71141.1,18232,86.1748,10.8669
12201.8,11410,70083.9,5808.75,5622,67713,21134.4,-99.6943,10.8701
11930.8,11560,67637.9,7938.75,7464,69704.4,6554.26,89.1937,10.8712
9664.85,8826,71764.7,6549.75,5834,73576.3,17899.3,74.1473,10.8722
10408.4,9693,70373.3,2840.25,2713,68609.9,21613.4,-7.69226,10.8786
12723.1,12309,67740.8,5052.75,4949,66909.9,25298.3,89.3493,10.8807
24129.9,20431,77401,19208.3,16859,74668.3,6790.81,41.0248,10.8838
11153.3,10784,67780.6,5175,4932,68765,19671.3,-119.419,10.8912
5737.55,5420,69375.7,2289,2136,70230.3,22576.3,29.2515,10.8933
10884.9,9516,74963.5,10339.5,9464,71598.6,19801.7,6.13582,10.8933
10662.6,10209,68447.9,3467.25,3281,69256.2,18750.5,-32.5247,10.8955
10061.3,8921,73913.3,4279.5,3961,70805.7,13965.7,117.295,10.8955
23575.5,19413,79588.1,12569.3,10613,77616,8093.4,105.476,10.8976
5751.85,5636,66883.1,2308.5,2272,66588.8,11785.8,148.337,10.8997
9580.35,8796,71379.9,3894.75,3816,66888.5,9004.7,6.54159,10.8997
7476.95,7272,67383,2718.75,2600,68529.2,18622.7,-38.5399,10.906
15610.4,14145,72325.4,11427,10229,73211.4,9264.2,6.53184,10.9134
9921.6,9085,71570.9,4191,3917,70120.3,26982.7,17.9059,10.9145
10244.6,9413,71326.2,4420.5,3889,74492.6,22918.6,43.8587,10.9145
9428.9,9436,65486.7,3782.25,3772,65714.1,9518.02,11.6823,10.9187
16042,12688,82860.1,11865,9780,79507.6,66874.9,49.0867,10.9187
5796.05,5839,65053.9,2666.25,2587,67543.6,9252.58,-15.8277,10.9197
12007.4,10826,72688,6714,6062,72584.7,12748.7,-11.6591,10.9219
15824.2,14488,71580.5,10937.3,9772,73350.8,11762.5,-74.4021,10.9229
10216,9572,69945.6,4821.75,4500,70221.8,12480.6,-24.549,10.9229
11285.9,10053,73573.7,7994.25,7317,71601.9,7705.42,-8.02958,10.9229
13605.1,11584,76970.6,7935,6880,75585.5,27803.2,152.035,10.9229
6080.75,5968,66774.1,2913.75,2708,70515.3,18258.4,165.294,10.924
11694.8,9864,77699.8,8664.75,7132,79620.4,38320.9,94.0198,10.925
9930.05,9220,70583.1,7534.5,7008,70459.6,25403.8,11.0853,10.9314
12143.3,11584,68700.2,4564.5,4276,69957.7,9178.8,14.275,10.9314
57713.5,36941,102388,53965.5,37293,94835,85046.8,225.564,10.9345
10821.8,10257,69145,6690.75,6401,68502.6,20016.8,71.4877,10.9377
10286.3,9200,73273.9,6385.5,5584,74942.7,28434.2,23.8714,10.9419
7582.9,6943,71576.1,3033.75,2895,68677,25198.4,-25.887,10.9419
13958.7,12458,73430.8,6929.25,6250,72658.5,10196.1,-78.6432,10.943
8203,7301,73632.6,5515.5,4865,74298.8,15935.5,86.2611,10.943
13575.9,12035,73926.9,7022.25,6439,71472.3,11347,5.59356,10.943
6735.3,6508,67824.9,3069,2968,67766.2,21402.1,43.9157,10.944
11854.7,11229,69187.8,6048.75,5881,67405.4,12640.3,73.485,10.944
9334.65,7969,76766.9,8058.75,7441,70976.8,9649.41,54.6774,10.9451
8217.3,7780,69219.7,4184.25,3952,69387.4,13119.6,20.1469,10.9483
12793.3,11812,70980.5,4977.75,4788,68133.2,6710.41,-73.3522,10.9504
13026.6,11431,74684.1,9404.25,8135,75761.2,22990.7,114.376,10.9514
11454.3,10777,69654.7,5061,4761,69665.5,12224,-121.719,10.9535
8756.15,8469,67758.1,3237.75,3025,70145.2,7926.66,10.0221,10.9556
11694.1,11239,68190,4295.25,4051,69487.4,11645.7,-23.6577,10.9567
12976.6,12318,69040,4628.25,4286,70769.2,9438.46,39.2053,10.9599
11856,11269,68949.8,7211.25,6693,70610.6,10570.6,25.4027,10.9609
26738.4,21833,80260.5,20123.3,17069,77262.7,35689.2,217.959,10.962
25578.1,19640,85350.8,20455.5,16460,81444.2,21493.2,352.652,10.9641
39455.6,27501,94024.4,39935.3,30361,86202.6,9040.37,180.26,10.9662
6675.5,6127,71402.9,3559.5,3295,70796.8,16686.3,130.093,10.9673
7241,7134,66518.9,2536.5,2446,67960.8,12904.9,49.395,10.9694
12954.5,12555,67621.4,4018.5,3887,67753.1,10641.9,7.34006,10.9736
9131.2,8441,70894.7,4557.75,4313,69255,12288.5,11.5782,10.9747
11878.8,11282,69002.5,3927.75,3810,67561.4,14790.9,-37.5359,10.9768
14114.7,12553,73689.5,9667.5,8685,72949.8,8163.82,195.773,10.9768
19392.8,16587,76621.6,12162,10591,75257.2,19690.1,129.98,10.9778
9845.55,9020,71534.1,3572.25,3304,70856.8,14228,-59.0147,10.9789
26256.1,22073,77955.9,18532.5,16173,75097.1,27734.3,97.8577,10.982
12825.8,12368,67961.8,6666.75,6432,67927.9,10433.3,-9.8521,10.9852
22158.5,17203,84414.3,14082.8,10643,86716.8,49777.3,226.029,10.9863
17848.3,16249,71986.5,9745.5,8649,73844.5,11167.6,52.9003,10.9873
12501.4,11089,73883.6,10472.3,9201,74590.7,17788,14.8115,10.9873
10478,10048,68340.6,4323.75,4132,68577.3,6547.02,5.77395,10.9905
11131.9,9823,74268.6,7255.5,6571,72362.9,21666.5,56.8057,10.9937
12292.8,11477,70194.4,7164,6789,69156,9472.73,-29.596,10.9947
14402,13729,68748.8,5148.75,5057,66725,10376.6,67.55,10.9947
11640.2,10969,69546.2,5062.5,4733,70098.5,21999.9,34.4332,10.9947
5495.1,5164,69738,2411.25,2280,69308.6,13998.4,13.2339,10.9958
7350.2,5958,80849.7,8831.25,7810,74105.6,20606.7,147.146,10.9979
11966.5,11032,71087.4,5241.75,4908,69992.5,20987.9,153.151,10.9979
6845.8,6396,70144.8,2627.25,2584,66632.9,14488.1,67.3955,10.9979
13263.9,11681,74416.8,5618.25,5205,70739.2,22944.6,-105.782,11
15796.9,14341,72189.4,11883.8,10613,73383,13688.7,66.5656,11.0021
34279.7,21189,106025,35168.3,23617,97590.1,55969.7,203.437,11.0032
9885.85,8387,77248,8516.25,7303,76423.5,12225.5,38.2405,11.0063
16047.8,14302,73536,6838.5,6185,72460.5,20584.8,14.7064,11.0106
13958.7,13169,69466.2,5614.5,5317,69202.9,14425,32.9979,11.0127
11738.3,11225,68533.1,5061,4777,69432.2,12345.1,16.7361,11.0148
10741.9,9945,70787.4,7726.5,6825,74192.5,18009.3,-29.9168,11.0158
12543,11296,72771,8748.75,7780,73696.4,29140.8,49.6448,11.0169
14118.6,13316,69486.3,5487.75,5156,69752.8,24304.5,116.047,11.0169
12376,12089,67091.9,3794.25,3709,67042.3,7224.21,-11.4515,11.0169
8986.25,8547,68904,3785.25,3683,67355.5,16871.5,-29.8741,11.0169
13574.6,12291,72380.2,7690.5,7271,69317.1,10707.3,-93.2824,11.019
21678.8,17437,81478.6,18912.8,15821,78343.1,18635.6,75.8396,11.0201
10582.6,10432,66482.4,3216.75,3136,67223.5,8900.94,18.5855,11.0222
18018.6,16245,72691.3,10611,9397,74002.6,30904.6,-72.5414,11.0243
12949.9,11910,71258.4,6554.25,6178,69527.2,16926,17.4239,11.0264
8071.05,7652,69125,3390,3200,69427.2,11346,35.6936,11.0285
6422.65,6044,69641.8,1980.75,1964,66094.9,8652.41,48.6948,11.0296
6236.75,5973,68429.9,2622,2433,70627,16315.4,-7.49316,11.0296
17124.9,15456,72612.4,4395,4068,70804,15262.3,82.8464,11.0296
7541.3,7020,70402.7,1965,1880,68499.1,7798.57,-54.4731,11.0306
11657.8,10881,70214.4,5555.25,5233,69571.7,18320.8,-41.9685,11.0317
5913.05,5717,67783.4,2353.5,2289,67382.7,8585.55,-30.4227,11.0338
10141.3,9593,69281.8,4293,4041,69622.9,28213.9,-103.4,11.0338
12972.7,11758,72306.4,6256.5,5738,71458,14902.1,49.32,11.0348
9845.55,9240,69830.9,4938.75,4536,71354.9,20724.4,22.4411,11.037
11170.3,10374,70566.2,4533.75,4162,71389.7,8620.97,65.896,11.0401
11954.1,11220,69824.2,4481.25,4228,69461.5,14433.9,-126.962,11.0412
8278.4,7912,68570.9,3187.5,3080,67823.4,8564.49,-2.90187,11.0433
13879.4,13473,67513.1,4614,4433,68211.8,16080.6,180.856,11.0444
12392.3,11700,69413.6,3340.5,3136,69809.6,26765,66.0741,11.0454
31536.7,25401,81366.5,19301.3,15849,79811.1,32563.8,49.5162,11.0454
18963.8,17278,71930.1,9154.5,8170,73433.2,15947.4,-2.31933,11.0465
18056.3,15532,76187.3,16158.8,14024,75512,18441.3,59.507,11.0486
17975.1,16792,70153.4,5506.5,5372,67176.8,12309.9,105.317,11.0486
8009.3,7941,66099.7,3514.5,3249,70891.4,13040.3,169.79,11.0507
10174.4,9601,69450.3,6049.5,5573,71139.4,8439.01,17.7428,11.0517
13528.4,12628,70209.1,7524.75,6800,72520.9,15118.8,-47.8682,11.0517
8098.35,7468,71067.7,3057.75,2856,70165.5,30785.1,1.42305,11.0539
15575.9,12344,82694.9,12089.3,9996,79259.8,6585.63,117.573,11.057
12120.5,10808,73494.9,8282.25,7240,74970.4,15220.4,81.988,11.057
12518.3,12306,66666.9,3522,3446,66981.4,26854.4,72.9508,11.0591
8321.3,8103,67301.6,3609.75,3367,70260.9,7724.43,114.09,11.0602
6923.8,7228,62777.8,3351,3256,67448.1,8268.3,-30.4107,11.0602
14073.1,13512,68257.7,6532.5,6332,67611.2,18260,118.854,11.0602
14478.7,13344,71109.1,6938.25,6464,70344.2,7314.72,-106.915,11.0612
13156.6,12346,69839.2,7145.25,6602,70928.7,26746.4,54.8948,11.0623
10031.4,9785,67186.6,5881.5,5629,68475.8,18608.6,-12.7393,11.0634
5391.1,5168,68365.1,2179.5,2160,66127.6,20361.8,8.69477,11.0697
10414.3,9401,72599.9,7797,6973,73280.4,12997.5,8.97153,11.0718
9875.45,8932,72458.3,7338,6688,71905.4,8522.25,35.7997,11.075
8266.7,7838,69120.5,3739.5,3530,69425.5,8496.91,-118.139,11.0781
14909,12945,75479.3,9741.75,8433,75706.8,15247.1,-22.073,11.0781
15504.4,14845,68447.3,5097.75,4813,69413.3,9892.66,15.9682,11.0813
6661.85,6485,67323.2,2944.5,2865,67354.5,9959.92,81.3257,11.0813
11991.8,10696,73475.9,7312.5,6760,70892.3,14659.1,-31.5109,11.0813
8532.55,8097,69061.3,3525,3313,69729.7,11583,89.8647,11.0824
9861.8,9739,66362.4,4104,3887,69194.7,7259.41,-73.3728,11.0845
17762.5,16993,68503.9,8898,8577,67988.7,8534.11,64.1793,11.0845
8894.6,8516,68449.6,3771,3668,67376.3,8888.23,9.12597,11.0845
7701.2,7181,70283.5,2720.25,2557,69720.1,11440.1,-101.91,11.0887
13681.2,12437,72092.2,13023,11733,72741.4,13089.8,16.7081,11.0887
6680.05,6765,64713,2819.25,2781,66437.4,10557.5,29.7032,11.0898
9980.1,9765,66979.6,5808,5397,70526.8,20499.9,-29.1504,11.0919
14220,12506,74518.3,4650.75,4062,75034.9,18523.5,17.3639,11.095
17553.9,16157,71202.1,10760.3,9693,72751.9,22632.8,70.5294,11.095
11909.9,11171,69871.1,6374.25,5815,71838.8,11714.7,101.9,11.095
5825.95,5584,68375.6,3034.5,2848,69827.6,26101.4,0.739069,11.1014
22068.8,18372,78723.1,15232.5,12980,76908.9,28030.3,163.207,11.1024
13939.9,13244,68979.6,7076.25,6872,67483.9,8491.57,34.9409,11.1045
20640.1,14948,90491.7,15991.5,12224,85734.5,10667.9,81.2991,11.1045
13688.3,11885,75480,10586.3,9453,73392.6,8757.46,39.2309,11.1056
6073.6,5768,69008.2,2378.25,2248,69333.2,7947.14,78.8213,11.1067
19359.6,17080,74282.8,15249,13852,72145.4,7616.14,117.534,11.1088
19264,16496,76533,7571.25,6404,77481.2,23293.9,-49.0354,11.1119
15343.9,13937,72151.7,5951.25,5633,69238.6,14419.4,-16.8819,11.1172
10684.7,9032,77528,7362,6508,74135.8,12735.6,234.301,11.1183
14561.3,13778,69261.8,4697.25,4642,66316,12074.3,61.4662,11.1183
12762.1,11250,74344.6,7278.75,6402,74511.1,11303.7,-94.1648,11.1193
14592.5,12212,78311,13861.5,12036,75475.8,27430.9,-31.9909,11.1235
7094.75,6487,71675.9,2703,2547,69550,10347.3,-21.8889,11.1235
6247.8,5843,70076.3,2265.75,2179,68145.1,7694.69,-32.1092,11.1257
11174.8,9524,76895.4,8037.75,7216,72999.2,8773.51,17.7303,11.1278
9926.8,9329,69735.5,4200.75,3985,69084.1,10908.9,-45.99,11.1288
12298.6,11120,72482.4,8129.25,7632,69805.9,12804.7,-44.3412,11.1299
11510.8,10505,71811,4318.5,4013,70525.1,12318.7,-79.583,11.1309
10054.2,9088,72503.5,4840.5,4512,70307.4,16538.9,81.0784,11.1309
7380.1,6144,78721.1,4988.25,4416,74028.5,8129.17,-124.146,11.132
6524.7,5969,71637.3,961.5,949,66399.2,9355.78,121.768,11.132
9651.2,8949,70678.4,5571,5057,72197.2,18544.2,93.0431,11.1331
12686.7,11377,73080.4,8262.75,7605,71204.2,16184,118.932,11.1362
13475.8,11127,79370,13965,12583,72733.9,16175.7,-5.76791,11.1362
9477.65,8784,70711.2,3885,3568,71358.6,19976.6,-4.19075,11.1373
10962.9,10517,68314.6,5083.5,4897,68031.9,7026.58,10.9159,11.1383
8465.6,7457,74400.1,6052.5,5429,73062.6,16082.8,46.6956,11.1383
24516,21132,76030.8,18216,15724,75922.4,17903.9,63.8271,11.1468
6173.7,5904,68529.7,3467.25,3188,71276.6,16047.9,-46.1831,11.1478
20208.5,16609,79739,15933.8,13573,76934.7,20487.4,22.4501,11.1478
5744.7,5697,66084.7,3180.75,3009,69276.7,7911.45,-32.1173,11.1478
8646.95,7741,73205.8,7074,6141,75492.9,21334.3,55.9582,11.1521
6566.95,6477,66446.1,2696.25,2505,70539.5,15888.9,-10.9171,11.1552
27483.3,23033,78198.5,19018.5,16397,76013.7,18169.4,55.2172,11.1584
8907.6,8500,68678.6,4139.25,3824,70938.8,12722,38.2219,11.1626
11230,10764,68373.5,2409.75,2284,69144.2,9981.35,-84.6551,11.1647
12528.1,10557,77772.2,9485.25,8297,74921.7,51549.8,71.1627,11.1658
10245.9,8540,78627.5,9360,8360,73375.2,14006.8,28.7136,11.1679
19429.1,17436,73027.6,9366.75,8540,71880.5,25358,3.34701,11.169
15556.4,13364,76287.6,10784.3,9140,77325.7,22912,14.6189,11.1711
7736.95,7485,67742,3477.75,3385,67331.7,13432.8,23.5752,11.1753
15393.3,12718,79321.9,14960.3,12986,75499.4,7557.69,179.456,11.1774
14648.4,11693,82100.2,16231.5,13113,81121.6,17450.1,91.3642,11.1806
8754.85,8060,71185.8,7976.25,7068,73957.5,44947.1,-39.5292,11.1827
9489.35,9373,66349.5,4175.25,3917,69856.8,22498.5,44.7345,11.1827
14370.8,13695,68770.2,8049,7515,70192.9,10045.6,25.4225,11.1869
12364.3,11445,70800.1,4749,4453,69892.3,6772.75,-20.8945,11.1869
11254.8,10056,73348.4,7417.5,6636,73254,22848.3,-137.599,11.188
17228.9,15981,70653.5,8945.25,8313,70520.4,9756.18,158.733,11.1901
7620.6,7556,66096.3,2759.25,2628,68809.1,13342.5,-115.741,11.1932
15069.6,13228,74659.9,9507,8652,72012.3,12345.8,70.916,11.1943
7929.35,7846,66232.2,3549.75,3446,67509.1,14080,-65.8892,11.1943
13342.5,12169,71856.1,5926.5,5517,70400.4,9162.14,-10.6643,11.1943
11123.4,9265,78681.8,8769.75,7265,79110,8105.65,22.0554,11.1954
5837.65,5997,63794.6,2623.5,2537,67770.5,9400.52,89.0867,11.1985
16700.4,14140,77403.2,10498.5,8748,78649.9,18714.7,45.7367,11.1996
8071.7,7879,67138.8,4289.25,3927,71581.4,9452.23,-106.995,11.2049
17248.4,16431,68796.2,10369.5,9455,71874.7,11587.5,133.725,11.2059
7170.8,6597,71236.3,7164.75,6341,74049.7,19160.8,154.08,11.207
4999.15,5029,65147,2264.25,2209,67175.1,10129.5,-70.9007,11.2112
9280.05,8969,67808.8,4790.25,4329,72518.8,11559.5,56.3256,11.2122
10244,9080,73937.3,7884,6988,73939,38165.5,86.2857,11.2133
13797.5,12737,70992.9,4062.75,3745,71096.5,7259.96,27.2472,11.2154
6971.25,6777,67414.5,2574.75,2473,68232.4,23696.8,82.5294,11.2165
15824.2,14225,72903.9,7914,6661,77864,20489.1,-87.63,11.2165
13076.7,11380,75307.1,7637.25,6720,74481.4,15049.8,67.3744,11.2196
8392.15,8073,68126.8,3293.25,3069,70324.7,8315.21,-44.1725,11.2249
5253.3,5256,65502.3,2995.5,2824,69516,15426.3,67.3603,11.226
8179.6,7093,75575.7,4641.75,4165,73037.6,11494.1,-31.392,11.226
15251.6,14141,70683,7968.75,7069,73877.5,8175.52,-32.9872,11.226
12921.3,12585,67287.5,3594.75,3469,67911.7,8181.25,113.213,11.2291
10987.6,10353,69553.1,4761,4341,71876.7,8202.46,-5.46826,11.2302
15302.3,13444,74594.7,9069.75,7860,75622.8,12722.9,125.942,11.2344
9293.7,7889,77205.2,4590,4017,74884.3,27025,194.204,11.2365
6104.8,5593,71533,2235,2105,69583.4,9830.99,9.09054,11.2408
24020.8,20811,75643.8,14283.8,12795,73161.4,12817.2,119.918,11.2418
16471.6,14777,73051.8,8590.5,8009,70294.3,6584.94,-70.7675,11.2418
10359,9739,69708.5,4844.25,4527,70128.7,15458.9,55.319,11.2482
15154.1,13956,71162.2,7733.25,7040,71989.5,24198.6,-24.9894,11.2566
11555,10513,72031.9,5247.75,4789,71813.9,9292.81,-30.4492,11.2598
9001.85,8856,66615.3,4668.75,4284,71421.9,9123.74,-80.3229,11.2619
16432.6,15176,70962.7,6263.25,5320,77155.7,24838.8,49.8065,11.2619
8177,8316,64440.6,2910.75,2812,67837.5,8324.39,34.0872,11.2629
17373.2,16608,68555.5,5084.25,4900,68000.3,10945.7,41.7286,11.265
10825.1,10761,65926.4,5714.25,5337,70168.5,21241.9,39.6217,11.2703
21416.8,16467,85235.6,8202,5920,90798.4,11989,220.569,11.2735
9225.45,9092,66497.9,3963.75,3620,71759.2,10700.5,-12.4421,11.2746
14638,14229,67419.8,6783,6277,70819,25005.1,52.3803,11.2746
10299.3,9652,69930.8,3261,2980,71715.7,7876.02,-38.996,11.2798
9875.45,9372,69056.5,4541.25,3960,75155.4,18133.1,-40.2415,11.2819
12793.9,11944,70199.6,9399.75,8024,76772.4,12049.2,66.6272,11.2819
5732.35,6077,61819.2,2178,2093,68197.5,9181.11,31.475,11.283
9722.05,9159,69564.8,3414,3095,72290.8,12736.1,-30.5786,11.2862
9416.55,8828,69905.2,3752.25,3432,71651.4,10960.6,7.32808,11.2862
5749.25,5621,67031.3,2951.25,2725,70977.3,6737.96,116.707,11.2862
10658,10077,69314.9,8466,7673,72309.1,27968.8,82.3689,11.2893
9628.45,8324,75806.1,7521.75,6292,78344.8,23748.2,-109.252,11.2893
10505.9,10334,66626.5,7089,6542,71015.7,21692.6,76.5848,11.2904
11751.3,11420,67437.5,3189,3100,67417.5,21984.2,68.8338,11.2925
23641.1,17765,87213.4,15639.8,12501,81990.8,36801.9,69.1369,11.2957
9059.7,8693,68300.5,6333,5621,73837.3,18334.6,-36.809,11.2978
25983.8,18529,91903,19515,14309,89379.8,20926.4,126.494,11.2999
10890.8,9765,73091.3,8507.25,7541,73933.3,13955.4,132.776,11.301
11501.1,10829,69603.5,6468.75,5981,70880.5,11590.5,35.6844,11.3031
9265.1,8996,67496.4,3846.75,3764,66976.8,22252.6,43.8837,11.3031
12759.5,11555,72367.5,8550.75,7504,74677.8,19281.3,-119.405,11.3052
11679.8,10636,71967.9,5248.5,4648,74003,12719.6,58.002,11.3062
15771.6,12965,79722.9,11694.8,10209,75073.7,29414.5,103.815,11.3094
12741.9,11244,74266.8,6893.25,6136,73623.9,8429.12,-25.2568,11.3115
8689.85,7624,74698.1,3537.75,3256,71207,13710.1,-46.0952,11.3126
7538.05,6821,72425.4,2804.25,2689,68344.9,6600.35,-13.1481,11.3147
12183.6,9825,81268.6,8307,7121,76451,19260.5,-32.5438,11.3157
16222.7,14153,75119.8,7367.25,6573,73455.1,9962.28,44.3456,11.3157
6349.85,5504,75607.5,3141,3028,67981.7,16641.7,-43.6254,11.3168
7595.25,6360,78264.5,3799.5,3516,70820.3,17440.5,-27.3154,11.3231
20702.5,17168,79028.4,12592.5,10672,77329.6,26622.5,-23.3605,11.3242
12601.5,11397,72462.5,5172.75,4869,69624.4,12583.7,-20.2529,11.3252
7613.45,7137,69911,1446.75,1413,67101.4,9055.14,-4.64031,11.3295
27834.3,22123,82454.9,20207.3,16047,82526.5,35365.7,131.111,11.3316
6815.25,6565,68034.2,2388,2293,68251.2,15047.4,-46.1455,11.3326
5907.85,5748,67358.5,2622.75,2592,66313.5,7401.65,-61.3382,11.3347
12754.9,11319,73850,4365.75,4055,70558.3,8666.54,-12.3657,11.3369
11464.7,10432,72023.6,3669.75,3396,70818.8,6649.52,44.4701,11.3379
10677.5,9361,74753.1,5918.25,5493,70609.6,7141.38,-87.9884,11.3379
14677,12716,75642.6,6188.25,5532,73310.4,8452.72,104.602,11.339
8370.05,7333,74804.3,3008.25,2805,70284.7,21633.9,-28.333,11.3432
11306.8,9529,77762.5,6899.25,6381,70858.7,13128.2,-2.21338,11.3442
12304.5,10840,74390,5618.25,5116,71969.8,16193.9,36.3714,11.3485
11176.8,9856,74318.1,5308.5,4864,71525.1,6631.44,-8.24922,11.3495
13514.1,12134,72990.2,5527.5,5222,69370,9890.18,-8.11169,11.3495
17793.1,16125,72315.6,6029.25,5705,69260.8,10393.7,131.189,11.3506
11330.1,9676,76739.6,7459.5,6328,77254.4,39121.4,81.0898,11.3506
12272.6,10553,76215.3,9529.5,8169,76450.6,25661,-86.9644,11.3516
13726.7,11456,78525.9,5074.5,4464,74498.8,17231.2,27.7324,11.3527
14649.7,13545,70881,7559.25,6909,71704,12456.2,104.452,11.3537
7117.5,6876,67837.8,3432,3388,66387.1,13197.4,-67.576,11.3548
12112.1,11796,67292.2,4264.5,4176,66924.9,8182.3,-24.3875,11.3548
7122.7,6860,68045.7,2493,2444,66849.9,11854.4,19.3345,11.3559
14669.2,14057,68390.2,4838.25,4521,70134.8,8994.34,-66.558,11.358
9060.35,7876,75390.9,5646,5124,72212.4,36467.2,-34.9105,11.3633
18579.6,11073,109964,26499.8,18785,92450.8,19209.4,263.298,11.3643
10172.5,9944,67041.9,4895.25,4732,67796.9,13183.6,61.4245,11.3654
20849.4,18229,74956.7,20352,18737,71184.8,7510.98,92.5977,11.3664
8097.7,7276,72937.2,4128.75,3752,72116.7,17227.6,-108.147,11.3664
9750.65,9293,68763.4,3503.25,3277,70060.7,14912.8,38.1396,11.3706
8919.95,8033,72772,6696,6065,72354.3,14822.9,-34.0971,11.3728
13213.8,11661,74263.2,11337,10265,72380.1,12882.8,61.4358,11.3728
11911.9,10965,71195.5,6922.5,6405,70831.1,26746,86.7148,11.3728
9187.75,8862,67945,3102,3066,66305.5,14104,-20.31,11.3738
9477.65,9055,68594.9,4561.5,4447,67223.4,16010.7,-103.802,11.3759
7816.9,7228,70875.5,4255.5,4104,67955.3,12809.5,-38.3214,11.3801
23268,15968,95496.9,24865.5,18292,89087.3,17960.7,48.345,11.3844
12190.8,11009,72570.9,5051.25,4757,69589.8,7295.69,57.3458,11.3844
24490,13532,118606,10810.5,6028,117531,32359.6,-10.6761,11.3854
10453.9,9489,72200.4,4506.75,4257,69380.9,14681.5,14.9282,11.3865
16558.8,14376,75486.5,7686.75,6728,74875,19730.3,7.8585,11.3865
6280.3,5793,71048.8,2505.75,2437,67384.8,6326.65,93.5022,11.3865
10033.4,8125,80929.1,6228,5389,75739.1,33416.7,57.2242,11.3875
10318.1,9664,69971.7,3282.75,3200,67230.7,8885.3,-63.1139,11.3875
11185.2,10197,71887.1,5922.75,5781,67142.9,14135.6,-66.7512,11.3886
5640.05,5093,72575.4,1478.25,1425,67985,21113.8,-122.913,11.3897
7662.85,6882,72971.9,2875.5,2658,70898.7,9695.03,-77.7644,11.3907
12015.3,10923,72089.3,4616.25,4319,70046.4,6624.44,-32.069,11.3918
5997.55,5472,71830.3,2749.5,2580,69841.6,13834.5,44.2001,11.3918
12827.1,11321,74254.6,6784.5,6137,72450.6,32095.4,-106.126,11.3939
12482.6,11761,69557,8583,7989,70408.7,17245.3,-59.9881,11.397
17226.9,14983,75351.1,11382,9811,76030,25103.6,156.437,11.3981
13687.7,12996,69024.1,5811,5296,71908.9,8849.07,-87.1926,11.4034
10029.5,9952,66046.4,4639.5,4420,68790.6,15997.2,75.0788,11.4034
8008.65,8269,63472.6,3206.25,3165,66390.1,11755.2,83.8382,11.4065
10931,10729,66770.2,4013.25,3817,68905.5,8992.91,182.842,11.4065
8223.15,8007,67305.1,6567.75,5991,71845.1,12532.2,57.149,11.4076
7710.95,7553,66906.5,2668.5,2449,71409.9,10162.5,-80.3619,11.4076
6104.8,6352,62985.5,2454,2320,69321.3,8070.4,66.7767,11.4076
10847.8,10076,70556.2,5181,4588,74006.5,19948.7,158.35,11.4118
6028.1,6049,65309.6,2756.25,2545,70975.9,13593.7,-17.7109,11.4129
9150.7,8869,67617.6,6824.25,6085,73497.8,12059.4,60.6068,11.4129
12452,12358,66034.8,5229.75,5030,68138.6,17587.4,27.719,11.4139
14151.1,13013,71267.9,4079.25,3589,74488.1,13374.6,37.3374,11.4139
14199.9,14024,66358,5934.75,5768,67430.6,7087.29,65.0937,11.4171
13832.6,12744,71134.4,11094.8,10044,72392,16351.6,96.5655,11.4182
6894.55,6993,64613.4,4020,3813,69093.8,9736.97,-50.2459,11.4182
8495.5,8317,66942.5,5802.75,5449,69790.6,17950.9,164.445,11.4192
11824.1,10872,71275.5,8067.75,7308,72349.2,8121.21,-11.4852,11.4213
10932.3,10480,68364.7,5810.25,5444,69945,15439.6,-36.7002,11.4213
8277.1,8064,67267.9,3584.25,3364,69826.8,8599.26,56.4368,11.4213
10546.9,10461,66074.1,4089.75,4009,66856,6701.78,-50.9919,11.4234
17544.1,16608,69230.1,8334,7728,70675.1,27297.3,130.554,11.4256
18038.1,16327,72404.5,8142,7351,72588,17588.9,99.099,11.4256
10368.8,9976,68116.5,5358,5096,68905.4,8292,-8.91163,11.4256
8470.15,7729,71820.4,6783,6357,69927.8,23176.5,142.749,11.4256
22510.8,19716,74825.9,15527.3,13572,74977.4,8264.47,104.609,11.4266
7393.1,6920,70016.5,3219.75,3032,69594.2,7505.16,126.138,11.4277
6200.35,5784,70253.5,2688.75,2524,69813.8,7409.57,22.9415,11.4277
6479.2,6209,68388,2751,2629,68577.2,9116.21,-44.2026,11.4382
6507.8,6253,68206.5,2276.25,2205,67653.7,9541.77,139.821,11.4414
7944.95,7712,67515.6,4061.25,3952,67347.7,9716.03,38.3349,11.4424
13190.4,12405,69685.6,4794,4561,68883.9,19432.5,-8.4703,11.4424
11204,10600,69270.6,4886.25,4664,68658.9,7276.37,90.8865,11.4435
25880.4,17307,98000.7,23355.8,17723,86364.8,14973.4,120.697,11.4488
9916.4,9721,66853.3,3998.25,4029,65035.8,20028.8,-9.35271,11.4498
6325.8,6409,64685.2,2364.75,2361,65640.1,6591.76,-26.9077,11.452
9815.65,9523,67550,5268.75,4935,69968.1,10738.2,-23.6236,11.4551
24987.3,19088,85790.4,25431,19940,83583,16354,130.965,11.4572
15073.5,14277,69192.2,6001.5,5701,68990.4,19368.9,-1.58791,11.4572
15822.9,14757,70269.9,7682.25,6885,73124.8,12777.4,31.3398,11.4615
10646.3,10600,65822.6,5106,4840,69137.8,12754.9,31.3407,11.4667
13740.3,13248,67971.6,4181.25,3956,69267.5,14320.1,120.722,11.4678
10015.8,9916,66195.9,5117.25,4840,69290.1,6350.04,20.4014,11.472
13022.8,11609,73517,10784.3,9593,73674.2,16192.3,20.0315,11.4731
9267.05,9089,66819.8,5454,5105,70016.3,45136.6,17.2237,11.4784
8695.05,8600,66260.3,3266.25,3068,69770.9,10069.6,-19.2984,11.4826
9194.9,9192,65556.7,4499.25,4232,69674.6,6454.88,40.1774,11.4847
9024.6,9113,64900.3,5063.25,4845,68488.2,17416.2,13.1055,11.4857
18516.5,17996,67431.7,6046.5,5720,69276.8,10433.4,-28.7721,11.49
7894.25,7600,68073.4,5211,4980,68575.9,23975,11.999,11.4942
8087.3,7764,68265,3761.25,3488,70670.1,14094.5,-59.8697,11.5037
8441.55,7429,74468.4,6762.75,6081,72883.3,26698.4,81.5566,11.5058
9426.3,9211,67067.9,3740.25,3595,68183.9,8006.58,-21.8009,11.5058
13262.6,12093,71874.5,6279.75,5773,71288.7,9699.69,63.2755,11.5079
15022.1,13641,72171.5,10823.3,9961,71209,19868,65.4733,11.5132
11508.9,11165,67554.6,5677.5,5549,67053.6,9167.21,-44.2045,11.5164
9541.35,9180,68115.7,5838,5432,70434.3,20307,0.0968328,11.5216
5695.95,5403,69089.4,2783.25,2571,70946.4,6907.75,68.5404,11.5216
11423.8,10167,73637,6782.25,6035,73650.6,15750.5,12.3081,11.5216
13237.9,12432,69784.3,6712.5,6308,69738.5,11445.9,88.1498,11.5216
33991.8,23685,94054.6,27290.3,20033,89277.4,20090.8,520.405,11.5238
9029.15,8577,68990.8,4957.5,4641,70005.3,13053.9,25.3094,11.5248
5348.85,5277,66428.3,2940,2841,67819.7,11916.5,-15.0678,11.5269
8203.65,7749,69381.1,5112.75,4565,73399.6,20205,151.461,11.5269
15692.9,14500,70927.8,7506.75,6944,70847.1,10336,15.0916,11.528
10925.2,10468,68398.3,4757.25,4532,68793.3,14516.9,-43.5456,11.529
13325,12445,70170.1,8304.75,7705,70637.3,7431.84,-161.959,11.5301
10253.1,9721,69123.3,4905.75,4505,71365.9,20743.2,-14.5396,11.5312
14618.5,13911,68869.1,4417.5,4339,66721.7,13096.6,-63.2722,11.5354
18316.3,15233,78801.3,10993.5,9557,75386.6,14268.6,90.6238,11.5375
9894.3,8396,77231.2,8102.25,7180,73953.9,10032.4,-103.577,11.5375
7725.9,7009,72239.2,2037,1989,67117.6,13119.1,88.087,11.5385
10576.8,9487,73064.3,5846.25,5387,71123,12982.8,23.5921,11.5385
11648,10489,72777.5,5622,5357,68777.9,11267.5,23.6565,11.5396
14583.4,12825,74521.5,10307.3,9741,69345.6,22473.3,-101.465,11.5407
9122.75,8233,72618.5,2804.25,2713,67740.3,11092.2,-41.6969,11.5407
12413,10801,75317.3,7800,7141,71583.9,11003.9,-106.194,11.5438
11775.4,10108,76346.7,7839,6904,74411.5,11768.2,0.417733,11.5491
6308.25,5888,70213.6,2309.25,2244,67441.6,11697.2,60.6204,11.5512
11468.6,10127,74218,7000.5,6031,76071.1,6608.07,28.9917,11.5523
13925.6,12801,71293.5,5239.5,4897,70119.6,8338.79,-12.3534,11.5554
9131.85,8944,66912.4,3599.25,3472,67937.9,8337.22,-100.933,11.5576
5797.35,5733,66271.6,2062.5,2021,66881.7,13384.5,-35.763,11.5576
24701.3,22013,73539.5,13704,11833,75898.4,31493.9,19.4564,11.5597
13494.6,12273,72059.4,6696,5937,73914.3,19832.6,5.27466,11.5607
14507.3,13864,68577.1,5472.75,5272,68031.5,13156.3,-41.7744,11.5649
13330.8,11904,73391.3,7240.5,6240,76043.8,17106.6,-6.66289,11.5649
15340,14500,69332.6,9369.75,8608,71335.5,13751.8,145.683,11.5649
13702,12333,72810.7,9000.75,7945,74244.6,11910.7,27.0724,11.5649
13328.9,13132,66518.6,4947.75,4780,67835.9,7669.13,84.8518,11.566
9924.2,9633,67517.1,3651.75,3441,69549.9,16896,18.285,11.5671
9007.05,8431,70013.8,5546.25,5003,72652.2,29056.2,84.048,11.5681
13481,13157,67149.9,7322.25,7157,67049.2,14400.3,-75.3612,11.5713
8054.8,7586,69586,5887.5,5378,71744.7,6851.26,17.8025,11.5744
8336.25,7949,68728.7,4216.5,3773,73239.5,23902.5,152.182,11.5766
13384.8,11765,74559,7762.5,6753,75332.9,17209,95.6733,11.585
15625.3,14432,70955,4979.25,4708,69311.8,7413.68,63.3614,11.5913
5247.45,5133,66997.2,1650.75,1533,70569.8,21278.1,-24.8797,11.5924
12689.3,10726,77531.8,10014.8,8534,76907.3,8030.63,40.1182,11.5956
11771.5,10820,71299.2,7101.75,6308,73782.5,10762.1,58.9355,11.5956
15554.5,13965,72995.3,7618.5,6617,75455,15301.9,13.1849,11.5977
10874.5,9841,72418.6,7851,7221,71253.7,22608.5,56.7703,11.5998
5970.25,5072,77142.4,2235.75,2084,70308.1,12109.2,-22.8151,11.6061
11465.3,9748,77081.8,7075.5,6324,73323.8,24349.5,9.40491,11.6061
33323.5,26189,83389.7,16284,12589,84771.5,45568.2,110.947,11.6082
8206.9,7806,68901.8,1831.5,1854,64740.7,10154.7,93.3584,11.6082
6501.95,5897,72259.1,2527.5,2377,69685.4,18222.1,-64.3248,11.6093
15343.9,13413,74970.4,6985.5,6449,70988,10349.6,58.091,11.6114
18935.1,15364,80768.9,8452.5,6816,81271,13454.2,-17.7056,11.6114
13489.4,12165,72671.2,7012.5,6517,70518.8,24213.8,169.37,11.6146
13637,12188,73327.4,3597,3368,69992,6475.99,74.5766,11.6177
11566.8,10068,75291.9,4086,3796,70542.7,9980.74,47.7849,11.6262
17040.4,15281,73081.6,5914.5,5413,71607.7,6610.2,84.0316,11.6294
24728.6,20517,78988.8,16181.3,13313,79655.6,15519,106.917,11.6325
5870.8,5506,69878.1,3363,3142,70145.6,9622.32,-131.942,11.6346
15974.4,14997,69807.2,3170.25,3077,67522.1,11544.4,102.766,11.6357
12047.8,11424,69114.3,5683.5,5444,68419.2,22332.6,91.1807,11.6357
10848.5,10388,68441.2,4811.25,4512,69882.6,10175.3,8.2176,11.6367
13166.4,12862,67087,4868.25,4670,68318.1,14161,211.888,11.6378
5980.65,6089,64369.8,2268.75,2185,68048,18501.4,3.60469,11.6378
12810.8,10834,77494.2,8670,7478,75982.5,18674.1,99.9182,11.6431
13468.6,12031,73367.3,8594.25,7983,70554,9686.1,171.636,11.6441
7324.2,6952,69044.7,2917.5,2812,67994.8,10195.5,-35.6432,11.6484
14153.1,11756,78899.1,8518.5,7596,73495.1,33027.5,56.3788,11.6484
17345.3,15084,75360.5,9306.75,8252,73912.6,17595.9,-1.52128,11.6505
10186.8,9712,68739.9,5087.25,4800,69457.9,12835.8,58.8576,11.6526
7954.05,7400,70442.8,2846.25,2700,69085.9,11089.6,79.5632,11.6558
40682.8,22453,118745,25306.5,16225,102218,25097.2,54.0968,11.6558
10809.5,9501,74561.8,5313,4665,74639.4,17444,-59.1356,11.6568
11137.1,10406,70140.4,5999.25,5590,70334,11402.8,64.9315,11.6579
12773.8,12273,68210.2,5797.5,5653,67211.2,12095.5,32.2254,11.661
7371,7201,67083.2,3293.25,3185,67763.4,12750,35.6408,11.661
8199.1,8201,65520.8,4786.5,4685,66955.8,8644.5,-53.6449,11.6684
8880.95,8205,70935,5055,4573,72443.6,8605.77,-39.0234,11.6695
10723,10136,69331.7,9669,8920,71039,14236,51.065,11.6727
10680.1,10093,69348.5,4746.75,4461,69733.9,11060.5,5.60433,11.6748
15567.5,14649,69645.1,5375.25,4989,70609.8,7638.2,-198.947,11.6758
7720.7,7412,68265.5,2783.25,2612,69832.7,15716.2,0.269361,11.679
12955.8,11852,71639.5,5800.5,5384,70605.8,20892.8,106.715,11.68
10582.6,9669,71728.7,4244.25,3957,70293.5,6593.42,-46.6878,11.6822
13830.7,13348,67906,4920.75,4768,67635.5,25471.5,142.663,11.6822
8093.15,7970,66548.6,3011.25,3014,65476.2,18526.3,29.4038,11.6843
15200.9,14266,69830.8,8484.75,7930,70120.6,7566.58,55.6156,11.6853
7008.3,6841,67138.7,3760.5,3757,65597.1,8323.12,-31.2728,11.6895
17618.9,14400,80185.6,11106.8,9680,75195.4,18471.1,97.3458,11.6906
14746.5,13719,70444.6,7095,6391,72755.1,11573.9,108.785,11.6917
14491.1,13373,71015.4,4789.5,4169,75290.2,32002,86.5173,11.6948
7171.45,6844,68671.6,2535,2492,66666.8,15577.5,-44.4454,11.6969
5854.55,5338,71877.8,4022.25,3626,72697.8,29383.5,-88.8243,11.6969
13853.4,12981,69940.7,5680.5,5505,67625.3,16733.2,89.6711,11.6969
48086.3,26372,119497,24548.3,15040,106968,51776.4,122.754,11.698
10556,9752,70939.1,3557.25,3304,70559.3,10066.8,77.0217,11.7022
12308.4,10933,73780.6,4632.75,4017,75581.8,25120.5,-124.784,11.7022
15954.9,14928,70044.2,6395.25,5920,70797.1,32884.7,-56.2759,11.7033
10697.7,9906,70773.7,5476.5,5110,70236.4,6897.24,-47.5592,11.7043
9719.45,9752,65317.3,6854.25,6472,69406.7,20433.6,55.9921,11.7064
7522.45,7369,66900.7,3750.75,3565,68950.7,11821.9,227.456,11.7064
10179,10080,66179.7,3480.75,3316,68792,14433.4,13.2176,11.7064
10699,10712,65456.5,5404.5,5160,68641.3,12255.7,116.499,11.7075
7638.15,7339,68207.4,4062.75,3855,69067.8,13041.8,-125.19,11.7107
11303.5,10953,67633.2,7124.25,6365,73353.5,22862.9,90.3008,11.7117
14846,14345,67824.8,6280.5,6089,67597.1,7267.56,79.7069,11.7149
23220.6,20725,73427.5,19632.8,17377,74043.4,20372.7,38.7944,11.7159
5470.4,5513,65029.6,2697.75,2621,67455.1,24981.6,-78.3388,11.7202
14380.6,13337,70664.1,11496.8,10633,70859.7,19974.4,13.0093,11.7212
10103.6,9977,66367.6,3363.75,3181,69301.1,15182.1,73.3894,11.7223
11305.4,9722,76210,9314.25,8270,73811.2,15807.9,-10.9141,11.7233
8510.45,8007,69656.7,4201.5,3911,70403.9,7680.78,71.0913,11.7244
6170.45,5836,69291.8,3561.75,3388,68896.9,20232.4,12.9996,11.7318
10090.6,8892,74369.9,5274.75,4828,71600.3,12108,35.665,11.7318
10419.5,10168,67157,3893.25,3724,68514.5,9936.2,51.2266,11.7328
61107.8,38303,104555,36606.8,20395,117630,85204.8,309.838,11.7371
5491.2,5592,64354.7,1478.25,1468,65993.6,17015.5,5.38053,11.7371
6669.65,6420,68084.4,2264.25,2224,66722.1,9582.81,52.9599,11.7392
15080,14008,70551.3,6707.25,6456,68086.5,14926.6,-108.921,11.7434
12173.8,11576,68920.6,8571,8060,69691,15853.6,-54.7758,11.7445
10823.1,10388,68281.3,6827.25,6596,67833.6,12268,59.739,11.7466
7421.7,7153,67997.8,2766.75,2709,66933.1,20079.5,-41.1746,11.7466
7219.55,7181,65887.8,3191.25,3113,67183.3,9980.64,-4.67509,11.7476
23502,20059,76785,13615.5,11999,74365,30338.2,116.68,11.7487
18175.3,14860,80157.2,12631.5,11144,74283.7,23696.1,171.109,11.7518
15171,13665,72758.6,11758.5,10869,70899.4,11324.4,52.0344,11.7582
14639.9,12976,73939.9,6254.25,5812,70522.8,15356,-5.7371,11.7592
13783.9,12120,74533.1,8085,7484,70798.8,13217.7,93.2433,11.7614
13126.1,12689,67793.5,4916.25,4833,66664.9,15019.8,41.5755,11.7635
10700.9,9913,70745.2,3901.5,3757,68056.6,12399.9,69.194,11.7677
7160.4,6917,67842.1,3495,3253,70411.4,8653.55,52.9948,11.7687
8184.8,7864,68209.4,3558,3384,68905.8,7453.67,-46.7201,11.7687
7325.5,6877,69810.1,7060.5,6489,71307.9,13065.1,52.829,11.7719
5914.35,5743,67491.4,2345.25,2239,68646,14806.4,37.2836,11.774
19389.5,18008,70563.7,17545.5,16204,70961.6,11183.9,144.06,11.7751
16181.1,14801,71646.8,8931.75,8097,72292.4,17494.4,1.06253,11.7761
10002.2,9664,67829.5,4281.75,3968,70717.9,16850.1,55.2668,11.7825
8166.6,8332,64235,4246.5,3992,69714.1,11543.1,-7.31381,11.7846
9340.5,9391,65183.6,3426,3243,69234.1,7498.37,-69.9418,11.7867
13332.8,12168,71809.5,8274.75,7388,73402,29458.8,77.1529,11.7878
5986.5,6140,63897.6,2187.75,2136,67123.8,10536.2,-64.896,11.7888
10768.5,9577,73689.9,7208.25,6381,74032.3,24827.3,79.907,11.7888
9190.35,9445,63769.1,6284.25,5781,71241.1,16647.6,-7.50564,11.792
17165.8,16240,69272.2,8997.75,8116,72656.1,11064,205.124,11.792
14364.3,13867,67886.5,9971.25,8939,73103.9,16995.5,75.0413,11.7983
11512.1,11212,67290.4,2618.25,2472,69413.3,22706.8,-6.01335,11.8036
7190.95,7037,66969.7,2861.25,2633,71217.2,12302.3,125.098,11.8046
8112.65,7282,73011.6,8299.5,7106,76543.2,24263.2,-116.152,11.8089
11246.9,10882,67733.9,7099.5,6566,70860.9,10766.3,80.4354,11.8099
10840,10984,64677.1,4944.75,4840,66954.4,11063.8,-51.1558,11.812
7826,8078,63491.5,3391.5,3294,67475.8,7419.6,-51.8788,11.8142
8919.95,8991,65018.1,3158.25,3055,67750.9,11795.7,101.897,11.8142
13286,13081,66563.1,8140.5,7885,67659.6,6345.06,35.0215,11.8163
15142.4,14776,67161.1,5177.25,4952,68517,11209.4,-43.4213,11.8194
5850,5533,69290.7,2679.75,2537,69223.5,14172.7,26.9874,11.8226
13411.4,12171,72215.3,6018,5595,70490.7,21192.8,8.66354,11.8247
12377.9,11474,70699.1,6728.25,6210,71005.3,11774.5,51.1575,11.8321
8076.9,7952,66565.4,2626.5,2500,68852.1,11713,76.9598,11.8353
57509.4,32381,116393,69555,49277,92504.8,32851,327.285,11.8374
7435.35,7436,65530.3,2633.25,2604,66272.2,12401,-113.126,11.8416
16526.3,15105,71702.4,9304.5,8465,72035.4,15112.3,91.4521,11.8437
9462.7,9185,67517.4,4029,3877,68105.4,17811.4,-84.9494,11.8543
8154.25,7241,73801.5,6838.5,5949,75335,24281.5,68.7475,11.8553
15074.1,14411,68551.8,3432,3279,68593.9,9738.26,23.714,11.8585
14036.1,10957,83952.7,7021.5,5517,83407.8,18724.8,40.5763,11.8596
7146.1,7056,66372.9,3186,3076,67879.6,6687.39,-93.9913,11.8596
8209.5,8172,65836.7,3165.75,3064,67712.3,12483.1,52.8509,11.8606
6848.4,6880,65235,3374.25,3296,67091.9,9869.97,-17.5709,11.868
9274.2,8895,68329.8,5485.5,5167,69575.7,29645,-77.6541,11.8691
13072.1,12102,70789.7,6778.5,6086,72993.1,7520.5,113.237,11.8701
6760.65,6225,71175.3,2952.75,2725,71013.4,24375.4,-31.8761,11.8712
8702.85,8091,70491.9,4631.25,4303,70535.3,17096,-158.022,11.8754
15637,13652,75065.2,10968,9476,75854.7,13196.8,-24.576,11.8754
9046.7,8205,72258.9,5319,4809,72486.2,8062.34,-33.843,11.8765
8430.5,7803,70806.3,4066.5,3631,73396.3,7660.57,106.352,11.8838
14322.1,13200,71107,6300,5924,69695.6,16179.5,118.932,11.886
10965.5,10457,68722.9,5385,5145,68593.1,12518.7,-22.8305,11.8881
37642.1,26464,93217.8,25102.5,19712,83457.7,31778.2,98.5657,11.8891
9096.1,8563,69616,3000.75,2903,67742.7,10876.4,-8.14875,11.8912
12705.5,12080,68929.7,3794.25,3744,66415.6,9516.26,23.7224,11.8944
9820.2,8597,74860.6,8986.5,8049,73169.2,15878.9,-78.8568,11.8965
5972.85,5599,69911.9,2746.5,2671,67388.5,9590.34,-27.8804,11.8965
9066.2,8183,72609.4,6888,6179,73055.8,27686.1,28.1995,11.9007
12046.4,10524,75016.7,8374.5,7496,73216.6,22155.6,-79.0926,11.9007
10127,8621,76984.5,7074.75,6493,71407.8,10701.3,40.8778,11.9018
9438,8661,71415.4,5063.25,4805,69058.3,13473.1,70.8737,11.9029
9614.8,8752,71996.7,3516,3296,69910.4,18199.1,4.47605,11.9039
13091,12228,70161.3,4210.5,4080,67632.2,17334.5,-121.911,11.905
8373.3,7679,71461.5,3682.5,3515,68659,10314.3,112.272,11.906
7000.5,6313,72673,3624.75,3389,70094.9,19992,71.4887,11.9081
10025.6,8689,75617.2,7566,6561,75574.7,22963.8,-21.503,11.9081
9744.8,8880,71918.4,3480.75,3268,69802.5,17533.1,-13.5589,11.9092
12481.3,10636,76906.2,8664,7820,72609.2,10829.2,45.173,11.9092
10039.9,9624,68368.1,5217.75,5036,67901.2,8406.29,-101.796,11.9187
9623.9,9167,68802.4,4646.25,4479,67983.2,22682.1,1.72757,11.9197
10730.8,10152,69272.8,4960.5,4744,68526.8,20831,74.0371,11.9219
18956.6,17637,70439.4,7904.25,7505,69022.4,32962.5,71.0012,11.9229
10761.4,9657,73030.9,7287.75,6441,74151.5,22005.3,-66.187,11.924
5745.35,5373,70077.7,2587.5,2457,69016.9,9715.76,-21.0051,11.925
10646.3,9356,74574.5,6708.75,6332,69435.4,22023.5,92.9123,11.9261
6729.45,6145,71769.1,2033.25,1941,68650.7,12958.4,1.233,11.9303
9531.6,8965,69678,3696,3585,67565.2,14422.7,-73.642,11.9324
6884.8,6553,68854.3,2784,2729,66856.8,10380.3,14.2299,11.9335
5772.65,5303,71340.1,2251.5,2199,67100.6,15386.5,5.44175,11.9377
10767.9,9550,73893.7,6759,6126,72307.8,40628.1,63.8331,11.9388
8616.4,7312,77227.1,6107.25,5492,72877.8,17474.1,-16.1367,11.9388
16941.6,14589,76104.2,13293.8,11693,74507.8,14344.2,164.581,11.943
15266.5,12332,81131.1,9491.25,8360,74404.1,10884.7,18.5109,11.943
10346.7,9428,71922.1,4647,4528,67258.3,16285.7,95.708,11.944
13138.4,12098,71172.2,5201.25,5106,66758.5,8937.45,-32.1559,11.9451
6060.6,5381,73812.9,2489.25,2385,68400.6,17317.8,13.9692,11.9472
7833.15,7140,71898.2,3212.25,3140,67044,11225.1,-42.5619,11.9472
15666.3,13692,74985.9,12846,11679,72084.5,21149.7,39.6252,11.9504
10386.3,9585,71015.1,3107.25,3025,67317.9,10857.9,-20.1881,11.9504
6603.35,6161,70241.4,2419.5,2417,65603.8,10193.5,5.63691,11.9525
12350.6,11394,71038.5,4535.25,4422,67214.4,19006.9,13.0457,11.9525
19808.1,14951,86826.5,13764,11139,80980.1,41997.9,87.0017,11.9535
14257.7,13049,71606.7,4990.5,4861,67281.9,9588.23,15.1197,11.9556
18296.2,15581,76956.5,19559.3,17613,72777.8,27160.6,97.0193,11.9609
9675.9,8589,73829.3,8684.25,7833,72658.1,9464.64,-49.3757,11.9662
8181.55,7390,72555.6,7044,6522,70781.3,21756.6,55.0824,11.9704
9187.75,8680,69369.6,3534,3420,67720.5,23869.9,39.5229,11.9715
28512.9,22399,83424.3,9537,7231,86435.7,42242.2,-26.5275,11.9736
8255.65,8045,67252,4263,4189,66693.7,8873.18,-52.7935,11.9747
7129.2,6897,67742.4,3408.75,3317,67348.8,10500.9,42.6054,11.9768
19111.9,17588,71214.5,9908.25,9056,71703.5,14564.9,152.533,11.9778
7677.15,7436,67661.3,3111.75,3068,66470.6,26358,26.5294,11.9799
6037.2,5637,70188.7,2997,2837,69232.1,7162.04,59.0708,11.9799
14251.2,11708,79771.9,11895,10536,73989.3,46486.4,81.673,11.9842
12891.4,11957,70657.7,4702.5,4389,70217.1,10726,95.9169,11.9842
10522.2,9826,70179.4,5661.75,5334,69562.9,7865.36,70.2244,11.9894
13485.5,12609,70091.9,6699,6433,68245.9,6522.69,-26.0451,11.9905
14563.2,13407,71188,5292.75,5003,69331.5,21504.2,-19.7282,11.9989
5547.1,5236,69429.9,2850.75,2688,69504,11176.5,-116.52,12.0011
7075.25,6597,70287,4585.5,4225,71127.9,10257.1,-99.2855,12.0021
18260.4,16363,73135.5,14411.3,13103,72079.3,18800,119.693,12.0032
24471.8,19041,84228.1,18768.8,15493,79392.6,23218.7,140.167,12.0042
7378.8,7011,68974,3267,3043,70360.2,8611.35,-7.20363,12.0053
10256.3,9997,67236.2,4006.5,3913,67102,20655.2,-20.5563,12.0063
8411.65,7994,68960,2420.25,2318,68426.9,9538.06,-75.1785,12.0106
11126.7,8565,85137.1,8951.25,7521,77998.8,38389.5,-9.18274,12.0116
27002.9,21112,83822.7,9228.75,6524,92706.2,23952.7,45.5398,12.0127
15521.3,14609,69628.8,4972.5,4693,69439.1,8887.34,-33.874,12.0137
15754,14313,72134.2,10784.3,9753,72465.6,23692.2,30.0696,12.0148
16162.9,15205,69664.7,7938,7393,70367.2,10401.1,142.369,12.0148
7433.4,7403,65805.1,2790,2751,66465.1,9855.85,-1.2304,12.0158
14220,12324,75618.7,10289.3,8848,76211.2,21086.4,-19.7125,12.0158
10761.4,8876,79456.9,8054.25,7020,75191.4,20266.1,-39.4616,12.0243
9662.9,9044,70020.8,4373.25,4048,70801.7,10124.9,36.5995,12.0253
6360.25,6244,66756.1,1881.75,1856,66445.2,6682.75,23.8289,12.0264
6093.1,5872,68003.6,3012.75,2868,68843.7,9993.08,-99.2756,12.0275
12074.4,10193,77632.5,9910.5,8673,74887,25819,-56.0103,12.0296
15310.7,13738,73038.7,10854,9706,73287.4,12670,68.3238,12.0306
39111.8,26957,95085.9,22744.5,16877,88320.4,20567,146.287,12.0327
10077.6,9700,68087.2,4140.75,3920,69226.6,10588.4,-43.3979,12.038
9959.3,9388,69524.2,3975,3692,70559.5,16545.2,50.9782,12.0401
10752.3,9000,78295.9,6814.5,5948,75083.2,24368.1,11.1242,12.0412
17187.9,15805,71270.4,6564.75,6029,71359.7,10604.7,-112.199,12.0454
13651.3,13152,68024,4197.75,4116,66837.6,7603.44,18.6343,12.0465
16750.5,13784,79640.2,15038.3,13004,75788,32896.3,91.6437,12.0507
16757.6,14124,77756.2,12526.5,10968,74848.4,22640,-32.6708,12.0539
16998.8,15085,73850.4,5025.75,4521,72852.8,11289.9,230.056,12.0549
21164.6,15513,89411.9,17461.5,13865,82535.7,9647.48,59.8374,12.0549
15190.5,13232,75236.1,12309.8,10864,74257.4,9601.99,47.7991,12.056
13901.5,12444,73212.1,5851.5,5336,71867.3,10933.9,31.4091,12.056
12352.6,10753,75285,10516.5,9317,73973.3,27484.2,119.367,12.0623
13760.5,12968,69541,3417.75,3240,69131.4,14164.4,-43.5323,12.0644
13066.3,11570,74011.5,12132.8,10626,74828.9,26322.8,-71.5093,12.0655
10851.8,10549,67416.8,5090.25,4945,67461,8929.8,59.0044,12.0697
5819.45,5685,67085.9,2436,2245,71111.7,11947.2,57.171,12.0707
17678,16284,71146.4,6463.5,5996,70645.8,6967.81,41.0181,12.0718
10955.8,9388,76480.2,15902.3,14280,72981.1,23429.4,78.2395,12.0739
14570.4,12944,73770.5,7565.25,6720,73779.2,13613.3,125.048,12.0739
44435.3,27996,104019,39787.5,25692,101491,20558.1,270.127,12.075
6654.7,6529,66797.7,2458.5,2321,69418.5,7931.96,-88.8781,12.0781
10933,10108,70885,6273,5772,71224.4,25774.5,-71.4886,12.0803
8960.9,8893,66036.4,3411,3341,66909.1,11621.8,46.8632,12.0855
11198.8,10528,69712,6207,5636,72175.6,17979.8,160.144,12.0855
15055.3,14485,68116.3,4165.5,3781,72200.5,12632.2,8.98526,12.0876
9441.25,9085,68105.9,5976,5325,73548,18977.2,18.2068,12.0898
43368.6,27071,104991,39033,23839,107306,47233.6,248.485,12.0898
21500.7,19915,70754.2,16977.8,15871,70106.1,20030,-85.8928,12.094
12640.5,11557,71680.5,7912.5,7009,73984,6676.85,76.2891,12.095
8585.85,7453,75497.4,4829.25,4237,74696.7,8274.77,44.409,12.0993
11545.9,10640,71116.1,6605.25,5892,73469.4,11919.3,-30.5479,12.1045
9741.55,8809,72473.9,6158.25,5677,71091.6,18489.8,52.6251,12.1045
8427.9,8132,67920.7,3341.25,3264,67087.1,9232.14,-49.367,12.1067
7726.55,7448,67987,2621.25,2572,66790.9,12783.8,-9.08043,12.1098
12562.5,11799,69777,5957.25,5719,68266.2,17310.7,45.7894,12.1151
9374.95,9073,67717,3625.5,3573,66499,19467.7,-25.6716,12.1151
32057.3,22182,94712.4,20566.5,14758,91329.9,15318.7,161.104,12.1172
10780.9,10138,69692,5009.25,4814,68194.1,16264.8,-12.6513,12.1183
8817.9,8272,69861,4551,4288,69555.6,21949.7,50.7751,12.1183
10323.3,9630,70254.2,4697.25,4394,70058.9,22787.8,2.5836,12.1193
6535.75,6576,65134.9,1440,1396,67601.6,7552.5,-53.6038,12.1257
11945,11036,70934.3,5973.75,5352,73149.4,17748.5,-23.887,12.1257
13168.3,12081,71434.6,9843.75,9073,71103.3,23017.1,103.195,12.1257
9757.8,9189,69592.7,6720.75,6085,72383.1,10916.6,156.11,12.1299
9549.8,8776,71314.5,5040.75,4632,71319.2,14723.7,48.4667,12.1309
5575.7,5564,65673.8,2622,2588,66397,17478.7,81.0431,12.1309
6700.2,6543,67110.6,2268.75,2175,68360.8,14117.5,5.48944,12.132
26268.4,19908,86474.2,15475.5,12208,83076.9,11993.8,118.229,12.1352
15040.3,13076,75381.2,5786.25,5008,75720.4,50541.2,149.461,12.1362
5931.9,5920,65667.7,2743.5,2608,68941,11523.2,-28.8131,12.1373
5649.15,5765,64219,2421,2341,67775.6,9729.95,-109.586,12.1415
7898.8,7512,68910.5,5330.25,4776,73141.4,12475,77.7912,12.1426
11118.3,10585,68837.6,4699.5,4333,71079.3,9681.56,91.6562,12.1552
15365.3,13424,75013.7,14380.5,12468,75588.7,17342.8,46.6482,12.1552
13509.6,13217,66986.8,5729.25,5557,67567.4,19374.8,97.3119,12.1573
8672.95,8380,67827,3957.75,3672,70635.9,21209.3,61.9829,12.1573
10323.3,10297,65703.4,3666,3581,67091.6,10979.8,-33.9526,12.1584
5942.95,6117,63671.3,2301.75,2261,66717.2,7035.02,-116.364,12.1626
18757.7,17320,70976,11877,10552,73765.3,32459,-122.48,12.1626
14517.1,13439,70793.4,5885.25,5403,71385.5,14533.7,-101.166,12.1658
5612.75,5496,66928.2,2356.5,2216,69691.1,14517.1,-89.9856,12.1679
9522.5,8993,69394.7,6514.5,5889,72496.9,14011.6,-19.4466,12.169
10238.8,9493,70684.7,7616.25,7025,71051.8,9485.45,51.2435,12.169
13221,11900,72811.1,8475,7724,71908,12269.5,32.2189,12.169
14015.3,13457,68254.9,6528.75,6337,67519,8302.1,120.948,12.1721
22650.5,19191,77350.1,16664.3,13975,78147.3,20057.4,185.866,12.1732
15460.9,14365,70535.7,6029.25,5625,70245.9,8204.26,62.4717,12.1785
8511.75,8026,69502.4,4217.25,3886,71122.4,14456.6,120.717,12.1795
18772.6,16669,73806.7,14088.8,12377,74599.7,22215.1,52.4851,12.1795
17016.3,15612,71431.2,6267,5736,71602.9,20573.7,-103.113,12.1806
7500.35,7116,69075.7,3385.5,3144,70570,6366.04,-63.0192,12.1827
13530.4,12857,68968.5,4540.5,4317,68928.9,7261.8,14.3471,12.1837
9213.1,8706,69353.3,4737,4450,69762.7,8554.43,-8.06149,12.1848
10177,9893,67417.7,4229.25,4097,67651.5,10372.7,42.6102,12.1848
11750,11149,69069.1,4142.25,3913,69375.5,21211.4,72.3028,12.1859
11021.4,10365,69686.3,5355.75,4861,72206.2,15449.4,51.8794,12.1859
19192.5,14801,84980.9,13835.3,10929,82963.4,26382.9,52.3285,12.1869
12460.5,10728,76119.6,7225.5,6220,76130.3,28458,-35.4695,12.188
29190.2,21993,86982.6,11415,8765,85350.1,62304.8,553.219,12.189
7948.85,7676,67865.5,2615.25,2536,67584,20446.5,-9.36841,12.189
16238.3,14824,71788.5,13719.8,12300,73100.6,12362.1,126.815,12.1901
12734.1,11948,69848.1,8971.5,8428,69762.3,9887.76,-14.9916,12.1922
14948.7,13981,70072.1,8760.75,8217,69872.8,21472.4,98.953,12.1922
10725,10141,69310.1,5319,5017,69481,15912.7,-107.238,12.1943
13728,12833,70106.6,4947.75,4581,70782.7,20818,86.9376,12.1964
13990.6,13401,68419.4,4549.5,4345,68620.5,15896.5,-20.3774,12.1975
12093.9,11377,69665.6,5643.75,5125,72169.5,8579.73,-68.2624,12.1975
39600.6,34421,75397.7,17917.5,16017,73312.2,6728.08,55.6472,12.1985
11320.4,9556,77636.4,8500.5,7636,72955.6,26584.1,94.4609,12.2006
12691.9,11908,69850.2,3483.75,3376,67627.7,17784.1,-36.7884,12.2059
6730.75,5989,73652.8,3181.5,2913,71576.6,16809.1,-19.5517,12.207
13067.6,12301,69620.2,4628.25,4509,67269.2,15725.5,-11.771,12.208
9090.9,8233,72365,5964.75,5417,72162.8,36294.8,34.756,12.208
11489.4,10436,72151.1,6408,5764,72858.2,7610.18,-97.466,12.208
6722.95,6036,72994.6,2476.5,2288,70935.3,9115.47,-17.5426,12.2091
8912.15,8357,69889.5,2802.75,2741,67012.4,9147.03,-45.0638,12.2133
14255.1,12953,72124.3,6094.5,5769,69233.7,17421.8,-45.3747,12.2228
32256.9,23853,88625.7,17568.8,13801,83427.7,34474.4,-34.8356,12.2228
13239.2,12415,69886.8,5259,5131,67170.9,8682.58,-15.8063,12.2249
11399.7,10397,71856.4,5414.25,4809,73784.2,15971.6,14.0198,12.2334
11544,10767,70265.4,4797.75,4459,70514.8,7218.36,-4.27128,12.2344
9318.4,8222,74275.2,9426.75,8558,72188.8,18210.2,33.7156,12.2376
12051.6,10785,73232.9,7767.75,7105,71649.2,19882.3,118.793,12.2376
5827.9,5605,68142.2,2958.75,2725,71157.7,9167.43,69.3155,12.2418
16629.6,15315,71161.4,9651.75,8983,70414.9,7776.58,55.6077,12.2503
7980.05,7613,68695.7,3801,3421,72815.7,13798.4,36.4614,12.2503
9309.95,9030,67567.8,3735.75,3490,70150.8,10603.5,89.0415,12.2534
8328.45,7813,69859.6,6924,6213,73035.8,16794.1,160.189,12.2555
12990.9,12779,66622.7,5741.25,5339,70473.6,31906.6,114.901,12.2608
7653.75,7280,68900.6,3765.75,3428,71993.1,8110.64,-10.6248,12.2608
10803.6,10301,68733.9,5340,5033,69533.5,7517.8,91.7375,12.2619
5310.5,5177,67226,3474.75,3277,69490.8,11858.8,-86.4457,12.264
5264.35,5309,64984.8,2550,2505,66713.3,6387.04,142.52,12.265
12801.8,11893,70543.6,5959.5,5589,69880.4,20248.4,63.739,12.2661
16510.6,14681,73703.6,8949,7661,76554.2,30463.6,114.955,12.2672
16141.4,15153,69811,6513.75,6081,70199.8,6961.43,63.3784,12.2693
10955.8,10073,71279.3,6162,5497,73464.2,9821.3,97.6709,12.2746
6672.9,6689,65378.3,4275,4165,67266.8,9921.25,-47.6729,12.2756
9213.75,9048,66736.6,4883.25,4764,67176.5,13267.7,-28.8786,12.2767
6826.95,6868,65144.3,2919,2852,67075.6,8294.88,1.40827,12.2788
7751.9,7573,67084.2,3392.25,3205,69364.9,11782.3,-69.2428,12.2798
6095.05,5820,68633.2,4266,3948,70814.7,10740.3,-21.9036,12.2809
12532,11769,69784.8,5330.25,5097,68535.1,23297.6,40.4044,12.2819
7020,6457,71250.2,6566.25,5913,72776.2,13588.2,-58.9907,12.283
9541.35,8998,69493.4,6898.5,6322,71512.2,31006.3,-59.6453,12.2841
14354.6,13196,71290,6195,5704,71177.3,10549.7,-55.4365,12.2862
22296.9,19398,75330.1,20370.8,17506,76260.6,14680.2,191.228,12.2872
16408.6,15393,69859.9,11559,10945,69212.5,18036.8,-18.7379,12.2872
10740.6,10212,68928.3,5520,5284,68463,9316.09,49.5299,12.2883
9491.3,8892,69953,5961.75,5340,73166.5,12320.6,14.157,12.2883
10873.8,10178,70016.6,5504.25,5138,70207.6,9292.2,12.5508,12.2904
9833.2,9144,70475.6,5673.75,5196,71561.8,14398.4,-34.9411,12.2925
10037.9,10100,65133.4,3134.25,3120,65835.3,10063.8,50.3618,12.2925
7043.4,6977,66159.7,2475.75,2389,67915.8,9786.73,98.5322,12.2925
9625.85,8804,71653.8,8544,7504,74618.8,26797.3,207.973,12.2967
9504.95,9024,69028.9,6407.25,5780,72648,18692.4,-29.0825,12.301
12634,12333,67135.7,4170.75,4041,67640.3,24668.5,-29.3071,12.3041
31462.6,22852,90229.9,25120.5,18544,88777.9,26236.8,130.594,12.3052
13252.2,11912,72909.3,6756.75,6140,72118.9,6832.34,-123.237,12.3062
14998.7,14904,65952.6,5170.5,5064,66914.3,6810.67,-7.99596,12.3094
9791.6,8787,73028.6,9216,8051,75019.2,30205.5,71.9648,12.3157
10278.4,9865,68282.7,5532.75,5289,68556.3,21920.2,63.6762,12.3168
13178.1,12473,69240.8,5331,4937,70766.1,12774.7,-8.22009,12.3189
7730.45,7565,66969.3,3272.25,3133,68448.8,15035.4,15.7749,12.3231
14770.6,13490,71757.3,9307.5,8182,74551,14219.8,-24.6144,12.3242
7204.6,6915,68280.6,3000.75,2851,68978.3,6356.14,-16.5789,12.3273
11454.3,10528,71302.2,6604.5,6080,71189.6,13451.8,-51.2455,12.3316
15679.3,13753,74715.2,8567.25,7917,70918.7,27771.9,105.596,12.3316
19032.6,15942,78241.4,17325.8,15478,73359.6,17751,62.1129,12.3326
11598.6,10070,75484.2,6198,5890,68963,14127.9,16.6691,12.3347
6395.35,5705,73466.4,2450.25,2413,66547.7,13397.7,48.5165,12.3347
13298.3,11741,74228.8,3732,3533,69227.4,11592.6,-7.31567,12.3379
10660.6,9213,75833.8,4367.25,3977,71966.8,8342.82,73.6465,12.339
9977.5,8424,77621.7,5522.25,5048,71693,21460.1,-120.347,12.34
15835.9,14652,70831.6,5408.25,5388,65782.3,20125.9,4.40364,12.3453
11856.6,10781,72074.7,4878.75,4621,69191.5,11803.2,-68.3836,12.3495
12365.6,11417,70981.2,5624.25,5449,67643.8,7088.22,-17.4664,12.3506
10604.8,9681,71789.4,4011.75,3861,68094.8,8636.97,-62.2446,12.3516
17992.6,12120,97290.9,16211.3,12424,85513.6,17826.1,-10.1299,12.3537
10273.3,9217,73046.3,6933.75,6337,71707.5,17912.5,113.707,12.3537
14132.3,12918,71696.4,7881.75,7426,69558.1,12126.2,-101.076,12.359
13181.3,10872,79456.7,5703,4940,75658.3,20035.5,-36.013,12.359
12920,11836,71538.4,6335.25,6024,68922.1,16166.4,-37.5876,12.3601
12657.4,11607,71467.1,4800,4391,71640.4,25825.7,60.0894,12.3622
11797.5,11065,69874.5,4094.25,4025,66663.5,7016.74,-130.984,12.3622
12606.8,10852,76133.1,8253,7732,69952,13802.5,77.7413,12.3654
21745.1,18480,77115.1,17099.3,15188,73783,11923.5,71.7919,12.3664
12396.8,10749,75582.5,8079,7309,72440.2,15960.7,90.5602,12.3685
12863.5,10321,81680.3,9020.25,7797,75817.8,22403.7,-59.322,12.3717
9036.3,7768,76236.2,5678.25,5228,71180.1,22536.1,-36.9669,12.3728
12040.6,11027,71560.1,5155.5,4999,67587.7,10880.7,-5.56891,12.3738
18460.6,16340,74041.4,10817.3,9568,74092.7,13280.1,1.22091,12.3749
14933.7,13717,71349.3,5079.75,5073,65623.2,12044.1,2.12737,12.378
12979.8,11621,73199.2,5994,5541,70893.8,26312.2,152.091,12.3791
13350.3,12273,71288.9,7091.25,6385,72785,12498.7,98.4303,12.3801
12091.9,11188,70831.1,2952.75,2784,69508.4,15301.8,86.2849,12.3823
13936,13161,69395.2,6313.5,6061,68266.2,17187.8,35.4741,12.3844
9023.3,8180,72292.3,4140,3876,69999.8,17531,56.1012,12.3854
12283,11532,69804.2,6000.75,5832,67432.3,14890.3,73.4004,12.3865
9510.15,8429,73942,5813.25,5321,71598.8,16687.6,26.0329,12.3875
18556.2,15817,76885.6,9790.5,8589,74703.7,11558.5,15.0456,12.3886
6828.9,6262,71469,3158.25,2962,69878.1,6390,17.8199,12.3918
11067.5,10445,69442.1,4044,3929,67454.2,20619.9,-55.8149,12.3918
10585.9,9657,71839.9,5196,4809,70810,11929.9,165.532,12.3928
10884.9,9737,73262.1,6091.5,5325,74969.5,13074.5,39.0686,12.3939
19412.3,16628,76509.6,16446,14320,75265.7,19594.9,173.844,12.3949
9915.1,9468,68630.8,4665.75,4412,69305.2,18573.7,72.402,12.397
7827.95,7396,69363.5,2156.25,2016,70095.2,9246.11,70.1725,12.3981
9978.8,9611,68044,3917.25,3803,67504.8,8117.68,-14.0651,12.3992
9765.6,8956,71460.3,5840.25,5256,72820.9,21200,110.143,12.3992
8012.55,7917,66327,4205.25,3993,69019.6,11911.5,-35.7077,12.4013
12004.8,11833,66487.8,4677.75,4633,66169,17953,-101.295,12.4044
5555.55,5484,66391,2706,2556,69382,20171.9,189.302,12.4055
8158.8,7996,66870.3,5282.25,5016,69014.7,7585.49,35.8349,12.4055
17772.9,16264,71616.3,9855,8556,75485.9,9479.02,11.6838,12.4097
17200.3,16509,68280.3,9713.25,9129,69730.3,7595.25,107.215,12.4108
10387.6,9782,69593.6,5682.75,4886,76222.8,21085.4,73.1676,12.4139
8529.3,8181,68326.1,5253.75,4673,73680.7,45350.8,55.9157,12.415
11615.5,11189,68034.1,6112.5,5601,71520.9,6975.43,-14.0221,12.4171
9042.8,9263,63978.1,2880,2847,66295.6,7018.9,-22.6238,12.4182
6037.85,6135,64498.2,2579.25,2451,68965.2,6562.2,84.0334,12.4192
8426.6,8457,65300.4,3739.5,3645,67235.1,16605.5,-23.8441,12.4203
16622.4,15885,68578.5,7284.75,6521,73211.7,8938.09,49.5441,12.4203
11145.5,10657,68540.4,7650.75,6837,73336.2,8307.59,-33.8522,12.4213
10463,10365,66155.9,4120.5,3933,68660.3,17180.2,9.67434,12.4234
33560.1,21077,104351,36030.8,23249,101566,48461.4,78.1588,12.4245
8211.45,7697,69916.3,6358.5,5985,69625.8,21673.7,-73.9145,12.4256
14640.6,14349,66867.8,4008,3869,67890.5,20052,-54.0736,12.4287
10349.9,10196,66525.5,4092.75,3844,69776.9,20400.1,70.6133,12.4298
14478.1,14433,65740.8,4786.5,4645,67532.4,11875.6,-81.2863,12.4308
8243.95,8393,64372.1,3547.5,3437,67643,22251.1,-36.9562,12.4329
9666.15,9080,69766.6,4975.5,4524,72076.6,20567.3,115.327,12.434
9093.5,8106,73519.8,6998.25,6126,74867.3,11691.2,42.5606,12.434
13963.9,13300,68807.6,7140.75,6452,72532,19167.2,96.4597,12.4351
8701.55,8796,64832.3,3987.75,3852,67845.6,12530.3,44.2491,12.4351
7640.75,7717,64888.4,3852,3685,68506,21747.6,-34.3573,12.4351
9440.6,9277,66691.7,3450.75,3245,69691.3,11528.7,48.5867,12.4372
26447.2,21980,78855.5,9834,8204,78556.9,21676,-74.7746,12.4414
18755.1,15917,77221.5,13183.5,11513,75045.1,52441.8,67.6892,12.4414
9541.35,9179,68123.1,4316.25,4047,69896.2,6661.92,75.4296,12.4425
5404.1,5288,66974.9,2958,2712,71480.6,7404.39,-49.2983,12.4425
11675.3,10084,75877.9,5151.75,4420,76385.8,39989.4,33.7571,12.4456
9150.7,8696,68962.8,4538.25,4168,71357.7,9184.13,129.515,12.4456
5841.55,5710,67045.9,2506.5,2346,70019.6,9671.96,0.496513,12.4477
7800.65,7595,67310.5,3671.25,3439,69961.9,19190.5,-20.5012,12.4509
19089.2,16157,77429.6,16806,14221,77448.7,27067,176.143,12.4509
7590.7,7205,69044.3,5591.25,4965,73802.3,41919.2,60.3446,12.4509
12867.4,11784,71561.3,7905,7260,71358.4,6527.82,-60.4453,12.452
11980.8,11097,70755.5,7536,6921,71359.5,11115.3,-2.99773,12.4615
7298.85,6814,70199.2,5051.25,4574,72374,19645.1,-66.9583,12.4615
9013.55,8897,66394.5,3638.25,3621,65848.2,11036.3,-54.5948,12.4625
14496.3,12281,77357.7,10470,8697,78896.4,20641.6,69.7443,12.471
7621.9,7191,69463.1,3903,3687,69375.4,11553.6,-60.6342,12.472
19147,18021,69631,7755,7217,70421.5,15953.9,-79.7196,12.472
10035.3,8936,73598.6,6380.25,5740,72846,25557.6,29.1395,12.4731
11742.3,9589,80252.4,12615.8,10709,77204.8,17764.1,57.8124,12.4773
13102.7,12388,69317,4865.25,4592,69435.8,8252.16,-34.7101,12.4815
11087,10537,68957.1,6337.5,6073,68390.3,18601.3,-23.9191,12.4826
21031.4,17971,76696.6,17204.3,15344,73481.3,21697.9,93.7846,12.4836
8042.45,7657,68835.1,3050.25,2857,69968.9,10896,26.2505,12.4847
5174,5081,66735.5,2491.5,2393,68233.6,10700.1,2.17788,12.4847
7777.9,6836,74565.9,6939.75,6212,73213.7,17723.6,75.8739,12.4857
9071.4,8473,70164.4,3257.25,3017,70754.8,8851.2,12.5674,12.49
12915.5,12233,69192.4,3996.75,3869,67699.9,8105.99,35.8154,12.491
13389.3,12001,73117.6,7837.5,6933,74086,20051.9,9.56642,12.4921
9413.95,9061,68088.8,3250.5,3217,66218.5,10660.5,45.1794,12.4952
7704.45,7233,69807.7,3815.25,3621,69051.7,8181,-53.6275,12.4974
9299.55,8867,68733,4168.5,3955,69073.8,15435.9,-90.8801,12.4984
32009.9,24540,85485,18445.5,15256,79237.3,28490.9,117.609,12.5058
19568.9,18155,70639.9,9113.25,8735,68373.9,11944.7,6.4311,12.5069
10667.8,8469,82551.1,11076,9525,76207.5,21717.8,187.524,12.5111
11185.8,9812,74712.2,5582.25,5152,71009,14216.9,-186.294,12.5143
10140.6,9208,72173.9,4706.25,3800,81165.5,11044.1,22.8049,12.5143
8097.7,7360,72104.7,4609.5,4404,68594.1,11872.8,-119.986,12.5206
9127.95,7896,75761.1,4965,4584,70983,29438.6,129.614,12.5206
10930.4,9616,74494,4288.5,4016,69982.9,11119.8,-92.4379,12.5216
10416.9,9230,73963.4,4405.5,4142,69705.2,10804.7,-29.6461,12.5248
15492.7,13597,74673.3,6711.75,5977,73592.3,11970.8,142.31,12.5259
11005.1,10009,72058.5,4860.75,4637,68698.3,9269.46,33.1916,12.5269
9857.25,9119,70841.6,4344,4287,66407.4,8937.47,65.8841,12.528
9711,8168,77916.3,5605.5,5064,72543.9,17022.9,-117.6,12.5322
27041.3,15289,115912,14614.5,7709,124241,23646.3,193.471,12.5354
12495.6,10145,80720.7,11184.8,9925,73854.3,24704.3,61.8516,12.5354
10300.5,9621,70164.9,4128,3813,70950.1,16746.2,-136.509,12.5364
9289.15,8633,70517.1,3076.5,2921,69024.8,7602.29,103.774,12.5375
13992.5,12788,71709.1,4035,3796,69662.2,16601,128.376,12.5375
20013.5,17404,75362.3,8121.75,7052,75477.5,12563,119.068,12.5385
13703.3,12157,73871.8,9433.5,8313,74369.5,15984.9,42.3993,12.5385
11963.3,11153,70297.1,3870.75,3729,68027.2,6378.41,4.06029,12.5385
29222.7,21197,90349.5,25607.3,20269,82796.2,50419.9,317.165,12.5396
7250.1,6748,70412.4,4580.25,4380,68532.3,24871,-65.4347,12.5417
7038.85,6488,71100.2,3431.25,3404,66060.6,6344.53,32.4416,12.5428
9984,9609,68093.6,4400.25,4189,68841,19067.2,152.363,12.548
10197.8,9229,72415.9,4670.25,4317,70898.7,17242.5,116.312,12.5491
17908.1,16343,71812.3,10806,10199,69436.4,7987.77,50.4398,12.5554
12719.8,12205,68300.5,4801.5,4605,68332.5,9124.32,-42.4829,12.5586
11468.6,10529,71384.4,5287.5,4821,71877.5,8802.45,-32.1508,12.5586
5815.55,5413,70409.7,2275.5,2081,71661.3,14788.6,70.8242,12.5597
19906.3,16881,77280.7,15633.8,13265,77238.9,27740.2,134.837,12.5628
15932.1,14678,71135.7,9500.25,8774,70960.6,8805,-8.93091,12.5639
10650.3,10140,68833.8,3915.75,3724,68910.5,9802.97,-50.2484,12.566
14698.4,13413,71816.7,11635.5,10289,74112.6,16416.5,12.283,12.5713
11617.4,10827,70320.6,7967.25,7307,71457.7,6589.73,41.8923,12.5723
11869.6,11098,70092.8,5557.5,5198,70068.6,7517.37,52.1775,12.5744
9496.5,8720,71371.9,7071,6192,74839.3,11890.2,-23.6669,12.5744
17854.2,15304,76456.7,11546.3,10364,73011.9,14457.3,112.117,12.5776
10459.1,9877,69398.7,3384.75,3221,68867.7,11199.9,-19.3409,12.5787
15924.3,14601,71475.8,6337.5,5737,72395.7,20890.9,-22.2851,12.5797
10604.1,9893,70246.7,4371.75,4081,70205.1,9634.08,22.8579,12.5797
9740.25,9063,70433.3,6712.5,5847,75236.9,14153,-113.192,12.5818
9230,8780,68894.9,3792.75,3660,67913,13412.1,2.07595,12.5839
11845.6,11086,70026.4,5112.75,4810,69661,15324.9,-55.6159,12.585
9489.35,8876,70064.7,6427.5,5740,73385.5,27818.8,109.035,12.5861
6176.3,5579,72552.4,3362.25,3071,71751.4,6506.72,-68.1845,12.5882
7522.45,7069,69739.9,2988,2761,70924.1,16379.8,11.4244,12.5882
10756.8,9907,71157.9,7580.25,7255,68474.1,14068.5,26.9913,12.5882
12182.9,10629,75117.3,7824.75,7137,71851.3,21495.8,17.2522,12.5892
19468.1,17660,72246,10647,10108,69030.6,9318.44,101.99,12.5903
7714.2,7300,69254.5,3004.5,2864,68751,11028,-27.0744,12.5903
7054.45,6504,71082.5,2826.75,2620,70707.6,16658.2,117.194,12.5935
15016.9,13593,72401.3,6808.5,6313,70679.8,27100,166.682,12.5935
13560.9,12360,71903.8,8844,8444,68640.5,9852.64,-43.3703,12.5945
8420.1,7797,70773.3,2000.25,1861,70439.8,21580.2,-58.431,12.5987
6360.25,5888,70792.3,2742.75,2564,70104.9,11742.1,-1.30129,12.6008
12426.7,11072,73554.6,9642.75,8608,73413.9,20160.8,-9.35767,12.603
15945.8,14587,71640.8,7126.5,6687,69843.3,7900.62,52.1631,12.6072
11551.8,10797,70117.5,5174.25,4877,69530.4,8801.6,-39.8908,12.6082
5811,5525,68928.5,2780.25,2593,70268.6,8555.78,38.3785,12.6103
16276.6,14893,71624.7,7292.25,6809,70187.2,15203.6,67.3686,12.6135
10961.6,9936,72300.7,7603.5,6772,73582.8,16832.9,1.08739,12.6156
10010,9656,67938.6,4745.25,4616,67371,17605.8,148.118,12.6167
12678.3,12238,67893.6,4407.75,4382,65921.1,11934.6,126.831,12.6241
11674.6,11200,68313.4,4261.5,4144,67394.2,21656.3,115.286,12.6241
10664.5,9917,70476.1,2904,2761,68930.3,16516,50.9793,12.6294
9285.9,9016,67497.9,5122.5,4716,71184.9,9779.11,-51.9675,12.6346
6397.95,6605,63481.6,2376,2361,65952.4,14273.2,36.4436,12.6367
13754.6,13209,68243.2,4939.5,4713,68685.6,8739.63,1.39155,12.6378
11157.3,11060,66112.3,5244.75,4980,69020.1,33177.8,107.113,12.6399
15401.1,14488,69666.4,7407.75,6972,69632,7851.83,16.9049,12.6399
12236.3,11749,68253.9,5715.75,5313,70503.9,9389.76,-14.9729,12.642
9024.6,8875,66640.7,4296,4143,67956.2,9239.91,54.6928,12.642
13091,11681,73446.8,11053.5,10113,71630.8,7065.87,7.47445,12.642
11362.6,10642,69973.9,4138.5,3890,69722.6,17100.9,87.9373,12.6441
11641.5,10377,73522,8229.75,7513,71788.2,13253.7,-5.65809,12.6452
10835.5,10313,68856.3,4977,4601,70891.7,19972.5,-98.7906,12.6452
9756.5,9073,70473.1,6575.25,6145,70124.6,10109.5,59.8201,12.6494
10789.3,10440,67729,6023.25,5704,69204,11092.8,76.9831,12.6505
12781.6,12021,69682.6,5079.75,4709,70695.8,22180.2,-49.8536,12.6515
6342.7,6341,65553.6,3503.25,3361,68309.7,7417.46,27.2412,12.6515
11976.9,11529,68082.1,6054,5837,67972.4,15942.9,60.4608,12.6526
10696.4,10020,69960,5208,4676,72992.2,12025.1,-13.3519,12.6579
11775.4,11484,67198.9,5487,5308,67746,7256.22,98.6273,12.6589
7916.35,8012,64753.6,4145.25,4092,66388.8,11063.2,-168.976,12.661
17151.5,14073,79872.4,13667.3,11145,80367.6,28315.6,25.5959,12.661
14731.6,14216,67912.9,6379.5,6152,67959.5,7419.87,141.621,12.6621
20936.5,18176,75489.4,17658.8,14820,78089.3,19898,65.4722,12.6653
10849.8,10544,67436.7,5623.5,5252,70171.7,14320.3,144.802,12.6674
8268,8050,67310.8,4951.5,4406,73649.9,11024.6,102.786,12.6684
22373.6,19776,74144.4,13081.5,11476,74704.5,17694,196.275,12.6716
10244.6,10245,65533.8,5715,5329,70283,8161.93,30.6533,12.6727
17491.5,15457,74162.1,16163.3,14405,73535.2,15689.7,181.73,12.6737
9741.55,9781,65271.7,3458.25,3333,67998.8,15286.3,-15.1945,12.6748
13350.3,12800,68353.8,7401.75,6816,71168,6861.56,2.32213,12.6779
13843.7,13109,69209,9099,8145,73212,29512.6,52.2109,12.6779
6618.3,6964,62282.7,4189.5,3956,69404.2,9975.03,-161.195,12.6822
6536.4,6556,65340.1,6576.75,5788,74466.8,11105.3,8.18265,12.6832
11598.6,12113,62752.9,4299.75,4229,66632.4,15477.4,-31.5417,12.6864
12676.3,11043,75229,7529.25,6519,75692.1,10377.5,64.97,12.6906
9588.8,5140,122259,3339.75,1876,116670,31711.5,71.0482,12.6906
6732.05,7004,62991.4,3030.75,2812,70634.2,7822.58,-27.814,12.6917
8903.05,8816,66183.1,6774.75,6240,71152.3,12918.6,64.0145,12.6938
19333.6,16261,77919.4,18608.3,15765,77355.6,16384.5,63.0242,12.6948
29370.2,19677,97820.2,23124.8,17465,86773.8,35341.1,102.732,12.6969
12361.7,11918,67975.9,4594.5,4234,71116,18550.5,116.263,12.698
13710.4,12474,72032.1,7638.75,6970,71824,9451.8,14.2648,12.699
10319.4,9505,71151.2,6854.25,6085,73820.9,19451.9,37.109,12.7022
10006.8,8397,78099.6,5813.25,4925,77355.8,11652,-70.9579,12.7043
14748.5,13173,73374.1,9219.75,8241,73319.4,12728,-15.0983,12.7043
13196.9,12045,71803.7,4249.5,3993,69745.9,23902.1,40.3817,12.7075
15511.6,14236,71408.3,5659.5,5496,67485.6,8880.55,136.406,12.7096
16596.4,14085,77221.5,9105,8197,72795.6,19309.7,42.2743,12.7159
20262.4,17138,77484,10284.8,9046,74510.4,11141,359.921,12.7159
10511.1,8484,81195,8637.75,7648,74017.2,10122.4,146.68,12.7202
11133.8,9724,75037.8,4534.5,4456,66690.5,12224.5,33.0806,12.7202
18730.4,15804,77671.2,9263.25,8476,71623,25925.1,-43.1143,12.7202
8535.8,7501,74577,2831.25,2857,64945.3,7079.12,90.894,12.7202
26998.4,18313,96618.1,23247,17773,85720.8,23376.8,43.8415,12.7223
8331.7,6893,79214.6,5954.25,5561,70170.4,31960.7,41.7989,12.7233
13373.1,10303,85064.5,8819.25,7867,73468.7,9474.1,-1.21605,12.7233
15771.6,14156,73015.5,4642.5,4492,67731.7,10225,77.0157,12.7244
7426.25,6485,75048.1,2371.5,2305,67426.7,21774.9,-28.3383,12.7244
9160.45,7910,75896.2,3728.25,3538,69060.1,10949.1,1.30851,12.7254
18324.1,15592,77019.7,8628,7752,72941.8,7253.42,-46.7126,12.7254
11523.2,10153,74380.4,2328.75,2185,69847.6,8062.51,62.477,12.7265
10661.3,9376,74519.9,3535.5,3348,69206.3,8279.27,-71.6912,12.7286
12982.4,10869,78279.3,8598,7489,75240.8,52761.8,-81.1029,12.7318
14372.8,11794,79865.7,9504,8566,72712.4,13680,-89.9541,12.7318
12853.8,10862,77553.2,6626.25,5982,72594.1,12089.4,132.846,12.7328
44840.3,34361,85522.9,18998.3,15085,82536.9,39918.1,419.04,12.7371
18538,15697,77397.4,8196,7301,73569.8,8568.82,79.658,12.7371
10916.1,8582,83360.2,4440,3858,75422.5,17929.9,49.2062,12.7371
13576.5,11868,74970.7,7984.5,7564,69179.3,15055.8,-30.6658,12.7381
10446.8,8816,77659,4021.5,3696,71307.6,6375.3,-119.78,12.7381
24003.8,20997,74921,7285.5,6933,68868.1,12084.2,-20.2341,12.7381
15884.7,13491,77164,5889.75,5287,73007.5,8212.59,88.2714,12.7392
12320.1,10941,73796.7,5632.5,5225,70647.2,7478.95,-44.1411,12.7434
10743.8,8841,79641.3,4518,4105,72129.5,21368.2,0.0569493,12.7455
11691.5,9348,81965.9,8380.5,7220,76069.9,18163.9,129.177,12.7487
9960.6,7834,83326.3,7734.75,6846,74043.9,30068.5,131.31,12.7487
22020.7,17137,84212.4,15510.8,13089,77661.6,26050.5,124.581,12.7487
12162.1,10301,77376.8,6651,5949,73269.4,13726.6,-36.6359,12.7529
18943.6,16413,75640.5,8839.5,7785,74413,24446.4,-11.2387,12.7529
12262.3,10659,75393.5,4926,4631,69710.7,7135,-20.9081,12.754
10847.2,8904,79838.5,5989.5,5336,73562.2,29532.2,122.73,12.7571
12513.1,11693,70132.7,4244.25,4157,66911.5,12972.4,21.8725,12.7571
13551.8,12596,70509.2,5810.25,5636,67562.2,15512.2,-26.383,12.7582
6016.4,5529,71313.2,2753.25,2557,70565.9,8911.49,80.5051,12.7592
7586.15,7408,67112,2665.5,2500,69874.5,6978.62,90.8977,12.7687
7706.4,7887,64035.3,3150.75,3135,65865.3,8560.21,39.2383,12.7687
18910.4,18313,67674.1,5059.5,4809,68949.8,6595.83,-21.7479,12.7719
5810.35,5801,65641.6,2255.25,2125,69553,11748.2,42.5585,12.7751
11194.9,10896,67334.1,6255,5680,72170.4,26699,110.797,12.7793
22812.4,19221,77781.2,16003.5,13441,78030.3,32989.6,34.0202,12.7835
12116.6,10559,75203.8,6726.75,5983,73682.8,8905.13,-76.0147,12.7856
16857.8,14748,74911.1,7831.5,6712,76466.8,10727.6,13.3568,12.7899
11293.8,10423,71011,4937.25,4580,70648,15448.3,-131.301,12.7909
6553.3,6504,66032.8,3077.25,2856,70613,10905.3,-48.5698,12.792
5463.25,5485,65276.1,3186.75,2969,70342.5,14888.1,10.6205,12.7941
7217.6,7388,64024.4,2982,2924,66836,19263.7,27.656,12.7941
39536.3,28841,89839,38474.3,29961,84157.7,35331.1,132.832,12.7962
9396.4,9112,67581.5,3568.5,3372,69355,10204.7,15.9565,12.7962
6304.35,6346,65105.9,2563.5,2442,68796.7,13308.6,45.9398,12.7994
8353.15,7965,68729.7,5128.5,4793,70123.4,24603,-9.52462,12.7994
22802,18196,82125.3,14245.5,11348,82269.4,33987.7,9.04269,12.8004
8886.15,8553,68088.7,4918.5,4749,67875.1,22892.1,-105.78,12.8015
10615.1,10265,67771.5,3240,3145,67515.6,7983.44,12.6,12.8036
11805.9,11120,69578.7,6943.5,6304,72184.2,15633.3,156.792,12.8046
10268.7,9813,68579.4,3874.5,3701,68608.3,19268.3,142.036,12.8046
11258,10565,69834.8,9456,8821,70253.8,16114.1,32.0744,12.8057
9378.2,8397,73194,6590.25,5741,75230.6,23303.5,-20.6558,12.8141
12852.4,11677,72133.1,8904.75,8141,71684.3,25788.1,133.191,12.8152
10546.3,9893,69863.4,4571.25,4337,69075.7,16986.7,26.8816,12.8163
15215.8,13841,72045.8,10294.5,9285,72661.3,18461,65.5262,12.8215
10473.4,10124,67798.1,3951.75,3836,67513.5,14232.9,88.0451,12.8215
10147.8,9544,69682.1,4133.25,3848,70394.1,6743.72,137.347,12.8258
8853,8004,72487.5,5202,4660,73158.4,21324.5,145.399,12.8321
14201.2,13364,69641.6,2808,2656,69286.6,13190.9,-52.0957,12.8332
10859.5,10200,69773.7,5223.75,4936,69356.5,20073.3,86.1056,12.8363
7939.1,7316,71117.7,4974,4704,69297.6,10130,-23.6007,12.8374
11236.5,10315,71391,8219.25,7551,71335.8,14657.7,-67.6309,12.8374
14973.4,11457,85650.4,13586.3,11589,76830.5,34880.3,125.109,12.8395
12264.2,11352,70802.2,4641,4392,69251.5,13066.5,-71.0111,12.8469
9024.6,7905,74818,6782.25,6177,71957.5,16951.3,-41.9171,12.8606
12998,11062,77006,7674,7058,71255.8,15688,77.6704,12.8638
9942.4,9309,69995.2,3999,3849,68090,18706,59.497,12.8648
11649.3,10813,70604.7,4691.25,4489,68488.7,9921.58,-60.5729,12.8669
13690.9,11415,78602.7,9964.5,8787,74318.1,25354.1,93.6471,12.868
10704.8,9836,71325,7650,7084,70772.2,11908.1,103.612,12.8691
16052.4,13529,77759.6,10282.5,9033,74601.4,7472.4,105.499,12.8701
13020.1,11628,73382.2,4980.75,4648,70227.7,6857.12,90.9023,12.8712
8154.9,8018,66655,4437.75,4386,66309.3,10218.1,-107.884,12.8733
11767.6,10717,71960.6,5295,4681,74132.3,16600,69.0362,12.8754
5330,5196,67226.1,2988.75,2952,66351.9,7650.64,-88.0075,12.8765
7164.95,7108,66061.1,3130.5,3120,65756.6,23087.8,91.1523,12.8765
26440.7,16913,102455,15956.3,11269,92795.2,11887.6,79.5332,12.8786
8204.95,7953,67612.2,2635.5,2481,69617.1,9080.82,73.6187,12.8807
8863.4,8629,67316.2,4881,4737,67528.2,22406.7,56.7779,12.8807
19511,16280,78542.8,21001.5,17916,76822.6,25582.2,92.7786,12.887
9385.35,9074,67784.7,5520.75,5142,70363.3,25707.5,74.7139,12.887
12249.9,11080,72455.7,9503.25,8328,74784.5,27550.7,41.9646,12.8881
11843,11772,65931.3,4061.25,3960,67211.6,19429.1,49.1498,12.8881
11737,11304,68046.6,4429.5,4204,69051.3,8377.12,58.1652,12.8891
17647.5,13797,83825.9,18833.3,15701,78610,32278.3,-51.0931,12.8902
6555.9,6809,63099.9,2970,2941,66182.2,7807.29,20.3466,12.8923
9027.2,9044,65414.3,3351,3296,66629.6,14361.9,69.9803,12.8986
10006.8,9948,65923,4410.75,4216,68563.3,14560.6,-63.3272,12.9018
10407.8,9987,68297.3,5441.25,5159,69121.5,12336.5,-50.3436,12.906
11050,10557,68596.5,4869.75,4589,69545.4,11303.7,47.7352,12.9071
10582.6,10600,65428.7,4056,3932,67602.8,9423.66,9.96584,12.9092
10986.9,10396,69261.3,8458.5,7692,72066.6,18652.1,-13.601,12.9102
13865.8,13425,67687.8,6999,6693,68532.3,9241.59,16.8527,12.9102
9575.15,9389,66835.3,3294,3113,69346.5,8245.69,-20.0899,12.9113
7491.25,7309,67170.1,2281.5,2185,68430.4,17171,12.2547,12.9124
9664.85,9524,66505.2,4387.5,4112,69926.9,10948.9,-85.5515,12.9155
11154,11357,64364.6,3083.25,3017,66975.1,9249.56,46.9524,12.9155
16963,15932,69777.2,8261.25,7868,68811.6,31791.5,128.665,12.9229
12353.3,11633,69593.6,5251.5,4865,70742.5,21652.9,-31.7738,12.9229
6772.35,6649,66751.8,2950.5,2793,69231.6,7911.34,49.5827,12.925
11495.9,11115,67781.9,3454.5,3323,68129.4,6540.82,61.6742,12.9293
8645.65,8186,69215.9,6492,5770,73736.5,20215.1,129.96,12.9314
9762.35,8971,71317.1,6108.75,5439,73606,12103.3,199.065,12.9335
13666.9,12377,72366,8067,7177,73662.9,18029.5,6.20243,12.9388
6676.8,6533,66978.5,2988,2869,68254.3,6976.65,16.0778,12.9388
11053.3,10661,67947.3,5169,5009,67629.4,15110,65.6521,12.9398
14704.3,13204,72982.5,13194.8,11824,73133.6,18386.2,0.169018,12.9409
5911.1,5616,68979.7,2497.5,2320,70550.1,18998.6,50.026,12.943
10204.3,9667,69178.9,4638,4323,70311.4,10306.3,-24.4673,12.943
11235.9,10608,69415.1,5433.75,5108,69715.4,8832.51,56.4281,12.944
9183.85,7516,80078.9,8581.5,7560,74391.2,22522,104.074,12.9451
9014.2,8568,68948.9,3447.75,3308,68304.6,10916.2,107.95,12.9451
13189.8,12180,70969.4,5860.5,5428,70757.9,9086.39,78.7785,12.9504
9070.1,7751,76689.2,5977.5,5495,71290.5,20465.5,42.2309,12.9514
13470.6,12568,70242.6,7440,7100,68674.3,6795.89,194.965,12.9525
19169.1,17469,71914.2,7539,7213,68498,8062.74,-47.603,12.9546
13894.4,12628,72108.3,4041,3840,68966.4,10836.8,79.5727,12.9546
8906.95,8270,70583.5,3576,3450,67929.5,10381,68.4099,12.9557
16936.4,13705,80988.2,10513.5,8697,79224.2,37095.2,-20.3141,12.9599
9347.65,8321,73621.9,4308,4005,70494.1,18217.7,15.6554,12.9609
7163.65,6553,71643.1,3387,3229,68742.8,11764.5,-27.1021,12.962
13752,12688,71032,3855,3652,69178.9,11822.4,-19.3643,12.9641
13965.9,13077,69990.8,5051.25,4773,69356.5,8530.97,65.8994,12.9662
7024.55,6184,74443.9,4933.5,4504,71785.5,9552.36,76.181,12.9662
7420.4,7049,68989,3790.5,3769,65909.8,12493.3,-6.48952,12.9662
13234.6,12292,70561.8,5740.5,5540,67907.8,17054.1,-34.1809,12.9662
10794.5,9496,74497.9,7364.25,6780,71183.4,12475.8,-47.7689,12.9683
14077.7,12229,75443.3,8338.5,7393,73917.5,22303.5,18.0818,12.9694
12213.5,11144,71825.6,7514.25,7068,69673.7,21776.3,61.9616,12.9704
11550.5,10576,71574.7,4608,4260,70889.6,9224.09,55.5533,12.9715
5652.4,5336,69422,2552.25,2504,66798.8,15573.3,-12.6253,12.9725
12318.8,11400,70818,5388.75,5208,67810.5,11969.4,-55.4898,12.9725
16995.5,15690,70989.2,8223.75,7758,69470.4,8837.15,28.0479,12.9736
11000.6,9971,72303.2,6394.5,6007,69763.6,17983.3,46.6242,12.9736
13046.8,11872,72021.1,8531.25,7732,72310.4,10461.6,-69.1932,12.9789
16840.8,15174,72735.1,11080.5,10630,68313.4,31987.9,173.378,12.9799
19704.1,17876,72238.1,14079,12788,72152.1,9988.01,68.4246,12.9863
13739,11836,76073.2,8633.25,7768,72835.8,17860.9,-66.8912,12.9873
8082.1,7605,69647.4,3216.75,3121,67546.6,16922.2,44.944,12.9884
8327.8,7836,69649.1,2511.75,2376,69280.3,8093.69,12.5958,12.9916
8571.55,7523,74670.4,5284.5,4832,71673.2,25384,131.486,12.9926
12016.5,11052,71255.6,5062.5,4716,70351.1,6551.8,136.494,13.0011
9605.7,8857,71075.9,5697.75,5309,70334.9,20399.3,8.69337,13.0011
11831.3,11125,69696.7,4957.5,4517,71927.1,8536.13,84.8192,13.0021
5855.2,5449,70421.4,2855.25,2701,69278.7,9464.95,-70.8757,13.0042
8743.15,8345,68662.8,3051.75,2829,70696.2,11564.4,25.3654,13.0074
6032.65,5668,69752.3,2405.25,2288,68894.4,14078.4,-19.4491,13.0106
7495.8,7185,68370.9,3443.25,3233,69798,26730.4,13.6154,13.0127
10695.1,10482,66868.4,4867.5,4806,66374.6,17395.7,167.046,13.018
13864.5,12853,70693.5,3624.75,3425,69358.1,11814.7,54.596,13.0222
20486.7,17985,74652,11933.3,10741,72810.5,27725,38.5181,13.0232
8480.55,8220,67613.3,2151.75,2056,68588.1,9425.84,-33.8942,13.0253
50937.3,39532,84443.6,28040.3,21944,83742.5,20838.1,159.177,13.0275
10085.4,10098,65454.2,4180.5,4054,67581,7340.6,76.2641,13.0296
21858.2,20412,70179.3,13995,12524,73233.5,32218.9,30.6092,13.0296
13913.2,13648,66809.7,4652.25,4512,67573.1,17995.7,-37.6563,13.0296
8916.7,8221,71082,5190.75,4509,75444.9,27345.2,-56.0677,13.0338
12418.3,12180,66817.9,4052.25,3824,69447.8,9501.25,-2.93707,13.0359
14649.7,13789,69626.7,6840.75,6349,70612,11405.2,-26.2286,13.0401
11610.3,11573,65747.2,5968.5,5745,68085.6,25580,-6.12134,13.0412
9527.7,9198,67885.1,7538.25,6985,70726.8,13630.8,86.3477,13.0475
9382.1,8836,69586.4,7445.25,6676,73087.5,16026.3,-4.04229,13.0475
16991.6,13869,80291.6,13684.5,10377,86424.5,21676.3,216.765,13.0496
11070.8,11081,65475.7,3949.5,3849,67247.2,16474.3,29.4809,13.0496
20982.6,18045,76205,9906,8617,75339.4,26695,193.357,13.0528
8950.5,8953,65517.7,4087.5,3897,68739.7,27915.6,82.3709,13.0539
13664.9,13340,67132.4,6920.25,6584,68883,18879,17.3505,13.0549
9900.15,9741,66606.7,4251,4125,67537.8,12677.6,67.4636,13.0612
9785.75,8733,73436.3,7412.25,6985,69544.6,13842.9,-1.38024,13.0612
13400.4,12300,71399.1,4548,4216,70696.8,9160.77,5.67572,13.0634
5673.2,5454,68169.9,2442,2314,69161.2,18320.9,73.2715,13.0634
12155.6,11217,71020.1,4065.75,3825,69660.9,16870.1,-13.534,13.0644
12150.4,11541,68996.8,6388.5,5985,69954.3,13134.6,-78.7536,13.0655
11114.3,9208,79104,9939,8572,75987.2,15113.9,143.912,13.0665
11926.8,11260,69417.2,5880,5736,67181.3,6996.32,112.397,13.0729
8121.1,7588,70140.3,2505.75,2432,67523.4,13208.6,-120.036,13.0729
9573.85,8356,75087.6,8623.5,7764,72791.1,6341.88,-87.9583,13.0771
10641.1,9272,75213.4,10074.8,8956,73722.5,10055.2,144.102,13.0771
22619.3,11656,127178,8947.5,4380,133877,6940.82,-93.1409,13.0781
9009,8521,69289.3,4623.75,4249,71316.1,25690.4,18.8145,13.0792
6118.45,5625,71285.1,2404.5,2345,67198.9,9402.42,48.6666,13.0792
13203.4,11840,73082.9,5040.75,4544,72700.4,20989.7,-11.1088,13.0813
9976.2,9209,70995.8,3832.5,3629,69211,14819.1,-78.8169,13.0824
11573.9,10557,71848.7,5241.75,4905,70035.3,7609.56,-170.566,13.0834
7245.55,6752,70326.5,2848.5,2676,69760.6,9675.85,43.4964,13.0845
13115.7,12109,70984.4,4050.75,3885,68332,21401.8,82.6157,13.0866
11575.8,10381,73079.2,4879.5,4537,70483.3,15729.4,57.8889,13.0887
6687.2,6189,70811.5,2380.5,2269,68756.5,8577.28,-83.7423,13.0887
12633.4,11494,72032.6,5773.5,5394,70146.9,8317.28,38.3874,13.0898
8734.05,8228,69566.7,3264,3204,66763.3,10135.8,-57.1409,13.0961
9638.2,8824,71583.1,4075.5,3768,70884.3,15579.3,68.2145,13.0971
12823.8,12149,69176.4,2666.25,2629,66464.6,8215.96,39.2512,13.0993
8255.65,7929,68235.9,2809.5,2745,67075.9,10020.8,8.2234,13.1003
33723.3,24824,89030.4,22380,17272,84917.5,30880,113.219,13.1056
16812.9,15380,71641.8,6652.5,6132,71098.9,19562.2,54.3048,13.1056
13313.3,12084,72203,6456.75,5924,71429.7,6344.64,66.8416,13.1067
9683.05,7529,84285.9,8658,7517,75483.7,20868.6,55.9757,13.1088
24761.1,20953,77446.8,9741,8381,76170.6,23572.7,96.2941,13.1193
5651.1,5409,68469.3,2455.5,2321,69333.8,10426.8,-110.472,13.1193
9564.1,8177,76653.2,6549,5749,74655.6,21210.5,65.4229,13.1214
15204.1,14237,69988,8899.5,8301,70261.1,11460.3,68.3693,13.1225
6075.55,5421,73449,2341.5,2073,74024.4,20849,-15.4035,13.1288
6345.3,5855,71024,2628,2511,68589.6,12507.5,163.79,13.1288
9194.25,8577,70252.4,6267,5777,71094.7,11596.3,162.964,13.1299
8966.75,8074,72782.4,5071.5,4602,72222,14860.5,-80.5385,13.1299
12379.3,10864,74676.6,9609,8432,74684,29392.9,84.8954,13.1309
12344.8,11781,68672.3,4368.75,4197,68217.9,8517.5,29.7799,13.1331
10814.7,10029,70670.3,5269.5,4857,71101.9,14186.2,27.8469,13.1341
11144.3,10196,71631,6231.75,5712,71499.3,20836.4,28.4569,13.1352
12477.4,11433,71522.7,8020.5,7133,73690.1,15978.3,14.0195,13.1362
5368.35,5296,66431.3,1894.5,1828,67920.1,9003.85,-45.9184,13.1383
8058.7,7532,70118.8,3952.5,3656,70850.9,11523.8,-36.5531,13.1415
6069.05,5797,68611.6,2704.5,2549,69534,6561.04,-63.0266,13.1447
10906.3,9053,78952.7,8330.25,7533,72472,31307.9,54.7234,13.1489
18873.4,16120,76730,10648.5,9160,76185.6,28546.1,111.587,13.1531
12296,11781,68401.1,6965.25,6501,70216.1,17873.3,98.2283,13.1542
15646.8,14552,70466.5,8595.75,7928,71055.9,23240.9,99.7466,13.1552
16038.1,14048,74820.1,10153.5,8848,75205.7,22447.8,104.076,13.1552
10856.9,10092,70503.5,39519,36392,71167.2,7931.13,1163.28,13.1563
14133.6,13785,67193.3,5481.75,5309,67668.5,9882.04,160.449,13.1573
17624.8,15957,72385.5,10047.8,9205,71536,9082.92,3.95865,13.1573
10635.9,9889,70486.2,4388.25,4049,71027,7864.7,6.58443,13.1584
9824.1,9117,70618.9,4755.75,4345,71731.4,26332.7,68.6704,13.1605
13765.7,13041,69177.9,5335.5,5073,68927.1,13414.5,88.9359,13.1616
13375.7,12462,70341,5231.25,4858,70571.3,9920.91,-61.4328,13.1626
12763.4,11961,69932.5,3708,3465,70132,16093,86.2552,13.1626
11597.9,11141,68224,4343.25,4017,70858.7,19191.6,-16.2013,13.1637
6585.15,6329,68188.4,3339.75,3177,68893.3,11200.2,83.8591,13.1647
10593,9868,70351.3,4712.25,4440,69554.5,7480.2,128.719,13.1647
6964.1,6476,70475.5,2966.25,2844,68353.1,10953.6,135.468,13.1647
16612.7,15137,71925.1,6390.75,5793,72298.3,26731.9,103.055,13.1742
8819.85,8616,67086.5,3685.5,3528,68461.7,7843.15,66.7852,13.1785
16197.3,14764,71898.5,8077.5,7352,72003.1,10450.4,197.407,13.1795
6823.7,6648,67268,2003.25,1864,70431.9,12101.8,154.345,13.1806
10099,10097,65549.3,4079.25,4017,66551.6,10759.2,-94.1443,13.1859
9984,9988,65509.8,5598,5364,68395,13267.1,57.9814,13.1869
15050.1,14176,69577,12149.3,10916,72940,22975,32.6766,13.1869
25700.3,19720,85410.7,22235.3,18604,78327.7,38752,51.0036,13.1901
5712.85,5821,64318.4,2488.5,2413,67586.5,7882.81,40.9837,13.1911
21814,19437,73550.6,14526.8,12793,74417.7,27508,5.84621,13.1911
14758.2,13040,74171.5,7838.25,6916,74275.2,12898.9,76.0552,13.1911
7722,7693,65783,3456.75,3369,67243,24400.2,-4.91699,13.1911
14585.3,13425,71200.4,8013,7137,73579.9,16224.7,9.71025,13.1975
13644.8,12469,71715.9,10631.3,9413,74017.8,12593.6,85.5267,13.2059
24725.3,21201,76430.4,13327.5,11461,76209,22305.6,19.8017,13.2091
21037.3,18040,76424.5,18576.8,16424,74126,15738.4,120.669,13.2101
11792.9,11016,70158.2,6033.75,5676,69666.6,17925.2,-10.9937,13.2101
9860.5,9213,70141.9,6159,5789,69724.7,7947.98,-29.5387,13.2133
18207.8,16019,74490.7,8955,8067,72750.1,15087.2,131.873,13.2133
9200.1,8436,71472,7052.25,6320,73129.2,14827.6,69.9628,13.2207
7681.7,7113,70775.7,4705.5,4397,70134.1,13283.5,140.541,13.227
10120.5,9494,69860.7,4401,4082,70657.5,14206.9,138.786,13.227
11485.5,11016,68329.1,4572,4396,68159.8,26297.1,55.7717,13.2281
28243.1,19376,95527.6,22317.8,17504,83559,11400.6,216.292,13.2313
9711,8505,74828.9,6076.5,5373,74116.8,18728.9,-168.404,13.2323
16869.4,15423,71682.3,9096.75,8527,69914.9,8702.41,16.013,13.2323
10157.5,9749,68282.4,3252,3189,66830.7,18914.5,59.4892,13.2334
13258,12680,68523.6,4793.25,4572,68707.4,6932.44,6.61947,13.2344
8866.65,8848,65674.1,3771,3732,66220.9,9734.09,10.8142,13.2365
17031.3,14664,76115.9,9796.5,8232,77991.2,25257.4,93.6508,13.2376
7622.55,7629,65480.6,3211.5,3117,67522.9,15328.6,26.0839,13.2386
5084.3,5356,62211.5,2088.75,2124,64448.4,7632.22,-100.907,13.2418
6350.5,6314,65914.9,2460,2378,67795.9,10481.9,72.7061,13.2429
6884.15,6528,69111.5,2919,2756,69412,11062.5,35.7043,13.2429
10829,10367,68456.6,4140.75,3995,67927,9149.89,162.196,13.2439
14324.7,13781,68121.6,7128,6849,68205.7,28036.9,-58.6737,13.246
10264.1,10024,67106.1,5142,5000,67397.2,9483.09,-27.8764,13.246
11468.6,11260,66750.1,4566,4472,66913.5,23373.7,-53.3384,13.2471
8827,8352,69263.2,4908.75,4564,70486.4,18324.7,45.7513,13.2471
17158.7,15369,73167.6,14096.3,12809,72122.1,9362.54,32.3281,13.2492
12667.8,12432,66779.3,3465.75,3396,66882,15717.9,42.4093,13.2513
8502.65,8330,66894.3,3927.75,3806,67632.4,17391.1,-28.1736,13.2534
9916.4,9175,70831.7,6297,5511,74883,18570.3,58.6421,13.2619
7276.1,7068,67465.5,3136.5,2968,69256.6,20314.4,72.3366,13.2619
10735.4,10241,68699.9,4515.75,4289,69000.8,7446.32,22.9402,13.2629
8967.4,7698,76342.9,7086.75,6209,74800.6,10935.6,-33.951,13.265
15644.8,14861,68992.7,7126.5,6941,67287.5,10161.8,79.5981,13.2661
6854.25,6806,66000.6,2440.5,2438,65603.2,10302.7,-26.1872,13.2661
5441.8,5197,68623,2060.25,1961,68852.9,14223.6,-34.0745,13.2672
7640.1,7354,68085.6,4077.75,3934,67930.7,19425.9,-73.8301,13.2703
6565,6497,66221.9,3027.75,2917,68024.2,11784.4,174.137,13.2714
12760.8,12177,68678,4592.25,4309,69844,13928.5,41.6165,13.2735
14478.1,13008,72942.6,7680.75,6512,77298.2,22771.3,198.664,13.2735
15291.2,14201,70567.4,7516.5,6857,71839.2,12257.7,-77.0007,13.2777
6801.6,6423,69399,2910.75,2727,69951.9,12065.9,81.2466,13.2809
5477.55,5453,65831,2112,2045,67683.1,7025.59,4.89597,13.2851
7111.65,6504,71658.8,6138,5612,71678.5,20149.9,-67.8373,13.2872
11672,9957,76824.3,10450.5,9281,73794.2,40392.1,87.922,13.2893
8941.4,8321,70422.3,6475.5,5781,73409.2,8704.43,-8.06713,13.2914
10884.9,10285,69358.6,5810.25,5305,71777.7,21281.1,-7.67978,13.2914
9846.2,9376,68822.6,4044,3808,69597.6,11995.2,-138.911,13.2925
6821.1,6693,66790.3,3510.75,3393,67810.3,21378,-36.0634,13.301
7739.55,6709,75602.8,6646.5,5909,73715.5,37305.4,48.478,13.302
9367.8,9097,67486.9,4067.25,3901,68329,6353.54,103.821,13.3052
6780.8,6421,69208.3,3031.5,2849,69734.1,21401.5,-92.8243,13.3062
18545.8,14965,81217.3,9150.75,7857,76327.3,9361.29,65.0082,13.3062
11833.9,10655,72787.1,9302.25,8331,73176.4,6697.78,77.1483,13.3105
10297.3,9435,71525.6,11822.3,10571,73293.3,16058,100.877,13.3105
12544.3,11336,72521.8,7954.5,7372,70714.3,14618.5,51.0506,13.3147
7195.5,6872,68621.1,2499,2440,67120.7,8959.86,-13.2367,13.3189
8827,8609,67195.5,1931.25,1921,65885.7,7933.29,-95.7581,13.32
7896.2,7182,72053.1,7325.25,6574,73025.2,12388.4,107.894,13.3231
10557.3,9151,75607.4,8431.5,7503,73646.1,16348.1,93.9856,13.3273
8143.2,8070,66130.5,3687,3666,65911.4,11765,2.99785,13.3273
10438.3,9533,71760,5832,5101,74927.6,30559.9,4.01151,13.3284
7594.6,7268,68481,3363,3204,68788.3,26524.2,39.4232,13.3284
37776,25711,96289.2,26047.5,19179,89006.2,34691.6,344.416,13.3316
16191.5,15637,67859.9,5787.75,5697,66580,30033.8,79.7113,13.3326
11783.2,10925,70684.1,7260.75,6637,71695.1,11786,173.277,13.3347
12116,11893,66764.8,4659.75,4597,66430.6,15912.8,133.562,13.3358
10239.4,9580,70047.2,3858,3628,69690.7,7202.2,-160.231,13.3358
7715.5,7548,66990.3,3428.25,3308,67918.3,11837.5,6.43513,13.3379
7226.7,6873,68908.6,3906.75,3645,70242.2,11018.7,21.9459,13.34
13795.6,13213,68425.7,6693,6441,68100.1,30206.2,126.145,13.3421
13226.2,12708,68208.4,6219,6064,67211.1,19472.3,-63.5118,13.3421
10281,9685,69569.3,5856,5413,70899.5,15751.7,51.008,13.3453
5643.95,5364,68956.4,2764.5,2560,70771.2,11738.8,-60.6412,13.3474
10201.8,9645,69319,4522.5,4253,69688.8,10281.3,22.8336,13.3474
24289.2,19436,81900.4,18432.8,15496,77956.2,30426.6,64.2165,13.3516
6876.35,6477,69576.7,3667.5,3449,69687.8,8260.88,40.1095,13.3527
9278.1,8862,68613.1,3852.75,3706,68131.1,11204,47.7389,13.3548
14531.4,13136,72497.7,6908.25,6432,70388.5,15485.1,189.478,13.358
12629.5,12207,67804.3,2265.75,2203,67402.7,9695.48,-145.704,13.359
8663.2,8255,68776.7,2985.75,2923,66942.9,18295.7,60.3724,13.359
11729.9,11176,68784.1,10249.5,9544,70380.5,17209.3,100.833,13.3611
28704.6,23381,80458,20016,16581,79112.8,19776.1,159.217,13.3643
20842.3,12409,110075,11147.3,5353,136474,7695.77,44.4308,13.3664
15501.8,11879,85523.1,9254.25,7715,78611.4,30536.7,39.2724,13.3706
11839.8,9807,79120,9287.25,7915,76898.2,28721.8,47.0806,13.3717
7905.95,6604,78456.1,73537.5,65128,73998.2,10726,3545.38,13.3728
9896.25,8682,74701.8,6227.25,5582,73111.6,13336.7,51.0988,13.3749
12756.9,12140,68866.2,5761.5,5388,70079,16911.7,9.68443,13.377
14110.2,12544,73718.6,8158.5,7216,74095.8,27936.7,45.3901,13.3791
9724.65,9425,67619.6,4077,4005,66714.2,8084.31,79.6762,13.3791
5276.7,5161,67005.2,2277.75,2281,65442.6,8892.9,-55.3742,13.3833
37153.3,28924,84182.1,32627.3,26332,81203.8,44917.1,219.332,13.3833
8192.6,8039,66788.2,3288,3287,65555.9,8539.58,16.8791,13.3844
11244.3,9947,74083.6,7483.5,6795,72176.4,9148.01,-20.9838,13.3865
11829.3,11462,67636.4,5360.25,5234,67116.8,15801.4,-129.594,13.3897
11428.3,10592,70710.4,4828.5,4468,70823.8,12087.2,59.7457,13.3897
13019.5,12121,70394,5278.5,4857,71223.3,8700.06,124.373,13.3907
10599.5,10212,68023.1,3576,3396,69009.6,12061.5,151.767,13.396
17449.3,14973,76374.4,9437.25,8057,76763,22742.8,135.885,13.396
7174.7,6400,73468.9,4869.75,4352,73332.7,18643.7,-64.3407,13.4002
5993.65,5999,65477.6,1704.75,1663,67181.3,15760,-3.17229,13.4002
12130.3,11551,68822.7,6708,6383,68872.9,8126.43,114.075,13.4013
8219.25,7696,69991.8,4122.75,3860,69997,6375.38,-4.5396,13.4055
9396.4,8204,75061.2,4894.5,4392,73034.1,11880.7,99.3135,13.4065
13787.1,12172,74232.2,6518.25,5852,72997.3,21924.7,36.156,13.4065
12284.3,11840,67995.5,4701,4340,70987.3,14197.9,21.8264,13.4108
11904.1,10762,72490.9,7994.25,7086,73936.1,26286.3,41.1521,13.4118
6823.7,6114,73143.3,5868.75,5382,71463.1,21037.9,31.0294,13.4118
10517.6,9241,74589.8,6813.75,6205,71965.5,17509.3,-41.938,13.4203
16227.2,15029,70761.1,7476,6821,71829.2,23508.6,-24.9635,13.4213
22249.5,17317,84203,14611.5,11585,82656.8,9550.43,-52.8189,13.4213
10697.7,10025,69933.6,6146.25,5693,70753.7,9997.37,64.1243,13.4224
11317.1,9689,76548.7,10326.8,9273,72983.3,47852.4,-10.3984,13.4245
11209.9,10636,69072.2,9669.75,8748,72441.3,11245.1,31.3974,13.4256
10814.7,9709,72999.5,11363.3,10105,73696.4,28534.1,-57.8324,13.4266
5583.5,5424,67463.2,2763.75,2676,67685,8745.49,-157.709,13.4266
6388.2,6161,67952.8,3753,3569,68914.7,19664,-14.499,13.4277
10877.1,10061,70852,5082,4653,71578.3,21971.1,28.4143,13.4277
8865.35,8126,71498.8,6213.75,5758,70723.2,12178.6,78.6623,13.4308
15686.4,14345,71664.5,4422,4109,70528.2,18820.2,-103.907,13.434
8884.2,8252,70556.8,4220.25,4040,68460,15087.1,34.693,13.4372
6485.7,5848,72682.4,2389.5,2216,70667.1,11906.2,45.1325,13.4393
8008.65,7292,71976.8,3484.5,3272,69792.2,10657.1,58.0795,13.4393
13154.7,11633,74108.7,7877.25,6933,74461.8,28304.1,19.5763,13.4403
13510.9,12789,69235.3,4476,4373,67079.6,10517.5,5.62474,13.4446
10440.9,9321,73410.4,4857,4425,71934.1,11832.1,8.15533,13.4456
11998.3,10949,71817,6401.25,5861,71576.9,9156.31,175.096,13.4456
10775.7,10084,70031.4,2226,2132,68425.5,21923.9,-88.5439,13.4509
11740.3,10736,71666.6,5565.75,5216,69930.4,8455.81,40.9622,13.452
21976.5,19900,72374.5,13700.3,12764,70343.1,27026.8,64.3443,13.453
18391.8,10928,110297,13167,10020,86119,35436.2,59.7283,13.4551
8509.8,8241,67673.6,3837.75,3601,69844.7,9855.08,150.99,13.4562
6518.2,6745,63332.4,2853,2781,67232.7,16628.8,73.3351,13.4583
6509.1,6661,64041.5,3995.25,3809,68740.5,8743.44,-26.1286,13.4593
10816.6,10720,66126.9,4474.5,4292,68322.7,7662.6,-7.16797,13.4593
9353.5,9137,67088.9,4237.5,3857,72001.2,15159.1,-45.2897,13.4593
16051.1,15384,68377.9,8992.5,8424,69958.8,19000.3,-51.4541,13.4667
11477.7,11504,65386.2,5584.5,5216,70166,16525.4,19.159,13.4678
18235.8,13897,85996.8,12827.3,10041,83721.4,49151.1,72.9728,13.471
11444.5,11132,67376,6546,5976,71786.9,24864.7,-88.6545,13.472
9792.9,9548,67217,5622,5260,70046.3,16136.2,90.5536,13.4741
19552,18001,71182.7,7617,7009,71221,12285.1,51.9983,13.4762
14723.8,14116,68357.8,8440.5,7840,70555.7,8157.65,-16.6466,13.4773
6929.65,7285,62339.3,3029.25,2961,67046.6,10805.9,-159.506,13.4805
9339.2,9201,66520.4,4341.75,4069,69929,7933.08,22.9219,13.4805
6732.7,5953,74119.6,5567.25,4833,75492.5,14330.6,-22.0386,13.4815
8433.75,8449,65417.7,4846.5,4593,69153.1,8756.97,27.1909,13.4826
20169.5,18057,73203.1,9140.25,8089,74053.1,21185.4,-28.3162,13.4879
11707.1,11538,66496.8,5746.5,5650,66655.3,7064.31,-81.1055,13.49
25442.9,22201,75106,19629.8,17161,74963.9,13199.4,69.1639,13.4921
17957.5,14448,81455.3,10815.8,9140,77551.5,15736.3,73.3686,13.4921
9588.8,9396,66880.8,3503.25,3428,66974.6,10777.7,150.095,13.4921
15278.9,13849,72302.5,11195.3,9949,73745.3,23848.8,122.084,13.4952
11582.3,10814,70192.4,5517,5150,70206.2,17090.2,44.9377,13.4984
24562.2,18018,89338.9,18236.3,13926,85820.1,32577.4,120.036,13.4995
25336.3,18820,88227.6,18759.8,15152,81140.4,37559.9,82.0084,13.4995
21576.8,20213,69957.6,7990.5,7413,70641.5,12273,27.0588,13.5005
14792,13253,73146.6,10254.8,9393,71548.5,15654.5,20.9117,13.5026
9642.1,9084,69562.4,5837.25,5388,71000.4,8751.37,13.4311,13.5037
5298.8,5449,63729.5,2775,2797,65020.5,12358.6,16.7355,13.51
8597.55,8660,65063.4,3052.5,2900,68982.3,14155.4,9.78802,13.5132
15356.9,14753,68218.7,10588.5,9697,71561.1,8636.75,74.4954,13.5132
17616.9,16031,72019.5,3109.5,2731,74618.9,7457.63,40.1397,13.5143
9876.75,9625,67250.2,5234.25,4909,69878.1,9200.75,119.194,13.5216
16808.3,15317,71917,10068.8,8881,74300.8,13352.7,111.298,13.528
7361.25,6897,69947.3,3072.75,2913,69130,18221.9,-115.065,13.5322
11113,9451,77061.1,8316,7419,73459.7,24535.7,33.4779,13.5322
10184.8,9491,70327.1,4379.25,4135,69407.1,7705.56,-36.4096,13.5322
16735.5,13764,79684.8,13729.5,12000,74981.4,18413,12.208,13.5343
9581.65,9210,68180.6,4265.25,4254,65709.3,11375.9,152.652,13.5407
17741.8,14971,77665,11416.5,10155,73677.2,12520.4,63.1695,13.5428
15500.5,14692,69142.7,6081,5940,67091.6,7596.51,-104.345,13.5449
5417.75,5396,65800.2,2777.25,2692,67611.4,11696.6,49.4404,13.548
7687.55,7552,66712.3,3189,3012,69387.2,7323.53,-95.7352,13.548
10986.9,10353,69549,5165.25,4753,71220.2,23050.3,20.6337,13.548
8804.9,8015,71994.8,4451.25,3964,73591.6,27951.8,124.51,13.5491
8539.05,8488,65930.2,3344.25,3240,67644.7,11111.4,-37.3976,13.5502
15909.4,12990,80264.7,11942.3,10158,77047.4,8084.36,70.2162,13.5502
8119.8,7829,67970.3,4555.5,4097,72870.2,12277.3,20.1786,13.5533
10484.5,10388,66144.8,6690.75,6320,69380.5,19565.6,174.705,13.5554
5330,5028,69472.3,2839.5,2656,70063.8,7541.76,11.7566,13.5586
10345.4,9663,70164.1,5075.25,4747,70067.7,18621.6,19.0802,13.5597
9112.35,8044,74240,5092.5,4568,73060.9,13234.7,14.9826,13.5597
16822,12580,87634.9,15938.3,13136,79516.5,27799.1,103.015,13.5607
9273.55,8580,70833.5,5814.75,5440,70050.6,10368.6,28.8503,13.5607
11817,11341,68286.7,4227,4169,66447.8,16625.4,-29.0048,13.5607
7865.65,7581,67996.7,3813.75,3785,66033.8,11159.4,-45.9994,13.5618
11017.5,9828,73467.9,6955.5,6100,74727.2,27907.3,82.3712,13.5618
12854.4,11960,70437,5237.25,5048,67993,11636.7,-68.3773,13.5628
15254.2,13841,72227.4,7350.75,6753,71337,16934.2,81.0636,13.5702
12413.7,11080,73424.6,7522.5,6956,70873.3,6346.25,101.242,13.5702
10115.9,9009,73588.5,5582.25,5201,70340,9363.37,58.1281,13.5713
8841.95,7929,73081.8,3972,3705,70258.8,11049,62.3648,13.5734
16327.3,14185,75433.9,12171.8,10621,75104.8,17729.2,117.154,13.5734
7259.2,6433,73952.9,3501.75,3377,67957,10721,3.03709,13.5744
9878.05,9332,69370.8,2493,2452,66631.8,21863.8,37.8783,13.5766
10635.9,9883,70529,6005.25,5471,71935.7,11244.8,16.7774,13.5787
9930.7,9051,71905.7,5644.5,5259,70340,16653.2,95.6941,13.584
20933.3,18126,75685.8,14673.8,13182,72952.4,21308.3,17.2592,13.585
13756.6,11720,76924.3,12174.8,11036,72298.3,15508.3,92.2972,13.5871
10578.8,9320,74387.2,6360.75,5720,72877.3,12263.6,102.739,13.5892
15439.4,13529,74790.4,9074.25,8029,74067.8,13674.9,-28.8939,13.5924
13118.3,12069,71233.8,5708.25,5457,68553.4,15842.9,100.025,13.5924
9397.05,8092,76105.4,7055.25,6488,71265.9,14956.1,40.7179,13.5945
11128,10260,71080.4,4049.25,3924,67627.8,7929.26,95.162,13.5945
6697.6,6372,68884.8,2507.25,2468,66578.3,13333.8,-22.0011,13.5987
14103.7,12981,71204.1,6114.75,5781,69319.5,20317.1,129.956,13.603
38653.5,32876,77053.1,16105.5,13880,76043.9,24777.1,25.7288,13.603
11328.8,10025,74059.6,6690,6185,70887,11619.3,-21.0767,13.604
5931.25,5421,71704.6,2034.75,1993,66908.9,13669.9,138.806,13.6082
13456.3,11993,73532.2,4135.5,3865,70122.7,10562,-6.41694,13.6125
6185.4,5615,72193.5,2961,2779,69828,7333.59,43.5844,13.6146
17074.8,16026,69825.1,5141.25,5102,66040.2,18805.3,82.7133,13.6146
14527.5,13620,69902.6,5432.25,5284,67374.7,11623.3,199.083,13.6167
6681.35,6152,71175,2919,2808,68126.6,6958.41,-34.6615,13.6188
10247.3,8325,80668.3,8692.5,7697,74012.2,22548.9,24.9526,13.6283
7705.75,7418,68078.2,3339.75,3182,68785,17773.9,-67.748,13.6315
12205,10541,75881.8,5827.5,5181,73713.8,7942.72,59.9015,13.6346
29940.9,19245,101959,26125.5,18873,90720.1,20032.1,237.467,13.6346
16631.5,14629,74507.2,14973,13333,73597.1,16576.7,42.377,13.6357
9319.05,8872,68838.3,4218.75,4028,68639.5,6337.57,61.6818,13.6367
12372.1,11344,71475.5,7728.75,6996,72400.1,16536.1,-45.3414,13.6367
11457.5,10569,71045.7,4641,4301,70716.7,7430.08,145.061,13.6399
14279.8,13572,68954,4792.5,4640,67689.9,20179.6,97.2816,13.6399
9905.35,8952,72515.3,5639.25,5036,73386.4,7669.13,84.8518,13.641
8771.1,7566,75974.5,5945.25,5178,75246.8,10315.2,-148.308,13.6484
4866.55,5032,63381.2,1702.5,1640,68033.6,12374.1,46.835,13.6494
7139.6,7197,65013.3,3687,3501,69017.8,9179.87,19.435,13.6515
9016.15,8517,69376.8,6756.75,6033,73398,16632.7,71.6149,13.6558
6304.35,6052,68268.6,3713.25,3348,72685.6,9684,35.7561,13.6558
8016.45,7993,65728.3,2158.5,2061,68636.3,8645.7,-76.8649,13.6579
12760.1,12409,67390.5,4698,4477,68771.1,10639.8,40.8801,13.6589
16740.1,15440,71054.4,8904,8224,70954.8,18602.5,95.6209,13.6589
28739.7,24425,77113.1,15729,12889,79976.4,23935.1,156.48,13.66
12823.2,12154,69144.4,4797,4506,69768.4,18370.5,89.6096,13.6642
11317.8,10761,68927,5473.5,5097,70376.9,8328.89,-10.633,13.6663
10612.5,9837,70702.9,6594.75,5741,75281.9,11259.7,0.436843,13.6737
16171.3,13404,79066.4,9947.25,8520,76514.4,24509.2,18.8589,13.6758
6643,6353,68527.6,2685.75,2565,68621.2,8114.81,2.27503,13.6769
10999.3,9815,73443.7,9967.5,9123,71602.6,12353.2,8.99575,13.68
11066.3,10448,69414,4462.5,4148,70504.9,12526.4,19.3092,13.6843
12230.4,10813,74126.6,5706,4953,75499.4,20818.4,73.1776,13.6938
18757.7,14496,84803,14220,11728,79461.3,7545.66,170.856,13.6938
13047.4,11113,76943.9,9412.5,8109,76070.7,15638,110.352,13.6959
11072.8,9901,73292,8437.5,7389,74835.6,10960.3,172.448,13.698
15184,14081,70669.6,5410.5,4961,71474,6617.84,-78.5087,13.7043
6173.05,6007,67347.6,2083.5,1975,69136.3,10293.5,64.9732,13.7064
13616.8,11392,78335.1,12976.5,11396,74625.1,34726.7,-189.645,13.7086
5823.35,5256,72610.2,2920.5,2652,72171.1,10565.9,72.7029,13.7128
6527.3,5940,72015.7,2901.75,2692,70642.3,6990.27,-38.9627,13.717
8383.7,7556,72714.9,3141,2852,72176.9,25127.2,-8.68432,13.7181
15460.2,12953,78221.5,11680.5,10297,74341.4,6352.02,77.1613,13.7181
17077.4,15064,74295.5,8751,7836,73188.6,20396.9,54.2735,13.7181
11003.2,9913,72743.4,6531,5901,72532.7,22552.6,186.632,13.7202
11648.6,10832,70476.9,5408.25,5220,67899.4,12752.7,199.901,13.7265
9551.75,8764,71426.7,3817.5,3576,69961.9,20636.3,43.9445,13.7286
11234.6,10076,73071.7,4077.75,3868,69089.8,13813.6,16.6809,13.7297
22232.6,19513,74670,12891,11437,73867.7,15046.5,89.7345,13.7297
9993.1,9321,70261.5,2838,2765,67266.3,7691.85,37.5509,13.7307
8552.05,7789,71956.2,4019.25,3753,70185.3,10751.2,116.556,13.7328
6469.45,6000,70663.6,2367.75,2176,71311.1,12484.6,52.8508,13.7371
13245,12712,68284.1,5472,5356,66955.4,7004.4,60.7968,13.7371
7921.55,7432,69852.9,2914.5,2712,70429.5,17992.8,-29.9162,13.7371
7811.7,7597,67388.1,2704.5,2589,68459.7,12884.1,-7.3642,13.7392
11566.1,9698,78160,10408.5,8946,76249.9,20546.2,9.54784,13.7392
11474.4,11168,67334.3,3231.75,3072,68944,18840,-35.968,13.7402
12652.3,11349,73061.8,6196.5,5329,76204.5,31383.8,-89.7595,13.7402
10052.9,9869,66757.2,4733.25,4509,68795.4,13394.4,-2.22338,13.7423
11335.3,10945,67873.3,4732.5,4449,69712.1,11375,172.433,13.7423
14142.7,13293,69725.1,6180,5673,71393,10931.2,36.5692,13.7434
11013.6,10665,67678.1,6302.25,5965,69241.3,11656.8,-3.87808,13.7455
8338.85,8453,64651,2815.5,2805,65781.3,8089.97,-23.524,13.7497
10101.6,9004,73525.3,5223.75,4600,74422.5,23828.3,-72.2755,13.7508
7168.2,7204,65210.3,4445.25,4256,68450.2,26937.1,-27.6723,13.7529
10764.6,9461,74566.3,8771.25,7573,75905.5,34402.1,-48.5929,13.755
8938.8,8935,65563.9,3765.75,3623,68118.2,21192.7,-26.5965,13.755
13887.2,13513,67351.1,6003.75,5773,68155.5,8557.78,77.0784,13.7571
10995.4,9752,73892,10191,9128,73168,19572.9,34.5244,13.7603
9015.5,8533,69241.8,4056,3793,70080.2,13838.2,27.8599,13.7656
16413.1,14812,72620.3,8108.25,7068,75181.4,24485.4,69.5998,13.7666
19060.6,17581,71051.4,14953.5,13609,72010.6,28684.7,104.702,13.7698
14136.2,13366,69312.4,5487,5250,68494.5,15166.5,-89.15,13.7709
6600.75,6307,68588.4,2494.5,2403,68031.4,8427.29,-12.3567,13.7719
10036.6,9264,71001.9,5589,4880,75057.5,14023.4,27.853,13.774
32574.1,23164,92159.2,24874.5,18664,87343.3,11308.3,323.795,13.7761
8346.65,7969,68641.7,6316.5,5985,69165.9,10752.2,-38.2441,13.7782
8901.1,7836,74443.9,7000.5,6172,74333.3,8309.95,45.2677,13.7793
5097.95,5142,64974.6,2385.75,2306,67802.5,7597.51,62.4945,13.7804
7016.1,6116,75181,5743.5,5152,73060.2,32062.3,29.7551,13.7814
9846.85,9120,70759.1,4712.25,4212,73319.6,24421.2,120.342,13.7835
16834.3,16241,67930.3,4749.75,4385,70987.4,18147.7,1.03798,13.7909
11679.2,11025,69424.8,4564.5,4277,69941.3,6989.63,-4.56268,13.7973
14894.1,14121,69124,5634.75,5357,68933.9,15431.6,40.7001,13.7983
12232.3,11545,69437.8,4506.75,4189,70507.1,16776.7,45.8095,13.8004
6204.9,5992,67864.5,2838,2648,70238.4,16034.1,-69.4026,13.8025
8425.3,7985,69149.7,5524.5,5089,71144.4,8042.78,-51.0423,13.8036
7833.8,7736,66364.5,3055.5,2936,68203.4,11616,-17.6365,13.8046
11402.3,10906,68518.4,5994.75,5674,69240.7,14421.9,33.858,13.8057
9300.85,8656,70418.3,4622.25,4240,71444.3,10522.8,-101.875,13.8068
9948.9,9496,68661.6,4669.5,4508,67883.8,7202.46,-11.4507,13.8068
28572.7,22129,84619.3,11510.3,9121,82703.2,39350.5,140.421,13.8078
10615.1,8971,77547,6814.5,5899,75706.9,15131.2,1.15135,13.8141
20121.4,17953,73451.6,11679,10657,71820.9,7642.67,42.7128,13.8173
12090.6,11328,69948.2,6915,6500,69720.2,11668.1,85.5615,13.8184
10388.9,9592,70981.1,4821.75,4652,67927.4,21185,30.1638,13.8205
12559.3,10448,78779.3,6516.75,5604,76210.2,17885.5,-2.39216,13.8247
8709.35,7737,73772.3,4577.25,4105,73075.4,7059.63,117.555,13.8289
6589.05,6096,70836.6,2420.25,2276,69689.6,12246.9,60.5997,13.8289
13874.2,12543,72491.7,9153,8431,71148.3,19982,-85.891,13.831
13011.7,11302,75449.9,6528,5746,74455.1,27962.9,-43.1909,13.8374
12270.7,9764,82361,10291.5,9200,73311.3,18514.3,65.5242,13.8384
9329.45,8572,71327,5323.5,4952,70452.5,30714.1,34.1057,13.8384
5367.7,5021,70061.3,2331.75,2157,70845.4,7846.38,-43.2949,13.8405
13045.5,11947,71561.9,5018.25,4799,68530.1,25095.5,48.0769,13.8427
6039.15,5572,71030.5,2081.25,2000,68198.4,9940.7,51.2264,13.8448
7778.55,7180,70999.3,2499,2392,68467.6,12819,161.198,13.8448
14177.8,12545,74065.9,7959.75,7121,73255.2,15897.9,33.8025,13.8458
13139.8,11704,73575.4,4170.75,3964,68954.2,9057.2,6.53962,13.8469
14278.5,11850,78967,7492.5,6958,70570.4,12508.3,119.07,13.8479
11921.6,9432,82834.7,3431.25,3292,68308.1,23297.1,1.70446,13.8532
15803.4,12957,79933.2,4615.5,4589,65914.5,9394.14,-4.65305,13.8532
14173.2,11536,80518.2,4437,4420,65788.1,6379.95,39.3202,13.8532
20956.6,17861,76894.6,7055.25,7105,65077.1,17087,74.1778,13.8564
11634.3,9233,82580.8,3309,3425,63316.4,7081.86,-102.606,13.8564
19611.1,15832,81179.6,7364.25,7080,68167.2,11843.4,78.6749,13.8564
14833,11885,81791.8,5161.5,5053,66943.2,18807.2,-37.6868,13.8585
9004.45,6830,86400.5,3458.25,3390,66855.4,11434.1,-3.86971,13.8596
6960.85,5425,84089.6,2484,2545,63965.2,11553.3,32.2458,13.8617
16937,14505,76524.4,5978.25,5817,67352.7,16076.5,14.8758,13.8627
12816,11553,72700.8,4962.75,4897,66415.9,24762.8,-18.1306,13.8648
9798.75,8960,71670.9,5635.5,5472,67494.2,17285.4,43.2104,13.868
20410.6,19145,69868.5,7990.5,7853,66683.5,7027.62,52.1959,13.868
26445.3,23208,74677.5,16431.8,13964,77117.7,51002.2,98.7033,13.868
8288.15,8209,66167.9,3045,2913,68505.7,14830,-128.697,13.8712
12492.3,12457,65722,4809.75,4701,67052.1,11995.6,123.389,13.8722
4663.1,5028,60779.8,2510.25,2372,69355.7,10656.8,133.76,13.8754
12440.3,11909,68460.1,8390.25,7637,71999.9,9394.06,85.647,13.8786
11227.4,11381,64651.8,5744.25,5281,71284.8,11128.6,88.1618,13.8817
6341.4,6181,67236.7,6324.75,5637,73531.8,16550.3,44.098,13.8828
10397.4,10569,64471.9,4083,3817,70103.1,14630.4,-2.26983,13.8828
13949.6,13639,67028.7,6908.25,6403,70707.3,38071.3,47.5892,13.8838
8589.75,8620,65306,5916.75,5324,72832.5,27100.2,-31.9785,13.8838
12387,12384,65552.1,4115.25,3700,72891.1,13940.6,-13.4239,13.8849
16415.1,16073,66930.9,9405,8973,68691.2,17970.2,-56.5754,13.8849
10424.7,10292,66381,10533,9680,71311,19633.4,-34.2779,13.886
12464.4,11579,70547.3,8043.75,6987,75448,12736.9,-156.999,13.8891
9207.9,8580,70332,7344.75,6628,72623,20041.6,-27.4132,13.8891
10955.8,10937,65648.4,5848.5,5577,68726.4,8569.95,128.678,13.8891
13698.1,13077,68648.7,5577,5377,67973.6,12421.8,-3.90683,13.8933
8275.15,8060,67285.4,5526,5084,71233.7,16067.8,20.0361,13.8944
22386,19776,74185.3,14201.3,13264,70166.9,20483.8,110.17,13.8997
8478.6,7473,74354.8,2983.5,2901,67399.7,14915.8,64.7994,13.9018
7931.95,6772,76761.4,2518.5,2404,68657.4,7222.81,-3.71144,13.9039
5773.3,5336,70906.8,2379,2412,64639.4,7454.26,-26.9401,13.905
20872.1,17944,76230.3,13001.3,11800,72207.6,9207.59,10.834,13.9071
13669.5,11696,76594.1,7304.25,6704,71403.8,24294.7,54.127,13.9081
16948.1,14937,74359.7,6819.75,6221,71843.6,23338.4,55.0229,13.9081
12737.4,11383,73333.8,4923,4823,66894.8,12821.3,35.6382,13.9081
6843.2,5897,76051.5,2424.75,2333,68113.3,12002.3,26.2089,13.9113
12614.5,11197,73832.9,3849.75,3677,68615,23205.1,61.0479,13.9113
13738.4,12073,74576.3,6951,6234,73073.6,10741.6,43.4563,13.9124
11960.6,10255,76436.2,7358.25,6715,71813.9,8977.39,72.7626,13.9134
10364.3,8469,80202.1,7527,6785,72702.9,26336.6,94.4702,13.9134
16365.7,14772,72606.5,6819,6708,66620.5,23597.3,-45.6068,13.9145
16344.2,12828,83499.9,13862.3,12492,72724.7,15708,116.37,13.9166
17102.1,14864,75404.1,13305,11844,73620.1,20369.8,-96.2255,13.9197
13037,12215,69946.5,6516,6231,68533.6,16902,35.4848,13.9219
18818.1,17584,70135.7,8777.25,8532,67419.8,7586.28,-45.0051,13.924
13303.5,12249,71178.2,5302.5,4781,72684.5,17116.6,-18.7033,13.925
13625.9,12905,69197.2,5833.5,5561,68747.4,8040.46,-50.1822,13.925
9705.15,9177,69307.7,3693,3465,69848.3,7854.17,42.7048,13.9261
11534.9,10581,71444.2,9111,8641,69100.6,7139.32,151.092,13.9271
9905.35,9869,65777.4,3601.5,3581,65911.2,19835.4,-29.1254,13.9271
7852,7453,69044.5,5650.5,5161,71751.8,20974.3,-15.4082,13.9282
14522.3,13805,68941.2,3674.25,3481,69174.3,8240.36,-19.2297,13.9314
13871.6,13466,67510.2,5688,5486,67949.1,12134,-23.676,13.9335
14301.9,13568,69081.1,7348.5,6832,70490.5,10737.3,14.2165,13.9345
13748.8,13502,66733.9,6081.75,5790,68838.3,19521.8,-116.834,13.9398
8635.25,8560,66112.1,5786.25,5428,69861.4,9415.69,-20.1339,13.9409
18127.2,17425,68177,10636.5,9445,73803.5,17635.9,93.9372,13.944
11087,11132,65271.4,5178,4908,69141.3,22209.7,-160.795,13.9483
10692.5,10680,65612.7,6579,5944,72537.2,24315.2,42.0862,13.9493
13013.6,12269,69513.6,9678.75,8813,71974,15769.3,137.007,13.9514
7981.35,8196,63819.6,3300,3056,70768.6,13698.3,50.2252,13.9567
5368.35,5841,60232.9,2583,2513,67361.5,16592.7,84.5164,13.9578
8119.8,8249,64509.5,5226.75,4973,68880,6396.3,-75.0604,13.9588
11894.3,11912,65438.9,5226,4892,70010.5,8771.42,-2.04964,13.9599
14149.2,13289,69778.2,8472.75,7597,73090.7,24203.9,1.67038,13.9609
7291.7,7424,64368.1,5485.5,4964,72421,10538.1,117.424,13.963
6605.3,7047,61428.3,3235.5,3123,67896.8,8815.39,72.7687,13.9641
9350.9,9448,64862.5,5236.5,4776,71855,12185.5,5.56205,13.9652
7235.15,7145,66362.9,3423,3145,71329,23985.4,-94.6414,13.9725
13989.3,13332,68767.1,4839,4612,68761.6,12167.3,62.3227,13.9768
5755.75,5854,64436.1,3321.75,3194,68157.2,13015.4,-8.22914,13.9789
5654.35,5872,63106.9,2598.75,2548,66841.3,7709.71,-94.8897,13.981
9744.15,9604,66492.4,5058.75,4880,67936.5,8924.43,69.3246,13.982
10749.7,10609,66405.2,4293.75,4229,66539.4,13157.8,-95.9545,13.9831
6280.3,6085,67639.4,3187.5,2965,70454,10216.8,-3.82396,13.9842
8685.95,8508,66906.7,4681.5,4460,68790.8,10516.7,-127.675,13.9852
18571.8,14692,82842.5,12864.8,10852,77691.1,6546.62,90.914,13.9905
10530.6,9845,70100.2,4714.5,4229,73059.7,10091.4,78.7408,13.9905
15590.2,14677,69613.9,8185.5,7601,70575.6,7471.11,-13.1808,13.9916
12591.1,11851,69629,4117.5,3855,69998.6,20838.4,21.5769,13.9926
7856.55,7452,69093.8,3436.5,3208,70204,7313.49,41.8651,13.9979
14695.8,13588,70879.3,7746,7284,69692.7,11658,133.722,14
8320,8052,67717.3,3382.5,3268,67832.2,6925.31,73.6997,14.0032
7294.95,6794,70368.2,3680.25,3594,67108.8,10523.7,-32.2155,14.0095
8065.85,8037,65771.2,3402,3365,66256.6,7691.26,178.591,14.0137
13083.2,11607,73871,6903,6151,73548.2,12189.9,123.382,14.0137
14724.4,13323,72429.8,6340.5,5823,71360.3,22056.7,-25.7689,14.0137
12129,11429,69549.9,5604,5201,70614.1,11530.1,76.1067,14.0148
10345.4,9364,72404.5,6272.25,5680,72369.4,21374.6,13.8167,14.0169
22734.4,18777,79348.2,16407,13545,79383.5,25668.6,-25.0447,14.0169
10669.8,9633,72589.3,6146.25,5569,72329.1,6438.93,-20.022,14.0201
13233.3,11932,72683.6,8021.25,7096,74081.3,9958.41,-106.154,14.0211
11224.2,10514,69962.8,3840,3618,69557.3,10835.2,36.5728,14.0285
25726.3,19652,85792.9,14115.8,9876,93670.5,36414.4,66.5715,14.0338
19932.9,17592,74256.6,8197.5,7260,73998.8,22625.4,-37.8303,14.0338
17685.8,16033,72292.1,7246.5,6721,70660.1,20671.2,48.2431,14.038
5394.35,5044,70088,2628,2480,69447,10454,12.5071,14.0401
5818.15,5516,69125.9,2254.5,2232,66196.6,8094.53,-51.0442,14.0401
7250.75,6456,73603.6,4425.75,4044,71722.5,14657,-23.7708,14.0496
7892.95,6649,77797,5389.5,4793,73692.1,15013,86.2958,14.0517
13193.7,11060,78179.2,10472.3,9248,74211.7,13181.1,-60.6954,14.0528
11200.8,9884,74267.1,4085.25,3820,70086.6,9304.24,-41.6297,14.056
14136.2,12390,74772.4,10167,9398,70898.5,11213.2,224.039,14.056
12775.8,11048,75784.9,4002.75,3832,68456.2,14582.1,64.812,14.0602
11635,9614,79312.6,6363,5806,71823.2,8095.76,139.876,14.0623
11442.6,9932,75503.7,6852.75,6204,72389.1,8494.15,66.7608,14.0634
10884.3,9505,75045.8,3870,3621,70042.6,16895.2,0.225052,14.0644
13185.9,11473,75320.4,5592,5173,70844.3,19149.3,76.6803,14.0708
6267.3,5489,74828.5,3231.75,3025,70015.2,8355.56,2.26599,14.0708
15852.8,14623,71047.8,5569.5,5375,67907.5,25782.2,95.3511,14.0718
12770.5,12317,67949.2,5740.5,5497,68439,11984,12.4496,14.0792
7653.75,7168,69977.1,4278,3920,71521.2,10476.2,86.4663,14.0813
7003.75,6996,65608.6,3660.75,3540,67771.4,7578.84,-72.5248,14.0824
8255,7933,68196.1,3752.25,3529,69681.9,15402.4,48.4412,14.0855
11607.7,10761,70692.5,6645.75,5993,72674.1,27570,17.8839,14.0866
13670.1,11552,77552.5,11016.8,9380,76971.6,14454.6,-34.0832,14.095
11290.5,10817,68404.8,4498.5,4177,70580.3,7496.66,48.7383,14.0982
11395.1,10969,68082.1,7378.5,6685,72334.7,14377.4,100.08,14.1003
7606.3,7118,70031.8,4385.25,3790,75829,19502.1,19.9071,14.1003
9603.75,8303,75802.9,7981.5,7003,74693.1,26546.8,-96.4577,14.1024
11961.9,11305,69344.4,9990.75,9405,69617.6,11569.5,-9.0348,14.1045
7803.9,7653,66828.2,6882,6225,72452.8,11694.5,-51.1795,14.1077
10417.5,10124,67436.2,3711,3464,70209,7024.46,-88.844,14.1088
11727.9,11227,68460.2,7094.25,6447,72115.5,16372.6,97.4247,14.1109
16814.8,14372,76675.3,9216.75,7328,82427.5,8357.95,89.9859,14.1119
12933,12154,69736.7,10382.3,9406,72338,6926.26,17.7997,14.1119
6063.85,6529,60867,2342.25,2293,66943.6,26899.9,-4.45094,14.1151
9195.55,8316,72467.5,6051,5352,74095.4,14248.3,-42.6755,14.1183
17368.6,15455,73650.7,9431.25,8155,75792.3,34926,70.9274,14.1183
9311.9,9148,66710.2,4724.25,4440,69731.6,22705.1,23.2267,14.1193
7488,7552,64980.6,3279,3200,67153.9,8060.27,133.857,14.1193
12733.5,11872,70291.7,5158.5,4896,69049.7,12976.2,83.7923,14.1225
5390.45,5208,67831.9,2124.75,2104,66182.3,14610.1,25.2509,14.1235
35802,26698,87883.7,23630.3,18638,83090,30973.2,120.096,14.1235
9394.45,8628,71357.7,5580.75,5252,69638.2,9937.93,30.5865,14.1235
7519.85,7118,69235.9,3350.25,3278,66980.5,18858.7,27.6713,14.1246
6194.5,5984,67841.4,2106,2096,65848.7,14610.4,-147.609,14.1257
16696.5,15255,71728.9,8523.75,7767,71921.3,16313.8,-6.6331,14.1267
14524.9,14308,66529.5,5084.25,5092,65436.3,6899.31,35.0007,14.1288
9370.4,8821,69617.8,7657.5,7237,69343.9,9510.66,54.6826,14.1288
11719.5,11004,69797.3,8469.75,7708,72012.7,10082.3,-8.97891,14.1394
11964.5,12128,64652.8,4729.5,4708,65835.3,8342.75,-14.9335,14.1394
9662.9,9616,65855.6,4755.75,4480,69569.8,6702.04,-63.0319,14.1415
16510.6,14177,76323.8,8001.75,6769,77471.2,13998.4,-49.5461,14.1426
19514.9,16565,77206.9,14534.3,12513,76122.2,13373,12.3974,14.1426
6044.35,6337,62509.5,2816.25,2693,68535.4,28011,-62.9727,14.1426
15117,14384,68875.9,6876,5952,75709.9,17391.2,-20.4336,14.1468
11322.3,11108,66800.6,4857,4420,72015.5,12261.1,52.8592,14.1521
13432.9,13248,66450.7,6934.5,6544,69446.7,8724.66,54.7121,14.1542
12160.2,12349,64534,6267,5885,69790,7584.06,124.415,14.1552
13703.9,13128,68411.2,6894.75,6124,73784.2,36838.5,-9.12445,14.1573
4642.3,5101,59642.8,2985.75,2809,69659.7,7223.98,-80.2515,14.1584
12116,12017,66075.9,4665,4337,70492.4,10607.7,3.90135,14.1584
9820.2,9405,68429.2,8750.25,7769,73813.4,6329.99,35.8821,14.1584
5124.6,5289,63498.9,2685.75,2489,70716.5,22165.6,87.747,14.1616
12315.5,12368,65258.1,4727.25,4480,69152.9,6335.96,-17.4381,14.1616
11064.9,10852,66822,8614.5,7652,73779.4,17748.5,128.333,14.1626
8877.7,8876,65548.5,3966.75,3688,70489.4,15262.4,126.706,14.1637
6734.65,6941,63587.7,2735.25,2557,70104.6,11386.6,-152.648,14.1647
12334.4,12429,65037.2,5131.5,4909,68506.4,12610.1,40.8061,14.1679
11907.3,11796,66154.6,4974,4772,68310.2,10956.8,34.8482,14.1732
9308,9211,66226.2,3695.25,3435,70501.3,24098,-24.1256,14.1732
11416.6,11138,67175.3,4974.75,4770,68349.1,8819.89,117.489,14.1753
12399.4,11681,69566.6,4594.5,4277,70401,22784,29.2437,14.1774
7282.6,7009,68094.2,5448.75,4881,73159,9958.47,27.1457,14.1774
12446.8,11580,70441.9,8604,7784,72439.8,19694.3,80.0999,14.1816
13840.4,13592,66733.9,7714.5,7256,69677.2,26012.5,-12.1576,14.1848
8414.9,8230,67008.4,3627.75,3414,69639.2,11482.5,-35.6915,14.1859
21524.1,19684,71662.4,12650.3,11444,72443.8,16139.8,2.83344,14.188
6722.3,6541,67352.5,3556.5,3385,68856.4,16966,-65.1376,14.1911
9161.1,8780,68380.6,2793.75,2632,69563.5,23022,-18.0652,14.1932
8329.1,7893,69157,3948.75,3697,69998.7,15904.4,19.1823,14.1943
14478.1,13261,71550.9,8961.75,8253,71164.1,30881.5,59.0394,14.1943
21347.9,19550,71563.1,9849.75,8862,72840.6,6938.62,129.599,14.1985
11189.8,10789,67970.3,4875,4721,67673.8,12624.5,57.1456,14.2006
11592.1,10096,75247.6,8440.5,7572,73052.9,31512.6,100.296,14.2038
7319,7217,66462.2,2768.25,2705,67068.4,11739.1,52.8788,14.2059
14203.1,12098,76939.8,12912.8,11254,75195.5,29462.3,8.35276,14.2091
8113.95,7533,70590.2,4300.5,3965,71081.4,14165.8,-60.7324,14.2112
8535.8,7936,70489.2,3950.25,3636,71200.1,6808.04,14.3641,14.2133
13019.5,10203,83627,10323,8635,78347.2,47267.9,116.904,14.2165
10279.1,9748,69106.6,3720.75,3536,68960.1,8850.31,-119.873,14.2196
6324.5,6017,68885.2,2505.75,2341,70148.2,9229.61,-90.6469,14.2207
22984.6,19929,75584.4,14904,13081,74669.3,10524,133.764,14.2218
16517.1,14987,72227.1,8244.75,7515,71899.9,10960.3,127.728,14.2218
8970.65,8096,72616.2,5823.75,5396,70731.2,20702.1,1.80198,14.2323
13383.5,12185,71982,6439.5,5705,73973.5,21054.9,-46.3713,14.2355
26663.6,23781,73480.1,14964,13217,74198.4,13079,92.3885,14.2386
9465.3,8676,71498.1,4459.5,4228,69124.4,21118.4,73.1663,14.2408
11791,10117,76379.9,7987.5,7157,73140.8,30768.2,-38.1363,14.2418
9844.25,8458,76277.2,6778.5,5994,74113.4,6813.32,22.9639,14.2471
11680.5,9980,76702.7,7918.5,7116,72926.8,23075.4,-19.7872,14.2534
11983.4,10881,72175.7,4870.5,4725,67554.1,19226.3,88.7174,14.2545
14181,13092,70987.6,4062.75,3908,68131.1,15572.5,210.975,14.2577
15083.2,13247,74620.4,5493,5179,69509.4,11270.1,37.4165,14.2577
11320.4,10097,73476.6,4088.25,3941,67984.7,6495.85,114.996,14.2598
9360,7541,81344.2,5401.5,4789,73917.9,20388.2,6.97378,14.2608
6524.05,5720,74748.3,2622,2508,68514.9,14204.1,20.1062,14.2619
9978.15,8849,73898.5,3228,3013,70212.5,19420.9,84.4101,14.2661
13549.9,11619,76427.1,7721.25,7091,71360.9,21419.1,19.835,14.2693
12679.5,11657,71284.8,3926.25,3753,68561.3,22384.1,-66.2012,14.2693
13593.4,12401,71837.8,7753.5,7189,70682.1,7116.04,-63.0474,14.2703
12494.3,10754,76141.6,7773.75,6998,72800.9,7448.74,-86.2799,14.2735
6845.15,5932,75624.4,3124.5,2940,69648.7,10973.4,42.5876,14.2735
10971.3,9725,73935,5364.75,4829,72806.9,8636.32,-9.78457,14.2777
10726.9,9432,74533.6,5428.5,5032,70700,19077.3,14.763,14.2798
16283.8,11921,89520.6,12063.8,9889,79948.4,29988,-134.427,14.2809
6929,5873,77319.8,2380.5,2293,68036.8,14329.5,-45.2585,14.2809
12563.2,11908,69141.9,3094.5,3072,66016,16106.2,0.254704,14.2841
9118.85,8128,73525.2,5429.25,4928,72202,23304.2,-65.3758,14.2851
16001.7,14473,72458.2,10312.5,9289,72757,19192.3,-104.781,14.2862
8093.8,7160,74083.1,7669.5,7292,68928.7,25049.8,-6.10141,14.2862
22446.4,17544,83849.2,10224.8,8424,79545.3,27049.6,-9.61656,14.2883
11575.2,9641,78684,8548.5,7757,72223.1,17373.2,-2.37291,14.2883
12959,11605,73182.6,7971.75,7013,74495.5,15064.1,102.634,14.2914
15860.6,14392,72223.7,5386.5,5068,69654.6,19800.6,-42.8841,14.2925
11919.7,10454,74724.4,5701.5,5097,73308.5,9661.71,77.8969,14.2925
8239.4,7528,71729.2,3195.75,3016,69441.9,7824.02,44.426,14.2946
13676,12229,73290.6,7425.75,6705,72580.8,16047.1,-19.5231,14.2967
11238.5,10489,70218.9,4734,4537,68381.6,15643,24.3521,14.2967
10321.3,9488,71292.2,4915.5,4580,70336.7,6354,107.261,14.2967
12319.4,11569,69787.1,7281.75,6965,68516.4,15656.3,124.112,14.2999
13926.9,11772,77532.6,7717.5,6552,77193.9,24924,178.803,14.302
8363.55,7720,70999.2,5167.5,4620,73302.4,10308.1,-90.6874,14.3031
8000.2,8048,65146.8,3606,3504,67443.7,8312.23,53.8676,14.3052
9209.2,8536,70704.6,3801.75,3612,68978.8,19938.2,77.5107,14.3157
8842.6,8856,65436.8,3332.25,3208,68074.3,13294.2,119.9,14.32
21850.4,17870,80133.6,13689.8,11130,80608.4,9965.35,88.2055,14.321
9757.15,9974,64111.1,3653.25,3590,66690.6,15187.8,-29.8108,14.3263
11644.8,10948,69706.8,5010,4512,72769.4,15444.8,8.87956,14.3274
12201.8,11287,70847.6,6231,5747,71055.3,10213.3,10.7962,14.3274
22562.8,19053,77608.5,17906.3,15609,75181.3,12237.1,26.2001,14.3295
22056.4,16408,88096.8,14439,11276,83919.3,12510.7,117.35,14.3295
26076.7,22557,75762,11913,9965,78347.3,34161.2,15.9162,14.3358
7133.1,7021,66582.4,3540,3245,71493.8,9481.37,19.4237,14.3379
8700.9,8105,70354.4,5001,4617,70986.7,8818,113.189,14.339
12496.3,11985,68331.6,6698.25,6129,71622.9,17163.5,-68.585,14.34
7748,7468,67993.2,3360,3164,69595.8,17847.4,48.3493,14.3411
14781.6,13817,70111.5,6245.25,5741,71292.2,17258.7,-139.109,14.3432
9527.05,8519,73290.8,6660.75,5943,73450.9,8084.63,40.1162,14.3464
10206.9,9363,71443.2,6609.75,5895,73482,14496.7,54.4952,14.3464
6244.55,6009,68105,2456.25,2365,68064.6,11822.5,-38.2843,14.3495
22031.8,19017,75925.4,18597.8,16953,71894.2,14840.1,154.242,14.3495
9898.85,9081,71438.3,5548.5,4857,74866.5,15161.3,8.89022,14.3506
19139.3,16768,74803.8,13424.3,11744,74912.4,22003.6,25.8331,14.3559
12981.8,11777,72240.4,6788.25,6209,71650,10474.4,-34.7936,14.359
17301,15073,75223.4,11079,9569,75877.7,15143.2,98.3309,14.3601
13242.4,12384,70078.9,3993,3760,69597.1,9931.65,-10.6932,14.3601
7897.5,7657,67594.4,3774.75,3629,68168.1,6701.45,78.0081,14.3622
7865.65,7208,71515.4,4356.75,4040,70674.3,17565,89.6399,14.3643
7443.15,6825,71471.7,5694,5037,74084.2,24933,54.103,14.3654
8424,8026,68785.9,2570.25,2474,68085.6,11057.1,10.7645,14.3664
12981.1,11984,70989,6501,6080,70073.9,14200.9,-22.8937,14.3664
12450.8,11536,70732.7,7240.5,6512,72867.5,8876.72,65.8864,14.3738
8262.8,7880,68719.6,3072,3020,66664.4,14470.9,13.2162,14.377
14283.7,13293,70420.5,5695.5,5341,69885.8,13205.6,-76.1763,14.378
15343.9,13639,73728.1,10106.3,9159,72313.9,18941,74.9682,14.378
7937.15,7481,69532,2979,2873,67954,16709.5,-92.648,14.3801
16375.4,14369,74687.3,10245.8,9013,74499.7,24218.3,88.5298,14.3823
10672.3,9997,69963.3,6309,5673,72883.2,9241.37,19.4327,14.3865
8704.15,8581,66476.5,3400.5,3265,68255.8,15523.2,-77.1234,14.3875
5353.4,5140,68256.9,1825.5,1796,66612.5,9806.54,32.3115,14.3918
7145.45,6937,67505.3,2879.25,2793,67559.8,19236.7,-106.503,14.3928
11692.2,11164,68636.7,5607,5304,69279.9,11514.1,25.3673,14.3939
12873.9,11477,73512.6,5078.25,4693,70915.9,18488.2,-97.8748,14.3939
10000.9,9671,67771.6,3173.25,3043,68341.2,11561.3,-36.5545,14.3939
13610.3,12349,72230,6455.25,5881,71935.3,25912.1,-111.054,14.3949
21295.3,18757,74404.7,10229.3,9281,72231.9,14897.6,-66.7799,14.396
17358.3,15991,71139.4,17547.8,16291,70591.7,18371,-15.3104,14.3981
9922.9,8948,72676.3,6018.75,5588,70587.8,14783.5,104.364,14.4076
9883.25,8150,79473.5,7536,6498,76004.8,23132.7,74.8106,14.4108
10684,9609,72868.1,5240.25,4809,71413,15454,-3.16078,14.4129
10997.3,10134,71119.2,6264,5730,71643.5,15022.8,32.1154,14.4224
23652.8,20652,75058.7,13050.8,11256,75985.6,33562.3,-6.42132,14.4277
5454.15,5267,67864.7,1991.25,1891,69010.3,9818.74,47.791,14.4277
11427.6,10904,68683.3,4420.5,4168,69506.2,12681.5,-121.737,14.4319
6761.95,6200,71476,5721.75,5080,73815.1,18846,-107.348,14.4329
7432.1,7232,67349.3,3124.5,2964,69084.8,22172.8,92.0467,14.434
8903.7,8509,68576,3197.25,3053,68632.5,10383.2,-64.8902,14.4351
19197.8,16333,77030.8,7929,6733,77177.3,23531.7,155.636,14.4372
15639,14456,70899.1,6309.75,5836,70856,7333.13,-4.57559,14.4393
9683.7,9428,67313.4,4183.5,4016,68269.4,18933.3,-101.332,14.4403
10931.7,10193,70285.5,5233.5,4741,72344,24617.3,214.075,14.4403
10398,9667,70492,5454,4983,71730.6,22193.6,-4.27407,14.4424
12606.1,11910,69366.4,5187.75,4950,68683.7,9663.74,-80.3432,14.4424
14907.7,12865,75942,10635.8,9461,73673.5,17061.2,131.799,14.4446
10612.5,9813,70875.8,5538.75,5105,71104.3,10733.8,56.3566,14.4488
8827.65,8183,70698.9,3399,3175,70159.6,19994.1,11.2886,14.4498
10846.5,10133,70150.9,5445,5013,71183.6,15864.3,76.8038,14.4498
11926.2,11109,70357,6496.5,6069,70152.4,9089.41,-28.7216,14.4615
13087.8,12469,68788.1,4259.25,4053,68871,9486.5,119.183,14.4646
12886.9,12402,68098.4,4284.75,4082,68791.1,6856.01,50.4823,14.472
6088.55,6280,63538.1,2340.75,2300,66697.1,11201.4,15.919,14.472
13310.7,12560,69453,4931.25,4596,70316.4,11559.3,41.7056,14.472
10743.8,10012,70326.5,6277.5,5724,71873.2,7738.64,-10.6108,14.4741
14778.4,13429,72121.3,8138.25,7333,72732.6,20530.4,27.6084,14.4762
7317.7,6975,68756,6035.25,5548,71291.7,15362.3,62.2027,14.4784
10238.8,9609,69831.4,4191.75,3917,70132.9,12688.8,23.6031,14.4784
6892.6,6803,66399.2,3207.75,3015,69725.7,7054.54,-107.765,14.4794
13927.5,11747,77701.2,8842.5,7943,72957.6,10745.6,49.4762,14.4805
11181.3,11296,64870.5,3531,3472,66649.7,28905.9,-1.94633,14.4805
5954.65,5683,68668.7,2757.75,2503,72206.1,8375.26,17.7452,14.4815
5267.6,5101,67676.4,2489.25,2377,68630.8,7594.38,1.43459,14.4847
12305.1,10640,75792.3,7176,6516,72174.1,10804.3,109.674,14.4857
13397.1,12658,69362.9,4701.75,4438,69430.8,27693.5,-41.4608,14.4868
7719.4,7301,69291.7,2699.25,2529,69947.8,14319.1,34.7219,14.4868
23364.3,20433,74937.6,12879,11169,75569.7,14473.8,156.836,14.4879
5514.6,5321,67920.5,2762.25,2573,70356.3,7826.99,-80.2742,14.4889
11613.5,10072,75566.5,8816.25,7516,76873.6,19911,-53.2083,14.491
12935.6,12130,69888.8,9933,8914,73027.7,14082,125.031,14.4963
13527.8,11756,75413.2,7421.25,6776,71776.7,23663.3,159.931,14.4995
9118.2,8989,66477.9,3650.25,3549,67405.7,16534.9,-67.7014,14.5005
5638.1,5452,67773,2742,2556,70305,6591.03,26.4123,14.5069
18592.6,15104,80673,15644.3,13748,74575.3,22583.1,153.951,14.5132
7645.3,7437,67371.6,1667.25,1613,67740.2,20803.7,-29.1618,14.5153
7512.7,7051,69827.3,2982,2831,69031.6,12122.5,50.2844,14.5174
13991.9,13214,69394.1,6630,6238,69654.3,7454.88,46.1598,14.5185
13781.3,12756,70803.6,6018,5588,70579,8893.32,73.6258,14.5185
7255.95,6626,71766.7,3126,2870,71381.7,7603.13,-4.58574,14.5185
20895.5,18790,72879.8,9417,8550,72181.6,10267.5,-18.4459,14.5195
12671.1,12052,68902.5,4577.25,4356,68864.7,12685.2,-58.9567,14.5227
10016.5,9148,71757.9,7950,7336,71021.2,10078,23.7013,14.5238
12821.9,11712,71746.6,6075,5844,68126.5,6408.53,-95.7008,14.5269
8723.65,8240,69382.7,2309.25,2180,69421.6,9902.13,-70.0321,14.5269
16987.8,13881,80203.8,9956.25,8797,74172.2,49254.7,-7.87106,14.528
52801.4,39576,87436.7,31278,24028,85310.3,43409.4,221.109,14.5301
7614.1,6797,73414.4,2865,2733,68701.3,12180.9,-19.3778,14.5333
10370.8,9528,71332.6,4299.75,4156,67802.8,16444.1,57.862,14.5343
21458.4,16800,83708.4,13138.5,10660,80773.4,18014,30.283,14.5343
12651.6,11445,72445.2,4584,4257,70570.1,12594.3,-75.2933,14.5343
17442.8,15227,75072.4,13394.3,11963,73376.7,12739.6,106.161,14.5364
9975.55,9392,69607.9,6027,5668,69686.9,16381.5,152.464,14.5375
15909.4,14473,72040.2,6499.5,6233,68338.1,10734.8,-36.5234,14.5385
13214.5,12299,70414.3,4690.5,4408,69736.1,24761.2,134.089,14.5428
21147.8,16072,86233.1,14316,11964,78419.7,19608.7,-8.47692,14.5428
8056.75,7705,68527.9,2979.75,2893,67501.2,18676.9,49.1781,14.5449
14222.6,11932,78117.3,9521.25,7916,78825.8,23801.6,85.1055,14.547
12346.8,11371,71159.7,4867.5,4575,69726,8362.6,43.5457,14.548
29352,21724,88548,21514.5,16664,84612,11218.1,165.558,14.5502
13230.1,11685,74201.8,7331.25,6593,72874.4,15420.6,135.3,14.5523
13178.8,11913,72499.2,5800.5,5385,70592.7,8617.63,-37.3039,14.5544
12853.8,11466,73467.9,7201.5,6510,72497.3,42793.1,31.0718,14.5544
12396.8,11629,69863,6144,5689,70777.5,18830.8,-6.72769,14.5565
12220.6,11240,71253.8,7918.5,7272,71362.3,13502.5,149.133,14.5586
7779.2,7365,69221.7,2526.75,2437,67949.6,10247.4,43.4749,14.5618
6751.55,6305,70177.6,4092.75,3781,70939.6,10354.4,-8.12914,14.5628
8348.6,7306,74888.3,6889.5,6298,71691.1,23347.8,-48.1774,14.5639
14609.4,13426,71312.5,9204.75,8754,68910.5,19243.9,111.937,14.5649
10071.1,9516,69358.9,4690.5,4488,68493,6618.6,-7.12874,14.5649
20361.9,17834,74825.5,17125.5,15386,72945.3,8798.41,16.0093,14.5671
8007.35,7765,67581.4,3188.25,3141,66521.9,8384.87,19.4649,14.5713
9782.5,9544,67173.7,3574.5,3484,67238.4,13511.6,-57.2678,14.5723
17301.7,16053,70633.8,7180.5,6629,70988.3,7427.08,10.9009,14.5744
13114.4,12332,69693.9,4740,4540,68423,22414.6,25.8176,14.5766
11345.1,10297,72206.7,6435.75,5593,75410.9,16578.2,32.917,14.5766
14409.2,13405,70445.4,5530.5,4985,72707.5,18418.8,104.228,14.5766
11919.7,11124,70223.8,5421,5104,69606.3,7768.99,-41.572,14.5808
10483.2,9485,72433,5985,5513,71146.9,15794.1,73.3664,14.5818
6989.45,6815,67213.6,3111,2879,70817.1,9048.69,18.5799,14.5829
11074,10648,68158.2,5917.5,5708,67941.4,21364.4,63.6971,14.5861
13896.3,13217,68904.5,4672.5,4517,67792.1,13357.2,-95.102,14.5861
6727.5,6477,68070.6,2498.25,2397,68304.3,7771.16,4.00795,14.5882
15975,15197,68891.3,7364.25,6893,70016.5,18384.4,57.7891,14.5903
13224.9,12536,69137.4,5085,4860,68570.1,9396.97,-11.5332,14.5935
8531.25,8133,68745.1,3622.5,3461,68594.1,11343.3,-65.7863,14.5945
11487.4,10340,72808.7,6028.5,5316,74319.8,20041,-56.6532,14.5987
7840.95,7741,66382.2,2760,2697,67066.9,8045.34,88.2776,14.5998
9077.25,8452,70384.1,4263,3968,70408.3,11027,-59.7544,14.6008
6811.35,6385,69912.1,2874.75,2689,70063.1,14373,0.319842,14.6019
11030.5,9876,73197.1,6450,5684,74367.9,9128.31,124.357,14.604
9562.15,9409,66602.7,3596.25,3521,66936.6,11753.9,-78.7017,14.6082
15393.3,14861,67883.4,5301,5149,67470.6,10608.8,-9.8587,14.6082
13006.5,11940,71389.8,6192,5792,70062,21342.5,-14.5621,14.6114
15277.6,13676,73210.9,6033.75,5448,72582.2,18607.1,31.9807,14.6125
16201.9,14610,72676.8,8144.25,7234,73782.4,20080.7,-100.515,14.6135
8643.05,7941,71329.9,3123.75,2917,70181,14716.8,-137.293,14.6146
22852,17468,85735.7,10437.8,8380,81628.7,18250,32.8541,14.6167
18539.3,16765,72471.9,8110.5,7629,69672.3,11964.2,77.8104,14.6177
12812.8,11671,71947.5,3558,3283,71025.6,7136.75,-14.8882,14.622
12321.4,10805,74733.5,9967.5,9105,71744.1,15239.3,80.2673,14.623
12035.4,11178,70562.9,4589.25,4234,71034.7,6509.44,6.63537,14.623
14311.7,13421,69885.4,5463,5209,68731.6,19947.7,-89.3297,14.6241
6607.25,6032,71785.9,2613,2480,69050.6,8939.28,-45.056,14.6241
17054,15690,71233.5,10122.8,9098,72917.6,6512.36,25.5553,14.6272
13611.6,12888,69215.8,5378.25,4968,70947.9,21862,86.0384,14.6283
19783.4,17816,72773.1,7434.75,6264,77784.8,45390.1,114.394,14.6304
21344.7,17258,81054.9,16707,13646,80236.7,31762.7,77.9263,14.6336
12136.8,11640,68333.1,5334,5160,67745.9,7294.58,-27.7941,14.6336
5292.95,5528,62749.4,3345.75,3164,69300.6,11090.7,-58.8968,14.6346
9176.7,9199,65377.1,4537.5,4367,68094.7,26141.1,46.3176,14.6378
14891.5,13620,71654.1,9010.5,8048,73373.8,14576.3,26.1122,14.6378
9744.8,9781,65293.5,3219,3185,66235.6,22369.1,-22.3407,14.6399
14966.2,14296,68608.6,5418.75,5164,68769,7851.83,16.9049,14.6399
5980.65,5925,66151.5,3360,3253,67691.7,23484.4,30.9374,14.642
8656.7,8709,65142.4,3327.75,3301,66067.1,8373.9,105.465,14.642
6827.6,6103,73317,4865.25,4311,73961.7,14362.7,33.8602,14.642
11442.6,11289,66427.7,5112,4889,68525.3,17235.9,-99.5478,14.6431
9290.45,9233,65943.8,5757.75,5317,70968.6,21387.3,31.8762,14.6431
14844,13680,71112.6,8185.5,7428,72219.3,8155.62,52.1535,14.6452
11325.6,11051,67164.5,7525.5,7035,70105.4,11601.1,-54.616,14.6452
7421.7,7185,67695,3180,2913,71542.9,13192.2,66.5842,14.6452
8761.35,8853,64857.5,3657.75,3477,68942.9,11096.9,9.90296,14.6515
15265.9,15036,66538,7708.5,7240,69776.8,7822.8,-75.114,14.6515
8145.15,8224,64907.7,3520.5,3364,68584.9,15822.5,29.5054,14.6558
9562.15,9633,65054,3384,3285,67511.1,12841.9,93.2574,14.6558
10095.8,10540,62774,2349,2328,66127.2,22512.8,8.61394,14.6621
12461.1,11801,69202.1,5572.5,5113,71425.7,12794,74.3392,14.6631
5383.3,5533,63762.9,2472.75,2397,67607.1,6664.96,65.9695,14.6653
15270.4,14400,69497.5,5514.75,5088,71032.8,18302,110.252,14.6663
8334.95,7877,69346.1,3197.25,2961,70764.9,6530.75,-14.8654,14.6737
12849.8,11764,71585.1,9717,8720,73029,10656.9,43.4595,14.6748
19921.2,18276,71435.5,13405.5,12276,71565.9,24846,160.746,14.6769
39903.5,19285,135604,28758.8,15557,121150,32766.7,116.589,14.6822
10974.6,10112,71126.5,6681.75,6272,69817.5,23043.9,33.534,14.6822
16543.1,15028,72143.5,9068.25,8484,70049.1,9705.52,-33.0448,14.6832
11161.1,9998,73160.3,6435.75,5853,72061,28321.1,-3.64435,14.6885
5980,5645,69425.2,2619.75,2489,68978.7,8355.01,-26.974,14.6927
6256.9,6128,66914.5,2484,2372,68630.4,6740.7,-5.41333,14.698
10125,9829,67510,2963.25,2773,70032.3,11272.5,26.2364,14.699
8278.4,7469,72638,5745,5133,73349.8,15235.7,6.30742,14.7001
10678.8,9277,75439.2,7433.25,6397,76152.2,9292.39,-88.0692,14.7043
11810.5,11165,69324.9,4034.25,3769,70148.2,13164.5,119.045,14.7075
9497.8,7758,80233,7609.5,6554,76090.4,8415.69,63.3237,14.7086
12647,11937,69434.3,5221.5,4997,68480.3,13243.8,-120.038,14.7117
10656.8,10016,69728.5,4968,4576,71150.1,11253.1,-54.6029,14.7138
11361.3,10175,73177.1,5052.75,4524,73195.6,21187.3,92.0838,14.717
8291.4,7696,70606.2,3332.25,3076,70995.6,6902.91,-34.6594,14.7191
6481.15,6057,70125.2,2507.25,2393,68664.9,9470.39,78.7641,14.7191
12395.5,11327,71718.2,7019.25,6651,69164.6,26087.9,-7.86042,14.7212
9004.45,7216,81778.8,6924,5920,76650.6,17036.7,75.0397,14.7244
13775.4,12840,70310.6,5553.75,5356,67955.7,8201.06,2.27179,14.7244
23446.8,20384,75383.1,10599.8,9584,72481.8,18456.1,-90.1336,14.7254
9648.6,8871,71280.6,5037.75,4647,71046.7,13179.6,73.4647,14.7265
17198.3,14804,76135.6,19114.5,17728,70661.5,14837.5,86.3024,14.7297
15962,14467,72308.6,7654.5,7255,69144.8,10719.6,2.17714,14.7297
13392.6,12093,72579,7887,7229,71501.2,17860.5,98.2288,14.7328
8824.4,8104,71361.8,4594.5,4312,69829.6,13857.4,120.739,14.7339
7530.25,6864,71897.2,2258.25,2180,67888.4,7736.31,-36.4107,14.736
12013.9,10648,73943.1,6453,5992,70578.1,14864.2,98.3414,14.7371
10288.8,9412,71641.5,6018,5604,70377.5,19039.4,72.3845,14.7413
11898.3,11176,69771.3,5237.25,5068,67724.6,12913.5,17.5747,14.7423
7062.9,6719,68890.3,3303,3164,68415.1,12927.2,60.5742,14.7476
12746.5,11615,71920.3,5260.5,4875,70718.4,10987.3,225.767,14.7476
14716,13364,72166.1,5694,5168,72206.3,23625.3,5.13212,14.754
11504.3,10416,72383.7,6975.75,6372,71745.6,11412.1,-9.88888,14.7561
8243.3,7346,73541.1,2938.5,2642,72890.8,8931.43,-14.0957,14.7592
5814.25,5444,69993.1,2073,2020,67255.5,8508.07,34.9403,14.7592
9913.15,9064,71675.7,5512.5,4904,73667.9,10938.2,86.4489,14.7614
13986,12832,71430,6043.5,5732,69097.5,10689.2,51.1983,14.7624
9033.7,8188,72304.9,6519.75,6072,70368.6,12236.9,19.3201,14.7719
10372,9402,72297.7,5973.75,5338,73341.3,16866.9,-72.8739,14.7719
13233.3,12522,69259,6216.75,5838,69787.8,14029.6,-28.0473,14.774
10899.8,10395,68718.9,5096.25,4779,69886.6,6487.8,85.7562,14.774
10291.4,9768,69048,7065.75,6456,71725.7,21619.9,110.987,14.7793
9495.85,9181,67783.5,3458.25,3401,66639.2,12431.1,-34.0072,14.7793
22184.5,19752,73606.9,13920,11980,76148.7,8804.65,22.0291,14.7825
8520.2,7724,72291.5,4882.5,4344,73660.1,19455,-27.3911,14.7835
18277.3,16528,72472.4,9909.75,8916,72840.4,19837.7,68.9145,14.7899
11570.6,10501,72211.6,7805.25,6849,74686.1,17524.8,104.261,14.7899
8530.6,7908,70695.7,7779,7168,71122.3,16761.9,42.3701,14.7909
13682.5,11650,76969.6,12712.5,11334,73506.8,29831.8,-33.8011,14.793
12699.7,11964,69566,7350.75,6952,69295,9719.08,28.8747,14.7941
10396.1,10534,64678.1,4512.75,4342,68113.2,6378.67,36.7403,14.7962
10600.8,10289,67522.3,4308,4001,70564.6,19036.8,85.2846,14.7973
11224.2,11193,65718.7,4146.75,3981,68264.6,8696.57,-3.76683,14.7973
6973.85,7125,64145.7,3746.25,3605,68103.8,11653.8,41.702,14.7973
8622.25,8390,67350.1,2661,2470,70603.8,30198.4,-57.8949,14.7994
20252.7,16884,78611.8,20210.3,16884,78447,9818.73,137.231,14.8046
12750.4,12468,67020.4,5461.5,5156,69419.1,10611.4,66.6812,14.8057
6945.25,6920,65775.1,3744,3480,70507.7,19018.2,66.3653,14.8078
18770,16625,73991.8,9090.75,7937,75062.5,23177.6,4.28895,14.8078
6494.8,6972,61050.4,3000.75,2888,68094.6,12037.7,-64.9524,14.811
8177.65,7397,72452.4,5603.25,4849,75730,20986,23.2913,14.8184
9337.25,9197,66535.4,4668,4281,71460.4,14172.2,-10.8526,14.8194
10349.3,8985,75487.1,6090,5177,77093.7,12855.3,113.037,14.8384
15406.9,14908,67729.4,7747.5,7272,69821.3,16275.1,-1.47164,14.8448
10165.3,9581,69533.1,4952.25,4541,71471.2,12747.2,-20.2591,14.8458
7843.55,7811,65809.1,3564.75,3491,66920.5,17426.3,-80.6349,14.8469
13687.7,12416,72248.5,5891.25,5316,72627.7,10157.7,3.91826,14.8479
13246.3,12564,69095.3,6303,5828,70877.4,11306.3,61.4951,14.849
17031.3,15093,73952.4,11130,9985,73051.1,7044.42,30.6953,14.8501
13217.8,12016,72090.4,7162.5,6564,71511.5,19964.5,-48.0503,14.8511
6537.05,6241,68644.8,1803.75,1761,67127,9492.84,16.8432,14.8522
10311.6,9333,72407.7,4177.5,3873,70688.5,10736,-122.523,14.8543
9120.15,8248,72465.8,3729,3500,69823.9,12636,143.145,14.8553
5986.5,5570,70436.5,3191.25,3094,67595.9,17798.2,-8.40888,14.8553
12506.6,10940,74921,8085.75,7160,74009.5,10539.5,21.1039,14.8564
13429.6,12600,69851.2,5951.25,5672,68762.5,6632.29,-63.0293,14.8585
10296,9077,74337.2,6955.5,6033,75557.1,10628,-122.519,14.8606
6506.5,6525,65350.2,2700,2605,67926,7876.95,-121.556,14.8617
14499.5,13544,70159.7,7457.25,6616,73869.2,8297.28,-45.0318,14.8627
15475.2,14909,68024.9,6044.25,5673,69824.8,26787.9,185.613,14.8659
9357.4,9208,66599.3,3632.25,3352,71015.3,13794.2,-136.398,14.8659
6550.05,6821,62932.7,2241.75,2113,69529.3,8881.95,128.666,14.8669
13786.5,13260,68138.2,6234.75,5756,70986.9,17948.5,-29.9145,14.8722
12093.3,10841,73106.1,8344.5,7165,76324.5,25690.9,-94.7055,14.8733
4937.4,5281,61272,2419.5,2289,69272.3,9064.67,42.6593,14.8743
4925.7,5473,58982.4,2147.25,2069,68014.6,22234.2,48.1844,14.8743
7762.3,7813,65110.7,6430.5,6049,69669.2,9606.72,71.879,14.8743
6211.4,6348,64125.8,2492.25,2344,69680.9,6666.27,-38.9505,14.8786
10898.5,10825,65981.3,4044.75,3929,67466.7,8302.39,28.068,14.8817
10708.1,10108,69426.8,5006.25,4572,71760.6,21496.8,121.312,14.8817
11843.6,11652,66613.9,4492.5,4272,68918.7,6354.71,27.2812,14.8817
14907.7,13784,70878.9,6324,5784,71654.5,8745.06,-125.889,14.8838
7979.4,7674,68144.1,3399,3194,69742.3,10316.6,13.3723,14.8849
11264.5,10449,70650.8,4741.5,4309,72113.9,10785.5,-15.0253,14.8849
6657.95,6440,67753.9,2839.5,2684,69332.9,6357.41,48.7811,14.8881
11886.5,10373,75098.5,8913.75,7665,76212.9,8938.3,-24.4159,14.8912
15058.5,14080,70090.7,5478,5248,68408.2,25235.8,65.2716,14.8955
17007.9,14748,75578.4,12324,11388,70922.5,14519.7,65.6743,14.8955
13300.3,11840,73619,6365.25,5648,73858.5,13744.4,36.4635,14.8955
5674.5,5376,69174.9,2144.25,2048,68616,8547.19,95.9988,14.9007
12311.6,11821,68256.2,4982.25,4825,67671.9,7031.17,36.7158,14.9018
10634,9669,72076.7,4028.25,3697,71408,26009.2,-133.417,14.905
9256.65,8577,70729.1,5775.75,5045,75028.7,11711.4,-28.8201,14.9092
9887.8,9526,68025.1,3420.75,3266,68641.2,6403.12,174.339,14.9102
15648.7,14373,71353,5412,5025,70583.3,26095.9,-75.8007,14.9124
13594.1,12709,70100.2,5754,5377,70131,24577.3,65.2963,14.9145
22052.5,17701,81647.1,15702.8,13221,77837.9,21760.8,-12.8578,14.9145
17689.8,15429,75138.7,15117,13553,73098.8,15234.8,80.2675,14.9166
10139.3,9525,69763,7821.75,7029,72927.3,27774.5,20.4562,14.9208
8895.9,8059,72341.7,3411.75,3083,72524.3,18713,65.5167,14.9208
10422.8,9833,69466.6,7964.25,7225,72241.5,15251.6,-4.57318,14.9219
14991.6,12237,80288.4,11315.3,9549,77658,14620.4,-34.9495,14.9219
5848.7,5333,71873.3,2721.75,2501,71320.5,11369.3,70.9527,14.9271
20170.1,14665,90137.8,11565,9161,82733.7,25974.4,66.9638,14.9324
12092.6,11516,68817.4,4653.75,4440,68691,8875.4,-61.3936,14.9324
10592.4,10172,68244.6,4239.75,4124,67375.4,13721.7,65.7043,14.9345
9020.7,8394,70428.9,4442.25,4154,70083.6,13135.8,67.4463,14.9356
14885.6,14208,68661.7,5225.25,4996,68543.2,20650,112.744,14.9377
32101.5,22451,93706.6,26598.8,19351,90082,13397.4,105.277,14.9388
8739.25,8333,68731,3678,3485,69165.4,13829.8,47.6403,14.9398
10392.2,9392,72515.2,7208.25,6816,69307.5,12309,70.9174,14.9409
15136.5,13464,73677.1,12362.3,10568,76662.8,25880.4,87.6074,14.9419
16476.8,15152,71266.3,16509,14672,73741.4,33648.3,166.435,14.943
12549.5,11244,73145.4,8513.25,7324,76177.5,30047.1,-7.14922,14.944
9439.95,8724,70914.3,6988.5,6240,73397.2,26087.3,44.5996,14.9472
12606.8,11760,70254.8,7017.75,6628,69389.8,14489.3,-18.6045,14.9472
13308.1,12799,68142.8,6108,5839,68555.2,21095.3,97.2472,14.9504
23542.3,20411,75590.2,13914,12159,74995.3,21819,170.32,14.9514
9608.3,9249,68081.9,3195.75,3073,68153.8,6620.39,-55.2888,14.9525
6030.7,5673,69668.2,3027.75,2797,70942.7,11031.8,16.7854,14.9535
17394,16540,68919.8,5469,5144,69676.6,17454.6,1.92403,14.9546
15951.6,13508,77391.7,9412.5,7952,77572.6,27735.1,-9.64233,14.9567
17332.3,16535,68695.9,8010.75,7379,71146.8,9699.98,15.1155,14.9578
21104.8,15971,86602.4,20128.5,15971,82596,35492.8,20.1661,14.9588
16383.9,15486,69335.9,8431.5,7962,69400.5,14716,175.747,14.9599
20917,17868,76719.1,14199.8,12140,76655.3,19532.2,-8.47405,14.9599
20038.2,17404,75455.3,12104.3,10700,74136.8,33895.1,174.166,14.962
10490.3,8932,76970,7821.75,6948,73777.5,20659.7,24.1636,14.962
11505.6,11368,66329.5,4079.25,4028,66369.8,10015.5,-27.0364,14.963
15880.8,9801,106190,6121.5,3513,114198,11414.3,97.611,14.9652
11239.1,10088,73014.4,8534.25,7676,72863.6,6553.37,135.634,14.9673
8102.9,8000,66379,3430.5,3316,67798.9,11655.3,94.162,14.9704
15195,12705,78380.4,10775.3,9333,75663.4,12525,134.549,14.9715
13896.3,13062,69722.2,5775,5478,69089.2,11472.2,-28.8111,14.9725
9062.3,8172,72675.8,5678.25,5208,71453.5,8010.32,67.639,14.9747
9168.9,8100,74184.3,7967.25,6996,74634.3,12752.5,-11.6593,14.9778
11655.1,10432,73220.1,3739.5,3364,72851.3,12361.5,-9.06456,14.9799
22581,20228,73159.4,14217.8,13140,70911.3,15722.1,28.6491,14.9799
9436.05,8501,72744.5,4695.75,4305,71484.5,12303.7,-44.3224,14.982
15650.7,14780,69396.8,2466.75,2428,66581.9,16783.1,-40.1907,14.9842
16723.2,14221,77067.1,10570.5,9389,73783,11060.4,390.884,14.9863
14947.4,13841,70774.7,8946.75,8181,71670.2,15238,121.547,14.9873
12556,10973,74990.7,10225.5,8889,75389.6,28040,74.6262,14.9873
9243,8816,68710.2,3473.25,3348,67987.7,7466.03,38.4194,14.9884
9969.05,9375,69688.7,5335.5,5039,69392.2,24821.5,-3.51283,14.9916
10156.9,8583,77553.6,9631.5,8403,75117.2,8590.61,-135.343,14.9937
43949.1,32315,89130.4,33390,25115,87129.1,79982,959.334,14.9989
9065.55,8118,73185.5,5373,4818,73085.3,10183.2,21.9773,15.0042
9837.75,8085,79743.6,7958.25,6949,75054.2,16780.6,-18.6906,15.0053
10111.4,8441,78505,7490.25,6717,73080.4,21572.1,-78.2107,15.0053
9287.85,8734,69691.8,3245.25,3150,67517.7,7337.76,56.4842,15.0063
11519.3,10614,71125.8,7305.75,6962,68771.9,7472.15,-16.6208,15.0063
14643.8,13228,72550.6,8315.25,7624,71478,15693.8,-116.69,15.0084
12164.1,10752,74143.1,7365.75,6708,71962.1,23604.5,29.2129,15.0095
11507.6,9895,76216.5,9725.25,8615,73981.9,7292.28,71.1059,15.0095
9982.7,9072,72114.9,8075.25,7552,70076.8,16534.2,56.9986,15.0116
13223.6,11820,73318.3,5601.75,5080,72267,13552,131.071,15.0127
7132.45,6249,74801.1,2052.75,2045,65784.4,7345.64,34.1239,15.0148
19607.9,14757,87078.9,9764.25,7905,80950,24144.4,85.0926,15.0158
10766.6,9241,76355.4,3528.75,3373,68562.2,13854.8,35.5993,15.0169
21544.9,19365,72913.3,5371.5,5237,67219.1,11721.2,15.0395,15.018
12888.2,11643,72545,4335,4095,69376.9,11755.9,-76.1218,15.0201
12168.6,11402,69942.5,4092,4046,66281.1,11781.2,-20.2228,15.0201
13486.8,11386,77628.2,7080,6138,75593.8,25309.2,137.509,15.0211
15694.9,14053,73193,6552.75,6065,70806.4,23558.3,35.2346,15.0211
13491.4,12238,72248.1,9062.25,8474,70085.4,19378.9,-5.02829,15.0232
15039,13384,73640.1,6687.75,6156,71197,12601,5.54643,15.0327
15296.4,13324,75237.8,8357.25,7432,73694.9,7735.82,112.369,15.0338
14055.6,12781,72071.6,7758,7033,72291.8,11498.2,99.3279,15.0348
13499.8,12630,70049.6,4813.5,4598,68607.6,12577.5,-53.7927,15.037
9486.1,8931,69609.3,2930.25,2855,67263.4,9601.68,-46.8008,15.0391
21412.3,16420,85461.4,19462.5,15328,83213.4,24498.3,31.7593,15.0401
10273.9,9901,68004.3,4038.75,3801,69635.2,14077.1,148.251,15.0433
10856.9,9372,75919.9,6612.75,5624,77057.8,21519.7,80.8913,15.0454
7440.55,6685,72943,6621,5789,74954.9,21120.6,55.1063,15.0475
11193.6,10823,67780.4,4139.25,3827,70883.2,10207.3,-131.104,15.0496
12409.8,11820,68806.1,5530.5,5020,72200.6,23135.1,-43.0095,15.0507
10383.1,9862,68998.9,2100.75,2018,68223.4,13429.6,43.3553,15.0539
5415.8,5272,67323.6,2961.75,2808,69124.4,11718.1,-64.0804,15.0549
7814.95,7670,66774.5,4456.5,4290,68079.5,14717.3,53.6269,15.057
7554.95,7206,68709.6,2961,2726,71185.7,8313.62,19.4676,15.057
12743.9,11964,69808.1,5598,5164,71043.9,11838.2,42.5551,15.0581
10059.4,9920,66456.9,4845.75,4644,68383.1,21111,-36.0534,15.0602
10904.4,9984,71577.6,4557,4132,72276.8,14491.8,32.1354,15.0634
11483.5,10728,70151.6,4167,3884,70311.1,8117.33,-27.8251,15.0644
61696,39632,102021,59435.3,36532,106623,29597.6,335.148,15.0644
6143.8,6172,65236.6,2720.25,2636,67630.6,10799.3,35.7141,15.0665
17834.7,15565,75092.5,11871,10173,76474.8,10908.7,9.05003,15.0665
10006.1,9288,70602.9,3465,3228,70347.7,18567.6,55.2022,15.0676
11395.8,10212,73133.1,7347.75,6480,74312.1,8038.7,6.57789,15.0697
13896.3,12812,71082.7,7879.5,7000,73770.1,18304.1,85.3121,15.0697
5296.85,5268,65894.9,2930.25,2740,70086.5,23340.8,-9.47718,15.0707
14324,13246,70869.8,10464,9130,75111.6,20570.2,134.247,15.0729
11745.5,11228,68556.6,4296.75,3976,70822.9,6692.16,-79.3715,15.0729
6038.5,6296,62855.6,2796,2748,66680.7,10056.3,95.0821,15.076
17431.7,15256,74882.3,11370,9964,74783.7,31304.1,10.8635,15.076
10721.1,9909,70907,3300.75,3057,70761.5,10378.4,-25.33,15.0803
18793.4,16045,76762.1,12405.8,10505,77393.9,27766.3,73.7765,15.0824
15661.7,14321,71671.6,6630,6145,70708.5,12866.7,-4.78355,15.0824
6334.9,6469,64177.5,1663.5,1637,66596.9,14525.2,9.77412,15.0824
10851.1,10427,68201.6,4263,3979,70213.6,8993.7,-121.598,15.0834
13122.2,12116,70978.6,6632.25,6132,70882.4,7588.46,27.2348,15.0876
8927.75,7960,73503.6,5883.75,5096,75666.7,12450.1,16.7321,15.0908
19474,15689,81346.7,12560.3,9917,83003.8,8241.17,158.79,15.0929
9078.55,8453,70385.9,6000,5301,74177.7,14571.4,-84.8276,15.095
6413.55,6525,64416.6,2713.5,2633,67539.7,7663.32,28.952,15.095
5103.8,5049,66247.3,2523,2397,68980.9,10917.8,62.3697,15.0982
6891.3,6721,67196.6,2669.25,2433,71899.7,12585.7,-88.193,15.0982
62134.8,41240,98740.7,68144.3,44632,100061,8934.78,205.204,15.1014
16746.6,14860,73856.3,10203.8,9208,72623,11083.1,-147.477,15.1014
6342.05,6021,69030.5,3656.25,3365,71208.3,6353.42,-46.6788,15.1014
11023.3,11068,65271.6,1959,1916,67006.8,18923,2.72884,15.1024
7393.1,6980,69414.6,5937,5360,72590.9,14945.9,-52.1617,15.1056
12262.9,11689,68753.6,7735.5,7133,71071.6,23913.6,99.7213,15.1067
8489,8206,67796.1,3324.75,3070,70974.2,6444.05,8.35782,15.1077
12683.4,11956,69523.5,7148.25,6468,72428.5,12424.5,88.9731,15.113
11189.8,10220,71754.6,7558.5,6744,73451,11576.9,-8.17508,15.114
8024.9,7653,68720.7,2853,2773,67426.7,9261.29,-57.1081,15.1225
12136.8,11254,70676.9,4626,4390,69059.1,19465.3,11.3085,15.1246
9283.95,8353,72840,3109.5,2853,71428,21191.3,97.2436,15.1257
10065.3,9100,72487.5,6231,5432,75175.8,7639.37,-25.2271,15.1257
7891.65,7364,70231.8,3027,2852,69557.3,19184.9,-34.261,15.1278
10215.4,9116,73439.7,5585.25,5068,72224.7,8129.63,84.8345,15.1278
13446.5,12177,72368.6,5913.75,5605,69146,13643.1,-70.1727,15.132
9060.35,7816,75969.7,5643.75,4972,74390.3,24279.7,27.4675,15.1341
8795.15,7781,74077.7,3111,2817,72375.8,13545.8,-36.6291,15.1352
11414.6,9884,75685,6568.5,6104,70523.1,13265.6,165.481,15.1373
10712,9829,71423.5,4090.5,3761,71277.6,25709.8,-50.8462,15.1383
11344.4,10200,72889.2,6360,5736,72665.4,6859.1,31.5622,15.1415
8924.5,8289,70560.5,4454.25,4225,69092,14056.4,-25.4683,15.1426
7732.4,7224,70148.2,3761.25,3564,69163.1,11313.9,158.675,15.1426
5376.15,5199,67769.1,2824.5,2671,69302.3,7740.82,-54.4709,15.1447
22853.3,15165,98761.4,10410.8,6953,98127.3,33961.8,-3.85634,15.1468
5820.75,5639,67648.3,2289,2195,68342.6,8143.84,49.5739,15.1478
9742.2,9068,70408.6,4934.25,4524,71479,9729.85,-1.22566,15.1478
9646,8680,72829.5,7341.75,6376,75462.5,16826.7,20.8676,15.1521
5170.75,5225,64855.6,2090.25,2057,66595.4,19760.7,-50.6226,15.1542
6153.55,6013,67067.9,3062.25,2921,68705.1,8980.8,-30.4375,15.1584
10044.4,8802,74786.8,4422,3858,75116.7,14101.8,-22.03,15.1584
10691.2,10012,69981.9,7067.25,6492,71343.1,19497.1,-91.0327,15.1584
7408.05,7372,65856.5,2579.25,2504,67505.5,7595.1,-7.16544,15.1616
16056.3,13091,80380.9,10353.8,8727,77752.2,20085.9,60.3051,15.1616
14223.3,11757,79283.7,16517.3,14829,72997.1,26410.7,23.9474,15.1626
15244.4,14267,70025.9,9717,9067,70234.2,25948,60.0848,15.1647
18829.2,17471,70630.8,7791,7307,69877,7521.16,87.4373,15.1658
9696.7,9035,70335.7,5733.75,5307,70805.9,19403.6,75.8108,15.1711
8927.75,7992,73209.3,6555.75,5676,75693.7,34345.9,101.909,15.1721
14882.4,13817,70589.3,8601,7689,73309.3,15523,-39.2834,15.1742
16786.3,13729,80129.9,14376.8,12129,77681.1,29985,-26.9269,15.1774
7969.65,7344,71119.1,7764.75,6964,73071.6,12467.1,-15.9485,15.1795
38365.6,31259,80435.3,24714.8,18555,87292.1,43391,-23.9907,15.1795
8142.55,7476,71379.1,4018.5,3680,71564.2,38252,-77.1176,15.1837
10477.3,8917,77003.9,11266.5,10065,73359.3,23726.6,-137.632,15.1837
10831.6,9941,71407.3,5669.25,5317,69877.8,19912.9,-76.4284,15.1869
5977.4,5909,66294.6,2309.25,2273,66581.2,13698.4,-22.8748,15.1869
8511.1,8464,65900.7,2721,2672,66737.8,9538.7,6.52152,15.189
9803.3,8880,72350.1,5841,5284,72444.3,22911.2,68.799,15.1901
12355.2,11756,68876.4,4896,4648,69032.8,22520.3,98.0537,15.1911
11788.4,10129,76272.5,6969,5941,76876,15930.8,106.901,15.1932
5840.25,5916,64696.9,2958.75,2876,67421.6,12927,-62.4058,15.1943
6149,6144,65589.3,2787.75,2612,69945.6,10728.5,-140.583,15.1943
9790.3,9740,65874.4,3504.75,3352,68522.5,7589.39,-10.6052,15.1964
9920.3,9634,67483.6,4235.25,4002,69355.7,7460.01,11.7596,15.1964
46008.9,36223,83241.1,36249.8,29771,79797.9,49076.9,233.796,15.1985
8910.2,8648,67523,4608,4364,69200.3,21185.7,74.8838,15.1996
15119.6,13790,71855.1,6724.5,5838,75487.6,21926.2,36.156,15.2017
9369.75,9235,66492.3,4092,3927,68289.6,10965.7,36.5679,15.2027
7789.6,7218,70725.9,5652,4854,76310.2,6838.43,152.823,15.2049
12329.8,11007,73412.3,7431,6555,74294.1,11969.5,50.2902,15.2133
8912.15,7905,73885.7,5652,4913,75393.7,9808.52,133.791,15.2133
8750.3,8312,68991.8,6738,5932,74440.6,24523.7,-2.64164,15.2144
26444.6,21248,81564.1,19868.3,16336,79706.5,23833.9,138.424,15.2154
14025.7,11201,82063.1,9764.25,8293,77162.7,18857.8,-6.7287,15.2154
9124.05,8249,72488,2995.5,2541,77258.2,8680.68,24.6138,15.2218
30005.3,22196,88593.8,25961.3,19344,87954.7,30196,-29.5148,15.2218
21143.2,17588,78783.3,13236,11652,74445.1,17295.9,114.59,15.2239
6938.75,6288,72318.4,2384.25,2148,72744,10601.3,8.20159,15.2291
10694.4,9725,72069,5416.5,4937,71901.1,12304.8,-30.5624,15.2313
8800.35,8190,70420,3126.75,3018,67897.5,6407.92,-52.7008,15.2323
8085.35,7289,72696.1,3633.75,3437,69287.6,20533.1,-12.8117,15.2355
29266.9,20612,93054.3,19425,14324,88874.4,17151,133.515,15.2355
15696.8,13440,76540.8,11421,10276,72838.3,21189.4,182.384,15.2376
6225.7,5492,74291.2,2142,2004,70049,8540.74,-86.321,15.2386
14027.6,11148,82464.7,8616,7656,73753.7,15947,226.441,15.2429
5907.2,5116,75671.3,2331,2220,68812.8,14409.6,63.9585,15.2439
13666.9,11981,74757.9,7441.5,6669,73127.3,14493.8,-27.2047,15.245
10055.5,8550,77075.7,3874.5,3554,71446,14850.8,-9.15811,15.2482
11616.8,10024,75949.6,4487.25,4104,71656,16545.8,7.97818,15.2482
9799.4,8376,76673.1,3841.5,3628,69392.6,11423.6,13.3307,15.2492
14643.2,13009,73768.7,3276.75,3057,70247,19313.6,22.4942,15.2492
18978.7,16160,76967.1,7954.5,7040,74049.2,15007.2,-85.704,15.2503
12645.1,10727,77254.5,5172.75,4759,71233.7,25225.3,-50.828,15.2503
7915.7,6588,78743.7,2454.75,2344,68632.5,9555.16,15.9809,15.2534
54716.3,36020,99552.8,29623.5,21028,92324.8,70763.9,126.341,15.2566
11718.2,9256,82969.3,4896,4440,72266.7,6817.06,41.0238,15.2566
11890.4,10464,74469.9,5019.75,4880,67412.8,18212,56.0756,15.2587
11038.9,9510,76072.4,4760.25,4530,68867.1,10384.7,158.71,15.2608
15142.4,13408,74013.5,5241,5044,68095.6,14001.9,60.5338,15.2619
15170.3,12196,81518.9,11033.3,10016,72192,14392.8,-110.621,15.2661
11782.5,10403,74226.8,4062.75,3783,70382.3,19942,59.4506,15.2703
9442.55,7896,78372.2,5683.5,5208,71519.6,13079.3,44.2285,15.2703
14231.7,12460,74854.9,4616.25,4264,70949.9,15499.8,-48.7425,15.2703
10491.6,8627,79701,5096.25,4535,73646.7,6935.43,-20.0406,15.2714
11021.4,9620,75083,6327.75,5844,70960.9,6731.26,17.807,15.2714
15861.3,13592,76477.8,8571,7772,72273.4,21791.6,-21.459,15.2746
19132.8,15347,81702.2,13191,11543,74892.6,23329.7,-109.237,15.2756
14010.7,12348,74360.9,11489.3,10236,73559.9,33760.7,15.0712,15.2788
10434.4,9984,68492.8,3702,3556,68226.7,6680.23,-35.5111,15.2809
8076.9,7743,68362.1,2901,2815,67538.2,6589.95,39.3123,15.2819
9473.1,8844,70197.8,4526.25,4252,69763,7857.46,110.645,15.283
13958.1,13356,68490.4,6039.75,5756,68766.7,26740.7,-65.505,15.2841
14264.2,13157,71051.3,5990.25,5429,72311.1,12265.9,13.299,15.2841
9620,8928,70615.6,5138.25,4804,70095.8,27180.7,-53.4815,15.2851
10097.8,9596,68962.7,4491,4188,70277.5,28392.3,49.673,15.2851
7940.4,7660,67935,3418.5,3304,67807.1,20206.8,-56.6594,15.2872
8137.35,8016,66528.1,2864.25,2800,67039.8,10086.8,71.0009,15.2914
12472.2,12191,67047.7,3123.75,3071,66661.7,7892.62,13.4634,15.2936
7705.75,7404,68206.9,3948,3688,70156.2,18326.3,17.3713,15.2936
8147.75,7649,69809.2,4536.75,4145,71729.9,7672.85,76.2516,15.2946
10106.8,9660,68567.6,4961.25,4664,69712.8,25784,66.111,15.2957
6183.45,6070,66760.9,4773,4406,70994.9,17793,106.831,15.2988
14812.2,13436,72248.6,7988.25,6940,75434.9,8569.64,78.7979,15.302
14859,13773,70703.5,6852,6061,74088.9,30054.5,3.17051,15.3031
19222.4,15404,81781.5,13363.5,11276,77668.5,18972.1,7.887,15.3041
5209.1,5208,65549.8,2066.25,1964,68947.9,11552.2,-26.2341,15.3094
13416.6,12441,70675.5,7281.75,6541,72957.8,21337.9,-165.062,15.3105
10123.1,9632,68877.4,6219.75,5796,70327.4,14641.4,72.5498,15.3105
9950.2,8738,74627.6,5923.5,5234,74169.4,12871.3,-87.3437,15.3157
11007.1,10773,66960.1,5187.75,5045,67390.4,22242.3,77.4241,15.32
9135.75,8701,68810.5,5694.75,5081,73452.3,14234.2,18.3851,15.321
13060.4,11913,71848.4,9249.75,8521,71140.9,9666.26,68.4367,15.321
13794.3,12557,71993.6,7308,6573,72864.3,12508.7,87.2499,15.3242
12524.8,11728,69988.8,11015.3,9968,72421.3,13039.9,191.29,15.3263
25394.8,19788,84105.4,26525.3,21660,80256.6,17785.9,102.532,15.3263
9903.4,9285,69900.8,5002.5,4581,71566,8331.66,54.7269,15.3263
12662.6,11881,69847.6,10092,9197,71913.6,11297.6,112.235,15.3305
5449.6,5496,64982.7,2569.5,2492,67574.1,18435.6,55.2072,15.3316
19413.5,16841,75547,12162.8,10493,75964.7,17771,92.2121,15.3326
10909.6,10686,66907.3,7321.5,7118,67409.6,9062.68,75.3394,15.3337
5669.3,5877,63219.9,3273,3201,67010.1,14178.1,-19.4528,15.3337
12222.6,11713,68387.3,4204.5,3921,70274.5,11934.9,88.1315,15.3347
12271.3,11750,68443.8,5025.75,4626,71199.2,6772.75,-20.8945,15.3347
7358.65,7220,66794.5,2817,2612,70679.5,15971.8,-86.6002,15.339
12000.9,11454,68665.5,4569.75,4286,69874.7,28154,47.9619,15.3421
16404,14404,74635.9,9255,7860,77167.4,23701.9,-49.0508,15.3421
9148.1,8772,68345.9,3959.25,3636,71362.3,23939.9,27.4803,15.3421
10381.8,10409,65364.7,3401.25,3353,66479.1,16260.9,-28.9911,15.3453
9748.05,9341,68391.8,5620.5,5273,69854.9,10322.5,-2.96793,15.3474
11859.9,10815,71867.8,10040.3,9087,72410.9,18706.2,30.257,15.3495
12422.1,11272,72223,8198.25,7176,74871.9,15749.1,19.1881,15.3495
5159.7,5166,65456.1,3690,3418,70751.3,14820,-98.597,15.3527
5480.15,5400,66508.7,2341.5,2168,70780.7,13252.8,76.9019,15.3559
5838.95,5790,66090.1,2187.75,2058,69667.8,11372.4,-55.4674,15.358
11492,11196,67268.6,3911.25,3832,66891.4,7026.41,4.03594,15.3664
11895.6,11613,67131.1,5407.5,5241,67618,11804.9,19.3364,15.3664
6110,6088,65772.8,2901.75,2744,69303.6,9208.74,41.7939,15.3675
10457.8,10141,67583.6,5064,4649,71386.2,10192.1,-58.003,15.3696
41858.7,26523,103429,28544.3,17375,107665,19137.9,194.501,15.3696
18631.6,16964,71978.3,10584.8,9472,73235,10888.6,177.611,15.3706
13046.1,11200,76338.6,9573.75,8340,75230.9,23303.1,99.7442,15.3717
7625.15,7132,70067.6,5896.5,5308,72802,7802.96,-44.1532,15.3717
12923.3,11656,72661.4,8352.75,7148,76581.7,6545.69,-32.066,15.3728
7647.9,7536,66509.1,2436,2304,69290.7,13340.4,-1.36135,15.3728
14399.4,12333,76516.9,12939.8,11017,76973.7,27540.1,88.405,15.3738
10534.5,9821,70297.6,6108.75,5709,70124.9,15585.1,51.8743,15.3759
7044.7,6976,66181.4,2634,2532,68176.1,19612.8,86.1229,15.377
8819.2,8445,68439.9,3024,2809,70552.1,12463.7,-64.9684,15.377
9118.2,8047,74260,7781.25,6907,73831.2,20948.4,61.1327,15.377
8143.2,7951,67120.2,3716.25,3563,68354.8,18631.7,-20.4802,15.378
13002.6,12093,70465.4,5546.25,4813,75520.3,8362.91,48.7057,15.3833
7593.95,7285,68315.3,2794.5,2565,71399.8,10494.5,-23.6144,15.3833
17217.2,14941,75520.1,8272.5,7433,72937.8,16134.1,-10.0663,15.3833
11812.4,9223,83935.9,10897.5,9383,76114.1,19128.6,-16.1989,15.3833
12797.8,11765,71289.4,7379.25,6529,74070.5,22319.2,-8.57879,15.3854
9894.3,8918,72710.6,6767.25,5862,75656.5,27285.9,87.5546,15.3854
6371.95,6217,67169.4,2286.75,2237,66993.5,8441.36,-1.31724,15.3897
15932.8,14021,74472,6742.5,5925,74578.3,15151.8,76.8306,15.3907
12613.9,10544,78401.4,8375.25,7508,73106.1,19893.6,-97.0676,15.3907
5580.9,5326,68672.5,2331,2286,66826.1,11583.3,40.8447,15.3928
10915.4,9981,71671.7,6786,6329,70268.2,11231.1,1.29792,15.397
16016.6,15084,69588.1,5253.75,5064,67991.7,8195.23,98.592,15.3981
5866.25,5628,68310.3,3401.25,3324,67059.1,9521.14,1.36218,15.4002
10388.9,9619,70781.8,4665,4407,69372.7,10279.3,-78.6463,15.4002
8617.7,8240,68540,2994.75,2884,68052.7,19213.5,62.9179,15.4013
8432.45,8093,68284.8,3180.75,3097,67308.3,16273.3,1.96842,15.4023
14541.8,13296,71676.5,7483.5,7024,69823.3,8477.66,-67.3986,15.4023
24813.1,20921,77728.2,13333.5,11549,75662.3,18567.9,150.662,15.4034
14347.4,12425,75676,8825.25,7773,74407.8,15987.9,203.219,15.4044
13438.7,11753,74935.9,8395.5,7273,75650.7,31405.2,-5.48026,15.4044
7452.9,6452,75702.6,5671.5,4932,75362.4,24806.1,-60.2722,15.4076
19816.5,16685,77836.2,16226.3,14361,74048,25198.9,39.473,15.4097
12284.3,11652,69092.6,4763.25,4580,68158.2,12447,27.0522,15.4139
10736.7,10357,67938.6,3543,3441,67478.6,17199,142.974,15.4139
10335,9404,72024.1,5405.25,4812,73615.6,19127.1,-87.5788,15.415
15097.5,13717,72131.9,6716.25,6181,71211.2,18413.5,14.788,15.4161
5578.3,5344,68409.3,2463.75,2404,67164.9,21952,-12.005,15.4171
8565.05,7988,70270.3,5459.25,4900,73015.8,16340.5,184.286,15.4182
10992.8,9120,78993.9,11892,10484,74337.5,20233,24.1796,15.4182
7484.75,7147,68633.1,2909.25,2783,68509,13283.6,112.161,15.4192
8462.35,8245,67263.6,4567.5,4417,67769,13433,-32.3248,15.4192
15246.4,13847,72159.2,6868.5,6263,71872,10538.4,-1.25605,15.4203
11105.9,10472,69503.1,5185.5,4824,70447.1,15371.4,-55.6177,15.4203
8037.25,7881,66835.3,3577.5,3421,68534.1,9941.24,214.626,15.4234
10102.3,9605,68929.1,6136.5,5829,68993.3,10935.8,133.749,15.4256
11951.5,11231,69740.6,5876.25,5471,70390.4,7481.19,134.739,15.4266
19984.3,18250,71763.7,11402.3,10142,73679.5,23253.4,12.8861,15.4277
11156.6,10820,67574.8,5942.25,5620,69293.8,19695.9,-1.6002,15.4351
9286.55,8973,67826.1,3711,3533,68837.8,7503.37,58.198,15.4361
12175.1,11944,66804.3,5028,4888,67413.1,6333.99,-2.81804,15.4382
17130.8,15040,74646.3,11720.3,10068,76291.1,9442.18,30.6052,15.4403
9042.15,9009,65777.1,3994.5,3877,67522.2,8598.75,35.7968,15.4403
14522.3,13672,69611.9,6043.5,5644,70174.8,23665.8,-56.7894,15.4414
9296.95,8861,68760.3,4483.5,4233,69414.3,18376.1,-12.7306,15.4425
9896.9,9688,66949.1,4414.5,4236,68297.6,21810.8,8.64032,15.4446
10774.4,9676,72975.5,4617.75,4072,74319.5,12187.6,-152.678,15.4446
21301.8,17029,81979.8,14061.8,11845,77800.8,24830.4,909.807,15.453
11377.6,10288,72476.9,6372.75,5860,71270.4,15804.8,44.126,15.4541
11147.5,10404,70219.4,5810.25,5364,70988.2,10173.2,15.0977,15.4562
9569.95,9120,68769.3,4655.25,4320,70621.9,9679.14,-165.484,15.4593
8084.7,7227,73313.8,5745.75,5135,73330.8,34976.1,20.1855,15.4604
12028.3,11281,69877.1,7097.25,6565,70849.3,10696.5,-70.922,15.4615
14394.9,12401,76073.2,10090.5,9189,71965.5,13172.1,64.865,15.4657
16506.8,13504,80108.6,10413.8,8768,77837.1,7594.27,-32.9654,15.4667
12101,10629,74612.3,7014,6133,74950.2,25319,-23.3115,15.4678
8715.2,8348,68418.7,3057,2876,69660.5,8604.72,143.297,15.4699
10741.3,10143,69401.4,4621.5,4191,72267.9,27619,32.502,15.472
12155,11196,71149.5,8499,7724,72111.7,21049.8,68.0089,15.4731
16324.7,14229,75188.6,10124.3,8689,76361.3,24992.5,-56.8393,15.4762
9323.6,9012,67802,2976,2852,68385.4,14072.8,-59.8689,15.4773
6280.3,6027,68290.3,2361.75,2287,67678,6569.09,-33.7869,15.4784
10258.9,9123,73696.2,6004.5,5367,73320.5,13115.6,-13.3929,15.4784
6495.45,6329,67259.6,3141.75,3049,67529.6,6723.2,-82.8127,15.4836
14245.4,13540,68950.3,7498.5,6784,72438.3,9050.17,81.3599,15.4879
51604.8,33036,102372,40052.3,25932,101221,103732,224.002,15.49
11202.1,9126,80445,9995.25,8598,76186.2,8530.25,-14.9406,15.4931
19626.1,15124,85044.7,12670.5,10272,80838.6,20960.6,103.272,15.4942
9987.25,8516,76858.2,7729.5,6560,77219.6,15357.4,137.883,15.4974
5625.75,5228,70522,2434.5,2268,70347.2,11462,127.709,15.4974
20916.3,17572,78009,13705.5,11952,75150.9,16334.5,-74.5739,15.4974
15823.6,14276,72640.5,9113.25,8196,72870.4,13787.6,57.9618,15.4984
10945.3,10260,69913.7,5062.5,4768,69583.9,14480.1,-16.0242,15.4995
14209,13439,69290.9,5818.5,5611,67959.6,6428.55,130.478,15.5005
10713.9,9912,70838.3,4693.5,4392,70034.9,21881.5,-3.40234,15.5037
15113.8,13580,72938,3203.25,3004,69882.9,10492.6,-162.074,15.5069
6256.25,5664,72388.7,2533.5,2384,69645.8,9134.09,10.8367,15.509
16614,14858,73281.4,6148.5,5646,71368.8,10768.2,-5.56469,15.5143
11722.8,10372,74070.8,4389.75,4020,71563.8,6691.76,50.4885,15.5153
15948.4,13596,76875.1,7150.5,6216,75388.5,18572.8,-42.838,15.5174
7362.55,6805,70905.5,2856,2737,68385.4,10448.2,9.06734,15.5195
13884,12060,75447.9,8348.25,7580,72178.2,7984.08,22.9199,15.5248
16721.9,15068,72729.4,4649.25,4296,70924.9,23188.7,96.3085,15.5248
12925.9,6724,125983,4797.75,2768,113593,12086.8,-104.514,15.5259
12935,11308,74965.3,5306.25,4664,74560.5,12526,167.229,15.5269
9403.55,8637,71352.5,4169.25,4013,68087.7,7236.51,11.768,15.528
15398.5,13821,73016.1,6948.75,6185,73628.7,18704.4,25.0971,15.529
9285.9,8356,72829.2,6844.5,6324,70930,7637.67,120.113,15.5312
16008.8,13225,79331.3,12392.3,11005,73797.2,16781.5,140.409,15.5322
10128.9,9321,71216.7,5400.75,5225,67740.4,15085.9,-76.2469,15.5354
10273.9,8648,77857.3,7647.75,6684,74985.5,22654.5,89.4486,15.5375
6020.95,5817,67833.8,2766,2713,66816.3,9211.8,14.2738,15.5407
6536.4,5928,72262.1,2807.25,2604,70651.3,8242.12,-31.2698,15.5428
15063.1,13543,72891.9,7005.75,6311,72750.6,17876.2,71.5682,15.5502
12440.3,11613,70205,4355.25,4057,70353.9,16532.9,126.659,15.5523
5954.65,5402,72240.6,3251.25,3086,69045.3,14910.7,1.15964,15.5533
13906.1,12704,71737.3,5623.5,5188,71037.3,8049.72,27.2175,15.5586
14867.4,11885,81981.8,12648.8,10429,79485,19481.8,154.068,15.5618
10201.8,9485,70488.3,4837.5,4457,71130.9,11841.4,-84.725,15.5628
8511.1,8092,68930.2,5562.75,5128,71092.1,15958.8,-21.2398,15.5649
11230.7,10211,72080.6,7179.75,6359,73994.7,33428,21.1037,15.5649
13729.3,13131,68522.1,5478.75,5163,69543.9,10276,-2.96619,15.5671
9510.15,8982,69389.6,6196.5,5494,73915.9,11600.3,-116.536,15.5723
28625.3,20784,90261.3,19832.3,15364,84595.6,26675.6,129.717,15.5723
16777.8,14457,76056.6,9176.25,7673,78375.4,7810.84,49.5865,15.5734
8127.6,8129,65524.7,2322,2229,68270.3,13753.7,42.4831,15.5734
6541.6,6416,66818.9,2535,2480,66989.4,24090.9,-100.665,15.5755
12966.8,11332,74990.8,16340.3,14884,71948,8329.17,75.367,15.5755
7512.7,7484,65787.3,3606,3416,69181.2,10648.8,229.22,15.5797
16913,15902,69702.6,5946,5498,70876.1,16729.9,39.7913,15.5829
16736.8,16033,68413,6851.25,6337,70854.3,18491.3,-80.6749,15.584
12481.3,11988,68232.8,4401,4208,68541.8,6809.22,-62.1759,15.584
11144.9,10687,68344,4656.75,4223,72267.3,15581,-148.506,15.5882
21271.3,18476,75451,11156.3,9672,75593.1,14389.8,68.2592,15.5882
8587.8,8409,66929.5,3516.75,3353,68736.6,7429.13,84.8608,15.5924
11688.9,11036,69413.5,5169,4972,68132.7,9787.55,-152.588,15.5966
13987.3,13391,68454.6,4848,4699,67614.1,25900.3,109.107,15.5977
14162.8,13538,68560.8,3935.25,3814,67619.4,6326.89,-16.5778,15.5998
5835.7,5526,69208.9,3689.25,3442,70243.7,7042.88,-120.665,15.6008
5464.55,5288,67724.1,2464.5,2376,67977.1,18848,20.7917,15.6008
16542.5,13152,82430.8,11088.8,8944,81251.4,20658.3,-39.4764,15.604
13048.8,11496,74387.9,4814.25,4472,70551.6,8486.66,48.7011,15.6103
12816,11389,73747.7,8676,8233,69062.4,20399.5,140.273,15.6114
9891.05,9096,71264.3,5274.75,4892,70663.5,6937.66,42.7393,15.6135
27249.9,19945,89538.9,16673.3,13913,78537.9,15803.7,155.926,15.6156
19559.1,16940,75668.7,13050,11544,74085.7,31661,56.4301,15.6209
17646.2,15784,73268,7493.25,6764,72601.7,20599.2,101.566,15.6283
6251.05,6056,67646.8,2446.5,2412,66473.4,10062.6,-60.5782,15.6346
11093.5,10624,68432.5,5679.75,5472,68024.1,13331.9,1.21897,15.6346
8813.35,8284,69723.8,5016.75,4860,67649.7,12083.5,-3.03412,15.6378
12326.6,11252,71794.9,5837.25,5376,71158.9,14154.4,75.1481,15.641
9070.1,7777,76432.8,8958.75,7797,75300.8,18667.8,13.9184,15.6473
12721.1,12330,67615,2294.25,2234,67303.5,12457.7,60.5918,15.6547
12162.1,10841,73522.6,11056.5,10281,70479.4,17838.4,75.8696,15.66
8769.8,8420,68258.6,4317.75,4144,68283.8,9911.2,179.368,15.6621
11092.9,10456,69528,5206.5,4844,70440.4,19720.7,24.1989,15.6653
10746.4,9080,77563.8,9084,8008,74341.8,16502.4,106.02,15.6663
8912.15,8060,72464.8,4485.75,4136,71077.9,11298,53.7554,15.6674
12060.1,10691,73928.6,7536.75,6787,72775.7,19333.2,13.0334,15.6684
11807.9,10636,72756.9,5886,5416,71223.2,18793.7,141.194,15.6684
11545.3,11089,68232.7,3834,3749,67021.9,16502.4,-28.1402,15.6695
17795,16453,70881.7,6509.25,6129,69601.9,11038.5,-70.9348,15.6705
12823.2,11261,74627.6,7921.5,6973,74450.5,7033.06,41.0157,15.6737
6649.5,6070,71792.7,1677.75,1558,70573.2,7539.88,-37.2634,15.6758
11773.4,11002,70131.3,5056.5,4734,70000.6,14587.6,-46.1282,15.6769
14694.5,13448,71610.8,6861.75,6284,71561.4,10304.9,-61.4473,15.6779
12909,11321,74728.8,7637.25,6893,72612.1,18514,-74.6558,15.6811
13748.8,13188,68322.8,3720.75,3636,67063.5,11646,-80.4177,15.6811
12601.5,11546,71527.4,6374.25,5998,69647,13584.8,35.6095,15.6822
12410.4,11249,72302.5,6550.5,5985,71728.3,22265.1,135.903,15.6832
10599.5,10121,68634.7,3692.25,3437,70403.1,13693.9,-66.7346,15.6853
13473.2,12871,68602.3,8590.5,8371,67254.5,14317.4,54.5019,15.6885
32144.4,25767,81756.5,24504.8,18963,84688.3,34736.6,200.795,15.6885
8431.8,8129,67977.2,5700.75,5329,70107.8,13603.5,80.3288,15.6969
9701.9,9641,65950,3721.5,3565,68413,13537.3,109.571,15.699
9295.65,8949,68074.6,3723,3461,70497.1,24048.2,-46.4838,15.7043
6704.75,6704,65543.3,3435.75,3316,67902.7,18739.5,-152.064,15.7054
15556.4,14369,70951.9,7090.5,6533,71128.6,13425.2,149.135,15.7075
10127.6,9872,67233.1,4425.75,4304,67389.9,8307.69,-26.1122,15.7086
16006.9,14377,72965.7,16060.5,14489,72644.1,9972.2,51.2252,15.7096
14310.4,12844,73018.3,8456.25,7304,75874.7,17664.2,-37.6438,15.7096
20746.7,16368,83067.9,17287.5,13776,82241.1,12596.5,113.047,15.7128
7863.7,6673,77230,5577.75,4865,75137.4,30072.1,70.2498,15.717
8566.35,7697,72938.1,6979.5,6321,72363.3,21393.4,-4.24399,15.7181
9629.1,8740,72202.8,7656.75,6928,72429.7,13780.5,143.102,15.7191
6979.7,7020,65159.8,2899.5,2796,67962,8709.06,-81.1673,15.7212
16958.5,15313,72578.4,10302,9185,73505.9,18950.8,-33.3922,15.7233
6000.15,6113,64326.2,3638.25,3489,68339.5,13623.8,-81.352,15.7233
7430.15,6521,74673,7045.5,6317,73093.9,9711.45,57.255,15.7244
11508.9,10200,73945.8,7251.75,6536,72712.8,22514.8,64.5139,15.7265
9847.5,9456,68249.3,3797.25,3524,70617.6,9799.88,13.3917,15.7276
8747.7,8557,66996.5,5446.5,5133,69538.6,10806.3,-111.346,15.7286
13140.4,11540,74624.7,4748.25,4084,76195.2,25284,-8.69021,15.7318
13213.8,12305,70376.5,6540,5969,71805.2,8883.46,-50.2139,15.7318
11339.9,10749,69138.7,7158.75,6393,73385.9,22025.8,11.2122,15.7328
10482.5,10260,66957.6,4516.5,4292,68964,8784.51,-59.6701,15.7339
5766.15,5653,66847.8,3286.5,3109,69277.6,13479.8,17.5534,15.7371
10793.9,9747,72575,7074.75,6339,73142.6,11734.2,138.019,15.7392
11411.4,10753,69548.7,5024.25,4661,70643.5,21295,157.44,15.7392
14406.6,12485,75622.8,12588,10625,77644,19294.1,58.6149,15.7402
13704.6,12544,71599.5,7989,7056,74201.7,11829.9,25.3554,15.7423
9756.5,9189,69583.4,4527.75,4225,70232.1,7401.93,24.6618,15.7445
7406.75,6581,73759.1,6413.25,5617,74826.2,15373.1,4.58225,15.7466
8459.1,8201,67598.5,3343.5,3193,68625,10564.1,14.223,15.7466
9392.5,8920,69007.5,4998,4648,70470.9,15421.1,58.7605,15.7476
12208.3,11705,68354,4385.25,4093,70215.4,9138.52,11.6966,15.7487
9567.35,9117,68773.3,4073.25,3725,71663,7458.44,-32.1003,15.7487
14466.4,13925,68084,6703.5,6401,68633.1,7946.91,54.7413,15.7497
10325.9,9648,70140.8,6756.75,6004,73752.6,13787.4,-2.23815,15.7508
14574.3,12036,79357,8881.5,7488,77732.1,20884.1,-22.2849,15.7529
27587.3,21589,83744.6,23918.3,17941,87370.1,26135,163.278,15.7561
10657.4,10312,67731.1,5198.25,5036,67647.4,15055.5,107.794,15.7571
8084.05,7665,69118.9,3764.25,3505,70383.4,7016.51,50.4763,15.7582
28869.7,21132,89532.8,26482.5,20904,83025.1,14481.2,113.836,15.7582
14287,13156,71170,9396,8884,69313,12188.9,9.86192,15.7614
12679.5,9961,83422,10761,9097,77523.7,15938.6,120.661,15.7624
10644.4,9849,70828.6,3249,2925,72795.4,13258.4,72.6017,15.7635
11089,10052,72296.9,6356.25,5876,70892.3,13233.4,-58.9773,15.7645
7894.9,7687,67308.5,3292.5,3127,69004.6,12216.5,-68.3991,15.7645
7970.3,7526,69404.9,3872.25,3586,70767.4,13019.7,65.7307,15.7645
13898.3,12832,70981.8,6471.75,5844,72575.7,19276.9,147.196,15.7645
10693.8,10293,68087.9,5341.5,4965,70505.6,10332.4,3.91169,15.7698
8312.85,7889,69057,3183,3125,66752.4,8649.05,97.715,15.773
12650.3,11504,72066.2,4239.75,3904,71172.2,18133.6,-45.4015,15.774
18217.5,15657,76253.8,11321.3,9705,76450.2,11198.7,65.7991,15.7751
12131.6,10028,79283.7,11847.8,9964,77926,18628.8,-56.6001,15.7751
9585.55,8713,72099,4550.25,4109,72573.7,12332.2,89.8365,15.7751
13370.5,12497,70116.8,4920,4757,67781.6,8847.65,-16.6725,15.7782
8991.45,7792,75624.2,5577.75,4900,74600.7,45538.8,41.2886,15.7856
11898.9,9692,80458.8,6936.75,5848,77737.1,11533.8,94.1665,15.7878
10483.2,9597,71587.7,2922.75,2729,70188.8,16390.6,-1.47598,15.7888
13772.2,12349,73088.9,4104,3741,71895.1,13300,167.2,15.7888
87631.7,47917,119854,61332.8,37197,108060,80429.4,400.317,15.7888
16320.8,13157,81295.4,5427.75,4773,74526.1,30149.8,28.9669,15.7899
17876.3,15781,74237.5,8973.75,8049,73065.4,21120.2,24.1463,15.792
13389.3,12601,69636.1,6162.75,5737,70399.5,17369.2,135.227,15.7941
27459.2,24165,74470.1,16008.8,13297,78901.2,15705,161.09,15.7962
10844.6,10128,70173,3812.25,3508,71220,17399.9,99.1061,15.7973
8347.3,7681,71221,6407.25,5573,75346.4,25230.4,66.9918,15.7983
10790,10340,68388.1,5147.25,4960,68010.1,7325.25,62.5047,15.7994
12443.6,11103,73449,11823,10495,73828.7,22173.7,45.6067,15.8004
11323,10820,68582.6,5208.75,4820,70821.7,15564.4,49.2951,15.8036
15163.2,14025,70854.6,5999.25,5353,73447.9,20203.8,-39.4593,15.8099
12132.3,11581,68655.5,3966,3785,68670,13880.1,-141.562,15.8099
10992.1,6798,105970,4763.25,3050,102349,23222.6,111.787,15.811
7339.15,7217,66645.2,2806.5,2709,67894.7,20132.5,-2.47661,15.812
18061.5,15800,74916.6,13464.8,11736,75189.7,14860.6,52.7615,15.8131
11304.1,9557,77516.9,8445.75,7713,71762,17614.9,102.538,15.8141
11380.8,10241,72830.3,7751.25,7237,70192.9,12316.4,-25.4029,15.8173
31196.1,22881,89352.2,32045.3,24149,86965,7876.45,206.104,15.8173
5387.2,5131,68808.3,2148.75,1999,70445.5,27311.2,-8.7664,15.8215
19701.5,16513,78190.4,15779.3,14065,73523.6,11801.8,11.5965,15.8215
13258,12116,71713.4,5985,5460,71837.5,12056.2,36.5269,15.8279
19912.1,18232,71575.2,9182.25,8556,70332.9,9139.33,144.997,15.8289
9687.6,9206,68964.4,4332.75,4098,69290.2,18830.8,82.7123,15.83
14314.9,12932,72544.4,7250.25,6500,73100.4,7666.89,-4.58813,15.831
14181,12767,72794.6,7693.5,6943,72620.1,31580.1,19.4532,15.8332
15349.1,12768,78784.4,16308,13808,77401.6,26690.3,115.097,15.8427
7849.4,6696,76824.7,6595.5,5864,73711.2,17557.1,-39.3598,15.8427
12252.5,11960,67138.8,2860.5,2792,67143.9,23089.6,-27.5277,15.8448
10093.8,9431,70142.1,5208.75,4631,73712.1,34496.6,112.224,15.849
18237.7,14309,83529.7,14343,11909,78930.5,41327.5,23.3869,15.8501
20695.3,17020,79688,13155,10856,79414.7,15319.4,-60.7757,15.8511
10201.1,9910,67461.1,4022.25,3762,70069.7,7866.17,42.7044,15.8511
18344.3,15336,78391.5,12279,10216,78770.2,7254.03,71.1074,15.8522
11030.5,10708,67509.8,4386,4160,69096.4,10318.3,55.5122,15.8522
9752.6,9459,67570.2,4042.5,3747,70704.4,33684.7,27.9741,15.8543
17592.3,13988,82422.5,15901.5,13588,76694.2,7770.29,193.208,15.8606
18160.3,17544,67838.4,3660.75,3452,69499.1,23148.2,-11.1899,15.8638
24024.6,18796,83766.7,16828.5,13596,81117.4,9675.25,-2.94361,15.8638
9254.05,8781,69066.6,5577.75,5097,71717.4,15431.9,63.92,15.8659
14147.9,12952,71587.1,6015.75,5528,71318.4,12510.9,-90.7702,15.8669
8272.55,8100,66932.1,3020.25,2864,69111.4,12415.4,63.1734,15.8712
7530.25,7383,66843.1,2174.25,2099,67885.5,12767.7,-5.63983,15.8775
11287.9,10181,72661.2,7294.5,6657,71812,10441.4,64.1076,15.8786
18403.4,13375,90174.8,17219.3,13103,86123.8,11792.5,131.137,15.8786
10466.9,10329,66411.3,4403.25,4317,66845.4,10671.8,34.8589,15.8786
13703.3,13277,67640.2,5108.25,4989,67102.5,6619.17,-85.3888,15.8807
7107.1,7040,66160.6,1470.75,1428,67497.9,12627,-35.7345,15.8828
24241.8,21783,72933.4,15057,13223,74625.7,7590.61,19.4947,15.8838
15977,14097,74276,6735,6021,73307.6,13510.1,85.4923,15.8838
8760.7,8504,67514.3,2660.25,2524,69073.8,12656.9,-25.4157,15.887
13022.8,12012,71050.5,4849.5,4476,71004.7,6469.5,17.8169,15.8881
16029,14253,73702.1,11321.3,10137,73192.2,8304.83,16.8879,15.8891
6747.65,6268,70551,1644.75,1560,69096.4,18772.3,-23.9255,15.8955
15733.9,13852,74439.6,10328.3,8972,75442.7,16411.5,80.2232,15.8955
12535.9,11040,74416,6246.75,5488,74596.8,17537.8,64.7009,15.8997
9215.7,8572,70457.3,5812.5,5304,71819,8249.42,42.69,15.9007
12588.5,11889,69392.1,4778.25,4593,68179.3,12141.7,53.7237,15.9092
9829.95,9057,71129,3510,3297,69769.9,11824.3,-105.364,15.9145
10731.5,9588,73352.1,10177.5,9456,70536.5,10250.6,94.2148,15.9145
7216.95,6832,69228.6,3192.75,3072,68112,7701.57,73.6706,15.9166
11659,10165,75168.5,7283.25,6769,70514.9,31636.2,48.6911,15.9176
15347.1,14352,70080.2,4209,3984,69237.2,13138.3,38.2062,15.9187
8034,7712,68272.3,2227.5,2100,69515,9975.42,48.6451,15.9208
8528.65,8432,66287.2,3988.5,3876,67438.2,16212.6,-6.62929,15.9208
11917.1,10558,73972.3,7351.5,6602,72976.1,7560.33,94.3159,15.9219
15130.7,12941,76625.1,7613.25,6889,72425.9,14008.4,-79.6465,15.9229
15654.6,14005,73255.3,6528,5605,76328.1,22733.5,-38.6944,15.9229
17447.3,15941,71728.6,7139.25,6565,71268.5,14787.7,54.4843,15.924
30354.3,26570,74870.3,17351.3,14874,76451,15304.7,78.5448,15.924
10752.9,10653,66150.9,5262.75,5097,67667.2,12210,0.401131,15.925
11066.3,10942,66280.2,2680.5,2590,67826,13713.3,-75.3354,15.9271
11976.3,9882,79424.8,13275.8,11358,76601.5,16774.2,110.31,15.9271
16053,15003,70122.8,10345.5,9263,73194.7,17456.3,17.404,15.9303
16933.8,15372,72194.5,14096.3,12472,74070.9,15650.4,43.2718,15.9345
12101,11448,69274.5,6258,5752,71301.2,10290.6,90.7733,15.9345
10672.3,10412,67174.7,4585.5,4312,69692.8,10435.2,48.6278,15.9356
11679.2,11245,68066.5,4642.5,4281,71070,9704.31,8.2353,15.9356
11498.5,11069,68078.9,7792.5,6937,73618.2,15731.7,66.4888,15.9356
12897.9,12321,68604.8,5249.25,4885,70422.7,14784,-97.7356,15.9356
15906.1,15360,67866.2,5363.25,5056,69518.6,14612.1,-7.42915,15.9377
57664.1,38830,97323.6,36738.8,24878,96780.7,37530.6,118.13,15.9419
9438.65,9392,65861.5,3786,3648,68015.2,21922.2,3.47613,15.9419
9990.5,9537,68652.4,5301,4865,71409.3,14573.1,-16.0277,15.9419
7985.9,7528,69522.3,3628.5,3368,70604.9,8769.55,-24.4096,15.944
11891.1,10801,72150.3,8678.25,7669,74160.6,13523.3,133.652,15.9451
27565.8,18649,96871.4,30977.3,21321,95217.2,41723.1,243.532,15.9461
15623.4,14209,72059.6,9022.5,8085,73135.3,13515.8,16.6921,15.9472
18929.9,17005,72954.6,9016.5,8057,73340.6,15965.6,58.74,15.9472
5659.55,5792,64037.3,2925,2832,67688.1,6621.92,114.131,15.9546
13144.3,12573,68513.9,5089.5,4845,68843.2,10985.4,-73.5128,15.9546
17642.9,15935,72560.3,8141.25,7147,74653,15489.4,39.8379,15.9556
6132.75,6038,66564.4,2016.75,1954,67640.6,7300.86,-13.1744,15.9578
11183.9,10504,69778,4598.25,4284,70343.4,10563.3,183.643,15.963
5929.95,5817,66808.5,2669.25,2585,67671.9,14788.3,2.88424,15.9641
7126.6,7161,65221.2,2535,2461,67506.6,7282.16,-112.074,15.9652
9715.55,9060,70278,6921.75,6160,73640.2,7174.94,57.3504,15.9652
9622.6,9133,69049.2,3021,2813,70381.9,6447.84,-1.10232,15.9673
15108.6,13805,71724.5,6509.25,5817,73335.1,16775.3,-45.3504,15.9673
8279.7,7957,68193.8,3279,3041,70665.1,9261.16,-28.7281,15.9683
26189.1,20145,85198.9,20321.3,15893,83796.2,12380.6,40.8147,15.9715
7592,7529,66084.4,2766,2669,67917.8,10960,6.46811,15.9725
12260.3,11581,69380.1,5292.75,4969,69805.9,15599.7,-94.3263,15.9757
16703.7,13369,81883,13038.8,10909,78330.5,12168.8,17.6027,15.9768
9249.5,8328,72787.6,8012.25,7292,72009.2,19408.3,-42.0094,15.9778
12325.3,11872,68038.3,9007.5,8596,68673.3,11603.4,7.30393,15.9778
10777,10073,70116.3,3848.25,3625,69572.1,17581,14.8193,15.9778
9136.4,8584,69753.4,6993.75,6444,71127,18469,-29.9341,15.9799
6641.7,6041,72052.7,4512,4105,72033.7,20529.1,-91.0715,15.981
10080.2,9645,68493.1,3629.25,3341,71190.2,11473.8,22.7888,15.982
5564.65,5276,69121.5,3252.75,2988,71342.8,8678.13,1.39386,15.9831
13677.3,12642,70903,4619.25,4258,71096.1,18256.7,-189.886,15.9884
6139.9,5991,67164.8,3219,3063,68873.8,12868.3,20.1564,15.9894
13087.1,11271,76095.8,6141.75,5331,75502.9,12412.3,2.11353,15.9894
12781.6,11972,69967.8,5495.25,5216,69044.6,18894.1,-18.7701,15.9905
10241.4,9813,68397.1,3381,3265,67864.4,15329.9,27.8039,15.9916
9250.15,8804,68857.1,4212.75,4064,67934.7,8234.69,12.5905,15.9937
13195,11948,72375.9,8060.25,6936,76158.7,17250.1,25.1517,15.9979
10231.6,9548,70228.5,3396,3164,70341.4,6565.28,-6.26673,15.9989
11737.7,11185,68774.4,5078.25,4821,69033,13278.6,-25.439,16.0042
12849.8,12205,68998.6,4368,4237,67562.3,11256,70.957,16.0053
9869.6,9488,68171.8,2490,2436,66988.8,14472.6,135.336,16.0095
11778,9788,78860.1,9802.5,8728,73604.1,18945.3,103.348,16.0095
7610.85,7037,70880.3,2805,2653,69290.8,22886.7,3.43988,16.0106
15491.4,14068,72167.2,5461.5,5072,70568.8,9844.45,-26.17,16.0137
14867.4,13457,72404.9,6000,5445,72216,7296.26,-65.6342,16.0148
11408.8,10428,71700,5315.25,4888,71264.4,7805.75,-175.733,16.0158
15469.3,12993,78026.6,16442.3,14677,73418.2,18117.7,205.719,16.018
15478.4,13568,74763.8,9944.25,8804,74023.9,13280.8,-15.9791,16.018
8159.45,7841,68197.6,2823,2725,67892.9,6441.15,-28.6221,16.019
13537.5,12341,71890.2,5469,5025,71326.6,15861.7,205.804,16.0222
10814.7,9036,78436.5,7869.75,7020,73468.9,14709.6,82.0072,16.0232
5718.7,5296,70766.8,2221.5,2112,68933.8,6933.21,-56.1606,16.0285
10263.5,9168,73367,3688.5,3424,70598.6,6675.68,-97.4309,16.0338
20995.6,16294,84446.5,14969.3,11953,82073.5,18131.5,14.7986,16.0338
14760.8,13029,74247.2,5121.75,4725,71038.9,14409,0.318489,16.0401
8862.1,7728,75153.5,3343.5,3056,71701.4,16136,-32.4264,16.0401
10225.8,8924,75096.1,5343,4780,73255,24161.3,25.752,16.0412
11767.6,9965,77391,7861.5,7017,73423.3,7981.5,151.92,16.0422
7411.95,6602,73576.1,2430.75,2318,68723.7,11636.1,46.8627,16.0486
14140.7,12668,73155,4668.75,4408,69412.7,8202.77,44.4117,16.0539
20672.6,16653,81354.7,9790.5,7849,81746.8,12672.5,12.4238,16.056
11858.6,10747,72314.6,5739,5455,68948,9289.3,20.2909,16.057
16519.8,15284,70834.8,5312.25,5104,68210,10820.9,-52.0067,16.0634
12346.8,10692,75678.7,7177.5,6416,73314.3,23544.6,-78.2848,16.0644
10330.4,9448,71657.1,2747.25,2588,69568.7,7895.16,-34.6967,16.0655
10122.4,9228,71888.3,8356.5,7580,72249.5,32842.6,-27.8943,16.0665
8051.55,7589,69530.4,4026.75,3873,68137.6,8616.52,-77.7238,16.0739
11431.5,10389,72112.6,6779.25,6401,69408.7,10822.7,33.1333,16.075
6665.75,6116,71426.8,3009.75,2852,69160.9,22692.8,53.3272,16.0824
6039.15,5718,69216.8,2102.25,2054,67075.5,6379.48,9.22025,16.0824
10610.6,9568,72677.3,3009.75,2784,70850.2,17888.4,87.0477,16.0834
22586.2,20372,72659,8820.75,8004,72223.5,20094,-53.2152,16.0855
11417.3,10687,70014.1,5243.25,5019,68464.2,11174.5,77.84,16.0898
12359.8,11161,72574.9,6145.5,5657,71195.3,8038.93,-14.0621,16.0898
14917.5,13325,73368.3,6276,5789,71049.2,16098.8,26.055,16.0898
7018.05,6533,70401.8,2743.5,2629,68390.3,18837.6,-51.4479,16.0961
11748.8,10321,74601.9,7320.75,6773,70836.1,20696.4,123.062,16.0982
13346.4,13109,66723.1,5208.75,5093,67025.5,8897.96,-44.1944,16.1024
10026.3,8732,75249.7,8093.25,7004,75728.1,21696.4,-58.4354,16.1056
10178.3,9453,70564.7,6554.25,5849,73438.1,10014.9,70.1436,16.1088
11455.6,10913,68794.5,6000,5669,69362.5,8935.98,-23.5558,16.1098
11653.2,10976,69579.5,5898,5504,70227.4,6915.23,131.32,16.113
6033.3,5981,66109.1,1796.25,1741,67615.8,15735.5,-41.8714,16.113
6793.15,6779,65672.8,2838.75,2763,67332.7,8275.48,53.869,16.1151
25938.9,21557,78857.5,18567,15893,76562.4,13600.8,112.149,16.1246
6973.85,6820,67014.4,2914.5,2708,70533.5,31765.4,89.9662,16.1267
7719.4,7472,67705.9,4011,3700,71044.6,12141.9,113.924,16.1267
7056.4,7215,64095.4,2716.5,2687,66255.5,16587.6,37.2166,16.1299
14419.6,13149,71868.8,5891.25,5113,75511.2,22772.1,11.1842,16.1404
12741.3,11713,71289.5,8103,7217,73581.6,12595.2,3.82665,16.1415
9144.85,8961,66880.6,5642.25,5153,71758.3,14932.9,-58.1812,16.1426
44051.1,29696,97216.3,38617.5,26016,97280,28368.7,312.834,16.1426
33584.2,16770,131245,24003.8,14498,108505,33771.4,101.931,16.1468
12066.6,11505,68735,6567.75,6037,71297.7,10076.7,-5.5387,16.1478
10733.4,10505,66961.2,5559.75,5149,70764,10352.1,117.431,16.151
6753.5,7022,63030.1,2495.25,2346,69705.3,24202.8,41.2304,16.1542
17451.2,16464,69465.6,7782,7040,72443.4,7954.5,-53.6189,16.1584
5488.6,5604,64186.4,2700.75,2532,69903.8,11626.5,27.0831,16.1605
10148.4,9492,70068.4,7197.75,6484,72750.1,7505.85,37.5579,16.1605
10377.3,9952,68336.4,6135,5712,70389.2,24510.6,127.219,16.1626
7644,7732,64790.1,4698,4528,67996.5,19909.6,87.8318,16.1626
7318.35,7302,65682.7,3592.5,3346,70364,12584.2,-34.8729,16.1637
17609.1,13860,83263.6,11815.5,9444,81992.9,9581.23,98.5399,16.1668
11284.6,10885,67942.2,5829,5381,70992.3,8982.08,16.8624,16.1668
6837.35,6764,66246.7,3113.25,2908,70161.6,9397.6,-45.9332,16.169
12704.9,12068,68994.7,4943.25,4564,70981.8,11209.4,46.0187,16.17
15458.3,13401,75597,14386.5,12553,75108.2,33131.8,73.5749,16.1721
20057.7,18207,72197.6,14119.5,13051,70901.5,10461.5,199.987,16.1869
8680.1,7929,71744.1,6921,6061,74835,10722.2,-46.843,16.188
16931.2,13460,82437.1,13572,11392,78077.1,51021.8,88.3825,16.189
7852,7273,70753.3,3148.5,2889,71422.7,21873.8,71.4179,16.1901
8340.15,8060,67813.9,4008.75,3884,67640.9,29240.8,2.34109,16.1922
23202.4,19895,76430.9,14006.3,12295,74657.5,26508.1,133.164,16.1922
10338.9,9466,71579.4,6502.5,5758,74009.7,7179.55,136.47,16.1943
7365.15,7093,68050.5,2162.25,2101,67446.6,10160.3,97.6582,16.2017
10012.6,8501,77189.2,6161.25,5473,73777.4,15391.6,88.0016,16.2027
11727.9,10140,75799.1,5466,4748,75446.5,21907.7,158.277,16.208
12981.1,11929,71316.3,6053.25,5661,70077,10228.9,21.9756,16.2091
9352.2,8585,71392.6,4629.75,4525,67053.1,10624,-12.4393,16.2133
11636.9,10421,73182.9,2646.75,2485,69801.8,12050.9,-25.3929,16.2133
10621.6,9521,73112.1,5514,5317,67964.2,7207.45,161.409,16.2133
6859.45,5990,75048.6,2436,2310,69110.7,10644.4,21.96,16.2154
13079.3,11424,75032,7801.5,7348,69580.7,14592.8,-9.14842,16.2175
33171.4,22078,98465.6,21302.3,15898,87813.8,56701.8,67.5291,16.2175
13334.1,10908,80112.2,9099.75,8012,74433.5,9705.64,162.175,16.2196
10104.9,9180,72138.9,5598.75,5324,68918,7252.69,96.0474,16.2207
11565.4,10564,71748.7,5196.75,5092,66884.2,6978.43,-103.462,16.2228
11570,9961,76122,5928.75,5417,71727.3,7751.63,40.1287,16.226
11459.5,10369,72428.4,3963,3665,70864.7,10934.3,97.6291,16.227
5585.45,5114,71577.6,2526,2378,69614.8,9099.23,-29.582,16.2291
11087,10424,69704.6,4734,4668,66462.6,22308.7,0.0216038,16.2313
8492.9,7900,70454.5,3256.5,3192,66860.3,10777.9,-67.4851,16.2323
9592.05,8776,71630,4710,4456,69271.7,12733.3,73.4815,16.2334
12816.7,11624,72260.4,6135.75,5804,69282,15233.2,81.1275,16.2334
12181,11229,71092.2,4322.25,4061,69752,20642.2,0.944236,16.2355
8205.6,7732,69550.2,4415.25,4148,69758.4,16939.6,-108.137,16.2355
9556.95,9342,67043.9,4509.75,4490,65824.3,16035.3,-4.04263,16.2365
7337.2,7020,68497.3,2859.75,2703,69336.5,11567.8,-6.45473,16.2397
8032.7,8087,65096,3566.25,3399,68760.7,8198.38,-82.0081,16.2429
11436.8,11144,67257.6,5313.75,5000,69648.4,6865.56,35.002,16.246
6035.9,6316,62629.6,2871.75,2828,66549.9,8203.22,65.9117,16.246
22244.3,19425,75047.7,12812.3,11457,73288.3,28325,-24.2845,16.2482
15400.4,14633,68973.1,5585.25,5261,69575.2,16151.9,-60.807,16.2482
13907.4,13685,66601,6704.25,6417,68469.6,6586.22,21.2525,16.2524
7589.4,7884,63087.1,3063,3052,65772.2,14228,29.5653,16.2545
4835.35,5284,59971.5,2487.75,2436,66928.2,6693.27,5.76846,16.2545
8226.4,8597,62710.9,4179,4021,68111.2,15921.4,21.7617,16.2587
10413,10370,65807.8,6099,5686,70296.2,11523,134.587,16.2629
13070.2,12832,66752.5,6712.5,6052,72688.4,9918.69,63.2672,16.264
8679.45,7857,72396.1,7495.5,6405,76694,13281.8,61.4208,16.2724
29153.1,23788,80317,13705.5,11416,78679.4,24939.9,159.023,16.2756
8008.65,7278,72115.3,3183.75,2890,72197.3,17170.9,22.5747,16.2756
7129.2,6629,70481.1,3100.5,3029,67083,8520.88,-82.0202,16.2756
12706.2,11167,74569.1,5646,5035,73488.8,11007.8,79.5663,16.2767
18012.1,14598,80863.4,10909.5,9190,77798.2,19182.1,61.1991,16.283
11179.3,9509,77048,7904.25,7269,71263.3,15337.4,-34.1164,16.2851
9724.65,9082,70173.4,3692.25,3642,66440.2,11265.1,-9.88336,16.2862
45621.5,34880,85718.3,28527.8,22160,84368,27847.6,240.613,16.2883
15487.5,14388,70544.4,6852.75,6576,68294.1,16228.6,69.9101,16.2904
22099.3,19485,74329.1,14039.3,12297,74821.2,14616.1,51.9107,16.2904
7230.6,6741,70295.9,2663.25,2465,70806.8,9629.55,103.698,16.2914
11193,10472,70048.2,9185.25,8488,70919.5,16945.4,-7.51683,16.2925
7803.25,7288,70169.3,3201,3004,69833.8,6329.67,-85.3779,16.2946
15135.2,13489,73534.3,7355.25,6545,73649.2,9388.83,67.5872,16.2957
12923.9,12048,70300.8,6318,5712,72488.9,14885.5,131.021,16.2978
6138.6,5768,69746.8,2860.5,2648,70795.2,13287.5,-5.65936,16.2988
15738.4,13897,74220,13301.3,11641,74882.8,20945.3,196.153,16.2988
10469.5,10040,68339.9,3802.5,3704,67278.8,9621.46,-5.52159,16.2999
7043.4,6689,69008.3,2755.5,2613,69110,15444.6,-96.0404,16.301
13625.9,11556,77275,12783,10688,78382,33999.3,-48.5777,16.3031
10897.9,10088,70797.5,6178.5,5692,71137.4,13696.1,112.145,16.3031
20885.8,17248,79358.3,16449,14308,75342.6,18225.1,114.555,16.3041
12020.4,11376,69248.6,4037.25,3808,69481.4,14915.1,-51.3005,16.3094
9840.35,8396,76810.1,4647.75,4152,73361,16588.8,-57.3834,16.3105
5896.8,5813,66480.8,2241.75,2197,66870.9,7367.79,-24.3569,16.3126
9746.75,9437,67687.1,6240,6073,67338.2,15566.4,33.815,16.3136
5768.75,5681,66548.3,2898.75,2837,66962.5,11659.5,-71.8182,16.3157
11536.2,10751,70322.4,4083,3835,69774.1,11898.9,24.4928,16.3168
6102.85,5894,67858.2,2556,2482,67489.9,11525.7,-32.2532,16.321
12470.3,11949,68394.9,5241,5101,67334.7,13312.1,-30.6003,16.321
8406.45,8072,68251.4,2982,2952,66202,6678.33,139.069,16.321
16625.7,15188,71739.6,7419.75,6996,69505.5,22672.8,-56.7521,16.3231
5761.6,5497,68690.6,2427,2253,70597.4,18345.1,25.9706,16.3252
9579.7,9257,67820.6,3817.5,3549,70494.1,13901.3,-9.12243,16.3263
12656.8,11864,69915.4,6118.5,5692,70446.6,10242.9,25.4151,16.3273
7325.5,7064,67962.1,3221.25,3064,68899.4,8206.46,-44.1684,16.3284
18753.1,17069,72002.3,6263.25,5497,74671.3,19255.6,34.5363,16.3295
7613.45,7297,68378.1,4265.25,3953,70712.7,6343.52,44.4816,16.3295
19726.8,18064,71568.8,9690,8356,75998.5,43851.6,55.972,16.3295
12214.8,10556,75834.5,9996,8776,74646.5,15264.6,126.706,16.3326
39904.8,29065,89977.7,27857.3,20429,89365.7,25078.6,446.258,16.3379
11629.1,10913,69836.7,4058.25,3793,70119,12723.3,58.8618,16.339
14394.9,12485,75561.4,10836.8,9365,75835.3,20718.5,-86.7786,16.339
9462.05,8827,70250.9,6491.25,5739,74126.3,15920.9,-34.1383,16.3421
7521.8,7033,70090.8,6171,5597,72257,11347.4,72.6735,16.3421
7226.7,6977,67881.5,6201.75,5653,71897.7,14252.2,116.424,16.3453
14535.9,12833,74232.7,7352.25,6325,76179.8,22412.9,36.9977,16.3453
13302.9,11660,74770.1,8932.5,7656,76462.9,22115.9,28.4089,16.3464
7625.15,7000,71388.8,5103.75,4648,71962,9898.89,84.768,16.3495
11890.4,11537,67543.8,4966.5,4737,68711.1,27365.6,22.1916,16.3516
12908.3,11855,71359.1,8150.25,7471,71494.4,12501.7,89.8302,16.3569
8328.45,7856,69477.2,3681.75,3444,70060.2,9004.88,84.8016,16.358
18357.9,15494,77649.8,14216.3,12386,75220.1,27197,-32.8421,16.359
5262.4,5057,68197.9,2373.75,2241,69418.2,21837.5,-41.2407,16.3601
6522.75,6321,67627.7,2822.25,2693,68681.4,15514.4,-88.3031,16.3601
9113.65,8701,68644.1,3951.75,3737,69302.1,11990.3,8.14939,16.3601
27610,21934,82495.3,25169.3,19918,82814.1,19519.3,74.0864,16.3622
11974.3,11283,69551.3,4920,4551,70849.7,13595.6,-3.95094,16.3633
11933.3,11498,68017.4,6468.75,6014,70491.5,20022.2,-47.1925,16.3643
19527.9,17625,72611.8,12825.8,11689,71909.4,9323.8,136.39,16.3728
9004.45,8056,73251.7,6573,5864,73459.8,15386.2,-88.2982,16.3749
7922.2,6857,75716.7,7626,6717,74404.9,17188.6,-54.826,16.377
15668.9,14308,71769.4,9330.75,8420,72624.7,22032.5,20.672,16.378
10988.9,10492,68639.8,4017.75,3756,70103.1,9872.75,74.449,16.378
13874.2,12904,70463.6,8404.5,7736,71199.2,16532.2,134.399,16.3791
6135.35,6277,64057.1,2156.25,2133,66250.4,9437.26,-143.115,16.3791
26917.8,23105,76350.8,14983.5,12645,77655.9,23661.8,204.651,16.3812
11064.9,10669,67968.2,5402.25,5101,69406.4,14099.2,107.83,16.3844
7842.25,7693,66807.4,3216.75,3113,67720.2,9146.65,111.456,16.3865
7668.05,7336,68502.4,3355.5,3116,70573.2,7174.94,12.6304,16.3875
13399.1,11278,77861.6,8016.75,6813,77115.2,26988.2,15.3257,16.3918
6780.8,6527,68084.4,3603.75,3327,70987.5,12613.1,-21.974,16.3939
10000.3,9483,69110.7,4768.5,4383,71300.1,10187.8,-87.2429,16.397
18155.1,16744,71059.2,8630.25,8012,70593.1,6794.51,50.4847,16.397
15492.1,14340,70801.3,8493.75,7824,71146,12014,110.489,16.4055
10167.9,9545,69813.2,4569.75,4317,69373,6840.5,-59.5971,16.4065
11114.3,9421,77315.6,6300.75,5657,72993.8,17347.9,31.168,16.4087
9790.3,8911,72002.8,6209.25,5775,70464,8001.54,65.0593,16.4097
13129.3,12232,70343.8,6267.75,6008,68369.4,21674.2,-97.9946,16.4108
14218.7,13136,70937.9,5731.5,5172,72625.6,6592.41,-124.088,16.4129
6160.05,5811,69472.6,2427,2323,68470,8842.91,93.4077,16.416
9560.2,8992,69677.2,5533.5,5252,69048.6,11402.3,-27.0885,16.4182
13310.7,12685,68768.6,5434.5,5305,67135.8,18418.8,-3.27221,16.4203
11347.7,10176,73082,5323.5,4708,74103.8,24809.4,79.0476,16.4213
53786.2,34776,101361,41544.8,24092,113012,26939.2,357.608,16.4224
20449,17292,77500.9,11869.5,10232,76024.2,16372.8,85.3847,16.4329
11303.5,10740,68974.5,7783.5,7428,68672.5,11863.3,-41.7258,16.4329
10045.8,9760,67454.7,2755.5,2564,70430.8,27135,8.44022,16.4361
9848.15,9540,67652.9,4179.75,3920,69878.6,8597.8,-24.4031,16.4372
7805.2,7896,64782.4,3279,3176,67661.4,13169,-50.3749,16.4382
9762.35,9305,68757.2,5854.5,5437,70568.4,21923.4,24.9761,16.4393
5431.4,5518,64507.5,2603.25,2506,68079.3,13507.3,-60.7076,16.4393
15032.5,13305,74045.3,10221,8873,75492.3,7114.99,-41.5474,16.4403
16394.3,15880,67658.5,5319.75,5032,69283.6,10230.6,37.4555,16.4435
9048,8183,72463.6,6558,5783,74318.7,23535.9,79.0955,16.4446
26729.3,21769,80469.1,13729.5,11181,80473.7,9874.69,24.5689,16.4446
13112.4,13105,65573.3,4684.5,4577,67075.3,23421.4,12.8798,16.4498
10067.8,9869,66856.5,5248.5,4873,70586,9021.67,81.361,16.4498
7262.45,7229,65839.3,3530.25,3277,70600.7,16390,-3.19596,16.4509
9204.65,8848,68177.7,5095.5,4672,71476.6,15739.4,-34.1315,16.4541
16835.6,15533,71032.1,6270,5773,71178,7333.31,2.3044,16.4551
7427.55,7262,67030,3270,3070,69805.4,7878.1,-45.8761,16.4572
9267.05,9221,65863.3,4696.5,4513,68200.7,6520.41,-34.6451,16.4572
14765.4,13639,70948.4,12943.5,11971,70860,18989,20.7864,16.4615
18200,14960,79729.6,14558.3,11588,82334.3,18129.1,-19.6013,16.4625
16730.3,15463,70907.4,9706.5,8659,73464.1,14636.7,66.5299,16.4646
6919.9,6894,65782.2,3437.25,3252,69269.3,13673.5,-101.134,16.4657
6390.8,6409,65349.9,2175.75,2137,66724.4,9654.32,-3.80282,16.472
8750.95,7857,72992.5,8985,7829,75212.8,34695.3,-39.1439,16.472
7106.45,6936,67146.5,2917.5,2876,66481.7,7450.61,25.52,16.4752
5691.4,5456,68363.6,2167.5,2064,68822.3,12747.9,70.0409,16.4752
11016.2,9948,72573.1,8114.25,7288,72965.9,23655.2,6.851,16.4762
15081.3,14291,69160.2,5427.75,5207,68314.4,16161.6,81.9526,16.4784
13001.3,12369,68886.2,4675.5,4449,68872.5,9489.47,65.8634,16.4784
5536.05,5141,70572,2553.75,2353,71127.3,10309,-2.96743,16.4794
11564.1,11012,68822,4059,3908,68068.2,14748.4,-40.1143,16.4805
14723.1,13192,73142.5,8025,7080,74283.4,12407,-50.3463,16.4826
10749.7,10020,70308.6,6300,6052,68221.5,8973.31,40.9428,16.4836
7801.3,7268,70344.8,3856.5,3556,71074.1,10350.1,52.071,16.4847
14574.3,13644,70004.5,2789.25,2616,69876.3,15340.1,112.084,16.4952
9865.7,9093,71105.1,3470.25,3205,70959.8,7407.36,-4.27838,16.4963
9278.1,8609,70629.5,3726.75,3397,71897.6,12050,57.1671,16.5037
8162.7,7260,73684.7,7302,6412,74632.5,23869.3,83.383,16.5037
11307.4,10640,69646.8,5807.25,5376,70793.1,25886.9,27.4071,16.5037
8321.3,7309,74612.8,5328.75,4601,75902,16848.3,112.027,16.509
8186.75,7872,68156.4,3483,3328,68588.3,12743.3,80.3611,16.509
17304.3,15119,75008.6,9731.25,8623,73958.9,15895,86.2626,16.509
5944.9,5634,69152.5,2567.25,2374,70870.8,10257.7,-62.3055,16.51
13252.8,12664,68583.3,4853.25,4696,67730.5,8596.37,-25.2631,16.5111
6522.1,6045,70708.4,2409,2221,71083.4,11104.1,-101.897,16.5121
9168.9,8557,70222.4,5594.25,4969,73782.4,18904.1,-48.8704,16.5153
13321.7,12351,70686.9,5961.75,5259,74293.5,29240,164.021,16.5153
8095.1,7873,67384.8,3264,3125,68451,17326.9,39.7688,16.5185
13435.5,12212,72101.9,7247.25,6544,72578.8,21076.2,21.5679,16.5185
11644.1,11060,68997.1,4407.75,4144,69707.1,9997.4,-16.7157,16.5206
10222.5,9829,68160,3711,3553,68450.4,8031.2,6.57818,16.5269
20913.8,15454,88689.2,10032,7470,88013,7753.3,181.169,16.529
11645.4,10653,71641.1,6816.75,6201,72043.6,13336.6,-63.2812,16.5322
13723.4,12248,73430.8,4403.25,4028,71641.4,7984.23,-112.96,16.5364
17817.1,15933,73285.9,10080,9357,70599.9,14658.6,118.129,16.5375
30206.8,22756,86993.9,16924.5,13280,83521.4,11178.3,85.5799,16.5385
13724.1,12454,72219.6,2490.75,2309,70694.6,6735.84,-1.11314,16.5396
6442.8,5537,76257.1,2151,1941,72626.5,11952.8,52.8708,16.5396
8829.6,7909,73164.3,3705,3493,69513.6,8336.4,-55.3533,16.5407
8464.95,7517,73800.6,2440.5,2281,70118.6,7816.95,-121.554,16.5417
6789.25,6229,71430.4,2835.75,2737,67900.5,7826.11,64.2059,16.547
7087.6,6121,75885.1,4003.5,3629,72299.1,23564,65.3344,16.548
20054.4,14088,93291.3,14146.5,10828,85621.1,7748.11,64.2088,16.548
15352.3,13500,74528.3,8736.75,7480,76547,14867.7,-23.7788,16.5512
14716.6,13800,69889.2,4840.5,4680,67783.6,20515,-47.211,16.5544
10609.3,9533,72935.2,5271.75,4841,71367.4,20459.2,44.8111,16.5565
13671.4,11688,76657.4,8595.75,7928,71055.9,21127.9,57.686,16.5565
13969.1,12557,72906.1,4652.25,4253,71688.2,19477.1,121.388,16.5576
5825.3,5593,68258,3233.25,3113,68067.5,10320.7,-8.12787,16.5618
13643.5,12803,69838.3,7604.25,6899,72235.4,24597.9,-10.3844,16.5639
10387,9288,73290.5,4821.75,4248,74387.5,21155.9,63.7049,16.5649
24122.8,19606,80634.1,15882,13458,77340.1,25436.4,33.4441,16.5649
7293.65,6736,70961.5,2413.5,2240,70612.1,19445.2,80.9692,16.566
11604.4,10905,69739.5,4908,4665,68949.8,10049.3,35.7423,16.5681
17196.4,14940,75433.9,10627.5,9544,72976.1,21371.9,98.9568,16.5692
9016.8,8680,68078.9,3649.5,3512,68101.8,19223.2,27.6576,16.5713
13496.6,12104,73076.1,5501.25,5020,71818.7,9659.82,163.037,16.5723
15598,14549,70261.5,5081.25,4917,67725.2,13063.1,49.3891,16.5734
10129.6,9435,70360.7,4786.5,4520,69400,24601.3,-33.6046,16.5744
14463.8,13737,69003.4,5955.75,5689,68608.9,23337.5,101.463,16.5755
12720.5,11940,69820,5034.75,4772,69144.5,7184.46,-56.17,16.5766
12355.8,11256,71939.7,7402.5,6648,72973.9,20934.2,86.9333,16.5797
29340.3,22298,86234.2,18127.5,14074,84411.2,12087.2,33.0857,16.5808
10131.5,8488,78225.9,8463,7320,75769.3,13562.8,46.7903,16.5808
9360.65,8512,72070,6107.25,5556,72038.3,11751.4,111.358,16.585
7070.05,6692,69238.3,2914.5,2820,67732.2,6768.49,-130.974,16.5861
9235.85,7657,79049.3,4935,4297,75266.5,35083.3,100.162,16.5882
9666.15,8525,74308.6,7387.5,6765,71566.5,9129.34,94.2569,16.5882
8767.85,8199,70082.9,3448.5,3171,71271.2,15300.1,-18.635,16.5903
5627.05,5349,68942.7,2550,2417,69142.2,13336,5.51881,16.5935
14121.2,12385,74723.5,8280,7349,73838.4,9192.43,-14.1055,16.5945
11289.8,10313,71743.6,7631.25,6957,71887.5,9006.46,-5.49848,16.5966
12955.8,11653,72862.9,5136.75,4661,72225.3,16991.5,41.5014,16.5966
14225.9,12048,77382.8,8525.25,7248,77084.8,29209,15.2423,16.5987
10634.6,9589,72682.5,4117.5,3841,70253.7,16942.9,57.8433,16.5998
18422.3,15212,79366.5,11329.5,9996,74278.7,18283,32.8529,16.6019
12269.4,10929,73573.7,8766.75,7905,72680.3,12400.3,144.874,16.6103
12840.8,12040,69894.6,4282.5,4168,67336.4,10578.5,-33.0776,16.6125
13726.7,12300,73137.6,4729.5,4360,71090,8382.89,34.085,16.6146
7228,6660,71125.3,2659.5,2564,67977,12021.8,61.4682,16.6146
6417.45,6028,69770.1,2661,2572,67803.8,10858.5,-53.7281,16.6167
7690.15,6908,72956.2,3240,2988,71063.1,20886,44.7951,16.6188
6773.65,6456,68760.5,2331.75,2232,68464.9,17257.9,-76.3286,16.6199
10771.1,9693,72825.5,4548.75,4233,70424.5,6405.43,-103.441,16.622
12881.7,11252,75028,7635.75,6868,72862,14644.2,-40.9704,16.623
12900.5,11773,71812.7,3610.5,3357,70484.9,8701.14,-4.627,16.6241
7484.75,7028,69795.2,3156,2992,69128.2,8658.85,43.5346,16.6241
5406.05,5089,69619,2068.5,1925,70421.4,7140.79,-107.768,16.6251
11783.8,10861,71104.5,5512.5,5049,71552.2,12406.7,15.8737,16.6272
6620.25,6452,67245,2373,2272,68449.4,8542.01,-20.961,16.6304
14102.4,11500,80366.5,9508.5,8060,77313.8,8114.49,-2.88495,16.6325
10699,9850,71184.7,5570.25,4714,77439.9,26393.3,115.968,16.6325
18226,16956,70444.6,10494,9772,70378.1,8748.12,96.8512,16.6325
12850.5,12381,68021.2,4437,4301,67608.3,26141.5,-2.70244,16.6336
9834.5,9113,70724.7,3906,3625,70616.2,18204.9,61.2358,16.6346
9540.7,8573,72933.5,5984.25,5353,73264.3,19461.3,14.7486,16.641
11750.7,10804,71278.6,4024.5,3696,71360.8,15687,44.1305,16.6431
8481.2,7960,69827.1,6395.25,5896,71085.3,17358.3,-57.4124,16.6452
10748.4,10079,69888.6,4953.75,4539,71524.3,11278.9,-67.5039,16.6473
16471.6,14012,77040.1,9267.75,7804,77828.2,15375,44.1422,16.6473
13180.7,11952,72273.3,6516.75,5940,71899.3,13242.5,83.7823,16.6526
13560.9,12271,72425.3,8847.75,8111,71488.9,8978.56,85.6626,16.6536
11443.3,10646,70443.8,4783.5,4418,70957.8,6681.31,-3.69109,16.6547
13028.6,11400,74898.5,7407,6476,74957.6,15591.8,-54.766,16.6558
8953.1,8484,69159.6,3663,3492,68745.2,10351.5,35.731,16.6568
10489.7,9776,70320.5,6212.25,5728,71076.5,12013.5,18.4685,16.66
14101.1,12933,71455.2,5978.25,5537,70758.6,23719.4,45.5486,16.6631
7245.55,6737,70483.1,4023.75,3733,70640.4,21468.7,18.1132,16.6631
12305.1,11320,71239.4,8585.25,7788,72244.9,9803.99,9.09155,16.6695
8268,8142,66550.2,2706,2558,69327.8,13355.3,-36.6219,16.6758
15578.5,14685,69523.7,4875.75,4621,69148.9,12680.3,-9.93655,16.6769
17290.6,12056,93991.4,13341.8,10124,86365.6,18028.5,161.002,16.6779
5750.55,5777,65235.9,2357.25,2289,67490.1,8586.78,-45.0427,16.6779
16346.2,15164,70645.3,10548.8,9388,73639,16093.9,147.315,16.68
8234.2,7741,69711.5,2933.25,2733,70337.9,7624.99,3.15344,16.6811
8149.05,8056,66293,3001.5,2844,69165.4,7543.03,32.3965,16.6811
12881,12405,68051,5170.5,4949,68469.2,9986.33,61.5447,16.6822
9175.4,8840,68022.5,5689.5,5148,72429.5,15867.6,135.284,16.6843
12620.4,11184,73953,7866.75,6820,75594.6,29158.8,-21.7358,16.6853
10096.4,9141,72386.1,3828.75,3509,71507.8,10452.4,101.947,16.6864
7554.95,6913,71621.8,7356.75,6561,73484.5,13910.6,31.2972,16.6874
9935.9,9344,69687.4,5637,4996,73944.4,13754.8,-95.9769,16.6885
11720.1,11467,66982.8,5937,5567,69891.7,14543.8,29.5534,16.6895
9510.15,9167,67989.2,4281,3995,70227.7,14067.3,-75.3487,16.6917
11913.2,11306,69055.7,5310.75,5038,69084,8208.21,-127.588,16.6938
13748.1,12965,69494.7,6861,6017,74728.7,16110.5,-68.5455,16.6959
10825.8,10200,69556.5,8393.25,7880,69804.6,18650.5,94.7591,16.698
12206.3,10982,72842.4,6826.5,5990,74688.1,19208.1,55.1781,16.698
8593.65,8505,66219.1,2678.25,2557,68643.6,14145.2,-46.9716,16.6991
13247,12815,67745.3,4152,3999,68043.4,13008.7,-34.8889,16.7043
13463.4,12636,69827.5,5955.75,5468,71381.9,24562.7,131.517,16.7117
6002.1,5887,66817.3,2778,2635,69092.6,7416.08,16.9213,16.7128
15460.2,14003,72356.1,6521.25,5811,73546.1,20543.1,171.228,16.7149
8076.9,7772,68107,2701.5,2508,70592.3,19062.3,-146.056,16.717
11919.7,9941,78580.6,8498.25,7505,74209.4,28921.6,52.2331,16.7191
12516.4,10892,75309.8,6380.25,5576,74988.5,14618.2,89.7506,16.7191
13399.7,12803,68590.6,5271,5095,67799.9,21764.9,-61.878,16.7223
10143.9,9412,70632.2,5908.5,5232,74009.8,10955.8,28.8283,16.7244
13185.3,11900,72614.2,7170,6280,74823.8,28588,-2.79438,16.7265
9393.15,8880,69323.1,5189.25,4848,70149.1,20334.3,23.3158,16.7265
6266,5961,68889.2,3741,3625,67633.2,8093.65,22.0558,16.7318
5958.55,5637,69274.4,3354,3157,69625.5,8101.97,-23.5245,16.7328
47721.7,36391,85941.3,35181.8,27955,82478,45754.8,353.46,16.736
13306.8,11177,78024,9464.25,8445,73445.7,24298.1,129.807,16.7371
15746.2,14409,71618.2,7930.5,7593,68449,11404.3,46.8714,16.7381
42196.7,24773,111630,37865.3,23029,107757,33069.1,990.337,16.7423
13205.4,11562,74851.2,10318.5,9390,72016.3,18375.4,84.4494,16.7466
5511.35,5220,69193.8,1827,1776,67418,14842.4,-79.6778,16.7508
9677.2,9341,67894.8,4919.25,4649,69345.7,12055.5,44.2669,16.7508
18238.3,15941,74980.8,12587.3,10805,76346,13380.6,82.0571,16.7518
5878.6,5596,68845.6,2323.5,2216,68715.2,11592.2,-243.816,16.7518
8378.5,7846,69983.9,3138,3046,67515.4,8713.05,14.2926,16.7582
6895.85,6540,69101.9,2514.75,2456,67103.7,19029.2,-11.8951,16.7635
11408.1,10161,73579.8,5019.75,4545,72381.6,12016.4,-88.1716,16.7635
9846.85,9261,69681.8,4902.75,4649,69113.1,13927.3,2.05659,16.7645
11946.3,10184,76877.1,8086.5,7036,75320.8,15931.7,95.7213,16.7687
22122.1,19784,73281.1,12385.5,11500,70582.3,16105.6,43.2547,16.7698
12599.6,11901,69383,5316,5037,69166,9140.49,-74.3035,16.773
10775.7,10149,69582.8,4840.5,4565,69491.1,16234.1,49.2699,16.773
5900.7,5543,69765.2,2339.25,2151,71271.5,12622.7,-28.8544,16.774
10471.5,9504,72207.5,5151.75,4692,71957.6,16772.8,-33.3103,16.7751
8776.3,8509,67594.7,2442.75,2361,67805.2,6984.07,-54.4425,16.7793
12346.1,11301,71596.7,7318.5,6469,74142.1,24681.9,-37.0476,16.7793
18081.7,16029,73928.6,9909,8685,74772.2,30089.3,44.4492,16.7878
13560.9,11786,75405.6,7385.25,6654,72738.2,6782.66,4.0451,16.793
12785.5,12425,67437.5,4827,4573,69176.1,12240.3,58.88,16.7973
7233.2,6853,69171.9,3424.5,3125,71817,6982.87,-75.9424,16.7983
8113.3,7528,70631.4,5937,5208,74709.5,30361.2,-5.44102,16.8015
6914.05,6956,65140.8,2565,2492,67455.8,15381.7,18.3419,16.8025
8269.95,8104,66878,2415.75,2348,67427,8589.45,-32.1428,16.8046
20363.2,17941,74384,10957.5,9441,76063,18642,-26.5006,16.8068
13121.5,12201,70480.6,8533.5,7817,71543,28127.8,11.8429,16.8089
12524.8,10222,80300.2,12594.8,10602,77854.1,40734.7,0.189128,16.8131
9261.2,8673,69980.6,4355.25,3905,73092.4,21122.2,27.5862,16.8141
12150.4,11796,67505.3,4614.75,4448,67992.9,6578.74,-86.2472,16.8152
18623.1,16940,72047.6,10686.8,9656,72531.8,21972.2,6.91425,16.8163
14955.2,12769,76756.5,10314,8737,77365,19862.3,17.3135,16.8173
12852.4,12010,70133.1,6981.75,6094,75083,9641.74,-41.6423,16.8173
7374.25,6345,76166.9,5353.5,4701,74632.4,14597.8,11.4914,16.8215
8349.9,8201,66725.9,4171.5,4061,67319.2,8586.23,-29.5627,16.8226
9432.8,9094,67977.6,2888.25,2758,68631,11120.3,-27.9379,16.8289
10317.4,9728,69507,4758.75,4356,71595.4,7677.4,22.0715,16.83
14496.3,13593,69891.1,5690.25,5273,70721.8,6519.12,96.935,16.8321
9324.9,8077,75661.3,6477,5677,74771.3,12562.5,-27.1321,16.8332
6848.4,6371,70446.8,5281.5,4695,73722.8,9947.68,-85.5138,16.8353
9082.45,8648,68828.3,3538.5,3320,69849.1,13499.5,104.413,16.8384
12550.2,11365,72370.4,7901.25,7077,73168.9,18467.1,-42.834,16.8395
12899.3,11941,70795.2,6144.75,5569,72311.4,18451.7,302.027,16.8427
7168.2,6000,78295.9,7682.25,6608,76190.1,14078.6,4.6309,16.8437
7022.6,6557,70189.6,3009.75,2777,71028.8,17789.7,38.8914,16.8448
16192.8,13837,76693.7,8146.5,7053,75696.7,19092.1,-36.8375,16.8448
13772.2,12751,70784.6,5505,5227,69021.6,7797.92,-91.4531,16.8458
25441.6,22393,74458.3,12019.5,10717,73501,24453.6,73.041,16.8522
12904.4,11681,72400.1,6123,5653,70984.8,8390.65,-138.775,16.8553
33283.9,23841,91493.4,17352.8,13425,84709.9,27981.3,32.4884,16.8553
6015.75,5477,71982.5,2307,2273,66516.3,6534.21,-100.866,16.8553
8845.85,7852,73831.1,2984.25,2780,70351,9583.45,89.9398,16.8606
42339,25007,110958,42215.3,25547,108295,25069.6,231.258,16.8627
9447.1,7813,79242.9,6189.75,5377,75442,42051.6,82.6996,16.8638
18831.8,15645,78885.3,11300.3,9805,75530.2,29608.1,-48.4127,16.8659
9043.45,8268,71682.6,3232.5,3048,69503,9260.37,-19.268,16.8659
14596.4,12973,73737,5069.25,4685,70911.1,13608.7,98.3886,16.8722
17155.4,15055,74679.5,8073.75,7419,71319.8,16158.6,82.8127,16.8733
21409,15513,90444.4,14031,10825,84945.6,48009.1,-9.54425,16.8786
5965.7,5260,74328.5,2713.5,2492,71361.1,21206.8,118.743,16.8828
11341.8,9616,77298.2,7549.5,6624,74692.6,22012.9,-22.3273,16.8838
9326.85,8600,71074.9,4491,4188,70277.5,15103.3,127.572,16.887
16101.1,13779,76580.7,9115.5,8119,73579.7,21304,-11.9806,16.887
15302.3,13832,72502.3,6570.75,6168,69815.3,11650.3,-33.1178,16.887
14980.5,11813,83108.9,11964.8,10213,76776.8,22123.4,-25.7714,16.8912
17078.1,15116,74042.8,10119,9132,72619.2,17049.7,-43.6408,16.8933
20359.3,17409,76642.4,10478.3,8773,78274.6,11323.8,22.7944,16.8944
14459.2,13526,70057.8,4095,3926,68357.1,16806.8,-36.7516,16.8965
12142.6,10816,73574.4,6279.75,5588,73648.8,17241.7,116.312,16.8986
10147.8,9720,68420.4,3657,3532,67855.4,6940.91,48.7592,16.8997
15006.5,13764,71452.3,8088.75,7408,71558.4,8620.93,30.636,16.9007
19238,16732,75351.7,11603.3,10152,74904.5,8044.95,83.9777,16.906
13329.5,12197,71621.3,4302.75,3909,72137.4,17793.1,34.5913,16.9071
12436.4,11567,70462.1,4863.75,4527,70411,6545.17,-7.98598,16.9081
19982.9,16840,77767.4,13821,11724,77258,21843,18.0991,16.9092
10690.5,10041,69775.5,4509,4201,70340.8,10977,-88.9925,16.9113
11075.3,10840,66958.9,3861,3692,68535.9,8886.53,-6.35397,16.9124
14493.7,12997,73082.9,8446.5,7249,76362.2,21280.7,15.5402,16.9124
5053.1,5162,64153.4,2338.5,2266,67632.8,7475.03,-95.7409,16.9134
10386.3,8872,76722.3,6538.5,5576,76848.5,17574.5,56.9595,16.9166
9314.5,8448,72257.9,7980.75,7088,73790.4,20629.7,-2.4953,16.9197
11472.5,10156,74031.3,6594.75,5948,72662,12078.8,44.2661,16.9219
10486.4,9604,71557.7,8081.25,7472,70879.7,20514,-8.51095,16.9261
14963.6,14085,69624.3,6309.75,6085,67956.6,14520.2,-83.1057,16.9271
17388.1,15551,73278.2,8424.75,7423,74380.2,31368.3,14.3011,16.9303
9680.45,8923,71099.2,6354,5599,74373.2,35263.5,115.635,16.9335
9174.75,8204,73290.6,8766.75,8088,71035.8,7490.4,16.0585,16.9356
8801,8380,68828.4,3026.25,2840,69833.9,16195.4,81.9513,16.9366
17410.9,14076,81062.8,9191.25,7736,77864.3,33894.3,-2.9938,16.9366
7350.85,6972,69097.1,3109.5,2968,68660.4,18288.3,-4.1273,16.943
7138.95,6789,68914.2,2874,2801,67244,9391.82,-48.513,16.944
26438.1,19724,87844.6,16237.5,14124,75342.7,14214.1,8.06581,16.9451
5908.5,5739,67471.6,1176,1151,66959.5,9519.12,25.4423,16.9461
11165.7,10728,68209.9,3907.5,3820,67037.2,12684.4,-31.4367,16.9483
16135.6,15136,69864.1,6852,6532,68746.6,17998.8,5.34358,16.9493
13101.4,11433,75099.6,10064.3,8893,74167.4,12734.4,-10.7986,16.9525
17999.8,16533,71350.3,10692,9653,72590,23189.8,-15.4915,16.9525
13482.9,12895,68524.1,4434,4239,68550.8,10457.5,-21.033,16.9546
7315.75,7220,66405.1,3948.75,3908,66219.4,10294.3,-42.5269,16.9567
12536.5,11964,68672.3,5257.5,5084,67772.5,16274.8,-51.3516,16.9578
7235.15,6848,69241.1,4773,4452,70261.3,16234.5,-17.8101,16.9578
10370.1,9917,68530.3,6538.5,6109,70143.6,19074.2,-29.0968,16.9588
7608.25,7341,67921.8,3479.25,3405,66965.1,7692.01,-26.9491,16.9588
11514.8,9060,83292.6,10525.5,8772,78636.5,26842.1,103.051,16.9599
9207.25,8921,67638.9,4349.25,4137,68898.3,17768.5,-2.38776,16.963
11961.3,11072,70799.8,8603.25,7444,75741.9,30738.8,26.3648,16.9641
12600.3,11884,69485.9,7921.5,7340,70728,11341.1,22.7938,16.9652
10840,10172,69840.1,5425.5,4984,71341.4,6691.01,95.2085,16.9683
8359,8086,67748.6,2568,2405,69977.7,19663.7,6.14101,16.9715
14578.8,13319,71735.1,8919.75,7955,73483.9,11735.5,-47.741,16.9736
8461.05,7969,69582.5,3586.5,3313,70946.2,21517,14.6714,16.9799
14755.6,12153,79571,10133.3,8541,77753.5,55992.2,51.2157,16.982
5376.15,5034,69990.3,2893.5,2638,71883.4,9864.12,-19.2907,16.982
6143.15,5692,70730.4,3123.75,2892,70787.7,8587.3,-24.4027,16.982
12733.5,10776,77440.9,7602,6700,74358.9,8000.15,99.4593,16.9852
14959.1,12865,76203.6,10869.8,9797,72712,30532.2,209.553,16.9905
13772.2,12569,71809.6,5160,4765,70968.7,17175.9,-10.9655,16.9916
8879.65,8170,71228.5,3738.75,3438,71269,12144.5,92.4236,16.9926
13300.9,11304,77113.5,5895.75,5164,74822.6,8471.41,16.0216,16.9968
25160.2,17664,93348,10138.5,6708,99051.4,8238.28,32.3704,16.9968
11085.8,9784,74255.5,5235,4840,70884.5,28820.8,-33.7631,16.9989
10621.6,10244,67952,3326.25,3328,65501.5,9317.34,-117.31,16.9989
17094.3,15270,73365.8,10031.3,8934,73585,12610.8,40.8061,16.9989
8158.15,7457,71698.1,4349.25,4017,70956.5,9673.74,41.7764,16.9989
14911,13593,71890.5,6574.5,6089,70761.5,6469.24,29.8569,17.0042
9107.15,8273,72143.9,7130.25,6309,74066.9,13088.5,41.6481,17.0063
12779,11712,71506.5,8459.25,7936,69857,8484.07,-54.4988,17.0095
11872.9,11066,70314.7,5013.75,4638,70845.4,16456.3,-113.278,17.0095
12801.1,11885,70587.5,10182,9049,73741.6,16220.1,100.01,17.0116
10039.9,9761,67408.5,6382.5,5889,71027.9,6633.37,-31.2093,17.0127
8208.85,8081,66572.8,3932.25,3717,69331.2,17599,68.9986,17.0158
26212.5,21604,79516.1,19899,16912,77111,28902.1,249.174,17.018
14298.7,13156,71228.3,8562.75,7796,71981.6,30301.7,51.3212,17.0211
15534.3,14456,70424.7,6382.5,5944,70370.7,14239.4,-16.8751,17.0275
8958.3,8084,72623.8,5354.25,4772,73532.3,18662.9,-79.8214,17.0275
7651.15,7260,69066.9,3819,3564,70225,8485.7,51.2811,17.0275
13126.1,12026,71531,7195.5,6462,72975,13876.1,174.059,17.0296
9294.35,8944,68103.1,4680.75,4388,69908.3,9970.46,-88.9547,17.0296
11911.3,11381,68589.4,4906.5,4641,69285.2,22583.4,-82.5487,17.0306
9400.3,8937,68933.4,4604.25,4329,69703,11803.5,-17.6436,17.0338
7579.65,7276,68271,1595.25,1512,69144.4,9002.64,40.0817,17.037
11196.9,10725,68419.6,4160.25,4021,67805.6,13716.8,44.2045,17.037
9332.05,8341,73322.8,6719.25,5941,74121,13362,89.7978,17.037
15958.8,15345,68157.4,5388,5189,68049.3,12894.8,-53.8046,17.0391
17450.5,15443,74055.5,16097.3,14499,72760.1,9310.12,102.85,17.0412
12582,12364,66691.8,5272.5,4972,69496.9,10508.8,11.6451,17.0486
8461.7,8224,67430.2,4932,4324,74751.1,23374.7,-29.2585,17.0539
10741.9,10481,67167.4,4386,4113,69885.9,14269.5,35.5837,17.0581
8869.9,8813,65959.1,4234.5,4093,67801.7,6510.48,92.6353,17.0581
7047.95,7120,64872.8,2504.25,2320,70740.8,20689.9,-139.238,17.0612
8345.35,8384,65233.9,4104.75,3936,68345.8,10603.1,85.6015,17.0623
12181.6,11341,70393.9,7204.5,6317,74743.4,16152.6,55.293,17.0623
10379.2,9649,70495.5,4451.25,4049,72046.7,17059.1,-102.121,17.0644
9941.1,9917,65695.3,5074.5,4745,70086.9,7448.28,71.1001,17.0697
5625.75,5965,61808.7,2816.25,2681,68842.1,7226.41,-73.3716,17.0697
8663.2,8668,65499.7,7458,6652,73476.8,13957.3,46.7755,17.0697
8351.2,7933,68990.8,5625,4985,73949.8,15493.2,12.3177,17.0707
24791,18541,87627.6,18157.5,14201,83794.8,16877.1,171.366,17.0729
6764.55,6644,66725.1,5283,4768,72614.7,20945.4,25.0128,17.0729
20124,11796,111805,9604.5,5540,113617,29909.8,217.316,17.0729
10075.6,9365,70509.1,7295.25,6513,73407.3,14459.9,37.2966,17.0739
8997.3,8772,67219.2,3826.5,3476,72144.3,7966.81,40.9806,17.076
7813.65,7603,67351.7,3638.25,3319,71839.8,10449,35.7273,17.0824
6653.4,6530,66774.5,3878.25,3670,69254.8,6955.31,2.31861,17.0971
14525.5,13028,73069.3,10237.5,9124,73534.1,23078.8,38.6927,17.0993
8039.85,7161,73579,5537.25,4905,73983.5,11460.6,-33.9707,17.1045
9288.5,8119,74976.1,6303,5671,72839.6,7630.42,81.4132,17.1056
8493.55,7521,74010.5,3792.75,3493,71159.9,7654.5,-8.88767,17.1088
14740.7,12733,75869.5,5947.5,5197,75000.1,23253.8,17.1861,17.1098
8815.3,7889,73231,3687,3445,70139.7,11977.9,-13.3501,17.1109
18949.4,16480,75356.3,9927.75,8544,76149.9,10888.6,-9.86921,17.1109
11220.3,10392,70759.6,3861,3692,68535.9,17362.4,-60.8525,17.1172
9709.7,8800,72310.8,2581.5,2400,70492.2,12253.5,53.7195,17.1183
14006.8,12237,75014.5,6791.25,6125,72664.7,20318.3,52.5564,17.1235
6904.95,5843,77447,2913,2615,73004.4,10657.7,-91.5605,17.1235
11107.8,9581,75980,5501.25,4953,72790.2,7798.18,30.6669,17.1267
8071.05,6828,77467,2447.25,2232,71856.2,17206.2,110.293,17.1278
7029.1,6012,76623.3,1860.75,1752,69603.9,18040.1,40.602,17.1288
13416.6,11813,74432.7,6192.75,5777,70252.4,7251.66,-34.6725,17.1288
15465.4,13985,72473.6,5177.25,4961,68392.7,12472.8,76.9313,17.1299
7554.95,6684,74075.6,2580.75,2456,68864.8,21812.1,81.7403,17.1362
12988.3,11138,76423.2,4557,4146,72032.7,7972.58,61.6204,17.1373
22242.3,15216,95798.8,16046.3,12352,85136.6,24532,-48.222,17.1383
26096.8,22886,74730.5,18309,16694,71876,21914,-5.98356,17.1415
14638.6,12685,75629.4,7908,7101,72983.9,9153.69,-142.244,17.1415
6737.9,6048,73011.7,2144.25,2068,67952.4,11914.5,35.6722,17.1436
13803.4,11888,76095.2,8150.25,7632,69986.2,13675.2,-40.9339,17.1436
19060.6,15357,81341.1,9574.5,7705,81437.3,11252.4,113.957,17.1478
14102.4,12480,74055.7,7968.75,7092,73637.9,17850.1,52.6492,17.1489
12034.8,10733,73484.5,6627.75,5853,74210.9,15106.9,-22.0677,17.1489
5805.8,5268,72226.4,6102.75,5248,76209.9,19880,-59.2271,17.151
10882.9,10125,70442,4470.75,4077,71865.4,14189.7,-23.7533,17.1552
26694.2,17096,102330,30245.3,21848,90724.7,12539.5,175.829,17.1605
6604,6420,67414.3,3117.75,2816,72558.5,10066.7,114.002,17.1616
6681.35,6400,68417,3438,3060,73631.6,16377,89.6845,17.1616
13102,12608,68104.1,5367.75,4804,73226.7,14401.9,-13.4412,17.1679
16594.5,14912,72930.3,11023.5,9392,76920.4,15701.6,112.07,17.169
9636.9,8140,77587.7,9628.5,8012,78758.5,23143.9,21.4902,17.1711
13126.8,12386,69455.4,5481,4982,72100.1,9666.41,-22.7233,17.1711
10157.5,9800,67927.1,6406.5,5560,75513.7,19924.7,-37.7288,17.1721
9247.55,8848,68495.4,9418.5,8416,73342.5,9744.63,46.0738,17.1732
9302.8,9253,65888.7,4383,3957,72591.4,9978.86,-90.675,17.1753
6722.3,6097,72257.3,7537.5,6321,78148.6,31551.2,87.3943,17.1763
9295,9369,65018.4,4526.25,4269,69485.2,13814.5,14.9608,17.1774
8847.8,7948,72955.4,5706.75,4972,75220.8,21535.7,24.9907,17.1795
8609.9,8337,67681.2,5122.5,4661,72024.9,21543.4,137.65,17.1795
13482.3,12658,69803.8,3155.25,2946,70190.9,9279.88,52.1112,17.1848
14198.6,12912,72066.3,5278.5,4848,71355.6,31281.3,-93.1956,17.1869
10431.2,9973,68547,4887,4561,70220.2,11026.6,-37.3944,17.1869
7191.6,6680,70555.2,3492.75,3244,70561.3,15188.4,-1.4308,17.1901
13077.3,11973,71580.8,3938.25,3573,72235.4,8545.41,-34.7211,17.1922
12015.9,11782,66837,4726.5,4550,68078.2,10891.8,22.8107,17.1964
8064.55,7984,66197.2,3885.75,3652,69730.7,11455.7,-11.6105,17.1975
8045.7,8112,65000.4,1968,1856,69490.8,9182.09,55.5549,17.1975
14341.6,12947,72595.3,6710.25,5879,74802.3,22572.1,-18.9083,17.1985
8304.4,8252,65952.1,3971.25,3752,69365.6,12210.4,30.5011,17.2006
14350.7,12721,73931.9,7148.25,6165,75988.3,15279.7,-61.6342,17.2038
12039.3,11464,68824.8,7092.75,6088,76351.9,17524.8,-29.8986,17.2091
5328.7,5528,63173.2,2364,2216,69913,11872.8,103.614,17.2112
9753.9,9372,68206.5,5157.75,4700,71918.8,7997.13,-43.3005,17.2144
8605.35,8436,66851.6,6993,6420,71385.2,14634.2,-65.05,17.2144
15050.7,12207,80803.3,14670.8,12412,77462.3,8930.55,59.0044,17.2165
5782.4,5917,64045.2,2434.5,2249,70941.5,11703.5,-15.0598,17.2165
11642.8,11770,64827.7,3511.5,3406,67566,14049.5,-33.208,17.2165
11728.6,11556,66514.9,4850.25,4596,69161.4,13161.1,43.3654,17.2175
7978.1,7197,72648.7,7244.25,6381,74402,24103.5,97.9942,17.2207
6246.5,6288,65103.5,3112.5,2800,72850.3,12890.6,-57.2444,17.2218
10723.7,9573,73413.6,7009.5,6037,76093.2,21557.3,52.5098,17.2249
6110,6213,64449.5,2721,2449,72814.8,13980.2,33.8746,17.227
10050.3,9819,67079.8,2941.5,2667,72281.3,12813.4,30.4785,17.227
5148.65,5325,63365.6,2883.75,2601,72660.3,14256,-44.3958,17.227
14270.7,13188,70916.6,10878.8,9472,75269.2,28732.5,-71.5998,17.2281
6201,6364,63857.4,3584.25,3288,71440.8,8183.61,-13.2076,17.2281
8799.7,8709,66218.5,4133.25,3745,72330.2,9326.14,117.47,17.2291
5864.3,5957,64516.2,3213.75,2933,71809.2,11900.7,21.9128,17.2313
8045.05,7853,67138.7,5692.5,4973,75017.8,16783.9,-111.571,17.2344
6268.6,6256,65668,3791.25,3440,72227.7,9454.13,84.7847,17.2365
11693.5,10925,70146,8156.25,7433,71912.8,11054.7,-22.7755,17.2365
10351.9,8361,81141.3,10822.5,8905,79647.8,20141.8,-51.497,17.2365
13643.5,12104,73871.5,9165,7516,79914.5,29403.3,-20.885,17.2376
20208.5,18565,71337.7,10659,9441,73990.9,17653.2,119.737,17.2376
8327.15,8204,66519.8,3063.75,2808,71505,17107.5,26.8771,17.2397
19816.5,14688,88418.9,16529.3,12912,83895.7,39349.4,143.861,17.2408
11748.8,10245,75155.3,8895,7557,77139.4,10201.5,115.717,17.2471
8424,7948,69460.9,4109.25,3704,72706.2,16272,-8.35152,17.2492
14015.3,11336,81025.6,11695.5,9880,77578.6,17610.4,67.2782,17.2555
11430.9,9565,78320.5,8772,7433,77341.8,16427.4,149.883,17.2555
13854.1,11949,75984.8,6546.75,5561,77153,23451.3,-30.9813,17.265
11051.9,9933,72918.6,5655.75,5389,68780,14072.7,-14.2889,17.2661
17089.8,14861,75364.9,5543.25,5081,71498.2,9652.4,72.7372,17.2682
8424,7593,72708.4,3189.75,3085,67761.3,14771.6,-22.0551,17.2703
11620.7,10013,76058.5,6678,6137,71313.3,18943.4,55.1881,17.2724
11144.9,9880,73926.3,5666.25,5276,70383.5,21433.1,31.8745,17.2746
9310.6,8288,73622,3564.75,3344,69862.3,11785.3,-77.8429,17.2746
20553,18677,72118.7,17016,15957,69885.4,15304.3,145.625,17.2809
10146.5,8919,74555.6,5444.25,4915,72593,10278.7,-61.4463,17.283
14182.3,13260,70094.6,5427,5100,69738,17120,29.4566,17.2841
10951.8,9909,72433.2,7802.25,6981,73245.7,19221.9,150.638,17.2862
15083.9,14151,69856.4,4562.25,4323,69163,14678.1,37.2884,17.2872
10301.2,9845,68572.8,5322,5089,68536.6,18343.7,7.05062,17.2883
11056.5,10547,68701.9,4335,4051,70130.5,13505.1,1.21246,17.2883
12002.9,11220,70108.9,6163.5,5600,72130.6,17590.9,75.8789,17.2904
4814.55,5100,61867.9,2469.75,2408,67216.6,15006.2,78.556,17.2925
7906.6,7869,65849.1,3672.75,3385,71107,19876.3,-78.147,17.2936
6777.55,6172,71965.9,8367.75,7368,74428.5,14923.4,-61.6208,17.2936
12730.9,12655,65929.1,4599.75,4463,67544.1,10608,9.06134,17.2988
8611.2,8336,67699.6,5475,4816,74503.7,16498.1,-4.06002,17.2988
11670.8,10404,73515.4,6438,5556,75939.7,12929.8,-59.8259,17.301
23461.1,16585,92707.1,22628.3,17629,84120.8,23822.7,146.165,17.302
9093.5,8188,72783.5,6339.75,5496,75597.1,39536.6,13.1342,17.3041
11781.9,9649,80022.7,9856.5,7797,82846.7,14780.4,7.18453,17.3041
12280.4,11600,69380.3,6597.75,6000,72065,23367.6,-79.1382,17.3094
14459.2,13904,68153.1,6005.25,5604,70228.4,24729.9,-10.3894,17.3094
9562.15,9189,68197.3,5258.25,4789,71957.5,14408.1,-51.2815,17.3094
13224.3,11694,74111.9,7476.75,6510,75268.3,21115.5,0.0664481,17.3105
8887.45,8281,70335.4,7076.25,6249,74211.7,13911.3,67.4172,17.3115
6191.25,6057,66988.6,3072.75,2845,70782.3,7708.78,32.3903,17.3126
8314.8,8216,66324.1,4259.25,4056,68820.1,6946.39,72.8389,17.3126
7558.85,7324,67637.5,2168.25,1996,71191.6,16275.6,-24.6917,17.3147
16335.1,14909,71805,12097.5,10585,74900.5,9637.83,112.298,17.3157
8074.95,7505,70513,5977.5,5509,71109.4,14868.6,-6.57878,17.3221
5539.95,5549,65429.1,1850.25,1821,66588.7,14231.4,-37.5148,17.3221
21859.5,19292,74257.9,13608.8,11820,75453.7,19265.3,-35.984,17.3242
10281.7,8404,80178.6,9355.5,7904,77571.1,21493.2,30.1523,17.3263
5610.8,5430,67718.1,2121.75,2022,68769,11469.2,-56.331,17.3274
14472.9,12751,74386,7302.75,6447,74235,14744,-23.7741,17.3316
9672.65,8785,72157.9,4530.75,4081,72758.5,6779.2,45.3252,17.3326
13775.4,11953,75528.1,6204.75,5361,75850.5,32059,-57.1048,17.3326
6037.85,5614,70483.9,2547,2382,70075.6,15913,23.482,17.3337
21789.9,20396,70015,7003.5,6716,68341.5,9650.13,-159.463,17.3347
14056.2,12496,73718.8,7979.25,6948,75263.1,23309.7,92.864,17.3347
8970.65,8239,71355.8,4185.75,3791,72360.1,8093.65,22.0558,17.3369
9359.35,8711,70413.8,3664.5,3347,71752.8,8071.61,70.2167,17.3369
13416,12644,69537.4,4932.75,4624,69911.9,18521.4,16.5039,17.3432
10155.6,9728,68416.7,4853.25,4592,69264.5,6943.55,53.0591,17.3474
12339.6,10081,80219,8598,7157,78731.1,15936.7,45.8411,17.3474
9056.45,7891,75215.2,8099.25,7107,74685.9,8074.91,3.99653,17.3485
6166.55,5665,71338.2,3693.75,3317,72979.7,13177.9,-40.0552,17.3485
21234.8,18914,73577.6,12661.5,10966,75668.8,10339.3,20.2514,17.3527
10706.8,9569,73328.5,4897.5,4289,74833.9,11242.1,-48.5825,17.3559
9344.4,8361,73244.2,5036.25,4525,72940.5,8957.64,40.0834,17.3559
14684.1,13622,70646,4735.5,4502,68935.1,20604.6,91.2457,17.3569
9375.6,8664,70918.7,3906,3676,69636.5,7529.79,-24.363,17.358
10001.5,9270,70707.8,4950,4710,68875.4,10273,113.134,17.359
13956.1,12269,74548.1,7252.5,6221,76402.5,11906.4,123.393,17.3601
5805.8,5363,70947,2426.25,2311,68804.3,12601.4,-34.8736,17.3622
15816.4,11596,89388.3,6579.75,4604,93660,12339.3,-57.2237,17.3654
14716,12667,76137,8283,7547,71927.2,7697.87,-25.2293,17.3664
11311.3,10061,73680.3,4465.5,4041,72420.4,11027.1,46.8856,17.3685
12386.4,11144,72842.3,3746.25,3452,71122.3,11381.5,32.2523,17.3728
13698.7,11776,76236.5,10181.3,8628,77334.1,29176.2,-23.4565,17.3749
15087.8,12645,78196.4,13311.8,11253,77525.9,10954.4,-78.6717,17.377
14545.7,12032,79227.6,8414.25,7184,76759,24842,91.9464,17.3844
16439.8,14354,75059.1,7775.25,7105,71718.3,14515.3,-42.6855,17.3875
6121.7,5464,73424.5,2473.5,2396,67655.8,7676.92,-8.02851,17.3928
8816.6,7985,72361.3,3457.5,3249,69741.7,11992,-38.2907,17.3939
7836.4,6411,80107,4807.5,4251,74115.3,16326.2,-82.3136,17.3939
9896.25,8650,74978.1,4275.75,4030,69532.4,8635.75,68.4755,17.3939
16380.6,14351,74804.7,7355.25,6587,73179.5,6357.45,39.3211,17.3949
22964.5,19567,76915.3,12550.5,11355,72435.9,17975,11.3645,17.396
14812.8,11984,81005.9,9269.25,8116,74848.4,20595.2,-11.094,17.397
13346.4,11556,75689.9,9819,9072,70932.3,31341.8,258.542,17.3981
7926.1,6349,81815.2,5706,5245,71296.2,10974.8,-71.7924,17.3992
11237.8,10065,73172.8,5892.75,5493,70305.3,8369.57,-3.75454,17.4034
5827.9,5425,70403.2,1953,1889,67756.4,15111.4,-84.8479,17.4034
9514.7,8588,72607.8,3006,2780,70863.7,14586.3,-110.628,17.4044
9065.55,8190,72542.1,3906,3662,69902.7,6993.74,-124.963,17.4055
7812.35,7529,68002.4,3416.25,3373,66376.3,8134.85,-39.8657,17.4097
19353.8,16692,75986.5,9399,8160,75486.9,17122.9,93.9565,17.4118
5762.9,5404,69888.5,2633.25,2488,69362,12639.1,16.725,17.4118
8240.05,7920,68184.3,2396.25,2304,68160,21056.7,-59.2713,17.4129
9033.7,8664,68332.5,3368.25,3240,68130.1,7581.74,80.5551,17.4129
11186.5,10312,71093.7,6383.25,5964,70143,23720.1,-79.1514,17.4182
8858.85,7832,74128.4,6839.25,6140,72999.5,18592,113.681,17.4192
8017.75,7832,67090.3,3365.25,3324,66349.3,21074.2,27.588,17.4192
11094.8,10412,69834,5115.75,4828,69442,9538.25,74.4615,17.4203
13999.7,12851,71394,5429.25,5015,70949.4,18439,77.567,17.4203
6748.95,6660,66411.3,3445.5,3328,67849.8,10717.1,-4.70277,17.4224
12321.4,11481,70333.2,4986,4665,70045.6,19039.2,12.1845,17.4224
8627.45,7332,77115.2,5523,4804,75344.6,37495.4,-7.42913,17.4224
17580.5,16392,70287.9,7490.25,6808,72103.6,9486.68,36.6235,17.4245
11282.7,10957,67484.1,4782.75,4649,67421.4,19792.6,-10.2038,17.4256
23663.9,18757,82680.5,19991.3,16821,77887.6,13642.4,63.9873,17.4256
7059.65,6457,71652.7,7377,6713,72018.3,17358.8,-18.7124,17.4266
13768.9,12794,70530.1,6419.25,6062,69398.2,11562.2,-73.5345,17.4287
5441.15,5469,65202.3,2263.5,2185,67890.5,10459.4,-52.8531,17.4287
12278.5,11796,68216.7,4353.75,4196,67999.9,12281.1,-42.6015,17.4287
6401.85,6285,66754.4,3087,2937,68883.1,20318.5,-101.384,17.4308
10184.2,9808,68049.7,3335.25,3232,67629.6,12774.7,72.6199,17.4329
12080.3,11349,69758.7,8493.75,8021,69398.6,18346.3,-33.3695,17.434
5165.55,5045,67102,2385.75,2289,68306,19199.8,37.9784,17.4351
21631.3,16991,83434.3,17148,13583,82736.6,12023.3,79.5282,17.4351
5710.9,5492,68148.1,2401.5,2212,71150.4,17431.7,-118.475,17.4372
21429.2,18090,77633.2,19032.8,16522,75495.1,18900.8,44.0097,17.4414
6512.35,6260,68177.9,2649.75,2484,69909,16922.5,86.224,17.4414
12052.9,11124,71008.8,6381.75,5536,75548.1,24322.5,170.226,17.4414
13945.7,13137,69570.6,4399.5,4177,69027,28640.5,95.2436,17.4425
16458,14868,72544.5,9996.75,9008,72729.5,17815.7,113.71,17.4446
6735.3,6370,69294.3,4578,4038,74300.1,21533.6,-4.24927,17.4446
28675.4,21156,88829.2,21126.8,16020,86427.1,12195,88.9817,17.4456
6336.2,6252,66418.6,2758.5,2584,69961.7,7324.76,139.905,17.4467
12526.1,11501,71377.6,8529.75,7737,72251,9919.26,101.107,17.4467
12920.7,11873,71319,7446,6385,76426.2,16671.4,3.67346,17.4488
11625.3,10850,70218.7,5294.25,4850,71539,17631.4,-23.0226,17.4509
12084.1,10119,78263.3,7566.75,6339,78229.1,28209.7,10.1198,17.4509
13488.8,12696,69628.4,4008.75,3740,70245.3,18543.1,-46.2769,17.4509
6405.75,6370,65903.8,3332.25,3190,68458.4,8262.64,-88.0305,17.452
11922.9,11612,67290.9,5221.5,4988,68603.9,12030.2,-38.2921,17.452
12433.8,11432,71279.3,8211.75,7260,74127.4,6869.46,33.2818,17.4541
5679.05,5744,64795,2002.5,1920,68352,18225.1,-1.54493,17.4572
10365.5,9140,74323.5,8211,7172,75030.1,30001.8,76.2725,17.4593
14288.3,13375,70011.1,9052.5,8063,73578.6,21053.2,18.9888,17.4604
9780.55,9537,67209.6,5228.25,5029,68132.6,15027.6,-7.44476,17.4636
13721.5,11057,81328.8,9030.75,7665,77213.2,22853.4,-1.71886,17.4646
7428.2,7316,66541.1,2802.75,2676,68640.1,8949.47,110.604,17.4678
11050,10469,69173.1,4380.75,4161,68997.1,13005.8,-54.6688,17.4699
7454.2,7056,69234.5,2478.75,2352,69067.8,14667.2,-46.9912,17.471
21051.5,18246,75613,11727,10278,74775.3,23079.2,78.2527,17.4731
8998.6,8481,69535.7,4926,4517,71470.1,20090.1,46.545,17.4741
7894.9,7420,69730.5,4523.25,4088,72513.6,7547.73,92.5964,17.4752
9430.2,8692,71101.9,4809,4324,72886.8,6550.53,71.1338,17.4762
25377.3,18905,87972.8,25434,19565,85195.1,51796.2,102.113,17.4784
8642.4,7652,74018.3,4884,4288,74645,28529.2,0.64783,17.4794
12223.9,11212,71450.7,8406.75,7528,73186.1,9803.19,18.5516,17.4836
9054.5,8734,67940.9,5612.25,5070,72545.3,28228.5,-44.9209,17.4836
14129.7,13456,68817.2,5031.75,4820,68415.1,13766.5,6.36264,17.4857
9090.25,8548,69693.3,3946.5,3636,71132.5,24296.9,-34.4531,17.4868
9269.65,8873,68465.7,4236.75,4045,68642.7,16417.1,75.923,17.49
12125.1,11137,71350.5,6479.25,5617,75596.3,14341.2,-23.759,17.4995
15786.5,14364,72026.4,5454.75,4940,72364.9,19817,3.55525,17.5016
6880.25,6201,72714.7,2826.75,2605,71114.7,7301.93,-97.4544,17.5037
14279.8,12893,72585.5,5650.5,4973,74464.3,9519.45,12.5422,17.5037
14618.5,12951,73974.1,8780.25,7859,73218.3,14386.1,-76.2206,17.5058
10377.3,9816,69283.2,3596.25,3452,68274.6,6606.47,-23.4683,17.5058
15698.1,13914,73939.5,9116.25,7753,77059.5,18864.2,122.271,17.5079
9145.5,8221,72905.9,8360.25,7277,75291.7,22532.2,0.873207,17.509
10061.3,9121,72292.6,4926,4529,71280.7,12826.9,-14.2421,17.5153
7611.5,7272,68595.6,3180,3064,68017.1,25235.2,54.0916,17.5164
5688.15,5357,69587.2,2628.75,2461,70003.2,12312.5,-15.0827,17.5185
15574.6,13741,74281.4,5685,5021,74202.8,26591.8,-7.01936,17.5238
24487.4,19030,84330.5,10627.5,8630,80705,7214.29,26.3889,17.529
10412.3,9677,70516,4359.75,4185,68272.5,10111.8,-3.82002,17.5322
5870.15,5222,73670.3,2284.5,2098,71361.8,11368.3,2.15276,17.5333
14216.8,12812,72721.8,6148.5,5724,70396.3,14192.5,-3.11338,17.5333
11863.1,11036,70447.9,3789.75,3676,67563.9,11535.9,-37.4135,17.5343
13596,12149,73341.9,7424.25,6709,72522.8,7404.33,139.042,17.5343
7957.3,6998,74519.8,2487.75,2306,70701.3,15977.1,46.6996,17.5343
15244.4,13360,74780,5082.75,4688,71054.4,15410.6,-57.3392,17.5375
17767.8,14204,81978.8,16257.8,14008,76061.4,29833.7,212.159,17.5407
9701.25,8239,77167.3,4245,3931,70770.9,14696,145.648,17.5417
15458.3,12944,78266,9907.5,8736,74324.4,11271.4,31.3964,17.5417
11889.8,10228,76184,4256.25,3908,71376.1,14963.5,6.31765,17.5428
20736.3,17401,78097.5,11349.8,9993,74433.8,10443.8,132.908,17.5438
26296.4,15440,111617,9195.75,5828,103406,23153.8,-33.5502,17.5438
7543.25,6444,76715.5,2439.75,2280,70127.8,13252.8,-48.6581,17.5449
29295.5,22745,84410.2,33552.8,26797,82058.2,13668.2,203.306,17.547
15390.7,13297,75855.1,4758.75,4353,71644.7,17767.1,-84.0877,17.548
11214.4,9584,76685.1,6242.25,5716,71569.6,19192.4,117.959,17.5491
9492.6,8169,76154.6,3485.25,3257,70128.8,6321.67,36.7424,17.5491
11194.3,9958,73672.4,3916.5,3762,68227.5,15327.2,77.684,17.5512
16394.9,13783,77955.4,9204,8007,75333.3,9017.62,58.1411,17.5523
12403.3,10805,75230.2,5025,4577,71950.7,21634.2,48.207,17.5533
12545.6,11198,73423.1,5343,5086,68847.6,17700.7,90.4948,17.5554
12572.3,11555,71305.8,4212,4007,68888.9,6975.5,-59.6021,17.5607
17433.6,15429,74050.9,11191.5,10017,73220.1,16706.8,235.012,17.5607
11635,9745,78246.4,11925,10517,74309.9,17570.8,136.94,17.5607
11410.8,10557,70835.9,4610.25,4361,69281.7,9031.59,88.2406,17.5628
14701,13568,71008.9,5451,5056,70656,13932.6,55.3764,17.5702
9297.6,8897,68486.8,5623.5,5361,68745,9237.84,16.8528,17.5744
10057.4,9977,66064.4,3515.25,3453,66717.5,9347.94,18.5687,17.5766
10692.5,9748,71885.9,13035,11376,75093.3,19737.5,-59.2218,17.5808
8735.35,7545,75875.4,10434,9177,74512.7,13032.5,-41.7698,17.5808
10680.1,10181,68749.1,4550.25,4213,70782.1,11698.4,-8.17964,17.585
11475.8,11072,67925.8,6386.25,5904,70889.1,22281,80.8627,17.5861
10498.8,9723,70765.1,8565.75,7791,72053,28778.8,2.35845,17.5935
5857.15,6332,60621.3,2585.25,2460,68872.7,14846.7,-23.778,17.5977
10413,7981,85506.4,9448.5,7337,84396.5,52762.7,6.6171,17.5987
20042.8,15825,83003,21041.3,16229,84968.8,28449.4,146.851,17.6008
9429.55,9012,68572.5,9274.5,8020,75787.2,23266.6,-72.2544,17.603
8259.55,8096,66859.9,6460.5,5760,73506.1,15480,62.1982,17.6051
6293.95,6564,62839.8,3825.75,3540,70826.1,13438.4,9.81496,17.6051
5629.65,5840,63175.5,3641.25,3348,71276.3,10949.9,27.9685,17.6061
14901.9,14076,69381.3,9297.75,8536,71384.4,15080.3,-10.0267,17.6061
5418.4,5595,63467.4,3088.5,2776,72913.5,14040.5,-59.8677,17.6072
6732.7,6845,64460.8,4083,3853,69448.1,9988.38,46.0646,17.6082
6447.35,6217,67964.2,3834.75,3369,74596.1,13238.9,55.4025,17.6125
10269.3,9692,69440,4517.25,4120,71855,7879.12,13.4639,17.6125
9230,8956,67541,6036,5400,73254.7,15238.6,88.0073,17.6125
8448.7,8304,66678,3457.5,3220,70369.8,7227.08,-27.7916,17.6135
16167.4,14008,75638.9,10024.5,8952,73387.6,28029.9,132.247,17.6156
6399.9,5808,72214.9,4530.75,3888,76370.2,12178.4,27.9223,17.6156
9038.25,8664,68366.9,4466.25,4252,68838.2,25195.5,36.0331,17.6199
16664,15561,70181.5,5132.25,4877,68966,10377.7,80.45,17.622
9181.25,8623,69778.8,3705,3455,70278.1,11321.3,-18.4855,17.622
10091.3,9452,69968.3,3764.25,3420,72132.7,23025.9,33.5347,17.622
10380.5,8836,76991.5,6052.5,5136,77230.7,19733,47.4184,17.623
12228.4,11248,71248.5,5520.75,5108,70831.6,9213.24,41.7938,17.623
13013.6,11691,72950.4,6837.75,6527,68656.2,9777.19,140.673,17.6262
8530.6,7573,73823,3155.25,2961,69835.3,13188,-115.736,17.6272
29981.9,22165,88648.5,23528.3,19045,80963.4,16745.4,150.731,17.6294
6415.5,5576,75402.8,2066.25,1948,69514.3,12878.8,73.476,17.6304
13725.4,11793,76274.7,6186.75,5509,73598.6,11228,56.338,17.6304
10063.9,8820,74779,2352.75,2160,71384.2,15908,82.8222,17.6304
10141.9,8688,76503.5,2937,2672,72035.6,6799.59,43.6045,17.6315
13878.1,12053,75459.9,7924.5,7238,71751.9,13021.1,84.6506,17.6346
11527.8,9891,76380.8,6590.25,5943,72673.5,13550.8,-69.3093,17.6357
10138.7,8380,79290,6742.5,5980,73892.4,22125.2,-55.8715,17.6357
13546.6,11641,76264.3,9222,8509,71027.5,37369.5,0.315599,17.6367
16322.1,13940,76735.2,6577.5,6000,71843.9,9318.38,-31.3102,17.6367
8648.25,7724,73378,2490.75,2472,66033.1,19568.4,7.00459,17.642
8106.15,6447,82401.8,6415.5,5647,74454.8,14328.5,57.0815,17.642
15286,12808,78215.7,8268,7480,72440.1,9895.92,93.3681,17.6441
7191.6,6272,75144.9,3477,3172,71837.5,14648.2,-43.5505,17.6463
12914.8,11140,75977.4,4541.25,4144,71818.4,18828,80.1324,17.6473
9903.4,8863,73229.1,4772.25,4283,73022.2,10502.6,58.0853,17.6494
10771.8,9713,72680,6303,5857,70526.4,14207.3,26.1261,17.6515
7619.3,6517,76620.9,6671.25,5873,74443.6,16804.5,116.328,17.6515
5266.3,5200,66371.6,1850.25,1796,67515.6,20619.5,2.66509,17.6526
7421.7,6884,70654.9,2646.75,2404,72153.7,8674.6,43.534,17.6536
10778.3,10217,69136.4,3559.5,3353,69572.1,7272.99,-47.5733,17.6589
10509.8,10104,68168.4,6375,5832,71637.9,9762.47,-50.2469,17.66
14750.4,12857,75187.5,6759.75,5753,77004.5,22093.9,-103.17,17.6631
8421.4,7684,71825.2,5997.75,5456,72043.4,23817.5,48.1249,17.6642
10212.8,9693,69050.5,5262.75,4749,72625.7,7539.21,-11.4633,17.6705
15176.2,13833,71899.6,8141.25,6905,77269.4,31345.6,194.902,17.6727
10554,9897,69886.9,4594.5,4121,73066,15402.8,-99.4789,17.6727
5542.55,5460,66526.8,3149.25,2912,70875.4,7308.13,-37.2547,17.6748
18657.6,17380,70353.5,9412.5,8660,71230.7,13310.2,-16.8402,17.68
10145.8,9020,73716,7085.25,6120,75872.4,26791.3,65.2131,17.6832
21872.5,19960,71815.4,11796,10680,72384.1,13377.4,13.2573,17.6864
13082.5,12164,70484.9,4118.25,3796,71099.5,6691.54,-63.0315,17.6917
9131.85,8368,71518.3,4375.5,3988,71903.9,9890.27,17.6883,17.6938
9356.1,8561,71622.6,5521.5,4997,72414.9,11752.4,36.5383,17.6938
15143.7,14543,68243,5573.25,5419,67401.5,6875.66,-40.6784,17.6969
5424.25,5148,69052.8,2357.25,2268,68115,10557.6,64.1032,17.6969
8393.45,8005,68716.2,5959.5,5397,72366.5,7085.07,-15.7463,17.7012
11514.8,11168,67570.8,4263,4132,67613.7,18682.6,-10.1621,17.7033
6365.45,6240,66853.5,2784,2676,68181,9634.95,-193.002,17.7043
12285.6,10996,73222.3,5880,5264,73205.1,12445.1,219.692,17.7054
7361.9,7128,67686.5,2563.5,2408,69768.1,16737.8,8.83097,17.7064
8946.6,8392,69867.1,5022,4392,74936.7,26146.5,26.5374,17.7086
10325.3,9203,73527.7,6401.25,5616,74699.5,10123.8,32.2995,17.7107
11989.9,10604,74101.3,8393.25,7720,71251.3,28415.9,1.51209,17.7128
11576.5,10285,73765.4,6177.75,5453,74246.3,10819.1,-101.887,17.7128
11618.8,11090,68660.6,5043,4790,68997.5,9415.23,-23.5738,17.717
26514.1,20656,84122.4,16900.5,14100,78552.6,29665.6,70.2651,17.717
10429.3,9874,69221.3,6647.25,6198,70286.3,7065.81,79.7145,17.7202
20472.4,17585,76296.8,11832,10177,76193.6,16351.7,6.26548,17.7233
8742.5,8457,67748.4,5436.75,5193,68612.1,15754.8,86.2679,17.7276
17048.8,15326,72903.1,9671.25,8794,72073.6,8024.18,152.778,17.7307
9138.35,8701,68830.1,5497.5,5209,69165.7,23494.6,17.177,17.7318
12591.1,12080,68309.1,4453.5,4208,69359.5,18209.4,-90.9843,17.7318
7924.15,7606,68277.3,2928.75,2806,68402.9,15040.9,-22.0653,17.7328
14521,12917,73674.1,10117.5,8945,74126.4,26236,32.554,17.7339
16788.8,15580,70620.9,7581.75,6952,71472.6,12448.1,4.69218,17.7339
5763.55,5681,66488.3,3090,2981,67932.3,6975.19,96.0579,17.735
12654.2,12076,68673.9,6149.25,5752,70062.1,7010.92,-52.7235,17.7434
6396.65,6112,68588.2,1721.25,1636,68951,8517.66,-34.7201,17.7476
8299.85,7542,72121.3,5044.5,4662,70913,28221.6,82.3594,17.7487
7023.9,6320,72835.2,5027.25,4608,71498.7,42860.5,-21.3908,17.7518
13295.1,12324,70700.1,4572,4292,69811.4,16337.2,-79.734,17.7518
6834.1,6456,69374.2,3175.5,2924,71172.9,7320.47,-68.2151,17.7518
8916.05,7698,75905.7,5874,5154,74691.2,18707.8,82.7169,17.7518
8687.25,8021,70979.6,4309.5,3973,71086.7,14076.5,82.891,17.7529
16887,15737,70325.1,6192.75,5945,68267.1,11653,33.1021,17.7529
5326.75,5133,68009.7,1962.75,1853,69417.6,9352.58,61.5685,17.7614
12939.5,12446,68134.8,4909.5,4670,68897,24236.4,-11.2308,17.7645
7361.9,7137,67601.2,3363,3221,68425.2,11266.5,89.8766,17.7656
14513.2,12153,78263.6,6499.5,5577,76376.4,19193.7,83.5587,17.7677
11590.8,10512,72261.7,6195,5540,73284.4,13524.6,-70.1683,17.7698
9639.5,8552,73869.8,8130.75,7320,72794.6,13497.2,-38.3472,17.773
8204.3,7716,69683.4,3826.5,3552,70600.7,6605.38,34.1518,17.773
14023.1,12810,71742.2,5964,5594,69870.7,11858.6,4.71434,17.7835
6476.6,6060,70041.3,2361,2348,65898.9,11857.6,70.0744,17.7846
13133.3,11839,72700.5,6371.25,5851,71363.2,6649.55,53.0701,17.7888
9438.65,8444,73255.7,4718.25,4264,72517.6,14670.1,34.7087,17.7909
8477.95,7604,73068.2,4398.75,4048,71214.5,25132.3,38.6155,17.792
25698.4,18476,91154.5,23280,19048,80096.5,17140.9,39.7758,17.7941
16279.9,14584,73156.9,7397.25,6776,71544.6,10742.7,-50.2837,17.7973
12617.8,9985,82816.2,12237.8,10485,76491.5,42256.8,86.1319,17.7973
6722.3,6244,70556.2,2865.75,2752,68244.8,8783.54,32.3499,17.7983
8201.7,7460,72051.8,4591.5,4176,72056.6,25577.2,45.4788,17.7994
10192,9796,68185.3,4696.5,4596,66969.1,14192,47.6266,17.8015
7177.3,6884,68328.2,3494.25,3328,68809.8,17222,47.5128,17.8046
8578.05,8285,67854.1,4092.75,3869,69326,6865,-20.898,17.8046
5387.2,5573,63351.1,2277.75,2209,67575.7,7097.94,-26.0668,17.812
16701.8,15594,70191.5,6710.25,6158,71413.3,10977.5,83.0074,17.8131
8784.1,8953,64299.7,4488,4365,67382.7,20678.6,40.5029,17.8141
9497.15,9504,65488.8,4531.5,4400,67494.6,11239.7,60.6376,17.8163
5425.55,5256,67650.1,1441.5,1368,69057.1,11270.8,64.9364,17.8247
9072.7,8801,67559.2,4718.25,4385,70516.6,18077.7,-95.2794,17.8247
13734.5,12380,72706.3,10000.5,8952,73211.9,17210.6,93.9532,17.8268
18887,15321,80789.9,12902.3,10669,79254.1,18416.4,-55.7321,17.8289
8713.25,8142,70134.1,3873,3646,69616.3,19634.4,61.1821,17.83
6887.4,6858,65816.9,2625,2622,65611,12815.9,-124.322,17.8321
12494.3,11620,70467,3336.75,3044,71838.8,13595,11.5291,17.8342
10047.7,9464,69578,1851.75,1768,68640.4,18628.7,-11.0201,17.8405
9093.5,9164,65031.8,1947,1932,66044.8,9611.2,-26.1612,17.8416
5888.35,6038,63911.7,2385.75,2326,67219.5,16422.3,-92.6372,17.8458
7285.2,6561,72769.8,3889.5,3653,69778.9,19566,53.4447,17.8574
6049.55,5717,69348.1,2337,2209,69333.5,15276.5,29.5259,17.8585
9465.95,8601,72126.5,4314,4041,69963.4,7646.3,53.0326,17.8596
11234.6,10436,70551,4947.75,4596,70551.7,10152.3,130.338,17.8596
10101.6,8516,77738.6,6399.75,5632,74469.8,15579,44.9945,17.8627
12201.8,10920,73228.7,3943.5,3740,69101.9,9847.11,31.4499,17.8648
22816.9,18540,80654.3,13369.5,11164,78482.9,40136.2,117.172,17.8669
7638.8,6806,73555.2,3540,3158,73463.4,11806,-127.724,17.8669
11726,10000,76847.5,6258.75,5648,72622.8,13662.8,-45.2335,17.868
12402.6,10797,75282,9328.5,8221,74364.8,24586,5.95602,17.868
9724.65,9196,69303.5,3480.75,3324,68626.5,7904.36,-19.2171,17.8691
11497.2,10211,73791.1,5234.25,4723,72630.1,8003.96,71.9392,17.8775
10548.2,8900,77672.7,10493.3,9360,73470.7,48108,-0.0879711,17.8786
16379.3,14197,75610.1,10134,8545,77722.9,37707.1,141.343,17.8796
12592.4,11586,71229,4668.75,4354,70273.6,12525,45.1093,17.8807
11787.1,10726,72019.3,5827.5,5318,71814.8,26932.4,-132.592,17.887
19275.8,15732,80298.5,13443,10928,80618.6,49074.7,-80.1043,17.887
9841.65,9048,71284.5,4503.75,4152,71088.1,18482.7,-85.8346,17.8902
11487.4,10881,69188.6,3819,3649,68589.2,10777.9,-67.4851,17.8923
9967.1,9213,70900.2,6921.75,6409,70779.2,29641.7,-47.554,17.8933
7549.1,7108,69603,2715,2580,68965.2,9552.13,-37.339,17.8933
12717.3,11357,73385.4,5197.5,4733,71967.8,13031.6,-58.1098,17.8944
13741,12408,72576.6,4724.25,4380,70686.9,6777.68,63.3853,17.8965
8366.8,7604,72110.3,3411.75,3168,70578.4,10366.1,120.87,17.8976
16629.6,13848,78700,8670.75,7484,75928.1,21294.7,-25.7403,17.8986
7920.25,7257,71525.6,2890.5,2685,70551.9,7217.86,64.2287,17.8986
11379.5,10341,72117.8,6820.5,6417,69656.9,19236.8,-9.32295,17.8997
5835.05,5272,72535.3,3514.5,3244,71000.7,7275.99,-2.85344,17.8997
11950.3,11081,70677,5205,4781,71348,16172.2,143.872,17.905
11645.4,10385,73489.9,4758.75,4213,74025.5,19844.8,20.7542,17.905
7205.9,6947,67978.4,3131.25,3075,66734.8,8727.13,7.41202,17.906
9889.1,8729,74245.9,11145.8,9881,73924.5,13047.2,211.93,17.9113
10665.8,9612,72721.3,5716.5,5196,72101,13406.1,108.716,17.9124
15252.9,12869,77676.1,14714.3,13105,73583.6,8216.18,-8.04878,17.9124
22419.8,13217,111168,22032,15781,91495.4,13276.3,136.241,17.9134
11561.5,10749,70490.1,4368,4137,69195.4,8830.7,6.54813,17.9145
8171.15,7257,73791.4,2388,2249,69586.5,24406.1,-75.7372,17.9145
11954.1,10487,74704.6,7992,7399,70788.4,14012.6,84.6134,17.9176
10374.6,9293,73164,5140.5,4713,71480.5,33071.6,156.997,17.9176
10249.8,9145,73453.7,3035.25,2921,68099.3,7305.61,64.2254,17.9208
10954.4,9329,76954.7,4903.5,4501,71396.5,13532.8,-105.429,17.9208
12415.6,10668,76272.2,4753.5,4408,70672.7,13448,56.2546,17.9219
10609.9,8800,79015.2,6204,5760,70587.7,21559.7,33.5898,17.9229
15757.9,13157,78491.5,8937.75,8193,71493.3,17388.6,-16.1335,17.924
10569,8940,77477.6,4946.25,4584,70715,13526.2,-44.3683,17.924
17065.8,15201,73575.5,5028.75,4897,67299.2,30520.2,-50.167,17.9282
27828.4,19173,95121.5,19380.8,14837,85606,36595.2,39.0447,17.9293
10557.3,8481,81580.4,7475.25,7093,69067.8,9432.52,-33.0345,17.9303
11599.3,9849,77182.3,4539.75,4301,69173.9,24497.6,-31.0207,17.9314
7466.55,6174,79256.2,1919.25,1838,68433.1,10845.4,-112.208,17.9314
12492.3,10601,77228.4,6078.75,5689,70025.8,13677.4,156.006,17.9314
13056.5,11667,73341.4,4766.25,4551,68635.7,12188.7,-5.61807,17.9335
11510.8,9519,79249.4,7736.25,7035,72068.6,32828,-59.7137,17.9366
10275.2,10341,65119,4815,4613,68405.8,14183.1,20.107,17.9472
10304.4,10566,63913.7,4081.5,3874,69046.3,18643.6,52.6193,17.9504
20837.7,17405,78461.3,9399.75,6937,88802.4,21847.2,110.979,17.9546
10039.3,10165,64725.3,4281.75,4085,68692.5,10134.3,4.77914,17.9578
11510.2,10944,68926.6,6260.25,5780,70981.3,16656,116.334,17.9652
8468.85,7826,70919.3,6874.5,5942,75820.8,20047.5,17.3066,17.9662
9436.7,9024,68533.2,5542.5,4820,75359.6,17917.7,-20.4534,17.9683
7317.05,7096,67577.5,2901.75,2780,68406.1,9837.73,53.8103,17.9725
14892.8,13732,71075.9,7003.5,6496,70656,8826.41,-67.4117,17.9725
11571.9,10657,71162.5,6570.75,6277,68602.9,19475.7,-14.4919,17.9757
8549.45,7948,70495.3,3668.25,3452,69641.5,16617,134.396,17.9757
11761.1,10633,72489,4467,4201,69685.6,20136.8,-62.6768,17.9778
17022.2,15580,71602.5,8895,8364,69696.6,12919.4,19.2945,17.9778
11983.4,10745,73089.3,4863,4553,69998.1,12633.2,-73.5748,17.981
6116.5,5276,75976.3,2237.25,2120,69160.6,15153.2,59.6305,17.981
16569.1,13885,78205,6066.75,5453,72912.3,25685.5,-47.4053,17.9873
14722.5,11272,85597.4,11960.3,9944,78824.1,23323.3,180.583,17.9905
7819.5,7025,72947.9,3356.25,3301,66632.9,14678.7,30.4084,17.9905
10786.8,9301,76004.8,9094.5,8049,74048.6,14708,-33.2327,17.9958
10574.2,9929,69794.6,3978,3625,71917.9,15438.3,58.7598,17.9979
5688.15,5425,68715,2125.5,2017,69061.4,9076.09,49.5389,18
14844.7,14185,68583.9,4200.75,4029,68329.7,10848.6,46.0323,18.0011
9140.3,8931,67071.9,3879,3623,70166.8,14801.9,54.4837,18.0074
8360.95,8024,68288,5928,5324,72971,18725.6,-39.4037,18.0095
15980.9,14052,74532,21002.3,18416,74739.5,21311,128.199,18.0148
5504.2,5852,61641,1410,1336,69166,23503.3,65.3367,18.0169
6949.8,6536,69685.1,5343.75,4748,73759.1,21144.3,-11.9746,18.0285
9878.05,9301,69602,6230.25,5521,73955,20603.5,41.3657,18.0296
15249.6,12956,77138.1,13414.5,11244,78186.8,22369.6,43.0193,18.0306
6128.2,5752,69822.3,5180.25,4600,73802.8,11264.1,-7.30332,18.0317
5772.65,6011,62937.3,2593.5,2479,68563,12893,2.95546,18.038
19914,18700,69790.8,8750.25,8140,70449.2,11893.2,30.513,18.0391
18757.7,14872,82659,7129.5,5304,88091.8,8680.33,-15.8062,18.0391
7105.15,7117,65426.9,3141.75,2937,70104.8,14670.5,-15.1713,18.0401
7330.05,6576,73050.8,4150.5,3632,74891.8,27354.7,36.812,18.0507
10112,9749,67976.5,7011.75,6325,72651.7,10429.6,43.468,18.0507
12434.5,12036,67705.8,4639.5,4320,70382.9,8564.69,146.738,18.0517
9373.65,9328,65856.7,4042.5,3872,68421.8,9380.35,43.5075,18.0517
11625.9,10905,69868.4,5102.25,4537,73700.9,8254.57,34.9498,18.0528
14222.6,13139,70941.1,5220,4563,74972.2,20628.4,84.3648,18.0581
11330.1,10081,73656.6,6836.25,5989,74807.2,19271.3,35.3958,18.0591
15420.6,14345,70449.9,10218.8,9321,71848.1,11411,29.6712,18.0612
13066.3,12392,69102.1,3631.5,3400,69998.2,21360,124.757,18.0623
13451.1,11809,74649.1,7792.5,6689,76347.6,21504.7,72.2918,18.0634
12439,11588,70349.1,4150.5,3716,73198.9,17293.7,-56.5499,18.0644
7469.8,7051,69428.6,4820.25,4271,73963.9,20660,92.1036,18.0676
11484.2,11071,67982,4362,4047,70637,19422.2,-64.3699,18.0676
7462,7045,69415.1,4363.5,4069,70279.3,8181.78,-45.0275,18.0676
10845.3,9786,72629.7,8220.75,7566,71207.4,10531.5,161.284,18.0686
17150.3,14309,78549.1,11802.8,10085,76698.6,19344.2,158.373,18.0686
7561.45,7256,68294.8,2668.5,2456,71206.4,29548.3,2.32953,18.0686
10146.5,8793,75623.9,7134,6221,75154.1,23528.3,61.8958,18.0718
8360.95,8061,67974.6,4500.75,4169,70751.1,8358.47,21.1859,18.0729
8767.85,8045,71424.5,4899,4413,72753.4,34628.2,45.1386,18.0729
9525.75,8945,69790.9,6483.75,5861,72499.4,36651,89.7826,18.075
6992.7,6873,66677.4,3541.5,3325,69803.2,7311.77,89.1652,18.076
8641.75,8653,65450.8,3446.25,3373,66959.2,10506.8,8.20514,18.0771
9506.25,9305,66953.4,2289.75,2201,68178.6,13317.5,65.7195,18.0781
6950.45,6476,70337.3,3446.25,3164,71382.3,16916.7,-4.93575,18.0855
10576.8,10164,68197.7,4086.75,3808,70333.3,6780.16,132.185,18.0855
5963.1,5801,67367.3,3209.25,2937,71611,8097.48,-68.2443,18.0866
13379.6,11777,74454.1,8642.25,7413,76403.4,22454.1,64.5161,18.0887
7322.25,7297,65762.8,2551.5,2485,67289.8,14287.3,56.2231,18.0898
10717.8,10404,67513,4551.75,4372,68230.4,10207.8,-21.8836,18.0898
8162.05,7647,69950.1,3199.5,2959,70862.6,11192.9,1.29935,18.0908
6793.15,6676,66686,1415.25,1348,68805.5,8493.8,8.28079,18.0908
15947.1,13779,75848,12372,11031,73503,16342.8,23.4658,18.0929
6995.3,6964,65830.5,2878.5,2788,67663.3,13936.3,82.8962,18.0929
10264.1,9553,70414.7,4131.75,3765,71919.9,11752.4,90.7183,18.0971
13911.3,12313,74043,6416.25,5581,75344.1,38080.2,57.0489,18.1024
13484.9,12246,72166.1,8190,7313,73395.3,24357.2,-91.2154,18.1024
16248,14141,75301,10541.3,9113,75807.2,9224.31,-36.4667,18.1056
5419.05,5009,70901,2216.25,2053,70747.3,13162.6,132.805,18.1098
8493.55,8128,68483.4,3926.25,3764,68361,16119.8,-45.3258,18.1119
11363.3,10425,71434.6,3607.5,3261,72499.6,7550.95,45.2962,18.1119
6150.3,5861,68770.9,3246.75,2949,72152.9,20808,-9.382,18.113
13802.7,12765,70863.8,4407.75,4045,71413.2,15365.1,-70.2374,18.1162
12769.9,12000,69740.7,4245.75,3924,70909.6,19187,-41.1411,18.1162
47822.4,27440,114216,44728.5,28276,103668,23870.1,394.703,18.1204
7532.2,6495,76001.6,6600,5759,75106.4,31401.1,186.3,18.1214
12242.1,10059,79759.3,10270.5,8363,80484,28880.8,11.8146,18.1257
12136.8,10694,74377.9,7755.75,7222,70379.5,14860,-47.8585,18.1267
12163.4,11033,72250.9,4358.25,3913,72993.2,7307.14,117.545,18.1278
9157.2,8384,71579.9,4593.75,4324,69624.4,13326.7,-115.741,18.1331
11151.4,10228,71452.7,4184.25,3888,70529.6,18970.5,62.0671,18.1331
6899.1,6300,71768.2,1997.25,1852,70675.9,17189.7,12.254,18.1341
17386.8,15060,75661.7,12511.5,11392,71976.3,18927.6,127.429,18.1352
16134.9,14696,71952.9,4564.5,4264,70154.6,7465.74,41.8594,18.1383
17973.8,15696,75046.6,13350,11792,74194.9,16508.8,207.5,18.1383
7182.5,6537,72007.4,2640,2457,70417.2,7291.87,13.486,18.1383
11127.3,9789,74496.1,4789.5,4285,73252,12638.9,107.885,18.1404
15360.8,13615,73939.4,8552.25,7675,73026.7,17454.2,-65.156,18.1436
12965.5,10992,77302.6,8797.5,7856,73390.1,19143.4,39.7006,18.1436
12194.6,11128,71817.8,4646.25,4332,70290.1,6599.93,18.672,18.1447
14124.5,12113,76419,11081.3,9877,73526.5,18720.6,-51.4436,18.1468
8190.65,7389,72646.2,5160.75,4765,70979,14114.3,97.5096,18.1478
7582.9,6434,77238.6,6243,5650,72414.4,29563.4,36.729,18.1489
7873.45,7267,71005.1,4368,3971,72088,10123.5,107.12,18.1563
6056.7,5552,71493.5,1958.25,1860,68997.8,19465.8,-57.4916,18.1584
12294.8,10069,80022.7,8996.25,7921,74432.3,26146.1,-57.7426,18.1595
8004.75,7455,70368.8,3346.5,3131,70046.7,17077.8,50.0982,18.1605
14089.4,12452,74153.8,6254.25,5636,72725.1,8058.66,10.0171,18.1605
10030.8,8315,79059.4,8787,7567,76102.1,20424.5,-50.6476,18.1626
12056.2,10201,77454.7,8929.5,7773,75286.7,37024.6,-72.7714,18.1658
12923.9,11925,71025.9,4175.25,3777,72446.2,6600.56,118.432,18.1711
12730.9,11609,71869.4,3987.75,3661,71385.2,10013.4,43.4837,18.1711
10738.6,8489,82903.5,7064.25,6233,74276.1,18617.4,51.7603,18.1721
18760.3,16329,75294,7450.5,6605,73925.2,24629.6,49.8144,18.1732
14053.6,12366,74480,6374.25,5918,70588.5,19635.6,37.9621,18.1774
14658.8,12366,77687.1,10572,9277,74684.3,14444.2,99.2172,18.1837
9781.2,8261,77596,6555,5925,72504.4,11666.1,-15.9184,18.1869
9934.6,8450,77050.2,6225,5682,71799,9593.03,83.0595,18.188
19428.5,14801,86025.7,15751.5,12597,81947.3,27227.6,23.0567,18.1985
7279.35,6862,69521.9,2973.75,2910,66971.7,21300.8,80.0395,18.1996
15428.4,13873,72883.7,8992.5,8129,72497.5,25237.9,57.5315,18.1996
8400.6,8113,67859.2,4133.25,4037,67098.5,14629.4,-16.8898,18.2038
12212.8,9695,82556.1,13777.5,12155,74284,9882.43,30.5886,18.2049
16697.2,15874,68934.6,8086.5,7794,67995.5,7206.15,105.509,18.208
13182,12240,70579.7,4164.75,3776,72283.1,24182.2,-7.9088,18.2091
14651.6,11953,80332.2,9538.5,8001,78129.6,22296.4,40.4421,18.2112
11078.6,10461,69405.1,3308.25,3069,70645,18123.7,27.6989,18.2112
9272.9,8856,68621.1,5757.75,5208,72453.9,12826.8,-3.06205,18.2112
10825.8,10224,69393.2,5533.5,4980,72820,7812.31,40.9864,18.2175
10461.8,9976,68727.1,5250.75,4856,70863.5,20201.6,94.7008,18.2196
15764.4,14325,72121.4,9303,8081,75446.3,14492.4,149.955,18.2207
7846.8,7597,67690.9,3225.75,3049,69335.1,7071.48,92.6143,18.226
7727.85,6757,74952.3,4770,4213,74200.5,24572.7,-31.8835,18.2291
11187.1,10618,69048.9,5732.25,5518,68080.6,19016.4,43.1453,18.2302
16081,15360,68612.3,5496,5268,68372.4,21260.1,37.041,18.2334
22081.8,17348,83419,14083.5,11412,80877.7,28023.8,61.7268,18.2408
9833.85,9484,67953.5,6163.5,5676,71164.8,17929.8,-57.4338,18.246
12639.3,12270,67508.2,5487,5310,67720.5,9227.85,37.4932,18.2482
19841.9,17481,74387,12431.3,11065,73628.1,10558.3,11.6432,18.2492
8845.2,8161,71030.4,6576,5937,72589.6,21148.8,68.0052,18.2503
6854.9,6617,67892.2,3359.25,3117,70629.4,18109.2,48.3394,18.2513
7103.2,7001,66492.7,2357.25,2281,67726.8,9679.52,-27.0238,18.2555
7801.3,7865,65005.2,2915.25,2825,67629.7,10395.7,-16.7307,18.2555
11521.9,10933,69066.1,2982.75,2661,73460.2,27598.4,45.4028,18.2566
9140.3,7852,76288.7,7611.75,6648,75036.7,7530.43,-14.043,18.2608
9610.25,8463,74420.1,5346,4879,71808.9,8724.92,87.3921,18.2629
10796.5,10088,70138.7,4740,4376,70987.4,15055,86.2942,18.265
12823.8,11611,72381.7,5088.75,4655,71642.6,11689.3,82.9807,18.265
9891.05,9560,67805.4,3674.25,3516,68485.7,12223.2,-85.5994,18.2661
8449.35,7340,75441,5898.75,5208,74228.2,15778.1,-22.093,18.2661
22517.9,19264,76605.9,7733.25,6708,75552.5,12282,80.3784,18.2672
16370.2,14340,74814.5,7362,6468,74594.3,9219.48,-23.5665,18.2682
11116.3,10417,69935.5,3907.5,3701,69192.6,13678.3,-95.9741,18.2714
5918.9,5661,68521.6,2844.75,2733,68215.7,8483.83,100.301,18.2746
10575.5,9405,73692.3,6980.25,6121,74735.8,11913.6,1.27227,18.2746
10067.2,8437,78198.9,7455.75,6709,72830.5,16338.3,-21.254,18.2746
12312.9,11449,70481.4,4225.5,3977,69631,16120.2,20.8942,18.2746
17861.3,16176,72364.1,4260.75,3920,71232.8,15043.9,137.895,18.2767
8061.3,6908,76477.3,5556,4936,73767.8,14045,-32.3478,18.283
10028.8,10108,65022.8,3429.75,3304,68030.3,8219.83,-15.7889,18.2925
13529.1,12749,69546.1,7447.5,6701,72836.8,11428.8,23.6505,18.2957
15631.8,14708,69652.5,3795.75,3460,71895.5,19060.8,-66.0763,18.3031
11921.6,11301,69135.2,6873.75,6161,73117.7,11079.4,-13.3164,18.3041
8376.55,7589,72337,4644.75,4069,74809.1,19108.4,45.7219,18.3041
11841.7,10553,73539.1,8439.75,7309,75674.9,19565.2,-25.6753,18.3105
7815.6,7383,69376,4670.25,4391,69703.8,9511.26,-104.417,18.3105
11257.3,9705,76018.7,8231.25,7261,74293.2,8763.23,59.8707,18.3136
15899.6,14204,73359.6,7175.25,6472,72657.2,7401.55,91.7418,18.3147
8325.2,7120,76629.3,5556.75,4804,75805,13332.6,-69.3011,18.3147
13813.1,12943,69941.9,3087.75,2971,68111.3,6450.94,6.63756,18.3147
27189.5,19753,90208.6,18552,14429,84262.5,10034.6,129.483,18.3157
10862.8,9808,72584.1,5354.25,5012,70011.2,7789.11,-13.1927,18.3178
11987.9,10885,72176.6,4049.25,3617,73367.9,12421.3,2.11319,18.3189
11647.3,10673,71518.8,4890,4725,67824.6,17439.9,69.8646,18.3189
15988,14233,73617.1,7737.75,7081,71614.3,10090.5,-115.619,18.32
8599.5,7596,74193.9,4338.75,4092,69487.9,12497.4,-37.4497,18.3231
11212.5,10045,73153.1,6605.25,6249,69272.1,7108.34,82.2929,18.3231
11668.1,10609,72078.8,4200.75,4065,67724.6,16982.4,-189.838,18.3273
8534.5,7825,71478.2,3464.25,3413,66520.1,16437.3,41.5223,18.3295
15925,13952,74803.7,8727,7844,72913.4,19773.8,106.757,18.3326
11784.5,11022,70069.8,5218.5,4906,69710.5,19782.9,-54.9235,18.3379
9437.35,8529,72515.7,6746.25,5925,74619.8,27957.6,73.7693,18.34
17953,16597,70890.4,9820.5,9157,70284.6,9420.43,30.606,18.34
17720.9,15733,73816.8,12213.8,10913,73347.4,8622.57,73.6359,18.3453
11646,11189,68213,4923,4769,67652.3,13319.8,2.07942,18.3453
14206.4,13445,69247.3,3866.25,3637,69666.9,19389.8,43.9913,18.3485
13042.9,12032,71042.2,6217.5,5744,70938.4,14528.5,51.054,18.3516
11419.2,10946,68369.1,5006.25,4726,69422.3,8759.8,-24.4092,18.3548
9306.05,8709,70028.9,5339.25,4929,70990.7,13231.6,106.143,18.3611
11045.4,10669,67848.4,5193,4953,68711.6,16939.8,58.7034,18.3633
10147.1,9505,69963.6,4098,3733,71943.9,13841.4,-28.9002,18.3728
16878.5,15849,69793.2,6764.25,6329,70043,6993.68,63.3772,18.3738
11775.4,11092,69573.8,4821.75,4468,70724.8,8999.97,71.9018,18.3759
12946,12512,67809.5,4633.5,4304,70553.2,15218.8,-51.3119,18.3791
8619,8308,67989.3,2863.5,2660,70549.8,19020.2,-91.8748,18.3812
13075.4,12330,69497.9,5943.75,5642,69041.1,7654.44,-70.8077,18.3854
10225.1,9452,70896.7,4025.25,3660,72076.2,14452.3,47.6169,18.3875
8061.95,7366,71727.9,5334.75,4834,72324.8,28757.2,18.6993,18.3886
9003.8,8030,73483.6,7614.75,6874,72598.2,22468.4,72.2556,18.3907
6709.3,6532,67314.9,4077,3876,68934.5,17602.2,21.6985,18.3928
10674.3,9925,70483.7,5278.5,4753,72781.8,21347.4,-82.5023,18.3928
20028.4,16237,80839.1,11880.8,9581,81266.8,15010.9,-4.56413,18.397
15062.4,13584,72668.8,7009.5,6336,72502.3,14475.4,120.716,18.397
13995.1,12694,72253.5,7068,6406,72308.5,9339.39,-4.65099,18.3992
11585.6,10781,70427,5284.5,4813,71956.2,16387.4,-88.3359,18.3992
7985.9,7668,68253,3264.75,3104,68930,7368.24,41.8631,18.4002
9857.9,9192,70283.6,3555.75,3272,71219.3,7291.32,28.966,18.4013
15733.9,13443,76704.4,13550.3,12007,73959.3,22116.2,24.9688,18.4034
12221.3,11064,72391.1,5417.25,4840,73352.3,47854.5,17.9816,18.4034
28338,14516,127939,11634,5252,145172,13309.6,8.09981,18.4055
7140.9,6936,67472,3477.75,3388,67272.1,11840.5,-38.285,18.4065
6980.35,6836,66919.9,3410.25,3332,67075.1,10097.5,-29.6195,18.4087
7660.25,7481,67106.3,2622.75,2541,67644.5,6619.27,-77.6488,18.4087
8004.75,7505,69900,3594.75,3377,69761.8,8611.37,-25.2636,18.4108
8947.9,8569,68433.8,3307.5,3177,68228,6916.45,161.42,18.4118
10749.7,9760,72181.6,5250.75,4784,71930,23499,36.0969,18.415
6063.2,5748,69129.8,2327.25,2240,68088.7,7179.92,-91.4298,18.415
6347.25,6044,68824.2,2476.5,2412,67288.5,12199.3,-122.578,18.4161
12707.5,11521,72285.3,4619.25,4257,71112.8,6736.96,-50.1332,18.4171
41049.4,31345,85826,34230.8,27349,82026.6,61598.9,233.325,18.4213
8434.4,7264,76095.4,6847.5,6004,74743.1,11554.9,-84.7142,18.4245
12876.5,12144,69489,4950.75,4676,69386.7,12129.3,40.8242,18.4308
11357.4,10937,68055.4,4406.25,4269,67643,6613.86,58.2314,18.4319
8570.25,7789,72109.4,8544,7709,72634.5,26026.1,66.9619,18.4351
9477.65,8209,75664.2,5568,4945,73792.6,10768.5,62.3753,18.4351
6632.6,6268,69348.1,2779.5,2664,68377.4,14442.4,13.2172,18.4382
12208.9,11120,71953.8,3876,3600,70560.4,20582.1,-24.8535,18.4382
7573.15,7313,67867.4,2916,2821,67743,9952.81,-119.914,18.4414
15588.9,14841,68838.9,5031,4845,68051.9,6349.29,20.4014,18.4446
5762.25,5610,67314.6,2382.75,2298,67953,17033.3,52.6799,18.4446
12586.6,11563,71337.5,5885.25,5467,70549.8,27602,2.40267,18.4477
6789.25,6645,66958.6,2367.75,2341,66284.9,16503.4,-84.9002,18.452
6767.8,6676,66437.2,3093,3012,67298.4,6444.95,78.0178,18.4572
14501.5,13196,72019.6,7812.75,7016,72978.4,20812,86.9379,18.4572
10661.9,9572,72998.5,7236,6240,75996.6,14956.1,-31.5221,18.4572
7553,7260,68180.9,2634.75,2472,69850.7,20821.8,32.7575,18.4593
26403,23512,73594.2,19100.3,16968,73771.5,22498.2,102.354,18.4615
10856.3,10244,69453.2,3923.25,3680,69868,13998.1,61.3939,18.4625
19759.3,18026,71837.8,12399.8,11550,70357.6,13534.7,15.8313,18.4636
19187.3,16339,76960.8,11169.8,9683,75598.6,25334.9,81.6079,18.4646
11175.4,10732,68244,5808.75,5452,69824.3,13873.2,137.079,18.4688
15902.9,15392,67711.3,6231,5776,70698.5,13605.6,-7.39132,18.4762
15984.1,15638,66986.7,5013.75,4786,68654.6,15371.8,64.7823,18.4784
4904.9,5305,60593.3,2112,2061,67157.7,8829.2,6.54819,18.4784
29982.5,25609,76728.4,19293,16845,75060,11181,-9.0202,18.4879
12415,12244,66451.3,5665.5,5508,67410,22452.4,-31.8038,18.4889
7800.65,7695,66435.8,5084.25,4543,73343.9,14616,-9.14929,18.49
9590.75,9073,69275.8,5997,5473,71810.6,11209.8,103.639,18.491
13706.5,11796,76150.6,10353.8,8804,77072.2,19637.4,15.602,18.491
12454,12025,67874,4940.25,4649,69641.7,11210.6,-31.3813,18.4974
8041.8,7628,69091.2,3508.5,3196,71944,12612,35.646,18.5005
8314.15,8321,65482,3033,2945,67494.3,9996.69,107.984,18.5016
7527,7343,67178.2,3069.75,2927,68732.2,10525.5,45.1844,18.5058
10558.6,9208,75148.6,8125.5,7016,75899.8,29269.1,4.92002,18.509
13293.1,12170,71584.2,4771.5,4302,72688.3,12617.8,127.666,18.51
9244.95,8729,69409.7,5991,5677,69160.9,12207.5,11.5812,18.5227
17102.8,14911,75169.3,13721.3,12603,71350.9,10037.1,1.34279,18.5227
18139.5,14799,80329.3,13880.3,11583,78533.7,23184,44.7087,18.5227
17111.9,15661,71607.5,7027.5,6205,74223.1,17232.8,-36.7676,18.5248
19770.4,16505,78501.8,20997.8,18025,76344.4,15884.6,174.843,18.5312
13085.1,11561,74176,6234,5369,76094.5,26691.4,4.1569,18.5322
12048.4,11009,71723.5,3459.75,3137,72278.7,7945,23.7814,18.5322
14636.7,13201,72663.5,6306.75,5697,72550.3,6680.27,44.4689,18.5333
15553.8,13507,75467.3,8917.5,7703,75868.8,20382.5,20.734,18.5343
10002.8,9552,68629.3,4632.75,4452,68196.8,7613.87,90.8739,18.5343
15379.6,13509,74611.1,12447.8,11313,72109.6,19772.3,-63.5231,18.5375
5438.55,5113,69708.8,2634,2461,70143,7604.82,-15.7658,18.5407
9098.7,8556,69692.9,2763.75,2584,70094.9,11077.2,-5.5763,18.5428
7225.4,6815,69482.6,3966,3771,68924.9,7803.42,-130.153,18.5449
12010,11089,70979.4,5622.75,5025,73331.8,10691.6,-3.84181,18.5449
16102.4,14431,73126.6,8898,7887,73936.8,15644.6,4.57205,18.5502
12599.6,9713,85012.6,10587.8,8869,78236.4,21340,-21.442,18.5502
8874.45,7621,76314.9,6324.75,5745,72149.5,19614.5,12.1629,18.5544
9862.45,8822,73265.2,6641.25,6006,72467.7,6997.48,-35.523,18.5544
11034.4,10267,70434.4,4326.75,4111,68975.4,6683.83,55.6488,18.5554
10060.7,8835,74628,5344.5,4755,73660.8,13281.3,32.1809,18.5554
8912.8,7481,78079,7835.25,6861,74842,15133.3,91.4513,18.5607
13165.8,12036,71687.5,10932,9904,72338.4,11856.3,112.214,18.5649
14650.3,12449,77124.7,9933,9009,72257.6,8247.98,-29.55,18.5671
9065.55,8537,69593.5,3346.5,3161,69381.9,10682,11.6386,18.5692
7371,7137,67684.7,2721.75,2609,68368.2,9308.61,192.29,18.5755
10681.4,9744,71841.1,6636.75,5716,76092.7,17629.4,-34.2025,18.5787
12927.2,11141,76043.2,13407,11557,76026.8,18404,65.5284,18.5818
9736.35,8573,74429.2,6899.25,6045,74797.2,12289.3,2.97815,18.5871
6464.9,6133,69082.6,2361,2213,69918.9,10605.6,20.2414,18.5892
8539.05,8052,69500.1,3171,2960,70207.6,9982.65,-55.4152,18.5892
8875.1,8125,71586.3,6400.5,5853,71666.4,7474.45,45.2991,18.5913
7372.95,7209,67026.5,3509.25,3353,68590,10182.3,50.3573,18.5913
20078.5,17812,73875.2,12458.3,11440,71369.2,17822.2,26.8502,18.5924
12999.3,12025,70846.2,4864.5,4445,71721,22091.9,-25.7702,18.5935
6167.2,5981,67576.3,2091,2029,67538.6,10953.8,-116.512,18.5945
16926.6,14856,74670.5,11468.3,10108,74355.3,15078.9,16.6333,18.5945
14395.5,13366,70584.1,6756.75,6150,72001.7,9417.23,59.8461,18.5956
16812.3,15911,69248.2,6345,6083,68358.7,7623.59,-33.8265,18.5956
32983.6,27892,77499.4,23864.3,19456,80384.9,37778.2,179.18,18.5987
6347.9,6086,68356.2,3560.25,3254,71703.9,6766.13,40.1657,18.5987
11323,10793,68754.2,3139.5,2957,69580.8,12118.2,-103.655,18.6008
10540.4,9604,71925.8,3914.25,3568,71895.8,7495.85,76.2583,18.604
15718.3,14308,71995.7,8414.25,7824,70480.1,17707.2,75.0145,18.6051
8246.55,7832,69004.8,3690,3564,67852.9,19660.1,156.641,18.6061
15257.4,13244,75499.3,4016.25,3692,71291.7,13704.1,7.22498,18.6093
12273.3,10960,73389,6292.5,5840,70613.9,11894.5,95.873,18.6125
6510.4,6072,70267.7,2281.5,2232,66989.4,8531.51,-20.9606,18.6135
15913.3,14637,71250.5,7268.25,6889,69143.9,15123.7,-34.9684,18.6146
11752,10824,71154.8,5207.25,4988,68416.7,20064.5,29.3459,18.6167
10944.7,9989,71806.2,5615.25,5237,70269.4,14414.2,72.5583,18.6199
9333.35,7814,78278.8,9089.25,8289,71863.1,20402.7,-49.7868,18.6241
8481.85,7568,73449.6,7310.25,6708,71419.9,10024.6,34.0233,18.6272
32007.3,25848,81152.5,29120.3,24152,79017.3,30453.1,133.016,18.6272
11776.7,10649,72476.1,3226.5,2973,71124.1,9420.93,69.306,18.6283
10308.3,9376,72052.9,3763.5,3428,71950,15725.7,-32.411,18.6336
12964.3,11852,71686.2,5328,4904,71202.3,7257.34,49.6073,18.6357
23738.6,17740,87696.5,22982.3,17800,84616,12015,161.228,18.6367
14881.1,12621,77271.8,9122.25,7757,77070.5,30593.3,-1.14974,18.6441
18207.8,15330,77838.6,11491.5,9286,81101.3,14426.1,109.538,18.6515
10438.3,9320,73400,7836.75,7180,71530.5,7482.29,-57.0412,18.6558
6284.2,5690,72379.9,3940.5,3690,69985,17024.8,-51.3798,18.6558
11308,9904,74826.8,6070.5,5648,70438.4,17393.8,127.486,18.6579
5504.2,5356,67349.4,1410.75,1388,66610.2,12904.5,18.435,18.661
5661.5,5177,71669.3,3049.5,2745,72805.8,20765.5,-56.6804,18.6631
10490.3,9675,71059,4547.25,4239,70301.6,16745.8,109.451,18.6653
10693.1,10104,69357.3,2864.25,2696,69625.9,11443.8,-21.9301,18.6684
10719.1,9876,71131,4676.25,4212,72759.4,7831.97,21.2057,18.6705
6424.6,6045,69651.4,2613.75,2461,69603.7,10556.3,-53.7167,18.6758
7832.5,7178,71511.7,3310.5,2990,72560.8,7091.59,49.6135,18.6811
20722.6,18164,74767.6,15299.3,13216,75866.5,11100.7,72.6828,18.6832
8639.8,8033,70486.5,3041.25,2785,71566,11111,-5.57757,18.6853
5649.15,5421,68294.2,2132.25,2045,68332.1,9534.26,-20.9983,18.6906
7291.7,6100,78339.2,5105.25,4448,75219.8,7695.41,4.0108,18.6906
13454.3,12163,72494,4140,3815,71119,8525.69,57.2996,18.6917
5792.8,5408,70199.1,2349.75,2148,71691.4,17341,-83.2117,18.6927
6781.45,6192,71774.7,3216.75,2900,72694.1,7225.73,-118.952,18.6959
6461.65,6138,68991.6,2723.25,2586,69014.3,17605.4,45.7784,18.7001
57220.1,45145,83065.2,27992.3,22685,80868.4,33245.4,123.451,18.7012
11458.2,10329,72700.6,5326.5,4861,71811.9,18083,100.8,18.7012
11195.6,10041,73071.9,6089.25,5241,76142.9,8253.97,104.61,18.7054
6936.8,6105,74465.2,2418.75,2201,72019.6,11756.3,-27.1018,18.7086
15733.9,14169,72774.1,6405.75,5961,70425.6,6400.3,47.0595,18.7096
9725.95,8497,75014.7,3556.5,3173,73456.9,21030.1,43.0697,18.7107
17493.4,14676,78117.4,11206.5,9972,73649.1,11713.5,45.1398,18.7223
12584.6,11000,74977,6828.75,6028,74241.7,11603.8,190.484,18.7233
8204.95,7768,69222.4,3223.5,3048,69309.5,11348,-23.6465,18.7233
11223.5,10852,67779.8,3016.5,2884,68546.9,6779.68,-58.7348,18.7244
8182.2,7440,72073.7,4753.5,4292,72582.8,22475.3,-63.6247,18.736
12522.3,11213,73188.1,4974.75,4473,72887.4,19077,106.783,18.7371
7712.25,7060,71590.6,5032.5,4512,73096.2,7785.32,-48.4526,18.7402
5834.4,5532,69118.5,2893.5,2712,69922,9298.5,-8.94945,18.7402
11106.5,9865,73784,5904,5193,74508.9,20862.1,61.136,18.7413
13219.7,11877,72944.9,5056.5,4593,72149.5,8845.45,-160.292,18.7445
16302.6,12754,83770.6,9578.25,8034,78133,24475.8,211.5,18.7466
7719.4,7033,71932.1,3398.25,3229,68971.1,8033.17,36.6781,18.7497
11135.8,9798,74484.2,4300.5,3878,72676,16803.4,-4.9315,18.7508
10129.6,9089,73039.2,5293.5,4833,71780.4,11583.5,12.4647,18.7508
9135.1,8152,73439.4,2317.5,2136,71104.7,20415.7,-71.2873,18.7518
6938.1,6413,70902.1,2525.25,2413,68584.7,8965.8,14.2831,18.7529
30850.3,17649,114556,37986.8,24705,100769,51488.1,520.085,18.7529
11788.4,10829,71342.2,3357,3177,69249.1,21924.2,123.016,18.755
10060,8441,78106.3,5514.75,4765,75847.8,9487.25,163.903,18.7561
15553.2,13648,74684.5,9013.5,7860,75153.8,29094.3,148.547,18.7582
7024.55,6457,71296.4,2997.75,2861,68668.5,15675.5,-77.9891,18.7592
8284.9,7299,74388.2,3113.25,2899,70379.4,20279.1,46.5379,18.7603
14138.8,11517,80455,7572,6445,76995.9,17763.3,-101.288,18.7645
6397.95,5569,75291.1,2265.75,2197,67586.8,14420.2,27.8381,18.7677
9062.3,7131,83285.2,6905.25,6107,74102.3,21282.1,16.4002,18.7687
13645.4,11508,77708.4,5374.5,4880,72176.9,20944.1,4.37289,18.7698
11622,9805,77680.7,4944,4505,71922.3,27636,-116.279,18.773
9572.55,8285,75720.8,3295.5,3149,68584.9,11575.4,171.565,18.774
8926.45,7520,77793.1,3826.5,3584,69970.3,19530.1,-45.454,18.7761
10226.4,8481,79023.8,4361.25,4005,71365.5,7091.1,-7.14649,18.7772
7543.9,6432,76865.2,2392.5,2324,67467.7,18943.7,-20.4919,18.7804
9926.15,8124,80073.9,3462.75,3224,70389.2,7012.15,-67.3435,18.7825
6485.7,5088,83539.1,2581.5,2404,70374.9,13657.2,-112.313,18.7835
8178.3,6633,80804,2957.25,2777,69789.8,8307.23,-29.5522,18.7835
12064.6,10065,78556.3,4251,3989,69840.4,8615.84,-33.8638,18.7846
10556.6,8980,77042.4,4213.5,3936,70156.5,14621.1,45.8905,18.7856
12912.3,10889,77713,4337.25,3997,71114.8,26338.8,-12.1699,18.7867
19210.8,14628,86067.5,16817.3,13988,78791.5,26483.4,78.9847,18.7867
10626.8,9093,76590.9,5613,5237,70241.3,17930.2,62.9662,18.7888
7812.35,6609,77468.6,1560.75,1541,66375.9,7479.03,-89.7211,18.7899
14102.4,12473,74097.2,6988.5,6617,69215.4,11237.8,136.318,18.7962
24476.4,16669,96231.6,14742.8,11625,83112.3,17961,26.845,18.7983
8562.45,8292,67673.5,4369.5,4224,67793.5,12746,-41.759,18.8025
7335.25,7129,67432,2355,2281,67662.1,6537.62,46.1943,18.8036
8483.15,8176,67998,5430.75,5156,69028.2,16831.2,-5.79254,18.8046
12504,11100,73825.7,7199.25,6348,74324.2,15685.3,47.5705,18.8046
19979,16364,80013.9,12963.8,10972,77432.8,39421,50.9785,18.8046
11826.8,10832,71554.5,4429.5,4064,71430,11295.6,64.9355,18.8057
6533.8,6197,69097.8,3648.75,3397,70392.8,20041.4,-16.2332,18.8068
8742.5,7776,73681.6,4628.25,4048,74930.1,13066.3,73.4689,18.8078
11107.8,10904,66761.2,4383.75,4296,66874.6,16553.5,50.9779,18.8099
11328.2,10636,69801.1,5467.5,5132,69820.4,12146.3,70.9235,18.8141
8439.6,8465,65339.4,4677.75,4417,69404.8,21613.9,-76.4923,18.8163
17091.1,14701,76190.9,14173.5,12521,74185.3,13828.9,84.6203,18.8173
10674.9,10834,64573.9,4821,4470,70682.1,13965.1,51.9352,18.8205
6052.8,6581,60276,3294.75,3109,69451.5,11267.5,50.3166,18.8215
24553.8,20560,78266.3,14320.5,12576,74626.9,33432.1,213.744,18.8215
13297.7,13625,63961.7,5388,5229,67528.8,21212.4,-10.2572,18.8215
7352.8,7382,65276.8,7520.25,6898,71447.8,24797.9,162.468,18.8247
5538.65,6150,59021.3,1750.5,1702,67403.5,10118.2,-26.1803,18.8321
10759.4,10660,66147.4,4378.5,4004,71665.7,15864.4,4.56379,18.8332
11992.5,11773,66757.9,5182.5,4637,73245.7,24766.8,148.709,18.8332
14655.5,14176,67753,7545,6816,72545.4,10578.2,42.6025,18.8342
7150.65,7137,65661.3,7617.75,6645,75129.7,28480.4,-52.6703,18.8342
7366.45,7881,61257.2,3498.75,3305,69377.9,12392,-59.8057,18.8353
5576.35,6228,58678.8,3481.5,3312,68890,6522.07,-54.4251,18.8363
12548.9,12700,64756.3,5216.25,4872,70166.7,6375.54,-24.3196,18.8395
16654.9,16041,68044.3,10842,9853,72114.2,15738,63.0485,18.8395
6629.35,7084,61329.9,3308.25,3176,68264.9,8417.72,-94.9164,18.8416
15544.7,15221,66929.9,6775.5,6261,70921.5,14656.8,94.9092,18.8416
14629.5,14299,67051,5832,5307,72019.2,8578.89,-49.3424,18.8427
7500.35,7965,61712.9,2904.75,2825,67386.1,10770.1,43.4552,18.8448
31354.7,18765,109505,29983.5,20889,94068.6,56181.5,173.329,18.8458
9129.25,9164,65287.5,3711,3448,70534.8,6935.35,70.2594,18.849
5588.7,6253,58573.7,2806.5,2649,69432.5,11137,-127.699,18.8511
10884.9,10308,69203.8,9342,8212,74554,18473.5,148.946,18.8511
5357.3,5980,58711.7,2489.25,2376,68659.7,12045,53.7273,18.8543
16831.1,16220,68005.1,7953,7288,71515.9,6679.88,-4.55104,18.8543
12116,12117,65530.6,8202.75,7697,69842.2,7916.68,146.762,18.8585
7497.1,7861,62502.2,3795.75,3553,70013.6,19657,6.14126,18.8606
8195.2,8789,61108.3,3153,3073,67242.1,7768.37,90.8681,18.8669
11840.4,11313,68591.2,5635.5,5157,71616.9,21484.1,-57.5674,18.8691
7150.65,7581,61815.7,3876,3741,67901,6925.13,84.8797,18.8691
12855.7,11967,70402.9,7434.75,6507,74879.9,27976.3,-24.2714,18.8691
18565.3,16108,75533.6,10758,9180,76801.3,7650.6,-7.16752,18.8754
16214.9,14609,72740.1,8097.75,6881,77124.6,17354.1,-6.67219,18.8754
7438.6,7453,65409.4,4121.25,3789,71282.7,9011.51,139.841,18.8786
10038.6,9867,66675.8,4925.25,4635,69640,13256.3,88.9418,18.8786
7797.4,7708,66296.1,3754.5,3484,70624.3,11169.3,-12.4598,18.887
7105.15,7061,65945.8,3367.5,3109,70985,6456.58,-33.7826,18.8881
7285.85,7303,65382.1,3834,3587,70048.8,9101.01,101.138,18.8902
7879.95,7669,67338.7,3927,3697,69613.2,9044.05,-24.4199,18.8912
8665.8,8565,66307.3,3426,3317,67689.6,8803.24,47.8292,18.8933
15410.2,14619,69082.9,6756.75,6511,68009.6,20015.7,173.828,18.8944
6641.05,6348,68561.4,4277.25,3836,73074.5,27749.9,54.8571,18.8955
9643.4,9101,69441.8,7956,7421,70260.7,29953.6,60.7943,18.8965
13965.9,13101,69862.5,8103,7177,73991.7,13320.6,-52.1006,18.8997
14756.9,14220,68010.6,5284.5,5128,67536.1,13510.8,-22.0078,18.905
16829.1,15766,69955.3,13236,12338,70305.9,15487.1,13.178,18.9102
6868.55,7244,62139.3,2595.75,2556,66555.2,19479.6,117.948,18.9113
8286.2,8481,64030.7,3554.25,3425,68009.1,8418.67,36.6636,18.9124
13927.5,14156,64478.4,6450,6312,66968.8,6717.47,21.2475,18.9145
10674.9,10532,66425.5,3990.75,3684,70992.9,22050,-8.56867,18.9176
23760.8,20993,74176.4,15189,13237,75200.3,17410.1,156.726,18.9197
8485.75,8540,65119.7,5928.75,5496,70696.3,10098.2,15.1005,18.9219
10098.4,9368,70645.7,7849.5,6904,74511.1,7095.91,42.7333,18.924
6453.85,6725,62893.6,3981,3669,71109,12549.8,8.12836,18.9282
9855.95,9748,66261.8,5403.75,4960,71399.2,9225.57,-42.4867,18.9303
6986.85,7085,64628.1,3186.75,2969,70342.5,7260.84,-117.233,18.9335
10781.5,10700,66035.5,4875.75,4536,70444.7,8956.66,-28.7166,18.9356
6973.85,7049,64837.3,5293.5,4941,70211.5,31438.6,-36.4415,18.9388
10859.5,10762,66130,4512,4254,69510.7,18108.2,-109.041,18.9419
5842.85,6352,60282.9,3032.25,2912,68242.3,17467.1,-30.7564,18.944
5917.6,6355,61025.3,3149.25,3063,67381.4,9306.41,-67.4297,18.9472
4898.4,5325,60285.7,2244.75,2157,68202.1,12351.9,25.3358,18.9493
10682.1,9732,71934,8164.5,7412,72189.5,14370.6,20.0999,18.9514
16606.2,15936,68292.2,5609.25,5236,70207.8,16699.6,-1.4876,18.9525
7538.7,7772,63568.7,3509.25,3400,67641.8,20377.2,-112.566,18.9546
4930.25,5072,63704.4,2157,2000,70680.6,10889.3,-9.40924,18.9567
10431.8,10037,68114.1,4623.75,4289,70651,6367.18,102.101,18.9641
11425,10673,70153.9,7119,6401,72887.2,7425.03,-44.999,18.9673
8766.55,8008,71743.8,6426.75,5964,70621,16227.2,-10.9298,18.9673
13343.8,12653,69114.2,7809.75,7373,69418.1,13992.5,38.1741,18.9736
13179.4,11283,76551,10289.3,8823,76427.1,32447.1,19.4206,18.9747
15343.9,14429,69691.4,4974.75,4605,70798.1,21897.9,123.017,18.9778
6759.35,6860,64574.5,2910.75,2732,69823.9,11537.7,66.6464,18.9778
7742.15,7744,65520.3,3877.5,3748,67800.4,18964.6,79.2673,18.981
7454.85,7385,66155.9,3028.5,2809,70657.1,7748.79,20.3488,18.9863
14719.9,13117,73544.5,7245.75,6121,77578.4,27950.2,107.31,18.9884
12721.1,12040,69243.6,9734.25,9132,69858.1,20294.6,-110.843,18.9894
15854.1,14865,69896.9,5098.5,4677,71442.2,9834.57,-42.5096,18.9905
14699.7,13377,72016.4,9219.75,7861,76863.7,16980.4,111.162,18.9916
7289.1,7080,67471.5,3438.75,3196,70513.7,11270.5,68.3764,18.9916
8539.7,7833,71448.7,5040.75,4601,71799.7,21366.6,-33.483,18.9947
12008.1,10888,72278,6266.25,5768,71197.1,14201.8,-105.454,18.9958
6214,6020,67648,2707.5,2560,69312,8865.1,-1.19316,18.9968
11315.2,10541,70349.4,5697,5289,70591.5,12340.1,4.69624,19
21416.2,16669,84200.1,15808.5,12057,85927.3,37980.7,143.913,19.0063
13107.9,11973,71748,4212,3873,71272.3,15028.8,-93.4448,19.0074
12260.3,11172,71920.1,6656.25,6260,69684.4,28011.8,44.5273,19.0084
12845.3,11657,72216.7,5598.75,5177,70875,9093.87,96.8382,19.0106
21074.3,19388,71236.1,6590.25,6248,69125.9,10874.6,-3.84868,19.0127
21772.4,17440,81816.3,11436.8,9684,77397.6,11225,155.238,19.0137
10724.3,9269,75826,8313,7649,71225.1,7789.42,36.6873,19.0169
17789.8,15701,74254.9,8881.5,7969,73040.3,6374.47,-29.4796,19.018
13160.5,11608,74301.3,7575.75,6776,73271,9629.17,126.058,19.018
6817.85,6329,70598,2139.75,2105,66617.9,14534.5,-47.8462,19.0222
13156,12132,71067.6,6460.5,6240,67851.8,19265,74.096,19.0232
5675.15,5277,70480.7,2791.5,2749,66549.2,26822.7,110.792,19.0232
19561.1,17837,71870.6,7236.75,6521,72729.3,8993.42,-2.05799,19.0275
17028.7,15876,70294.3,8292.75,7920,68620.4,10395.3,77.0093,19.0306
20222.8,16936,78254.7,16509.8,14396,75158.6,19201.4,63.7784,19.0327
9729.85,8796,72493.8,3527.25,3276,70562.2,17486.1,1.92285,19.0327
18677.1,15357,79704.5,11537.3,9593,78818.4,47642.4,122.91,19.0338
10358.4,9416,72095.2,5872.5,5496,70025.5,7413.79,26.3814,19.0359
11034.4,10100,71599,6740.25,6336,69717.3,19267.2,66.3559,19.0359
20987.8,17440,78868.1,19041,16500,75628.6,18304.2,110.252,19.037
20636.8,17454,77486.9,14440.5,12558,75360.1,25610.8,55.7975,19.037
10775.7,9964,70874.8,3925.5,3676,69984.1,15192.9,239.369,19.037
7598.5,7232,68857.2,2548.5,2500,66807.4,8278.46,71.9289,19.038
16673.1,15164,72058.3,6593.25,5832,74090.4,11955.3,255.831,19.038
14725.7,13111,73607.4,9195.75,8131,74117.9,11322.6,55.4745,19.0391
19415.5,18020,70611.2,11151,10436,70026.1,15729.5,20.9089,19.0412
9519.25,9217,67685.1,4419,4245,68222.3,8371.39,28.0654,19.0422
17434.3,14964,76354.9,14060.3,12292,74963.6,16316.5,122.367,19.0422
11103.9,10352,70296.4,6952.5,6132,74305.1,26870.2,126.27,19.0422
11560.9,10373,73041.1,6218.25,5605,72706.4,13129.8,50.2466,19.0486
11273.6,10753,68708.9,4331.25,4133,68679.6,10039.5,71.8627,19.0507
12763.4,11873,70450.8,4839.75,4549,69724.8,25298.6,112.569,19.0517
7088.9,6824,68080,2721,2636,67649.3,8017.48,-35.5613,19.0539
8242,7632,70774.1,3238.5,2992,70935.3,26148.5,21.3773,19.0539
8677.5,8020,70908.8,4293.75,3904,72078.7,6777.52,83.1653,19.057
12350.6,11275,71788.2,6383.25,5691,73507.8,8476,-137.059,19.057
11363.3,10509,70863.6,7509,6649,74012.6,12648.9,51.9846,19.0591
8232.9,7768,69458.2,3602.25,3356,70344.8,19012.3,100.765,19.0602
7727.85,7589,66735.1,2900.25,2801,67858.2,10465.7,-20.1733,19.0602
19953,16787,77896.2,13344,11411,76637.7,14155.9,30.428,19.0612
9401.6,8082,76236.5,5715.75,5046,74234.5,11791.8,23.6368,19.0655
6498.05,6213,68542.8,2694.75,2565,68851.1,7333.24,-41.5556,19.0655
10939.5,10319,69476.8,3956.25,3759,68974.9,9224.72,65.8733,19.0676
10119.2,9713,68276.7,4593.75,4405,68344.2,17718.5,-59.1459,19.0686
12992.2,11836,71937.9,8732.25,8076,70861.4,20139.4,13.0031,19.0707
10122.4,9079,73068.1,6339.75,5751,72245.2,10604.6,-13.2985,19.0707
20269.6,16528,80372,15834.8,13940,74443.8,29597.2,108.108,19.0729
11201.4,10793,68016.1,3608.25,3401,69529.6,8368.56,-81.1545,19.075
7699.25,7345,68696.8,3039,2785,71513.1,23499.6,-15.5031,19.075
13841.7,12718,71326.7,6566.25,5946,72372.3,15513.9,33.817,19.0781
17443.4,15540,73563.1,9900,8656,74954.5,24795.2,95.3882,19.0813
6273.8,6213,66177.3,2688,2577,68358.9,11295.8,26.2355,19.0813
9288.5,8913,68297,4199.25,3937,69901.5,7910.41,-28.6773,19.0824
9252.75,9149,66279.2,3799.5,3625,68690.8,18532.2,-77.2365,19.0887
10819.9,10332,68630.8,4935.75,4556,70998.5,12551.3,52.8483,19.0898
8247.85,8258,65455.4,3924,3702,69466,8723.53,-39.0278,19.0929
9025.9,9116,64888.3,6930.75,6348,71552.2,17564.8,-51.4001,19.095
14112.8,13677,67624.2,7708.5,7161,70546.6,10536,-178.416,19.0961
5446.35,5690,62729.7,3458.25,3178,71315.3,8873.78,38.3665,19.0993
10113.3,9369,70742.7,6833.25,6157,72734.1,13880.7,3.77834,19.1014
5129.8,5386,62418.6,3092.25,2858,70907.5,13108.8,-3.07265,19.1014
22653.1,20609,72036.3,14292,12273,76317.2,7098.83,-27.7868,19.1024
12608.7,11616,71136.7,7591.5,6672,74567.8,14287.1,-31.4969,19.1024
14275.3,14258,65615.5,5649,5350,69198.7,9011.04,65.0214,19.1088
5092.1,5444,61299.8,3002.25,2800,70269.8,14496.5,-77.0848,19.1109
5530.85,6038,60031.4,2488.5,2422,67335.4,11155.9,-22.7793,19.113
15618.8,14285,71655.4,7866,6989,73759.6,18656.9,-43.7012,19.1162
5270.2,5416,63771.8,2545.5,2344,71169.8,17768,-5.82775,19.1172
10660,10116,69060.3,7425.75,6688,72765.2,12629.7,-32.2946,19.1193
8320,8514,64042.7,3165.75,3106,66796.7,7316.16,-34.675,19.1214
7044.7,6854,67359.4,4522.5,4098,72324.7,10180.8,156.997,19.1225
12987,12481,68192.9,4546.5,4213,70723.8,17660.3,44.0563,19.1235
10411,9956,68531.4,4983.75,4532,72068.6,10661.4,-126.821,19.1235
5353.4,5356,65504.2,2226.75,2092,69757.3,13712.2,9.80468,19.1246
5652.4,5881,62988.6,2934,2777,69241.1,14025.3,-22.0271,19.1278
5413.2,5737,61837.1,2196.75,2121,67876.6,6731.29,-18.313,19.1288
6215.3,6412,63525.6,3253.5,3052,69862.8,9669.19,-64.8634,19.1288
13527.8,13145,67444.5,5291.25,4921,70466.9,15215.9,108.648,19.1288
13041.6,12238,69839.4,7120.5,6302,74047.8,25037.9,-97.261,19.1288
11448.4,9865,76055.3,6995.25,5837,78540.5,20827,6.09729,19.1309
14999.4,14675,66984.7,5005.5,4787,68527.4,11745.1,25.3586,19.1309
25591.1,18611,90115.6,24830.3,18727,86894.6,13363.8,94.9578,19.1331
5972.2,6276,62363.6,2783.25,2672,68264.6,12959,65.733,19.1341
7821.45,7624,67233.3,4452,4024,72506.5,14351.8,2.04064,19.1352
4875.65,5088,62800.8,2155.5,2036,69382.5,10898.4,114.83,19.1352
10218,9692,69092.7,4102.5,3756,71581.9,15093.5,-68.5072,19.1394
12201.1,12056,66325,4371,4220,67881,9707.67,48.6552,19.1426
13606.4,12897,69141.1,5565.75,4993,73053.7,17342.3,7.94825,19.1436
11806.6,11172,69258.6,5581.5,5124,71387.4,10426.6,7.34815,19.1457
11154.6,10053,72717.7,9615.75,8501,74129.8,10970.5,131.168,19.1468
11419.8,10880,68787.8,5366.25,4976,70675.8,17021.2,117.18,19.1489
12321.4,11757,68682.1,4899,4653,69000.8,29553.5,47.9093,19.151
18694,16694,73387.4,13378.5,11986,73149.8,9338.05,136.389,19.1521
8117.2,7850,67766.7,2080.5,1998,68242.1,9631.92,48.658,19.1542
11464,8876,84644.9,9399.75,8108,75977.1,36952.5,-71.0487,19.1542
6615.05,6444,67275.6,2213.25,2172,66780.6,17826.7,72.43,19.1542
12799.1,11956,70157.7,2843.25,2676,69632,13059,-71.8708,19.1542
5755.75,5365,70309.2,2863.5,2769,67772.6,12893,-5.64454,19.1542
6358.3,6153,67722.7,2611.5,2589,66105.5,12690.1,-36.5969,19.1616
7850.05,7321,70271.9,1811.25,1693,70113.5,13970.7,182.655,19.1616
11350.9,10237,72667.4,7161,6573,71398.6,7993.91,93.4396,19.17
12860.3,11948,70539.8,5306.25,5036,69052.9,17332.8,40.6286,19.1711
11967.8,10583,74111.5,4875.75,4487,71214,7029.96,33.2758,19.1711
11512.1,10306,73205.9,4808.25,4550,69255.7,15674.3,8.01094,19.1732
11633.7,10284,74137.1,7199.25,6648,70970.2,9901.1,4.7879,19.1763
14983.8,11652,84275.5,11902.5,10404,74975.2,15669.1,195.491,19.1774
13074.8,10521,81443.5,8189.25,7117,75409.7,27412.9,-75.8502,19.1806
6704.1,5600,78457.1,5157,4592,73599.6,12376.8,130.255,19.1806
14462.5,13177,71929.5,3255,3017,70705.9,6929.77,83.1596,19.1848
5809.7,5464,69682.4,2051.25,1980,67894.3,9896.42,-73.4719,19.1859
14109.5,12493,74016.1,8889.75,7869,74037.2,7648.51,-71.6674,19.1859
9617.4,8740,72115.1,5949,5620,69372.5,8497.36,-141.359,19.1901
9972.95,9220,70888,5886,5232,73728,6529.19,-32.0654,19.1943
5480.15,5372,66855.4,2284.5,2268,66012.8,17640.1,-162.343,19.2049
10386.3,9623,70734.7,4730.25,4396,70519,22830.3,-137.598,19.207
11619.4,10921,69727,4309.5,4061,69546.3,6695.34,-1.11162,19.207
8102.9,7096,74835.4,5674.5,5068,73378.9,18161,-41.9625,19.207
9990.5,9041,72418.7,8196,7157,75050,18438.7,-44.553,19.208
10435.8,9505,71953.4,7262.25,6545,72717.9,27703.7,-2.76115,19.208
6127.55,6013,66784.5,2905.5,2717,70082.8,17586.4,-58.2809,19.2122
12477.4,11809,69245.4,6004.5,5553,70864.6,11589.9,-82.1356,19.2133
5189.6,5197,65442.7,1872.75,1785,68757.7,21599.4,-135.832,19.2144
35878.7,26093,90114.1,42146.3,31565,87505,53736.5,109.781,19.2165
23832.3,21110,73987.2,19916.3,17570,74287.5,6362.03,-6.25909,19.2186
13562.9,12557,70785.9,7921.5,7341,70718.4,38127.1,70.8071,19.2196
10096.4,9505,69614,6852.75,6417,69986.3,16336.7,-20.394,19.2207
11324.9,10704,69337.8,3969,3668,70914,14660.2,-8.29095,19.2228
7686.9,7177,70192.1,6132.75,5609,71655.5,6654.78,26.4099,19.226
5271.5,5337,64731.7,3255,3049,69963.8,8269.61,25.4892,19.2281
10737.3,10245,68685.5,7048.5,6293,73403.9,12670.6,-1.33618,19.2281
11883.3,11409,68260.5,5681.25,5029,74035.9,43055.6,85.2419,19.2302
11505,11413,66064.3,6411,6085,69047.1,23273.3,26.6454,19.2323
11042.8,9960,72661.1,8847.75,7656,75737.5,32269.5,161.327,19.2334
11415.9,11256,66467.3,5763,5388,70097.2,24031.2,30.9169,19.2355
12673.7,12545,66208.3,5007.75,4785,68586.8,9097.11,-57.9619,19.2397
18713.5,16741,73257.7,11889,10245,76052.5,8662.42,81.3745,19.2408
12058.1,11492,68764.6,7318.5,6720,71372.8,11810.1,2.13616,19.2471
11234.6,11080,66450.4,4918.5,4684,68817,21871.5,80.018,19.2482
19487.6,16007,79786.5,14671.5,12023,79972.7,11669.2,277.341,19.2513
14581.4,13711,69696.6,4729.5,4363,71041.1,15714.2,-2.31056,19.2513
19685.9,17841,72312.9,13737,12305,73162.8,13612.1,84.6284,19.2513
15731.9,14511,71050.2,8577,7515,74797.4,24424.5,-71.4379,19.2545
11350.9,11031,67436.8,3719.25,3495,69741,7995.24,86.5595,19.2545
10890.8,10429,68437.6,4446,4121,70704.5,8754.42,3.971,19.2619
5049.85,5176,63938.8,2088,2024,67608.3,13332,-45.221,19.2629
10173.8,9813,67945.6,5904.75,5457,70913.3,18117.1,61.2391,19.2661
17964.7,16041,73395.3,15232.5,13241,75392.9,27932.9,90.9702,19.2714
6287.45,6101,67538.8,2504.25,2369,69277.6,19866.4,39.6734,19.2714
8752.25,8592,66758.3,3603.75,3476,67944.6,14187.5,39.0268,19.2756
14200.5,12313,75582.5,11658.8,9993,76460.3,25546.4,54.9399,19.2809
15142.4,14125,70256.4,9917.25,9069,71665.8,9689.56,85.6358,19.2819
8486.4,8327,66790.5,3429.75,3287,68382.1,9652.7,51.2372,19.2841
12199.2,11553,69201.7,5110.5,4725,70882.9,9321.49,92.5297,19.2872
13189.1,12280,70388,5131.5,4728,71129,17977.8,86.1844,19.2893
29983.8,19616,100174,24749.3,18352,88380.9,50114,378.237,19.2914
11766.3,10945,70453.7,4317,3957,71498.3,34797.8,187.032,19.2914
13230.8,12360,70152.9,5112.75,4840,69229.2,15037.8,-3.14514,19.2936
6702.15,6449,68108.6,3329.25,3201,68161.7,13655.5,-92.5332,19.2946
12309.7,11108,72625.9,6786,5732,77586.8,18503.7,57.7846,19.2978
15835.3,14697,70611.8,8685,8169,69675.6,9916.42,81.3273,19.2978
8080.8,7571,69948.9,4146.75,3847,70642.4,7544.02,127.856,19.2999
11468.6,10336,72717.3,7663.5,6756,74339.1,12267.4,102.739,19.3052
11012.9,10112,71375.1,5439,4864,73283.4,22473.9,61.0754,19.3083
9432.8,9009,68618.9,3998.25,3733,70192.7,17713.6,79.3143,19.3105
6569.55,6380,67483.1,2515.5,2412,68348.2,13544,-32.329,19.3105
11256.7,10542,69979,5082.75,4622,72069,22232.4,15.5045,19.3126
7825.35,7370,69585.1,2346.75,2158,71268.1,20922.1,-36.9063,19.3126
12253.1,11449,70139.1,5049.75,4553,72686.2,17191,-56.5461,19.3136
5228.6,5206,65820.5,2423.25,2262,70207.8,29851,50.4782,19.3147
13184.6,12365,69880,4908.75,4573,70347.7,20831.3,-36.0429,19.3252
9148.1,8837,67843.1,4608,4497,67153.6,10690.8,58.9382,19.3263
8219.25,7697,69982.7,3820.5,3541,70708.9,6632.96,27.2707,19.3284
5316.35,5205,66938,2159.25,2101,67353,15757.2,101.748,19.3337
8958.3,8136,72159.7,5402.25,4856,72908.1,24413.7,102.283,19.3369
13248.9,11900,72965,10491.8,9368,73397.4,17930.9,125.746,19.3369
11444.5,10345,72501.7,6080.25,5513,72279.2,17864.6,138.649,19.3379
9443.85,8913,69439.3,3993.75,3861,67789.3,21820.6,7.77995,19.339
7921.55,7384,70307,2847.75,2696,69224.8,13854.2,42.4793,19.3432
8335.6,7804,70000.2,4182.75,4044,67784.5,8406.67,81.3841,19.3442
16068.6,13482,78109.7,9072,8042,73929.7,26114.9,18.7986,19.3464
13388.7,12545,69943.6,4122.75,3893,69403.7,14050.4,125.892,19.3474
8435.05,7934,69674.8,2868.75,2718,69170.9,23273.5,68.7854,19.3506
12687.3,11297,73601.7,7231.5,6625,71535.6,12546.2,-38.3115,19.3506
11095.5,9994,72759.1,6931.5,6186,73434,14737,-21.1938,19.359
7854.6,7184,71653.5,2577,2400,70369.3,11521.4,18.487,19.359
9870.25,8840,73173.8,5035.5,4732,69739.3,19031.2,-26.5152,19.3611
14680.2,13357,72028.5,7895.25,7213,71734.8,9254.1,82.2122,19.3643
6277.7,5877,70004.3,2448,2357,68066.2,8235.63,46.1305,19.3643
9274.2,8700,69861.4,3142.5,3020,68194.3,12819.7,99.2782,19.3643
12731.5,11633,71724.8,7083,6657,69729.8,9619.28,83.0585,19.3664
15089.1,13213,74841.4,8666.25,7593,74799.3,27170,38.5389,19.3675
13798.8,13433,67320.9,5568.75,5417,67371.9,8568.23,-29.562,19.3706
14740.7,13260,72854.2,7550.25,6584,75153.9,14936.5,-20.3413,19.3728
12151.8,11524,69106,4584.75,4260,70532,8923.93,75.3446,19.3728
12937.6,12034,70456.9,6045.75,5654,70076.8,16017.1,-99.5019,19.377
8396.7,7901,69647.6,5268.75,4937,69939.8,6339.81,35.0217,19.378
12645.1,11844,69968.7,5583.75,5216,70156.6,12603.5,29.6263,19.378
6024.85,5812,67936.1,2940,2816,68421.8,10525.3,-51.1356,19.3801
10021,8824,74426.5,9403.5,8204,75118,18258.5,12.2138,19.3812
10074.3,8760,75369,7660.5,6984,71884.1,37016,56.2289,19.3907
11259.9,10148,72717,6021,5552,71072.1,9164.54,-57.1044,19.3907
12397.4,11640,69800.6,4318.5,4108,68894.2,12320.7,21.037,19.3918
8701.55,7897,72212.8,6154.5,5353,75348.6,13381.3,-15.9829,19.3928
13457.6,12735,69254.6,6173.25,5868,68945.1,9004.46,-44.1984,19.3939
18827.9,16772,73569.4,9903.75,9184,70672.1,12759.4,-40.8995,19.396
5497.7,5144,70042.2,2067.75,1964,68998,9277.52,89.0913,19.397
51212.8,31928,105120,46636.5,29784,102618,23482.6,177.137,19.3992
10935.6,10168,70483.4,6795.75,6280,70918.2,11489.3,79.5482,19.3992
11398.4,10676,69970.5,4677,4212,72771.1,11428.1,13.3305,19.4023
12012.6,11055,71213.1,7333.5,6587,72963.1,15054,-35.8258,19.4034
8954.4,8522,68861.2,3666,3438,69882.2,17433.9,-82.3552,19.4044
6030.05,5352,73838.8,5490,4796,75019.3,11827.3,29.6555,19.4087
13606.4,12753,69921.8,3763.5,3509,70289.2,11795.7,83.8367,19.4097
13375,12105,72412,8901.75,7949,73391,18746.8,-69.5045,19.4129
12483.3,11647,70241.5,4828.5,4363,72528.2,13075.8,50.2486,19.4139
7718.1,7333,68977.7,5277,4929,70163,9197.96,116.614,19.415
6829.55,6665,67154,3318,3117,69762.1,10771.5,27.1152,19.4192
15497.9,14025,72418.8,5868,5193,74054.5,8535.63,1.39922,19.4234
12485.2,11281,72531.7,8445.75,7585,72973.1,15193.1,4.58902,19.4245
9982.7,8689,75293.6,10997.3,9921,72645.5,15368.3,35.5424,19.4277
8609.9,7233,78011.7,6194.25,5233,77574.3,13723.9,13.2442,19.4287
15621.4,14485,70677.8,5472,5109,70192.4,9949.66,15.9661,19.4298
10245.9,9073,74008.4,5817,5061,75325.6,15034.8,121.555,19.4298
15028,12552,78463.6,11685.8,10092,75885.6,19864,292.513,19.4308
12587.3,11604,71089.1,5869.5,5360,71765.6,11621.7,146.623,19.4329
19530.5,16108,79460.8,12771.8,10876,76959.3,30297.6,28.1014,19.434
17479.1,15114,75791.6,6520.5,5482,77951,17686.7,167.035,19.4351
9582.3,9056,69344.7,4172.25,3840,71206.4,9588.2,95.9597,19.4372
9592.05,8461,74296.7,6843,5993,74831.1,35077.3,-6.47826,19.4372
10151,9290,71610.3,4111.5,3678,73260.3,10993.1,-3.85314,19.4382
6831.5,6442,69498.5,2953.5,2682,72170.2,8385.55,-24.3951,19.4382
18749.9,15782,77860.4,10194,8610,77592.8,15744.2,-38.4317,19.4393
8206.25,7816,68808.2,2044.5,1916,69931.3,25677.6,198.555,19.4414
10266.1,9362,71864.9,4958.25,4514,71985.8,12638.7,111.325,19.4424
28603.9,17093,109670,27513.8,18097,99637.6,10493.8,74.4256,19.4435
10785.4,9828,71920.6,3964.5,3620,71772.8,12129.2,149.184,19.4456
15250.3,13748,72697.4,8142.75,7044,75758.6,13704.9,113.865,19.4456
8036.6,7300,72148.9,4518,4164,71107.5,10422.2,140.648,19.4467
7748.65,6723,75534.1,3066.75,2839,70793.4,6443.33,16.9579,19.452
11680.5,10657,71830.1,4809,4581,68797.8,11035.7,-20.1947,19.4572
11275.5,9772,75619.6,4076.25,3688,72435.2,19059,89.5837,19.4572
9463.35,8300,74721.7,4251,3884,71728.5,14461.5,8.91652,19.4593
10885.5,9753,73146.3,4332.75,4093,69374.8,7798.86,-13.1931,19.4593
14977.3,13274,73945.5,7343.25,6926,69484.1,8563.63,-37.3018,19.4604
13109.2,10883,78941.9,7101.75,6275,74170.6,15114.5,-5.72802,19.4636
14189.5,12857,72328.1,5208.75,5017,68040.8,6685.35,-7.13125,19.4667
10159.5,9317,71462.2,4686,4369,70291.1,11185.4,-8.16037,19.472
10661.9,9680,72184,5290.5,4960,69902.9,25195.5,-71.4669,19.472
8488.35,7855,70820.2,2393.25,2267,69185.7,15276.2,59.6259,19.4731
6683.95,5977,73287.5,3014.25,2781,71032.7,8220.86,-19.229,19.4741
9900.8,8768,74003.1,7977.75,6868,76125.5,13104.1,114.748,19.4741
7827.3,7457,68790.4,2493.75,2469,66193,9065.15,-61.4007,19.4762
18021.3,15288,77252.8,12328.5,10764,75061.4,14131.7,105.249,19.4773
7192.25,6647,70911.9,3470.25,3207,70915.6,8372.96,71.9253,19.4773
13683.1,11707,76598.5,11541,10367,72957.6,37751.6,183.481,19.4784
7312.5,6740,71102.7,3513,3300,69766,8706.82,34.9328,19.4815
10801,9784,72348.5,6473.25,5736,73959.4,17676.7,135.216,19.4826
10959,10302,69715.5,3706.5,3454,70326.9,7982.51,-20.94,19.4868
27540.5,20466,88189.9,20313.8,16118,82596,7143.55,136.472,19.491
7541.3,7428,66535.6,3432.75,3332,67517.6,11924.6,-66.6681,19.4921
12470.9,11762,69485.9,2582.25,2306,73387,10136.2,-26.1809,19.4931
11170.9,10497,69743.4,4385.25,3909,73520.5,10396,41.7493,19.4952
17251,15548,72714.3,14843.3,13452,72313.9,22552.3,-114.368,19.5005
15492.7,14302,70992.4,7794.75,7274,70227.8,15433,-127.86,19.5037
9565.4,9565,65538.7,4299.75,4185,67333,8392.69,-20.0954,19.5079
14468.3,13636,69536.4,5685.75,5364,69467.1,13365.6,64.8577,19.5111
10025.6,9189,71502.6,5738.25,5093,73839,20076.4,-121.155,19.5111
5634.2,5631,65573.2,2554.5,2463,67970.6,8037.02,-71.682,19.5164
20816.3,19157,71212.3,8361,7637,71748.9,12327.6,-105.383,19.5174
13726.7,13157,68373.7,5911.5,5557,69716.8,19177.2,-76.4007,19.5195
6830.2,6575,68079.7,2827.5,2619,70753.4,18242.3,-17.8856,19.5195
9000.55,8442,69872.1,8370.75,7342,74718.8,20567.3,196.167,19.5216
10760.1,10124,69653.7,5876.25,5336,72171.3,9836.48,-29.6097,19.5216
14683.5,14096,68267.4,6353.25,5968,69766.5,10955.9,19.3683,19.5248
14652.3,13696,70111.9,4689,4292,71597.9,6623.53,32.4311,19.5259
9443.2,8513,72697,5582.25,5057,72343,9874.05,58.9689,19.5259
19527.3,17333,73832.6,13368.8,11798,74261.3,19339.6,7.87319,19.5343
9925.5,9237,70420.9,6120.75,5893,68068.8,20350,42.2352,19.5343
23786.8,18841,82739.2,6113.25,4669,85808.1,13296.4,31.3203,19.5385
11186.5,9556,76718.1,7559.25,6576,75335,21297.2,24.1396,19.5417
10470.8,9945,69001.3,5901,5405,71550,17420.7,21.7053,19.5428
15936.7,15145,68961.9,5558.25,5321,68458.1,6816.36,-57.8762,19.5449
7937.8,7541,68984.4,2794.5,2581,70957.1,9460.17,-40.7755,19.548
5498.35,5322,67707.6,2487.75,2430,67093.5,7510.92,-85.4223,19.5512
12871.3,11729,71918.6,8929.5,7937,73731.1,13158.6,64.0055,19.5512
6615.05,6255,69308.4,2666.25,2507,69699,12576.1,-27.9926,19.5544
13334.1,12293,71086.3,6075,5569,71490.6,7963.2,83.9807,19.5554
30651.4,21947,91528.2,21673.5,16907,84012.2,27695.9,54.8591,19.5565
17321.8,15872,71522.5,8502,7920,70351.9,7768.81,85.708,19.5565
11924.9,10756,72658.1,5802,5300,71743.4,14483.6,138.776,19.5565
9973.6,9508,68745.3,5214,4916,69508.7,22419.9,60.2174,19.5607
9304.75,8984,67875.8,3523.5,3356,68806.9,13135.9,164.626,19.5607
8273.85,7552,71800.2,3849,3504,71988.6,9858.07,34.8895,19.5618
5161,5168,65447.2,1860,1824,66829.5,8512.89,-4.61993,19.5628
12279.1,10605,75881.8,7066.5,6153,75265.7,10635.1,78.7203,19.5671
12231.7,10348,77465.9,8586.75,7500,75032.2,16257.9,-55.651,19.5681
8418.8,8137,67805.6,3583.5,3501,67080.3,20091.9,-54.9351,19.5681
15289.9,13820,72506.7,5796.75,5276,72004.5,7279.72,-100.894,19.5713
15495.3,13353,76050.6,12248.3,10605,75690.8,12942.1,-28.0064,19.5734
18712.2,16677,73533.8,5299.5,4821,72040.7,10596.1,25.4018,19.5776
13156.6,12111,71194.3,5502,4923,73243.8,10385.6,49.4897,19.5776
12994.1,10635,80073.8,9834,8475,76045,32491.7,-74.3211,19.5797
38513.1,23703,106484,31957.5,21907,95602.6,48188,271.669,19.5797
19492.8,16468,77573.7,14915.3,12848,76080.8,16945.9,49.2431,19.5797
15557.1,14666,69517.9,4931.25,4766,67808.3,19923.9,-28.2688,19.585
12864.1,11105,75917.6,9145.5,8545,70141.5,18302.3,53.4922,19.5861
16573,14387,75493.9,11560.5,10355,73165.5,8068.87,-31.2632,19.5871
16183.7,15057,70440,6849,6337,70831,11693.3,-98.4795,19.5871
8783.45,8408,68462.4,4104,3992,67374.7,8816,-14.9513,19.5882
13146.3,12143,70950.6,6891,6447,70049.4,9449.15,-16.6951,19.5924
14558,13749,69392.4,3996.75,3717,70468.4,15235.8,40.7074,19.5956
9673.3,8396,75506.1,6135,5260,76437.9,26202.5,-23.3447,19.6008
15179.4,13945,71337.4,9514.5,8765,71140,10693.8,-101.882,19.6008
12173.2,11593,68815.9,7028.25,6525,70590.6,10604.5,-110.479,19.6061
9033.05,8201,72185.1,6693,6077,72179.1,24002.1,37.798,19.6093
9939.15,8544,76237.4,10558.5,9204,75180.6,16121.6,13.1541,19.6103
8756.15,8468,67766.1,6267,5680,72308.8,6496.32,-15.7241,19.6114
12120.5,11493,69114.4,6021,5573,70804.3,22291.7,-38.6778,19.6146
7345,6738,71439.9,6989.25,6278,72960.7,12605.9,72.6263,19.6177
12439.7,11660,69918.4,4926,4524,71359.5,12743.9,-124.319,19.6177
13887.2,13184,69031.8,5152.5,4932,68466,16037,-5.76269,19.6188
8352.5,7925,69071.2,4215.75,3873,71335.8,7527.79,26.3771,19.622
15661.1,13904,73818,8136.75,7140,74684.9,26082.4,-13.8802,19.6241
10990.2,9696,74283.6,9669,8240,76901.4,23955.3,-39.6003,19.6272
21092.5,17853,77427.8,15108,12953,76439.3,26407,176.168,19.6315
10226.4,8881,75464.5,8454.75,7441,74464.5,15744.5,92.2883,19.6315
10537.8,9796,70498.7,5033.25,4804,68663.4,23401,15.4606,19.6346
10179,9512,70131.5,7236,6668,71118.6,15043.6,115.535,19.6357
10309,9797,68961,5574.75,5349,68301.9,19071.6,127.423,19.6367
17022.2,14856,75092,11287.5,10076,73415.8,38890.9,111.198,19.6378
40628.3,26661,99869.2,34776.8,22977,99191.8,66047.6,237.458,19.6378
16601.6,15173,71706.7,7169.25,6661,70536.6,24210.5,73.9101,19.642
16489.2,14729,73367.9,12583.5,11181,73756.6,18744.6,81.8555,19.6431
13286,12164,71581,8103.75,7156,74215.7,20017.3,172.108,19.6463
8067.15,7700,68660.9,6246.75,5840,70100.5,11308.7,-11.605,19.6484
9484.15,8917,69704.3,3121.5,2933,69747.9,8836.7,6.5479,19.6494
13905.4,12545,72643.1,6602.25,5921,73076.4,16165.6,-64.2475,19.6515
9908.6,8964,72442,6876.75,6148,73304.3,9880.86,31.4487,19.6526
13001.3,11475,74253,6531,5719,74841,16367.9,108.605,19.6558
9254.7,8625,70320.7,4202.25,3889,70814.8,21082.9,57.6877,19.6558
11480.9,10393,72396.4,5895,5165,74798.6,8560.24,47.8383,19.6558
9849.45,8288,77882.9,7724.25,6880,73578,17829.7,233.25,19.66
12619.1,11216,73734.4,5547.75,5168,70351.6,16322.7,48.4066,19.66
8598.85,7958,70813.5,5229.75,4886,70146.7,28480,59.9897,19.66
8761.35,7828,73350,6165,5604,72096.6,8378.3,8.28513,19.6621
8864.7,8296,70028.6,2630.25,2520,68403.2,7014.24,41.8764,19.6663
13603.2,12669,70368.6,3192,3001,69707.1,10390.5,-71.7705,19.6674
10405.2,9232,73864.3,6696.75,6000,73146.4,13301.6,22.7201,19.6695
15301.6,14396,69658.9,4404,4216,68458.4,16425.8,97.4227,19.6695
20163.6,16413,80512.1,15729.8,13417,76832.7,46770,89.4023,19.6716
18571.8,15753,77262.8,11813.3,10301,75157.1,41677.9,57.7737,19.6727
15102.7,14289,69268.2,5109.75,4945,67719.4,7589.28,-45.0052,19.6737
12468.9,11253,72617.5,5190.75,4821,70562.3,20754.7,72.32,19.6748
5647.85,5308,69732,1881,1752,70361.4,10194.1,-107.883,19.6758
9020.05,7445,79400.7,6074.25,5285,75323,20756.5,112.74,19.6779
11089,10280,70693.5,5764.5,5324,70958.4,24634.2,3.37421,19.68
21368.1,16272,86060.7,16527,13684,79151.8,35190.3,76.9375,19.68
10872.5,9961,71533.3,3658.5,3421,70085.8,6845.13,162.283,19.6864
9110.4,7809,76457.8,5238,4577,75000.6,29215.1,147.682,19.6895
13791.7,12993,69564.6,5250.75,4961,69363.7,8217.3,59.0312,19.6959
7196.8,6595,71516.2,6519.75,5655,75557.6,22470.1,43.8755,19.699
26546.6,20608,84421.6,18457.5,14564,83056.2,28025.4,87.5268,19.7012
15691.6,14832,69334.4,6715.5,6368,69112.3,18961.8,14.7674,19.7033
7393.1,7132,67935.2,2427,2344,67856.6,20949.6,-33.4673,19.7033
22504.3,19092,77249.2,14299.5,11860,79016.2,14480,145.656,19.7033
8919.3,7657,76340,9090,8189,72746.6,25173.2,86.774,19.7054
11464,10405,72206.4,6277.5,5617,73242.3,23395.5,-18.0792,19.7064
13124.1,12028,71508.5,6649.5,5928,73512.4,16190.6,-13.5085,19.7064
9215.05,9078,66525.4,2868.75,2738,68665.6,7994.04,20.3396,19.7075
7915.05,7525,68933,3321,3073,70825,9233.12,224.973,19.7107
9412,9096,67812.8,5018.25,4808,68401.8,10936.1,14.209,19.7128
10352.5,9707,69894.4,5262.75,4799,71869,6869.72,21.2418,19.7138
13716.9,13072,68769.4,2206.5,2080,69521.7,17029.6,79.34,19.7149
10114.6,9437,70242,7803.75,7049,72553.1,14439.9,-19.4627,19.7149
15744.9,14593,70709.3,10956.8,9829,73055.4,21537.1,150.551,19.7181
11371.1,10901,68362.2,4923.75,4677,68993.6,12442.9,13.2924,19.7191
7509.45,7140,68927.1,4568.25,4180,71623.2,8208.81,-81.1485,19.7202
14653.6,14028,68458.7,4992.75,4876,67105.2,19557.8,-45.455,19.7223
16869.4,15444,71584.8,11321.3,10336,71783,15317.9,125.844,19.7233
10683.4,10178,68790.3,5770.5,5442,69492,17912.5,68.9868,19.7265
9932,6633,98131.1,2390.25,1837,85273.5,22850.1,11.1813,19.7297
10411.7,9888,69007,4636.5,4420,68746.1,14455.7,-82.2433,19.7307
10143.9,9085,73174.5,4530.75,4153,71497,11753.6,-21.9417,19.7339
17749.5,16049,72480.2,11201.3,10321,71125.4,12557.5,68.3281,19.7392
11414,10334,72385.1,4890,4606,69576.9,9599.19,107.999,19.7402
11781.3,10021,77047.8,7404.75,6517,74463.4,10864.6,-1.26831,19.7455
13204.1,11192,77318.1,9209.25,8156,73999.2,22381.7,-29.2211,19.7455
8910.2,7872,74179.2,2946,2708,71295.8,10574.9,18.5226,19.7466
12659.4,11712,70837.3,5352.75,5216,67254.2,9836.75,29.7303,19.7476
7918.3,7163,72446.4,2991,2779,70535.5,7615.3,136.454,19.7497
10290.1,8950,75349.2,3996,3734,70134.4,15641.2,63.0522,19.7508
10471.5,8850,77543.5,5853.75,5350,71706.8,15416.5,131.001,19.754
6888.7,6264,72071.8,2856,2744,68210.9,17841.7,-88.3905,19.754
10500.8,9504,72409.2,7634.25,7012,71351.7,9182.2,89.9549,19.7582
13252.2,12536,69280.2,6150,5800,69490.8,12058.2,155.207,19.7592
14281.1,13596,68838.6,8383.5,7736,71021.3,6982.81,41.0176,19.7635
7647.25,7704,65053.2,3799.5,3704,67225.7,7929.81,-36.418,19.7645
15173.6,13862,71736.9,10119.8,8818,75210.7,15515.4,-2.30309,19.7719
9861.8,9533,67796.4,2242.5,2121,69290.2,17817,71.5704,19.774
15411.5,14254,70857.9,9121.5,7700,77634.6,35878.4,-61.5484,19.7804
8594.95,8521,66104.8,3735,3485,70237.3,12589.4,63.1669,19.7814
13121.5,11917,72160.3,8145,7369,72437.3,28812.7,-8.82283,19.7814
6745.7,5988,73828.7,7354.5,6464,74564.4,19933.2,-50.6291,19.7825
10482.5,9448,72712.1,8082.75,7084,74775.7,17258.1,91.3714,19.7835
8840.65,8729,66374.2,5515.5,5177,69821.1,9357.58,28.8883,19.7856
5709.6,5688,65784.9,3649.5,3404,70262.5,8709.66,99.4327,19.7941
12474.8,12524,65278.5,4053,3932,67552.8,10548.7,99.3636,19.7941
16708.9,14117,77568.5,9968.25,8305,78661,11117.5,-56.3178,19.7973
8008,7917,66289.3,5384.25,5085,69392.8,15260,2.86651,19.7994
7528.95,7132,69183.6,6385.5,5548,75429,20901.2,-38.6255,19.7994
10724.3,10117,69470.3,4925.25,4453,72486.2,10814.8,11.6336,19.7994
8996,8675,67961,3807.75,3539,70512.8,13891.8,-57.2821,19.8068
10457.8,10063,68107.5,3222,3083,68490.8,19735.8,13.8783,19.8078
7948.85,7642,68167.5,4153.5,3950,68912.4,20987.1,-33.4687,19.8089
14275.3,12973,72114.9,5892,5357,72081,10408.7,-11.5712,19.8163
10641.8,10391,67117.8,4719,4579,67539.7,6402.16,-118.061,19.8247
6078.8,5608,71037.8,2716.5,2604,68367.3,14617,6.33067,19.831
11116.9,9772,74555.9,8838.75,7896,73360.7,18074.7,39.7407,19.8342
7190.95,6980,67516.6,3111,2992,68142.6,20111.9,45.6842,19.8363
7077.2,6529,71038.7,4793.25,4357,72097.9,6411.08,133.059,19.8405
11969.1,10764,72873.2,8051.25,7164,73652.5,14095.1,-102.01,19.8416
14449.5,13240,71522.8,8971.5,7996,73531.3,11193.4,-4.72066,19.8427
13911.3,13083,69685.2,7179.75,6603,71260.4,7943.59,-39.8585,19.8458
17138.5,14749,76153.8,5245.5,4573,75173.6,8375.1,37.5252,19.8511
20021.3,18517,70860.1,5642.25,5201,71096,11251.2,-67.5028,19.8511
24144.9,19377,81661.8,16158.8,13569,78044.1,26337.6,135.75,19.8522
14320.1,12993,72230.1,5326.5,4869,71693.9,9390.76,62.4271,19.8553
6789.9,6304,70587.4,3966,3632,71562.7,14043.9,25.2722,19.8564
9507.55,8949,69626.4,4604.25,4293,70287.5,19556,-95.3349,19.8606
6072.95,5488,72521.3,2658.75,2420,72001.6,15689.3,-10.0496,19.8617
12242.8,11255,71287.5,3425.25,3143,71421.3,14341.6,7.20102,19.8627
6646.25,6005,72534.3,2922,2757,69458.2,8050.54,-18.3626,19.8648
19952.4,17400,75149.5,13453.5,11356,77640.8,13878.9,-19.4416,19.8659
8179.6,7472,71742.3,3135,2976,69037.4,18213.3,-57.4445,19.8722
10879.7,10253,69541.8,4443.75,4269,68218.7,10683.7,-16.7415,19.8722
14512.5,13312,71446.4,6872.25,6164,73066.2,29407.6,61.6748,19.8733
17000.1,14048,79308,10002,8276,79203.9,40265.2,0.206772,19.8743
16626.3,15317,71138.2,10057.5,9477,69550.3,14943,-9.16158,19.8754
12082.2,11386,69543.2,5145.75,4970,67853.5,7907.96,-88.8772,19.8786
14406.6,13427,70317.3,7109.25,6643,70135.8,22703.2,-97.1732,19.8796
13281.4,12493,69672.1,5971.5,5737,68214.8,8302.52,-71.692,19.8817
5705.05,5113,73124.6,2247.75,2153,68420.1,12290.4,15.8781,19.8817
10427.3,9741,70153.3,4572,4441,67469.2,8166.21,-11.4869,19.887
7905.3,7177,72186.4,3831.75,3625,69273.8,15648.3,-4.02809,19.8912
10882.9,9772,72986.6,3837,3656,68780.5,11416.6,70.091,19.8912
11633,9740,78273.5,8321.25,7704,70786.8,11147.9,19.361,19.8933
12140,10321,77086.5,5809.5,5045,75467.1,17251.1,76.7517,19.8933
20296.3,17248,77118.2,9602.25,8404,74880.2,26206.1,-75.8049,19.8955
19973.8,17953,72913,13788,12181,74182,19988.1,55.1488,19.8976
9976.85,9236,70792.9,4038.75,3780,70022.1,13291,6.38051,19.8997
6116.5,5656,70871.8,2428.5,2252,70672.4,26516.4,-28.5165,19.9007
11613.5,10373,73373.7,10203,8837,75666.4,10908.2,-56.3099,19.906
9896.9,8940,72550.7,4022.25,3624,72737.9,26794.1,-4.44696,19.906
32499.3,22676,93926.5,22740,16132,92380.9,46657.4,161.647,19.9081
8532.55,8408,66506.8,4382.25,4232,67862.7,20311.4,45.6767,19.9081
19265.3,16525,76403.9,15842.3,14169,73275.3,23259.1,115.226,19.9102
14880.4,14317,68115.2,7401.75,6989,69406.4,17627.4,-1.52246,19.9124
7241.65,7089,66947.2,3774.75,3489,70903.4,8798.18,-8.07065,19.9124
14138.1,12515,74035.8,5860.5,5171,74274.6,33190,77.0127,19.9134
5751.85,5948,63374.8,2868,2764,68001.9,9302.8,20.2904,19.9176
8602.1,8689,64880.6,3411.75,3265,68481.6,7423.57,-54.459,19.9176
12967.5,11257,75494.2,7641,6957,71979.4,12484.7,33.9308,19.9176
12029.5,11172,70566.5,7085.25,6512,71305.1,8608.46,-44.1835,19.9197
8338.85,8249,66249.8,5540.25,5257,69067.1,16184.9,-16.9483,19.9219
7180.55,7128,66019.2,3043.5,2844,70133.2,11725.6,-63.2207,19.924
13688.3,12665,70831.4,8834.25,7833,73913.1,16681.3,74.1931,19.925
11722.8,11272,68156.7,4774.5,4412,70920.6,8065.83,22.9169,19.925
13682.5,13200,67931.5,4017.75,3728,70629.6,19054.4,-7.59609,19.9261
5472.35,5681,63129,2709,2593,68467.8,10166.4,96.7979,19.9271
10829.6,10055,70585,9162,8339,72003.9,9083.93,-8.08139,19.9303
7720.7,7577,66778.9,6631.5,6137,70816.7,27964.6,105.589,19.9345
17028.7,15616,71464.7,8924.25,8116,72062.5,20084.8,-23.9748,19.9388
11274.3,10325,71561.2,10797.8,9377,75465.6,32756.4,96.809,19.9419
6633.9,6617,65703.4,2751,2637,68369.2,14616.6,55.3507,19.9419
8340.15,8096,67512.4,4548,4260,69966.6,14168.2,-43.5325,19.9451
6897.8,6820,66283.6,2331,2180,70075.4,6689.63,-4.55141,19.9483
6484.4,6603,64358.9,3248.25,3227,65967.6,6557.46,-11.4264,19.9483
15776.1,15313,67518.2,7432.5,7109,68518.3,7353.82,106.364,19.9535
9137.05,9028,66327.6,3276,3168,67770.2,8219.78,83.1111,19.9546
15089.1,14055,70357.8,7215.75,6707,70507.1,8691.42,120.073,19.9599
13646.7,11801,75786.2,11628,10445,72958.6,13603.6,52.8088,19.962
5153.85,5008,67444.6,2719.5,2580,69079.5,9186.32,-3.78524,19.963
28651.3,25551,73488.1,14133.8,12975,71388.8,26894.3,-62.9307,19.9641
7001.15,6619,69319.8,2682,2527,69555.8,13786.6,-63.2981,19.9673
6732.05,6396,68979.3,3090,2968,68229.9,12790.4,-16.8207,19.9757
10480.6,9941,69093.3,3317.25,3189,68171.6,9222.61,-7.2266,19.9768
8409.05,7280,75699.9,6033,5456,72466.8,49169.6,13.6321,19.9778
22203.3,19965,72883.5,13243.5,12025,72176.8,11182.9,39.9997,19.9799
11402.3,10483,71283.1,5939.25,5299,73454.4,16876.8,-4.07426,19.982
8715.85,8093,70579.8,6903.75,6409,70595.1,11128.6,-19.3382,19.982
28744.3,18893,99708.2,9549,5929,105550,7755.36,102.909,19.9873
10008.7,8985,73002.8,7700.25,7021,71876.3,13142.1,-25.4339,19.9916
16140.1,15145,69842.2,7318.5,7005,68469,14354.8,-87.3995,19.9916
12526.8,11689,70233.2,4782.75,4473,70074.3,8301.32,67.628,19.9947
13340.6,11809,74035.9,10462.5,9269,73974.6,30788.9,54.7429,19.9958
16661.4,14644,74564.6,10492.5,9600,71628.8,6454.02,-38.9426,20.0032
7463.95,7106,68837.2,3013.5,2914,67773.8,10931.1,46.8892,20.0063
11641.5,10687,71389.3,3735,3519,69558.7,9211.21,-5.50617,20.0074
10516.3,9429,73093.6,6771,6273,70738.8,27098,48.0016,20.0074
9647.3,8888,71134.7,5569.5,5292,68972.6,14129.7,-67.611,20.0084
6935.5,6138,74051,4625.25,4298,70525.9,22879.1,-4.29983,20.0106
11299.6,9913,74703,6876,6025,74792.6,29998.8,85.7326,20.0116
10863.4,9997,71216.1,3018,2861,69132.4,21941.4,96.3554,20.0127
10829.6,10169,69793.7,4164.75,4093,66684.8,11841.3,32.235,20.0137
12262.9,11332,70919.6,5424,5204,68306.5,15175.1,120.69,20.0158
14034.8,13097,70228.6,4545,4409,67557.5,21219.5,29.3025,20.0169
13618.1,12317,72459.1,6940.5,6441,70618.3,13176.5,-104.555,20.0169
14819.3,13413,72407.4,7645.5,7061,70961,18329.3,-36.8088,20.018
21738.6,16293,87440.1,18311.3,14693,81674.7,14934.4,-13.4613,20.018
9249.5,8736,69388.2,4169.25,3936,69419.7,26905.8,32.5288,20.019
17551.3,14419,79772.7,17094.8,14727,76072.6,22549.4,36.9926,20.0211
5645.9,5372,68877.5,2384.25,2296,68055,8197.11,31.5119,20.0222
11533.6,10737,70398.3,6964.5,6321,72207.8,28241.1,100.419,20.0232
15464.8,15059,67302,4188.75,4019,68304,27702.4,138.279,20.0264
14539.2,13620,69959,10763.3,9924,71078.2,10147.3,46.9186,20.0264
10775.7,10384,68008.1,3388.5,3248,68370.9,15922.1,138.722,20.0306
9844.9,9432,68404.9,4233,3944,70338.2,16516.8,-3.20072,20.0348
20081.1,18892,69661,9483,8856,70175.9,15214.8,40.7082,20.0391
10365.5,10385,65413.3,5402.25,5169,68493.3,18713.3,25.9567,20.0401
11353.5,10780,69022.8,5730.75,5416,69344.6,8044.63,-82.0023,20.0422
8684.65,8393,67813.3,5141.25,4905,68692.5,15597.3,-75.4062,20.0433
9644.05,8248,76628.6,6889.5,6364,70947.6,9563.87,-25.2994,20.0475
11505,10740,70204.1,5434.5,5012,71060.5,10961,101.068,20.0486
9041.5,8440,70206.6,3660,3452,69484.9,14275.1,-76.2165,20.0486
7653.75,7371,68049.9,2544,2495,66823.1,12248.6,-4.76032,20.0528
5891.6,5565,69382.2,3243.75,3065,69358,16307.3,-9.21285,20.057
11789,10797,71557.6,6779.25,6253,71051.5,14959.7,78.5578,20.0581
14759.5,13509,71602.8,10014,9221,71172.1,19304.7,137.735,20.0591
15457.6,14477,69975.3,10287,9517,70838.4,21845.1,55.079,20.0602
6180.2,5980,67730,2104.5,2088,66053.9,12655.3,73.4844,20.0612
12437.8,11728,69502.1,4008.75,3904,67294.4,8939.66,-156.856,20.0665
10995.4,9987,72153.3,4373.25,4083,70194.8,9641.74,3.07765,20.0697
9642.75,9189,68772.1,4862.25,4677,68131.8,14468.8,28.6962,20.0707
11476.4,11137,67533.2,4201.5,3893,70729.4,15788.1,180.867,20.0718
11293.1,10489,70560.1,4092.75,3817,70270.5,9850.47,-17.5702,20.0729
9955.4,8461,77111.1,6841.5,6121,73250.2,12286.4,19.3183,20.0729
11474.4,10725,70115.6,4064.25,3605,73884.8,15092.4,-118.387,20.0781
10233.6,8605,77939.5,6481.5,5741,73989.1,21412.3,20.6953,20.0824
10335,9452,71658.3,3020.25,2812,70389.4,12378.9,-10.7852,20.0855
11823.5,10869,71291.3,6153,5653,71332.6,6396.64,-16.5804,20.0855
11126.7,10593,68837.9,4218,3893,71007.2,13184.7,83.7845,20.0866
10311.6,10072,67095,4952.25,4776,67954.5,6447.12,-37.2223,20.0887
5889.65,5786,66710,1619.25,1550,68464,9124.68,-46.7829,20.0887
27945.4,22082,82937.8,14829.8,12118,80201.6,8041.52,89.1378,20.0919
7350.2,6985,68962.4,2346.75,2221,69246.6,9716.65,66.7148,20.0993
17862,7985,146600,175561,94645,121565,220083,44262.8,20.1014
12970.1,11973,70993.8,5003.25,4565,71827.6,9124.81,175.097,20.1014
14307.1,13428,69826.7,6550.5,6004,71501.3,13642.8,-22.0127,20.1035
14928.5,13763,71086.1,9789.75,8611,74507.1,12688.1,147.443,20.1035
8240.7,7946,67966.6,3569.25,3386,69082.8,7134,-53.5881,20.1056
6384.3,6330,66098.2,3907.5,3706,69099.3,9876.77,178.509,20.1067
11487.4,10700,70359,5718.75,5116,73257.2,22317.5,30.1213,20.1077
9493.9,8943,69573.1,3672.75,3419,70399.9,19097.2,-124.558,20.1088
12044.5,10867,72637.2,4192.5,3831,71720.1,12541.8,23.6087,20.1109
8169.2,7216,74193,3174,2868,72528.3,21744.3,-57.5772,20.113
7480.2,6741,72722.5,2825.25,2577,71849.3,26015.8,-86.9777,20.113
9837.1,9351,68942.8,3642.75,3427,69661.9,16958.7,30.3227,20.113
6206.2,5844,69597.8,1546.5,1444,70188,12872.5,23.5962,20.113
7293,5998,79685.6,3971.25,3422,76054.9,13568.6,-30.6099,20.1151
7007,6222,73804.4,2820,2585,71493.8,11720.5,131.14,20.1183
8920.6,8122,71979.9,4608,4222,71527.7,18546.3,121.423,20.1193
35002.5,26896,85288.7,28539.8,22560,82907,16312.4,100.007,20.1204
11287.3,9825,75289.7,7620,6577,75928.9,37176.5,-5.39715,20.1214
9994.4,8420,77790.1,6454.5,5524,76575.3,38137.2,110.367,20.1214
16504.8,14656,73803.1,9679.5,8960,70798.6,20617.2,48.2452,20.1257
18890.9,16272,76083.9,8077.5,7248,73036.3,19169.2,36.2596,20.1267
13224.3,11743,73802.6,7454.25,6939,70402.3,21717,-35.2162,20.1278
12424.1,11688,69663.4,4542,4408,67528.3,6872.06,73.7017,20.1278
15575.9,13692,74553.4,6441.75,5756,73343.7,7343.35,114.964,20.1309
17187.9,14260,78992.2,13119,11348,75763.7,29984.4,96.9131,20.1341
19012.5,16617,74983.6,10074,9145,72193.5,7766.66,93.4481,20.1341
8637.2,7820,72384.6,4194,4024,68304.7,14162.8,-24.6123,20.1394
13640.9,13125,68112,6195.75,6133,66206.5,10015.5,80.4636,20.1426
7644.65,6885,72766.9,6526.5,5765,74192.7,9982.48,-107.015,20.1426
8725.6,8113,70484.5,5532.75,4929,73563.5,10315.8,14.2323,20.1426
12589.2,11940,69099.3,4747.5,4388,70905.2,8738.1,82.2316,20.1447
11126.7,10437,69866.8,5879.25,5489,70195.4,14639.9,19.2298,20.1468
7497.75,7792,63061.2,2640,2644,65436.9,7401.28,-12.3182,20.1499
19712.5,18126,71272.3,12004.5,10810,72777.7,17847.9,7.06925,20.1521
11802,10821,71477.6,8046,7365,71595.7,30447.6,1.43573,20.1563
9772.1,9624,66544.5,6100.5,5756,69458.4,9598.85,-84.6407,20.1573
11950.3,12199,64199.7,5121.75,5027,66771.2,17347.7,15.688,20.1573
6255.6,6676,61409.1,2657.25,2612,66671.3,25145,30.015,20.1573
19164.6,18164,69146.2,8545.5,8064,69449.1,11477.2,-70.9513,20.1584
15976.3,13669,76598.6,10331.3,8933,75794.1,18921.5,74.1089,20.1595
10269.3,9965,67537.6,9042,8205,72221.4,11322.7,-35.6855,20.1605
17226.9,16109,70084.1,7693.5,7069,71325.7,16133.4,-73.7063,20.1668
6353.75,6697,62177,2451,2397,67012.4,11297,-113.085,20.1679
19127.5,16437,76263.5,13122.8,11317,75993,23345.5,-38.7174,20.17
29285.7,25844,74263.7,16426.5,14276,75408.2,20664.2,96.4034,20.17
10053.5,9605,68596.5,7993.5,7169,73073.2,17543.6,31.1607,20.1721
14576.2,13933,68561.6,4242.75,4025,69081.5,9611.01,-14.9812,20.1732
40268.8,28304,93239.7,31088.3,22080,92273.5,19036.2,13.0446,20.1742
20180.5,19288,68568.7,5903.25,5644,68546.3,7513.35,82.2776,20.1763
8379.15,8065,68088.8,6668.25,5989,72968.8,22970.9,72.2367,20.1774
7916.35,7524,68953.5,3745.5,3472,70698.5,13958.8,-59.8646,20.1816
6885.45,6865,65731.2,2689.5,2661,66237.9,7285.59,88.3062,20.1816
7181.85,6901,68203.1,3710.25,3569,68129.7,26884.1,40.2697,20.1827
10753.6,10205,69059.1,4316.25,4109,68841.5,18549.2,24.2429,20.1848
11863.1,10915,71228.9,8729.25,7815,73202.8,17312.7,-94.3906,20.1859
12448.8,11658,69981.5,4737.75,4541,68375.5,12680.3,-107.977,20.1869
9669.4,9237,68603.9,4158.75,4037,67512.5,21753.6,82.6025,20.188
16156.4,14712,71970.2,11962.5,10664,73516,7600.94,12.6143,20.1911
19638.4,18012,71453.8,10317.8,9464,71448,6685.65,16.0887,20.1922
9382.1,9183,66956.9,2854.5,2795,66931.1,11017.6,-64.0541,20.1932
6975.8,6440,70988.5,6587.25,5720,75472.4,7272.35,76.2667,20.1985
6330.35,6525,63581,2383.5,2361,66160.6,11141.1,19.3613,20.2017
8247.2,8205,65873.1,6391.5,5965,70221.9,17422.6,16.5452,20.2027
10715.3,10608,66198.6,3625.5,3460,68670.7,7192.88,40.1497,20.2027
9821.5,9974,64534,4952.25,4822,67306.2,12552.7,36.5083,20.2038
9074.65,9197,64664.2,5235.75,4829,71056.1,15008.4,141.336,20.2049
6929,6948,65356.8,2889,2704,70019.8,8927.22,-62.2555,20.2049
14192.7,13744,67675.8,6273.75,5872,70019.8,14842.7,-28.9378,20.2049
7539.35,7831,63095.2,3528.75,3427,67481.8,8544.28,32.3589,20.2049
9120.8,9116,65570.5,4294.5,4040,69664.5,21344.8,19.8378,20.2165
10959.6,10697,67145.1,4206.75,3929,70168.9,11831.8,-24.5247,20.2186
5684.9,6056,61520.1,2971.5,2956,65879.6,6915.55,47.0401,20.2196
10835.5,10869,65334,5635.5,5461,67630.1,9253.61,25.4522,20.2249
11059.8,10873,66661.6,5506.5,5065,71248.6,20490.1,-54.9501,20.2313
17953,15426,76271.7,10597.5,9122,76136.6,12246.2,15.8798,20.2323
7190.3,7605,61962.3,3364.5,3281,67203.9,13723.4,-8.25575,20.2323
11605.8,11312,67237.8,6475.5,6084,69753.2,6516.2,-38.0849,20.2334
11298.3,10229,72386.9,6844.5,6101,73522.6,9149.96,-44.2039,20.2334
11020.8,10385,69548,7221,6773,69870.9,8978.15,-61.3974,20.2344
12665.9,10897,76174.4,9312.75,8385,72787.2,27877.7,42.8123,20.2344
10797.8,9689,73035.9,8244.75,7133,75750.4,40270,23.4266,20.2355
7340.45,7290,65989.5,4832.25,4590,68994.9,18747.2,-64.3445,20.2365
5003.05,5101,64277.6,2284.5,2137,70059.4,16578.7,-88.3431,20.2365
11420.5,10993,68084.6,4443.75,4145,70259.5,12003.6,45.9889,20.2365
7888.4,7917,65299.3,4229.25,4029,68793.3,20268,18.1583,20.2397
7408.05,7296,66542.5,6204,5524,73603.4,20672.6,13.8431,20.2408
14409.8,12384,76256.8,11263.5,9892,74622.4,24693.9,-55.968,20.2429
24218.3,17073,92964,9454.5,5873,105501,36733.9,66.5595,20.2492
15924.3,13182,79169.9,8606.25,7354,76695.6,34411.1,-39.9932,20.2503
12403.9,12177,66757.4,4116.75,3969,67975.6,15890.9,108.623,20.2587
14539.8,13697,69568.8,9000,8129,72558,18227.1,-7.565,20.264
12934.3,11217,75569.7,7631.25,6645,75262.8,16765.9,67.3099,20.264
25944.1,19794,85898.4,19107,14662,85404.2,11595.3,85.5642,20.2672
32307.6,24776,85458.1,31407.8,24524,83931.6,18126.4,155.839,20.2672
7146.75,6744,69449.8,2246.25,2072,71047.4,23969.6,48.9792,20.2703
19202.3,17525,71808.4,5382,4625,76262.6,26783.5,113.373,20.2724
10654.8,9700,71986.9,6413.25,6036,69632,14610.1,-18.6091,20.2735
6568.9,6182,69637.6,3321,3094,70344.2,15018.8,-179.444,20.2735
17364.1,16405,69367.5,5650.5,5425,68260.1,13249.9,-40.058,20.2746
15393.9,12571,80252.8,11083.5,9499,76467.9,41951.7,119.683,20.2788
13592.8,12128,73451.3,11259.8,9952,74147.8,11265.7,134.597,20.2788
11822.8,10447,74167,7523.25,6639,74264.8,18191.6,138.636,20.2809
7806.5,6882,74339.8,6472.5,5766,73566,21464.2,45.6333,20.2819
10559.9,9849,70266.4,4841.25,4553,69685.1,7800.59,10.8868,20.2819
13382.2,11780,74449.6,4415.25,3844,75275.2,30286.2,146.782,20.2872
9006.4,8252,71527.3,6933,6216,73095.4,12423.3,14.1531,20.2883
10611.9,9878,70405.1,7484.25,6937,70706,7293.38,-4.5741,20.2904
9566.7,8657,72422.7,6627.75,6053,71758.8,11581.4,-25.3752,20.2904
16654.3,14257,76555.8,9657.75,8437,75018.4,26554.9,30.822,20.2904
12038,10980,71850.9,7192.5,6480,72741.9,18801.5,-60.0466,20.2914
17826.3,16468,70941.3,11553.8,10592,71486.6,6754.7,78.0061,20.2914
16812.9,15313,71955.2,11469,8961,83878.2,16080.7,125.816,20.2914
8819.85,8416,68680.8,5512.5,5028,71851.1,21429.8,17.2546,20.2914
11971,11408,68770.6,6729.75,6260,70453.8,23290.1,-57.6353,20.2936
8745.1,7509,76324.3,7642.5,6721,74521.5,32149.1,165.632,20.2957
9769.5,8958,71472.9,5945.25,5418,71913.6,12458,-23.6882,20.2967
13236.6,12709,68256.7,5087.25,4769,69909.4,9505.08,67.5828,20.302
10961.6,10448,68757.6,4860,4560,69847.6,7406.79,20.3616,20.3052
6927.05,6965,65178.9,2897.25,2805,67691.3,6513.99,-2.82481,20.3105
15928.2,14516,71911.9,8343,7412,73767.8,25496,128.042,20.3105
15913.9,13294,78451.7,12109.5,10378,76470.2,14902.9,-22.0601,20.3115
12122.5,11694,67937.4,4266,4090,68356.1,9597.81,8.2393,20.3168
13562.9,11704,75944.8,8040,7256,72617.1,28521.3,14.4081,20.32
22389.9,18324,80077.7,19392,16404,77473.4,28302.6,82.3563,20.321
6147.05,5696,70725.6,3182.25,2932,71129.6,7553.29,-18.3439,20.321
9554.35,9040,69264.8,3546,3360,69163.9,18091.9,-41.0999,20.3221
11625.3,10429,73053.3,4133.25,3709,73032.3,29842.7,-82.8215,20.3369
9462.7,8736,70987.6,6225.75,5604,72807.1,19506.4,-13.6331,20.339
18846.8,17665,69920.2,13281,12517,69536.1,7442.35,114.96,20.3421
14876.5,13908,70099.9,4929.75,4452,72568.8,22145.3,7.76775,20.3421
11702.6,11400,67275.6,4983.75,4828,67650.2,21871.2,172.898,20.3421
10085.4,9576,69022.2,4788.75,4460,70366.7,8339.21,-133.613,20.3432
15059.2,14397,68550.4,6826.5,6521,68606.3,9745.48,53.8138,20.3442
17165.8,14006,80321.4,14210.3,12070,77156.8,59046.9,131.941,20.3442
13599.3,12816,69541.5,2997.75,2832,69371.7,16732.1,67.3112,20.3464
12632.8,11860,69806.1,7038,6224,74107.1,10018.9,-112.177,20.3506
10851.8,10149,70073.9,5939.25,5349,72767.8,21932.1,109.256,20.3506
15796.3,14191,72949.5,10313.3,8987,75207.4,10391.3,52.9295,20.3527
11269,10488,70416.5,5340,4924,71072.8,13844,155.14,20.3527
9895.6,9369,69219.6,4461.75,4265,68559.3,21078.5,-42.0722,20.3559
9444.5,8781,70488,4938.75,4541,71276.4,11325.6,-42.5656,20.3559
19107.4,17073,73345.2,11775.8,10945,70510.3,20469.3,76.6307,20.3559
16539.9,15169,71458.8,10215,9153,73140,16950.6,73.323,20.3601
50129.9,32200,102028,45966,33080,91064.9,38967.7,278.036,20.3633
11100.7,10620,68502.4,4629.75,4316,70300.1,6673.27,-77.6508,20.3633
15708.5,14136,72826.5,6978,6284,72773.8,11335.7,-11.606,20.3633
11901.5,11471,67995.5,6507,6255,68176.3,21252.2,86.9213,20.3643
19055.4,16568,75375.1,7324.5,6360,75474.6,11458.6,88.1494,20.3643
12442.3,11196,72831.2,9429,8700,71027.5,13438.5,106.995,20.3675
12471.5,11902,68672.1,6084.75,5806,68682.4,8497.17,3.98066,20.3675
16606.8,15404,70653.5,5621.25,4956,74333,25438.5,-26.756,20.3706
10167.3,9499,70146.8,5801.25,5439,69900.9,20699,48.2421,20.3706
12745.8,11777,70927.4,7004.25,6437,71311.3,28633,-56.9761,20.3728
9519.25,8985,69432.8,4469.25,4285,68354,15268.4,-34.1138,20.3738
11518.6,10963,68857.6,5818.5,5699,66910.2,19698.1,79.2397,20.3738
10140.6,9448,70340.6,3681.75,3448,69978.9,10606.4,-43.3986,20.3759
10886.8,10405,68570.9,3532.5,3429,67514.1,7407.21,77.9816,20.377
10914.1,9822,72823.2,7406.25,6650,72988.9,14790.5,-32.3758,20.3823
5526.95,5461,66327.4,2205,2133,67748.2,9098.71,-5.50194,20.3823
11472.5,10188,73798.8,7918.5,6888,75340.7,28471.9,-4.51002,20.3823
6327.75,6404,64755.7,2477.25,2464,65888.4,10771.4,-88.1248,20.3833
6312.8,6033,68575.4,2130.75,2021,69094.9,18787.2,-23.0661,20.3844
8394.75,7369,74658.5,6272.25,5401,76107.8,15739.4,-34.1315,20.3865
11774.8,10988,70228.4,4731,4444,69768.4,6802.96,-50.1357,20.3865
9376.9,8400,73157.7,5349,4980,70392,7148.46,-11.4487,20.3907
14513.2,12332,77127.6,9618.75,8652,72858.8,22121.3,-45.5514,20.3918
14487.2,10601,89560.7,9320.25,7277,83937.3,19748.6,-40.3022,20.3928
17315.3,15473,73339.3,5790.75,5281,71861.9,10433.7,-148.312,20.3949
20788.9,18365,74185.9,13421.3,11917,73808.4,20632.6,-10.2354,20.4002
13462.1,12308,71681.5,5220.75,4704,72735.4,7754.22,-17.4914,20.4002
12229.8,10892,73585.1,6392.25,6012,69681.1,12308.4,7.27743,20.4023
10637.3,10052,69351.7,3351,3232,67949,8801.31,124.369,20.4023
10704.2,9704,72290.9,5449.5,4936,72353.8,9627.32,-3.80181,20.4023
9946.3,9005,72386.5,6206.25,5805,70065.9,11305.7,-2.14488,20.4034
15218.4,13243,75312,9231.75,8015,75485,14084.4,114.711,20.4065
8231.6,7204,74884.3,4289.25,3984,70557.3,6594.2,78.0122,20.4097
8607.95,8072,69887.3,2454.75,2412,66697.6,17043.5,29.4595,20.4108
14340.9,13004,72273.8,7353,6492,74227.7,19391.3,79.2512,20.4108
8599.5,7872,71592.6,3588,3380,69569,7163.57,67.6708,20.4118
6585.8,6248,69079.2,2972.25,2876,67729.3,13862.6,31.299,20.4139
14308.4,12761,73483.2,9469.5,9021,68794.3,7832.17,36.6857,20.4171
15772.2,14016,73747.9,9879,9200,70372.8,17731.1,103.394,20.4171
13797.5,13040,69343.3,5522.25,5280,68542.8,18168.2,95.6372,20.4245
11432.8,9701,77235.7,5366.25,4725,74430.2,23186.9,28.3686,20.4266
10685.3,10164,68897.6,5103,4832,69211.5,13508.9,-70.1677,20.4266
14299.3,13502,69406.2,3649.5,3402,70303.8,9035.71,-5.49958,20.4266
9018.75,8429,70121.4,4339.5,4221,67375.9,17635.3,2.77724,20.4277
10627.5,9249,75303.7,7912.5,6833,75889.6,17059.3,-24.7211,20.4308
14716.6,12962,74407.5,8964,7686,76433.1,32272.8,14.2671,20.4319
10680.1,9817,71298.2,8182.5,7421,72260.9,19061.8,-6.73637,20.4372
16146.6,13873,76276.7,12784.5,11121,75339,14191,86.3267,20.4382
16592.5,13957,77911.4,9242.25,7665,79021.5,19797.5,29.356,20.4393
5538.65,5757,63050.4,2725.5,2653,67326.9,9931.31,46.9268,20.4414
6418.75,6502,64696.9,2836.5,2722,68292.8,10212.6,-15.8638,20.4435
21197.8,18436,75353.6,18197.3,16532,72137.4,33804.7,89.8896,20.4446
10675.6,10737,65161.2,3357,3249,67714.5,10468,-82.9534,20.4446
10845.3,10665,66643.6,5577,5417,67471.7,10881.3,-30.5089,20.4456
7050.55,7070,65355.7,2146.5,2062,68221.6,18698.8,-60.0427,20.4498
7683.65,7616,66118.1,2733,2596,68994.6,7707.58,145.05,20.4509
11684.4,11308,67717.4,4701.75,4392,70158,6427.99,29.8584,20.452
5237.7,5164,66471.3,2566.5,2444,68820.8,10850.8,55.4922,20.453
5543.85,5181,70125.8,2676,2537,69126.7,14473.2,12.3561,20.4615
12082.2,11272,70246.5,4227.75,3916,70753.3,10410.7,-52.8512,20.4657
5928.65,5628,69037,3336,3064,71353.8,7602.02,-0.285695,20.4667
14537.9,13944,68327.3,5336.25,5212,67098.3,6822.3,85.7436,20.4678
15187.2,13408,74232.7,9671.25,8176,77521.4,39431,-32.4419,20.4699
10267.4,9224,72949.3,6080.25,5368,74231.6,31410.6,145.02,20.472
13362.7,11411,76745.1,7887,6679,77389.2,27078.2,15.3224,20.472
25969.4,22293,76343.9,10491.8,8113,84751.3,15565.4,81.115,20.4741
10446.8,9224,74223.9,8608.5,7896,71449.7,13168.1,102.705,20.4752
16127.8,13932,75865,10809,9644,73452.8,15509.5,32.9571,20.4762
8897.85,8148,71567.2,5284.5,4800,72151,33045.7,144.098,20.4773
14839.5,13833,70304.4,6063,5641,70438.7,19755.3,68.0576,20.4784
10177.7,9805,68027.1,4251.75,4025,69228,8520.64,278.32,20.4794
17466.1,14955,76540.4,10374,8927,76158.9,19533.7,99.0259,20.4826
10535.2,10240,67425.3,4185,4020,68225.9,10136.3,-54.5609,20.4836
14315.6,11660,80462,8331,6924,78853.3,17893,-29.9124,20.4868
12853.1,11952,70477,7163.25,6516,72045.9,21184.5,-35.1961,20.4889
16734.9,15001,73111,7050,6345,72817.8,18317.4,-54.8684,20.4889
7526.35,7718,63908.6,3477,3362,67777.7,8552.24,80.5186,20.491
12331.1,11230,71962.1,7551,6398,77346.4,18202,-47.9841,20.4921
9887.8,9800,66123.1,6399.75,5784,72512.8,15308.9,144.765,20.4931
9093.5,9458,63010.3,4296,4194,67129.9,19028,11.3249,20.4931
17514.3,16268,70556.5,9345.75,8408,72845.3,29647,59.9458,20.4942
7592,7568,65743.8,3577.5,3428,68394.1,12689.7,-85.6169,20.4984
19338.1,18265,69386.5,7956,7529,69252.8,19679.5,122.24,20.4984
11841,11366,68275.1,4127.25,3766,71822.5,9603.26,68.4391,20.4995
6067.75,6244,63686.1,2636.25,2480,69665,15964.9,-31.56,20.4995
9573.2,9248,67840.5,9561.75,8628,72628.5,14850.4,21.8019,20.5016
5194.15,5465,62288,2907,2845,66964.2,12976.1,84.6523,20.5026
8476.65,8113,68473.5,6225,5669,71963.6,13542.6,63.991,20.5037
13366.6,12768,68608.5,6499.5,6192,68790.6,10475.9,-186.154,20.51
9957.35,9098,71726.2,6805.5,6206,71866.8,8147.03,-6.32618,20.5132
7135.7,6788,68892.9,2748.75,2608,69072.9,7343.42,-1.99598,20.5206
9761.05,8377,76363.9,5407.5,4701,75385.2,11518,140.607,20.5216
9566.7,8921,70279.5,4985.25,4669,69975,13326.8,-187.981,20.5238
7026.5,6393,72030.1,1412.25,1309,70705.3,8909.53,77.0652,20.528
6015.1,5589,70532.4,1261.5,1205,68608.9,13242.4,-58.1177,20.528
12424.8,11133,73140.1,5583,5081,72010.9,13869.2,24.4188,20.5301
7004.4,6653,68997.5,2805.75,2637,69729.9,7393.66,42.7221,20.5343
11126.7,9745,74828.1,7872,6885,74930.9,15392,65.6415,20.5343
13498.5,12665,69849.3,5426.25,5145,69118.5,18951.3,-84.1322,20.5354
10946.6,10468,68532.6,4519.5,4272,69332.9,6988.26,56.4974,20.5375
9398.35,8372,73570.3,3309,3044,71241.3,10506.8,-27.0549,20.5385
12476.1,11191,73061.7,5235,4775,71849.4,14423.5,94.9179,20.5396
10124.4,8645,76751,6832.5,5861,76399,16085.1,144.735,20.5396
9391.2,8842,69606.6,4732.5,4474,69322.6,16897.2,-157.155,20.5396
16290.3,14321,74547.9,7867.5,6901,74714.5,26218.5,124.575,20.5407
12495.6,11721,69867,4667.25,4441,68874.8,17225.8,-51.3874,20.5417
8392.15,8008,68679.8,3390,3224,68910.4,14444.6,102.657,20.5438
7754.5,6924,73396.7,6130.5,5560,72260.5,27061.4,-97.337,20.547
9254.7,8545,70979,2682.75,2497,70411.2,11932,77.8116,20.547
11987.9,10829,72549.8,5148,4729,71342.6,12736.7,-29.7187,20.5491
14984.4,13909,70603.3,6156.75,5649,71426.6,26377.5,124.569,20.5502
11345.8,10329,71987.1,5247,4781,71923.7,6641.34,88.3304,20.5512
12649.6,11917,69565.1,4173,3881,70466.8,7669.18,30.6718,20.5512
8672.95,7324,77606.6,8260.5,7164,75566.7,24422,-23.2778,20.5544
7882.55,7676,67299.5,4746,4344,71600.8,12487,140.571,20.5554
16263,14736,72327.1,5730.75,5216,72003.5,14789.1,-78.8158,20.5586
26248.9,16769,102585,7794.75,5781,88364.8,22501.7,131.594,20.5607
10305.8,9488,71184.4,6988.5,6180,74109.8,7348.63,78.8438,20.5607
18411.9,16677,72353.7,7396.5,6705,72294.9,25001,91.9404,20.5618
9525.75,8976,69549.9,4517.25,4132,71646.3,23585.6,67.9136,20.5639
12062.7,9869,80103.5,6814.5,5949,75070.6,14503.1,32.135,20.566
8828.3,8741,66190.5,3874.5,3697,68682.5,11928.7,169.832,20.5671
7465.25,6592,74217.6,4135.5,3616,74951.4,9293.17,126.071,20.5671
12420.2,11896,68423.9,4701.75,4220,73017.5,11615.9,1.28346,20.5702
12418.9,11540,70527.3,6454.5,5920,71453.1,13670.9,36.4662,20.5713
7478.9,7441,65869.8,2989.5,2881,68004.1,11120.8,73.5421,20.5755
15961.4,12648,82704.5,21411,17992,77989.7,15680,82.8307,20.5797
12637.9,11914,69518.3,6420,6142,68502.3,21801.2,24.1207,20.5818
11547.9,11092,68229.6,4333.5,4192,67748.2,17737.9,-165.787,20.584
17488.9,8376,136838,11601,6456,117764,14176.9,49.3472,20.584
16042,14032,74923.6,10081.5,8692,76012.6,7947.79,26.3613,20.5861
13119.6,10869,79106.3,8145,6945,76859.7,7449.94,140.76,20.5861
11612.9,11333,67154.6,4341,4225,67335.3,15849.5,56.1644,20.5871
17358.3,15433,73711.5,7319.25,6745,71115.6,18054.6,-60.8785,20.5871
10240.1,8983,74707.2,8591.25,7875,71496.7,13457.2,27.0143,20.5924
7021.95,6623,69483.7,3087,2987,67730,15259.6,70.8065,20.5966
27084.8,21072,84236.6,24048,19312,81607.8,54771.9,132.102,20.5998
11849.5,10641,72978.9,4471.5,4193,69888.9,12890.3,266.976,20.6019
13953.5,12700,72004.7,7102.5,6527,71314.5,6593.15,-61.3078,20.6082
8112,7264,73186.7,3565.5,3316,70467,7650.66,54.7525,20.6103
13378.3,12328,71119.4,5082.75,4920,67703.9,10480.3,-60.5939,20.6103
7534.15,6828,72313.7,2855.25,2652,70558.7,9653.96,116.597,20.6135
10615.1,9269,75053.9,6801.75,6065,73497,15868.6,-36.7164,20.6135
10758.8,9650,73066.2,4047.75,3846,68973.8,7984.69,96.0199,20.6209
7963.15,6693,77973,7160.25,6389,73447.2,12949,122.493,20.6209
14779,13336,72627.5,4815.75,4536,69577.8,17380.7,78.4668,20.622
9345.05,8141,75228.7,5823.75,5401,70665.7,10279,-11.5663,20.6251
17103.4,14608,76731.4,9771.75,8564,74778.3,7786.63,7.44737,20.6251
10421.4,9482,72029.1,4432.5,4318,67273.8,17855.8,-69.4711,20.6283
10972,9869,72860.6,4491.75,4237,69476.4,7290.99,41.866,20.6283
10638.5,9768,71376.8,3303,3228,67058.7,6394.57,61.6797,20.6294
6653.4,5775,75504.3,3035.25,2847,69869.4,16092.1,69.9152,20.6294
11941.8,10621,73685.9,5006.25,4537,72314.2,24155,-68.8478,20.6315
13438.1,12316,71506.9,3691.5,3544,68263.6,15823.5,-71.9747,20.6325
7608.25,6639,75103.8,5494.5,5115,70398.4,9281.86,-7.22883,20.6357
18958.5,15461,80361.4,12750.8,10677,78264.8,22178.8,181.486,20.6367
20294.9,17721,75055,11609.3,10301,73859.2,20285.5,42.2376,20.6399
11793.6,11380,67917.9,4734,4452,69687.2,14154.8,52.788,20.6589
8888.1,8926,65257.7,3704.25,3646,66583,12309.2,-127.743,20.66
7952.1,7615,68437.1,5654.25,5215,71056,42772,68.0526,20.6631
12386.4,11746,69109.1,9296.25,8770,69468.5,8192.83,-60.5079,20.6653
6463.6,6572,64455,2960.25,2764,70189.2,8696.71,-5.48684,20.6674
12778.3,12169,68817.7,7598.25,6601,75436.9,16352.8,127.525,20.6674
6245.85,6637,61673.6,2036.25,1997,66824.1,8694.08,-143.947,20.6684
5448.3,5695,62697.1,2881.5,2715,69555.1,17233.6,-64.2877,20.6695
15391.3,14753,68371.7,5576.25,5025,72725.4,35357.4,-72.7088,20.6705
13094.9,13305,64501.1,6228,6073,67208.7,17816.5,6.21043,20.6705
9429.55,9494,65091.1,4194.75,3894,70597.6,7672.93,-58.7684,20.6705
9044.1,9512,62312.3,3569.25,3452,67762,7950.84,43.5612,20.6716
11736.4,12016,64011,6606.75,6352,68164.4,25293.9,-73.1906,20.6716
20987.8,18811,73120,14872.5,13371,72895.4,29380.4,135.636,20.6748
14135.5,13581,68212,5334,4941,70748.6,20368.1,4.39454,20.6769
11384.1,10492,71108.3,8244.75,7324,73775,14061,-44.3884,20.6779
9173.45,8921,67390.6,4129.5,3897,69446,29326.8,-38.9421,20.6779
5746,6133,61400.6,2743.5,2613,68809,10504.9,-130.255,20.6779
7001.8,7056,65032.6,3384,3140,70628.6,12505.3,91.55,20.679
11159.2,9794,74671.2,10667.3,9574,73019.5,40139.7,111.151,20.6832
10140,9337,71172.2,7227,6301,75167.2,22111.8,32.709,20.6843
16922.1,15585,71158.6,8808.75,8037,71829.1,21352.1,49.9376,20.6853
10262.2,8812,76321.3,8477.25,7368,75402.4,8047.16,93.4376,20.6885
11323,10788,68786.1,4567.5,4128,72513.5,8589.27,5.6972,20.6938
9629.1,9063,69629.6,6975,6359,71884.5,19084,-20.4972,20.6948
11358.1,10945,68009.5,4364.25,4245,67377,17757.4,-13.5673,20.6959
5896.15,5889,65615.6,2950.5,2789,69330.9,34161.2,33.1162,20.699
12510.5,11880,69014.4,7598.25,7048,70652.5,6776.49,-2.83467,20.7022
8429.2,8065,68495.5,3014.25,2805,70424.9,15893.3,-71.9773,20.7054
7224.1,7157,66150.4,2749.5,2625,68644.3,10593.5,29.7019,20.7064
23173.8,18143,83708.2,16860.8,14187,77887.2,43279.2,146.294,20.7128
17941.3,15934,73792,11779.5,10366,74472.4,24046.3,2.5363,20.7233
16169.4,13972,75843,9946.5,8644,75411.1,18194.7,12.2162,20.7233
12544.3,11692,70313.6,8624.25,7852,71981.5,15135.5,-77.9688,20.7244
17689.8,15949,72688.9,11277.8,10569,69930.8,19115.4,60.3416,20.7276
13178.8,12402,69640.6,4558.5,4198,71163.9,8064.17,-46.7431,20.7286
13867.1,13121,69262.6,5961.75,5649,69164.3,12763.1,31.3403,20.7318
14528.8,13556,70239,6897.75,6416,70456.8,20237.2,54.2795,20.735
8771.75,8294,69311,4278,4070,68885.3,14744.2,107.806,20.7392
9569.95,9040,69377.9,4333.5,3988,71213.7,10762.3,73.5555,20.7392
11097.4,10598,68624.5,3429,3334,67403.4,10452.4,48.6272,20.7392
14014.6,13537,67848.4,4641.75,4465,68130.3,9745.38,90.7938,20.7402
12816.7,12149,69137.8,4359.75,4081,70012.4,7378.01,-20.9173,20.7434
10901.8,9856,72489.9,5912.25,5376,72073.1,9895.96,83.9081,20.7455
7936.5,7200,72239.8,5026.5,4384,75140.7,16745.3,98.2707,20.7476
13351,12425,70420.2,5828.25,5305,72000,6717.11,25.5476,20.7497
5447,5394,66179.9,2433.75,2274,70139.9,9406.21,83.9265,20.7497
5547.75,5160,70460.7,2268.75,2152,69091.5,9736.44,-97.5459,20.7508
8892,8764,66493.2,4149,4008,67841.5,7899.8,8.30311,20.7518
9556.95,9065,69092.6,3355.5,3145,69922.4,11597.6,13.3241,20.7529
13143,12041,71533.9,11323.5,10665,69582.5,16939.9,173.943,20.754
6088.55,5589,71393.7,4614,4261,70965.3,13893.2,122.458,20.754
5733.65,5812,64652.5,2085,1968,69432.2,7117.7,6.61251,20.7592
27211.6,22285,80024.2,14617.5,12253,78182.7,38794.3,-24.6779,20.7592
26341.9,19452,88748.9,21056.3,15448,89328.2,34475.8,64.9243,20.7603
12911.6,12074,70082.4,6909,6394,70814.5,13658.8,100.967,20.7624
6253.65,5888,69605.8,5280,4928,70217.1,7780.89,-4.59242,20.7624
8944,8825,66419.7,3869.25,3721,68147,11176.4,-61.48,20.7645
8788.65,8248,69831.8,6369,5884,70937.9,15360.9,-117.537,20.7656
13140.4,12328,69854.7,4467.75,4156,70452,10754.8,-15.8842,20.7656
12426,10344,78727.1,7314,6252,76668.3,25563.5,-23.3207,20.7677
6139.25,6085,66120.3,2514,2465,66838.7,22401.9,51.6181,20.7698
9332.7,8673,70520.9,8346,7665,71358.6,7169.18,108.091,20.7709
8012.55,7617,68939.3,3385.5,3105,71456.4,10544.9,9.92371,20.7719
8661.9,8033,70666.8,3784.5,3521,70440.5,12032.4,-64.0922,20.774
16828.5,15115,72965.4,7212.75,6607,71544.5,34239.9,-117.387,20.7751
6646.9,6759,64449.1,3166.5,3063,67750.5,11242.2,-85.5625,20.7761
23502,21389,72010.4,9629.25,8637,73065,7165.36,64.2307,20.7804
9493.25,9045,68783.8,5176.5,4837,70135.9,15045.4,-40.9854,20.7835
5365.1,5417,64908.1,2316,2205,68835.1,9072.4,-94.081,20.7846
6481.15,6704,63357.5,3023.25,2900,68321.3,14967.9,25.2375,20.792
6626.75,6697,64848.5,2704.5,2509,70642.5,21343.8,-39.5021,20.792
9332.05,8549,71538.8,5263.5,4645,74262.4,22388.2,0.0186161,20.793
10512.4,9872,69787.7,6246.75,5556,73683.8,9036.26,23.7404,20.7951
5220.15,5305,64487.8,845.25,797,69503.5,17844.7,134.349,20.7962
13597.3,11889,74953,7825.5,6581,77929.2,11535,98.4665,20.7983
8522.15,7944,70305.6,4567.5,4296,69677.8,20320.4,28.4763,20.8015
9392.5,8560,71909.7,7883.25,7088,72888.9,11038.5,-26.2148,20.8025
21745.8,19853,71784.1,10392,9213,73922.7,19787,101.596,20.8036
11096.1,10623,68455,3805.5,3567,69917.9,9447.92,42.6449,20.8046
11826.1,11097,69841.9,5089.5,4765,69999,20586,80.0664,20.8046
10188.1,9802,68117.5,4078.5,3902,68500.4,8096.69,12.5957,20.8046
6022.25,5672,69582.9,2322.75,2156,70604.7,16266.5,145.589,20.8057
36713.9,26389,91177.6,17472.8,12641,90585.7,43384.4,54.2696,20.8078
11209.9,9696,75768.6,11477.3,9764,77035.3,10827.8,142.353,20.8131
7776.6,7641,66699,2854.5,2733,68449.5,10256.9,-43.3855,20.8141
5194.8,5217,65257.1,2460,2433,66263.3,11764.1,13.3179,20.8163
6346.6,6281,66220.5,3126,3001,68265.8,9698.08,144.976,20.8173
9220.9,9049,66781,2211,2153,67301.5,15843.7,-71.1154,20.8184
6988.8,6772,67634.1,3161.25,2896,71538.6,10598.2,99.3617,20.8258
9845.55,9480,68063.1,3353.25,3112,70616.5,9845.87,108.85,20.831
12502.8,11712,69960.7,5371.5,4948,71145.2,12146.9,-8.1965,20.8321
12059.4,11405,69296.6,4047,3753,70669.9,17330.5,50.0887,20.8332
14230.4,13341,69905.3,4904.25,4653,69074.8,8467.22,-184.358,20.8374
7831.2,7349,69836.1,3189.75,3009,69472.7,20618.9,-34.3149,20.8374
7392.45,7095,68283.5,3091.5,2899,69887.7,22688.3,-80.8327,20.8405
9867.65,9622,67209.1,4509.75,4422,66836.5,12068.1,-87.3135,20.8416
19312.8,16169,78278.4,6411,5577,75336.4,20560.5,8.6873,20.8427
19124.9,16700,75052.3,9713.25,8632,73745.1,19361.5,-3.30764,20.8437
10385.7,9129,74557.7,6812.25,5897,75707.6,21841.2,-14.5808,20.8469
16179.8,13596,77990.5,6782.25,5896,75387,27150.3,-101.64,20.8479
6473.35,6236,68030.4,2636.25,2616,66043.3,9540.42,-85.4985,20.8479
7673.25,6960,72252,3290.25,3108,69379,8321.83,-105.233,20.8501
10368.1,9365,72556,4118.25,3893,69327.9,9444.36,-13.2549,20.8532
12355.8,11168,72506.5,4793.25,4548,69070,8296,-47.6118,20.8564
8184.8,7680,69843.6,2407.5,2416,65305.4,14825,-14.3171,20.8574
11724.7,10909,70436.3,4657.5,4457,68484.2,19717.2,-49.761,20.8596
11902.8,10805,72194.5,4469.25,4261,68739,14919.3,32.1193,20.8617
6719.7,6237,70608,2959.5,2941,65948.2,20980.2,-130.648,20.8648
26581.1,18265,95374.7,14409,9673,97623.1,57066.1,142.335,20.8669
10165.3,9329,71411.3,4171.5,4005,68260.5,25236.2,15.3916,20.8701
8550.75,7462,75098.1,6774.75,6034,73581.4,34171.8,76.9758,20.8722
25166.7,18788,87786.1,27846.8,22772,80140.7,29748.3,67.682,20.8754
10062,9349,70534.1,4332,3973,71457.8,9498.61,108.863,20.8786
60498.7,42565,93148,62969.3,41841,98629.4,46769.7,512.522,20.8796
12297.3,11240,71701,8145,7208,74055.3,9548.21,45.2212,20.8817
6480.5,6294,67477.9,2424,2290,69370.9,12425.4,-19.387,20.8838
6947.2,6441,70686.5,2979.75,2777,70320.8,8676.77,89.1139,20.887
7549.75,7020,70481.5,2975.25,2808,69439.5,7974.09,-72.5397,20.8881
6396.65,6025,69578.6,2458.5,2345,68708,7740.6,-51.8909,20.8881
7864.35,7224,71345.2,3771.75,3496,70705.2,10985.3,17.6472,20.8891
5454.15,5224,68423.3,2154.75,2040,69222.4,21050.6,-110.871,20.8933
13232,12284,70593.9,9651,8972,70495.8,15530.1,162.816,20.8986
10765.9,10003,70534.6,5862.75,5415,70955,10462.9,13.3668,20.8997
8601.45,7969,70737.2,6210.75,5701,71395.9,11548.7,-38.274,20.8997
8776.3,8169,70408.1,3784.5,3501,70842.9,14253.6,-51.2757,20.9007
11108.5,10280,70817.8,3995.25,3644,71853.1,11311.6,-27.9451,20.9029
6667.05,6493,67292.8,3445.5,3273,68990,7589.92,81.4148,20.9029
9773.4,9149,70008.7,7407,6813,71249.8,17784.9,25.1316,20.9081
10100.3,9350,70795.4,6721.5,6050,72810,13772.1,90.6424,20.9092
12319.4,11405,70790.7,3999.75,3501,74872.2,28683.8,44.502,20.9102
16182.4,12489,84917.1,14270.3,11465,81571.3,11892.3,-21.0869,20.9102
12029.5,11376,69301,6645.75,6000,72589.3,14070.8,-9.9888,20.9134
11635,10769,70806.1,5976,5425,72192.3,12013.9,66.6285,20.9134
13026,11653,73257.7,7380,6689,72306.1,20792.6,-93.6614,20.9145
5479.5,5565,64529.1,2420.25,2345,67639,9423.29,-12.3941,20.9197
20358,17952,74319.4,13565.3,11924,74556.5,17024.5,-3.21981,20.924
9713.6,8962,71032.2,6887.25,5986,75403.1,21269.4,-11.1193,20.925
12351.9,10977,73744.9,9186,8037,74905.3,11642.5,51.1625,20.9271
21154.9,11489,120673,7604.25,4117,121047,10088.5,-21.0191,20.9282
20673.3,16445,82386.3,19554,16365,78306.8,47349.3,-21.5595,20.9314
10947.9,10556,67969.4,3867,3656,69318.3,8729.78,38.3719,20.9345
9828,9509,67734.5,4314,4085,69209.9,9330.58,28.8893,20.9366
12863.5,11675,72207.5,8042.25,7023,75047.3,9806.02,11.6715,20.9366
10181.6,9627,69311.5,4701.75,4411,69855.8,22032.2,-37.808,20.9377
10528,9349,73801.1,6003,5301,74214.8,23560.9,67.0546,20.9388
8856.25,8740,66407.7,2998.5,2896,67855.6,7021.88,84.8761,20.9388
7156.5,6884,68130.2,3520.5,3316,69577.6,8457.67,126.102,20.9409
8875.1,8687,66955,3749.25,3647,67373.4,8221.89,-4.60899,20.9419
13656.5,12263,72983.1,6735.75,6003,73535.6,25570.3,-15.581,20.9419
7808.45,7682,66614.8,2832,2726,68084.4,10067,39.1817,20.9419
12919.4,12121,69852.8,4983.75,4589,71173.5,11481.4,-13.3315,20.9451
10791.9,9300,76049.6,8528.25,7584,73695.6,15577.6,34.6746,20.9451
17015.7,15476,72056.1,7491.75,6676,73543.9,26827.2,48.0118,20.9461
9557.6,9069,69066.8,4949.25,4633,70009.5,10057.3,-33.918,20.9472
11553.8,11013,68753.9,4572,4321,69342.9,12048.2,33.0872,20.9483
12997.4,11601,73424.5,7254.75,6513,72999.7,11267.5,121.697,20.9483
14223.9,12422,75042.7,11208,9538,77010.6,19789.3,-60.0837,20.9493
6764.55,6305,70312.7,3013.5,2801,70507.9,10717.2,75.2772,20.9493
31591.9,21268,97348.6,31918.5,22884,91409.3,20645.8,270.124,20.9504
12383.1,11481,70685.7,5222.25,4809,71167.7,8715.81,8.27245,20.9525
12351.9,10073,80363.1,5640.75,4889,75613.1,20075,12.1456,20.9567
12486.5,11044,74095.9,5475,5044,71135.9,25022.9,-43.9404,20.9567
11560.9,10836,69920.2,5869.5,5700,67484.8,6823.19,57.3636,20.9578
12888.2,12009,70334,4512.75,4313,68571.2,19591.4,-35.1363,20.9588
8216.65,7872,68405.3,3069,3008,66865,9261.06,8.25196,20.9588
15806,14797,70005.1,6351,6137,67821.3,12517.7,6.40957,20.9609
5610.8,5357,68640.9,1959,1917,66971.9,10406.1,-60.5911,20.962
11224.8,10052,73182.6,5661,5184,71566.2,9543.52,-33.0387,20.962
20733.7,17683,76842.4,10405.5,8835,77185.6,11613,53.7436,20.9662
10405.8,9953,68517.8,3497.25,3393,67549.6,13007.2,53.6912,20.9662
9187.1,8535,70543.1,5662.5,5091,72892.9,14143.9,66.5485,20.9673
14865.5,12873,75679.7,9321,8169,74777.9,13328.7,12.3991,20.9673
32582.5,19921,107190,15126,9861,100527,22197.7,161.706,20.9683
20704.4,18976,71505.4,7286.25,6944,68766.1,6528.16,-118.065,20.9694
9582.95,8770,71611,4350.75,4086,69782.4,9278.8,-24.4287,20.9694
9986.6,9517,68769.8,3228,3165,66840.5,7811.61,-57.9136,20.9747
9347.65,8826,69409.4,3333,3226,67709.7,22365,-98.0205,20.9831
12667.2,11853,70037.8,4602.75,4317,69874,29437.7,-46.6863,20.9852
15316.6,14001,71694.1,9228.75,8353,72407,21710.5,6.06409,20.9852
9020.7,7666,77117.2,7233,6182,76677.8,18310.2,-23.0481,20.9873
8898.5,8201,71109.9,5419.5,5017,70793.8,14854.7,-46.9983,20.9905
10034.7,8339,78862.5,7424.25,6371,76370.4,10870.7,41.7315,20.9905
12116,11648,68169.1,2705.25,2580,68717.5,10877.6,-31.3688,20.9916
28915.2,22270,85091.6,17885.3,13342,87852.5,24156.7,-35.3078,20.9926
10004.1,9169,71505.3,4818.75,4389,71953,6428.16,170.898,20.9947
10389.6,9393,72489.4,5880,5553,69395.2,15523.9,-13.4834,20.9958
7941.05,7340,70902.5,2539.5,2328,71490,8273.6,-39.8709,20.9968
9717.5,9185,69335.4,3435,3285,68528.5,18420.6,-105.612,20.9968
10197.2,9118,73292.8,7554.75,6414,77191.8,24541.2,-49.9423,21
12551.5,12080,68094,5040.75,4656,70951.6,16012.5,44.9782,21
11373,10664,69893.5,4439.25,4028,72227.1,26856,-44.8693,21.0011
11625.9,10996,69290.2,6236.25,5776,70758.1,14150.6,58.8082,21.0042
12810.2,11861,70780.6,5523.75,5089,71134.7,22338.1,34.4205,21.0042
13239.2,12001,72297.7,8817.75,8261,69952.8,18588.4,-31.6586,21.0053
9332.05,7909,77327.8,6054,5313,74676.3,19744.5,44.838,21.0053
9148.75,8593,69774.5,4431,4085,71086.9,11846.6,31.3748,21.0084
6175.65,6110,66240.2,2211.75,2170,66796.9,12552.2,-38.3117,21.0095
16751.8,15224,72112.8,9261,8232,73728,18409.8,50.0481,21.0095
8369.4,8169,67143.7,2464.5,2409,67045.9,10490,29.7058,21.0116
10697,9969,70322.2,4758,4465,69836.6,17727.5,11.3738,21.0116
19897.8,17695,73694.4,15943.5,14479,72164.7,11917.3,64.9121,21.0137
14321.4,13288,70632.9,5260.5,4940,69787.9,9730.01,23.7143,21.0148
11863.8,10948,71018.1,5119.5,4704,71324.7,12717.3,41.6621,21.0158
13603.8,11557,77143,6887.25,6257,72137.3,23366,164.242,21.018
9939.15,9801,66459.8,3352.5,3309,66397.5,7875.62,90.864,21.019
8578.7,8238,68246.4,3943.5,3706,69735.9,6843.7,-44.1172,21.0201
9891.05,9301,69693.6,4843.5,4593,69110.3,20652.2,-64.4161,21.0201
9902.1,9173,70745,5086.5,4769,69899.1,16099.1,-40.165,21.0211
13132.6,12561,68518.3,3683.25,3493,69105.5,6459.27,121.877,21.0232
13021.4,12112,70456.9,4886.25,4548,70410.1,17112.4,111.157,21.0232
10556,9089,76113.8,5704.5,5073,73694.1,35338.9,191.312,21.0264
11670.8,11149,68603,4371.75,4185,68460.5,17179.3,74.1744,21.0264
6161.35,5981,67512.2,1871.25,1801,68092.3,11493.2,-10.7519,21.0275
11866.4,10716,72571.5,9813,8552,75199.3,6581.49,157.993,21.0285
12151.8,11059,72011.7,6773.25,6007,73895.7,21979.6,25.834,21.0285
9387.95,8388,73348.7,8557.5,7824,71680,21019.2,84.3501,21.0296
8029.45,7473,70415.9,4970.25,4629,70367.3,11402.8,100.191,21.0296
17637.8,16448,70276.5,9138,8580,69798.1,9362.41,15.9881,21.0317
6519.5,6428,66468.9,2190,2120,67699.9,6351.06,124.461,21.0317
6899.1,6780,66687.2,3012.75,2888,68366.9,9910.87,58.1075,21.0327
15386.1,14332,70356.3,8371.5,7704,71214.3,15088.1,-31.527,21.0348
12169.9,11009,72447.1,8595,7553,74577.2,23368.6,105.762,21.0359
10402.6,9649,70654.5,6831,6113,73233.5,7495.77,-38.9817,21.0391
15132,14197,69852.1,3835.5,3553,70746.8,15980.2,-26.4006,21.0412
17327,16176,70199.4,6309.75,6004,68873.4,9935.86,37.4666,21.0422
9761.7,9434,67812.5,3811.5,3642,68586.1,11688.9,33.9607,21.0486
11307.4,9929,74634.1,10250.3,8985,74764.7,28659.8,-9.67708,21.0486
14400.7,13625,69267.3,6458.25,6041,70062.5,7943.32,34.9615,21.0507
8577.4,8483,66265.3,3120.75,3027,67565.7,6996.67,81.4371,21.0507
15122.2,14436,68651.4,13686.8,12500,71758,8072.46,77.9566,21.0517
8472.1,7916,70139.9,4533,4168,71275.1,16066.6,52.7162,21.0549
10179.6,9477,70395,5876.25,5285,72867.7,14555.4,33.853,21.056
13733.8,13348,67430.5,8023.5,7620,69006.3,9162.03,-45.0643,21.057
9288.5,8547,71221.6,7688.25,6723,74945.3,15798.5,65.6263,21.0581
11222.3,10424,70554.6,4225.5,3880,71371.8,18900.3,-74.6703,21.0623
7277.4,7008,68055.3,1932.75,1824,69443.4,7830.92,-162.834,21.0655
9500.4,8920,69800.2,3151.5,2904,71121.5,10611.2,-82.9588,21.0686
6800.3,6693,66586.6,2567.25,2465,68254.5,8353.38,-114.694,21.0708
7703.8,7325,68925.1,4227.75,3933,70447.5,20936.5,-119.467,21.0708
9753.25,8612,74220.8,6025.5,5168,76410.1,13107,35.6274,21.0718
13263.3,12125,71688.3,9132.75,8377,71448.5,6979.21,110.678,21.0718
9162.4,8452,71044.4,4353.75,4000,71331.8,12659.6,193.024,21.0729
12944.8,11173,75928.3,8919,7825,74698.5,15574.6,159.375,21.075
9311.9,7605,80245.2,7759.5,6773,75081.4,10238.6,-93.2648,21.076
19056,14817,84285.4,11770.5,9493,81259,23774.3,44.6865,21.0781
5576.35,5273,69306.2,2367.75,2253,68873.9,11811.6,-42.5839,21.0845
22174.1,19881,73095,10731.8,9913,70948.9,10875.9,70.1113,21.0887
11123.4,10529,69236.1,4239.75,3989,69655.6,11343.6,-60.6263,21.0887
10605.4,10020,69364.8,3300.75,3136,68978.9,16255.2,39.8091,21.0919
10157.5,9495,70109,4490.25,4119,71442.8,23283.1,16.325,21.094
5669.95,5624,66071.5,1392,1352,67474.9,10452.2,60.6672,21.095
6497.4,6444,66079.1,2580.75,2524,67009.5,6792.31,41.0247,21.0961
17051.4,14794,75536.3,12879.8,10974,76917,22872.5,-50.7396,21.0971
13745.5,12781,70481.8,4757.25,4397,70905.4,19175.1,11.3194,21.0993
11935.3,10377,75377.4,7665,6489,77413.1,14606.7,137.051,21.1014
28732.6,25280,74486.5,14859.8,13312,73155.7,43241,100.715,21.1056
5633.55,5473,67458.5,2526,2337,70836.1,20888.4,104.995,21.1067
13615.5,12905,69144.4,5562.75,5337,68308.1,7879.73,176.004,21.1119
8321.3,8033,67888,3267,3121,68601.8,16652,-5.78581,21.114
8340.15,7740,70617.6,5580.75,5260,69532.3,9724.21,83.9146,21.1151
14866.8,14165,68783,5409.75,5169,68588.4,6569.98,-35.5069,21.1151
12452.7,11518,70854.3,4241.25,3918,70943,9279.04,-18.4087,21.1151
7119.45,6685,69795.1,2829,2617,70845,17583,-170.081,21.1162
8500.05,7876,70728.7,3921,3668,70056.3,15014.2,-88.2843,21.1183
6825,6469,69142.5,2616.75,2485,69010.6,26061.7,134.901,21.1235
9906,9493,68387.2,3577.5,3473,67507.9,9554.41,15.9809,21.1299
5513.3,5373,67247.3,1756.5,1689,68155.1,10918.1,4.74968,21.1331
18334.5,15628,76885.9,13391.3,11900,73748.7,12304.5,-26.2624,21.1341
7081.1,6512,71263.4,2373,2208,70433.4,11552.8,73.5258,21.1373
10506.6,10059,68452.2,4787.25,4747,66091.7,7789.89,-4.59276,21.1383
8595.6,7985,70547.4,2910,2753,69273.4,19699.5,134.28,21.1415
19425.9,17349,73381.5,8376,7329,74898.3,14974.3,118.117,21.1415
17685.8,15860,73080.7,9207.75,8436,71531.4,29081.9,72.8671,21.1468
13591.5,12909,69000.9,5113.5,4969,67441.8,7202.79,20.3693,21.1499
11837.1,10688,72582.3,4937.25,4512,71712.7,21102.1,70.587,21.1499
12959.7,12317,68955.7,5169.75,5053,67050.2,19789.4,28.4963,21.1521
10338.3,9548,70960.2,4836,4572,69320.2,27490.2,39.3869,21.1531
10195.3,8908,75006.3,8117.25,6972,76301.2,16106.9,54.4347,21.1563
5459.35,5356,66800.6,2484,2328,69927.6,7929.55,-69.098,21.1573
14151.1,12929,71731,7038.75,6229,74055.5,9291.95,51.2508,21.1584
8305.05,7684,70832.9,4085.25,3744,71509.3,13619,-59.8518,21.1616
12690.6,11922,69761,6235.5,5862,69711.7,21729.9,34.4434,21.1616
12869.3,11977,70418.8,7594.5,6873,72415.7,21212.3,-36.9172,21.1637
9921.6,9629,67527.5,5433.75,5293,67278.7,8901.29,103.725,21.1637
7346.3,6524,73796.3,7086,6220,74660.5,10058.8,-33.918,21.1658
9916.4,9340,69580.4,4162.5,4028,67724.3,16047.3,-93.4831,21.1721
8648.25,8181,69279,4126.5,3941,68620.7,14252.9,45.9044,21.1763
8358.35,7284,75202.2,4326,4080,69487.4,22842.8,124.702,21.1795
10524.8,9387,73479.6,5577,5199,70300.9,18171,18.2371,21.1795
9119.5,7921,75452,6563.25,5937,72448.9,13347.9,-10.8216,21.1827
16495.7,14776,73163.4,9759.75,8776,72882.3,7244.28,-89.7122,21.1827
6665.75,6245,69951.4,2282.25,2129,70253.4,17802.4,-41.089,21.1848
6732.05,6053,72888.1,2522.25,2469,66949.4,6490.59,-1.10393,21.188
10846.5,9612,73953.3,6252,5800,70643.3,11809.4,-34.8438,21.188
11061.7,9957,72807,4788.75,4341,72295.7,29730.9,-10.5773,21.189
9486.75,8629,72050.5,3526.5,3269,70698.3,8786.15,28.0498,21.1901
12461.1,10677,76487.2,8102.25,7409,71668.1,35597.3,-27.1378,21.1901
12966.2,11384,74644.5,6850.5,6328,70947.3,6936.09,43.5993,21.1922
21061.9,17880,77198.9,16666.5,14440,75641,18678.1,-1.56195,21.1922
12463.8,11089,73660.8,4524.75,3893,76171.1,35421.9,15.8688,21.1975
11292.4,9729,76067.6,8208.75,7413,72571,18145.1,85.3181,21.1996
12452.7,11281,72342.9,4827.75,4561,69368.9,10171.1,165.598,21.2027
46744.8,30060,101912,60480,35224,112526,30163.4,752.226,21.2038
12962.9,12048,70512.9,4127.25,3936,68720.4,21374.9,27.5767,21.2038
13360.1,12109,72307.2,7025.25,6589,69875.1,9215.8,20.2937,21.2038
12097.1,11233,70577.7,5169.75,4897,69186.2,22689,-44.7127,21.2059
17482.4,15449,74161.9,11114.3,9901,73566.7,17176.8,-57.4055,21.2112
11115,10818,67335.2,5769.75,5538,68278.5,13127.5,-11.6734,21.2122
9101.95,8332,71592.1,5988,5448,72031.9,18079.7,-38.5195,21.2154
18870.8,17544,70492.3,8083.5,7020,75464.4,29854.2,93.478,21.2175
32661.2,22153,96622.8,34455,21865,103272,33020.7,120.019,21.2218
7801.95,7413,68974.6,3020.25,2769,71482.5,9999.31,-75.1958,21.227
7891.65,7785,66433.8,5730,5421,69271.6,10449.3,40.8873,21.2334
12354.5,11413,70942.6,8457.75,7633,72617.2,10315.4,46.0523,21.2355
6390.15,6281,66674.9,2198.25,2093,68831.6,9679.81,85.6362,21.2355
10688.6,10489,66783.1,4532.25,4381,67798.6,15002.8,-41.8438,21.2376
15163.8,14624,67955.3,5925,5780,67180.1,7109.88,-87.9872,21.2408
9588.15,9157,68621.7,5061.75,4677,70927.3,15715.8,5.42938,21.2418
7384.65,7132,67857.6,2637,2456,70365.8,19609.2,-32.5569,21.246
7438.6,7337,66443.5,3099.75,2937,69167.6,11948.5,-21.089,21.2492
8896.55,8453,68974.8,4640.25,4277,71102,9648.82,79.6174,21.2503
13612.9,12288,72602.4,9126.75,7764,77039,29900.8,65.0963,21.2545
8177,8498,63060.5,3281.25,3170,67836,8116.9,-22.665,21.2545
8442.85,8266,66938.1,4815,4542,69475.1,8055.2,6.57727,21.2555
17936.1,17326,67843.7,8182.5,7722,69444.2,7615.03,-12.3262,21.2566
14914.2,14275,68470.8,7058.25,6563,70481.4,9096.1,43.5182,21.2566
16159,14996,70618.6,9712.5,8756,72695.1,14816.9,125.863,21.2577
6643.65,6437,67639.9,3275.25,3025,70957.6,8574.95,6.55774,21.2587
10156.3,10108,65848.8,4583.25,4440,67650.4,18114.6,-16.1608,21.2587
14304.5,13762,68119.7,9393.75,8774,70165.1,13130.6,120.767,21.264
8484.45,7879,70572,5778,5287,71622.3,12954.7,54.5531,21.2735
9855.95,10056,64232.3,5173.5,4988,67973.2,12475.7,113.911,21.2746
8744.45,8957,63980.8,4149,4061,66956.1,6885.61,19.5212,21.2746
12489.8,11989,68273.3,9110.25,8305,71890.4,8980.67,42.6625,21.2767
14783.6,11897,81437.2,13623.8,11341,78727.3,35126.1,64.8999,21.2788
14937,14076,69544.7,7078.5,6456,71855.1,16401.7,90.5436,21.2798
12938.3,12643,67066.5,4965.75,4759,68383.1,21469.6,-36.9269,21.283
16303.3,14776,72310,9348.75,8140,75267.8,25275.8,26.5701,21.2841
11303.5,10521,70410.3,5985,5257,74611.6,17921.7,-31.6335,21.2841
12080.9,11540,68607.8,5386.5,5184,68096,10121.2,27.1396,21.2841
16175.2,15116,70128.4,6951,6572,69315.4,9615.56,91.6586,21.2862
14937,13692,71495.1,7674,7016,71682.3,7674.31,40.9916,21.2904
6758.05,6377,69452,2829,2617,70845,18436.9,-40.2529,21.2914
14048.4,13261,69427.6,4809,4541,69403.8,19423.6,43.99,21.2925
9768.2,8940,71607.2,6161.25,5596,72155.8,20332.9,57.7159,21.2925
16339.7,13901,77033.2,8625.75,7453,75848.3,36863.6,49.3546,21.3115
5798.65,5765,65918.5,1988.25,1921,67830.3,18628.2,-148.62,21.3126
13332.1,12571,69504.1,6981,6495,70439.9,12298,-21.1022,21.3147
12131.6,11167,71197,5371.5,4923,71506.5,9997.14,84.7643,21.3157
8456.5,7629,72644.5,6107.25,5529,72390.1,24161.1,10.272,21.3189
23578.8,19426,79545.8,18657,15217,80351.3,16493.1,91.4002,21.3221
8061.3,7564,69844.7,3148.5,2904,71053.8,6635.37,52.2106,21.3252
7699.9,7457,67670.7,3198.75,3137,66826,16739.5,32.9109,21.3337
9179.3,8500,70773.5,4701.75,4400,70030.4,6965.59,49.6182,21.3347
5794.75,5434,69886.8,2680.5,2462,71352.3,7088.98,-80.2464,21.34
13716.9,12434,72298.1,8343,7618,71773,10843.6,-1.26752,21.3432
5980,5663,69204.5,2494.5,2283,71607.3,13697.6,120.745,21.3453
14087.4,12977,71144,10887,10001,71341.9,15764.9,45.8475,21.3474
25968.1,22153,76822.5,15645,13069,78453.7,10914.6,-7.29019,21.3495
13918.4,13142,69408,5627.25,5426,67966.7,6504.61,64.2555,21.3495
5649.15,5552,66682.8,1800,1796,65682,7893.68,-52.7567,21.3495
8954.4,8424,69662.3,5537.25,5164,70272.9,14708.7,164.567,21.3495
16502.8,15124,71510.9,6845.25,6192,72450,11415.4,120.831,21.3506
9833.2,9048,71223.3,3540,3240,71604.1,10672.2,47.7589,21.3527
6871.15,6428,70054.1,2928,2668,71922.6,6671.24,35.8693,21.3527
13367.2,12718,68881.6,4256.25,4058,68737.7,18530.8,74.1236,21.3527
10978.5,10101,71229.3,3885.75,3445,73920.6,8173.86,147.613,21.3569
18929.3,17253,71903.5,6235.5,5841,69962.3,8522.66,93.4197,21.358
12455.9,10621,76858.4,10677,9145,76514.8,28437.2,-73.3087,21.359
12774.4,11260,74350.5,5944.5,5452,71456.1,9156.39,40.0759,21.3622
16303.9,13295,80368.2,8998.5,7711,76478.5,23163.7,188.329,21.3643
15416,12587,80265.9,8702.25,7691,74153,31895.5,-29.5787,21.3675
11093.5,8023,90617.8,9763.5,8323,76878.6,26476.7,-29.375,21.3685
17641.6,14197,81437.1,9456.75,8661,71557.3,24633.5,30.0342,21.3706
10718.5,8377,83854.3,3781.5,3501,70786.7,8720.35,43.5323,21.3706
20298.2,16598,80146,7793.25,6689,76355,13181.5,50.2446,21.377
36216.7,23484,101069,22164.8,16296,89137.8,11547.6,135.446,21.377
15175.5,12630,78744.6,6868.5,6450,69788.2,19925.1,1.83118,21.378
14898,13005,75075.4,7881.75,7293,70826.6,26338.6,106.51,21.3812
9937.85,8597,75757.5,2650.5,2533,68576.1,25617.9,-82.6628,21.3823
11499.8,9977,75538.8,4092.75,3901,68757.4,6322.74,-47.5376,21.3823
19267.3,17336,72837,7237.5,7020,67566.5,12142.2,39.1037,21.3833
12142,10580,75211.5,5571.75,5184,70437.9,24262.2,75.6282,21.3854
7540.65,6788,72802.6,3771.75,3556,69512.2,21137.1,19.8456,21.3865
12135.5,11048,71987,5417.25,4860,73050.4,11781.9,24.4972,21.3907
11467.9,10737,69997.5,7803.75,7093,72103,6345.02,250.022,21.3918
22093.5,17942,80700,14149.5,11862,78174.1,13084.5,-27.1517,21.4002
9414.6,8545,72205.4,4111.5,3765,71567.4,13371,-62.4225,21.4034
12778.3,11532,72619,7728,6792,74567.5,11298.1,-19.3446,21.4044
12214.8,11208,71423,4887.75,4428,72340.5,20973.4,40.4918,21.4044
12845.3,11954,70422.4,4054.5,3830,69377.5,13187.1,-69.2956,21.4044
5903.3,5628,68741.8,2726.25,2668,66966.8,7181.65,22.0901,21.4055
8652.15,8040,70525.8,4302,4140,68100.5,20316,116.196,21.4055
13213.8,12109,71515.6,6826.5,6333,70642.9,11043.5,-50.295,21.4055
31891.6,25480,82027,21843.8,17900,79975,43992.1,347.507,21.4055
6842.55,6567,68285.9,3042,2903,68674,14894.9,36.4202,21.4065
21869.9,20097,71317.4,12070.5,10917,72460.6,9768.7,89.9329,21.4076
27095.9,17496,101495,19406.3,13580,93653,8594.79,154.477,21.4087
12112.8,11377,69774.2,6565.5,5937,72473.7,18603.9,60.3608,21.4087
10830.9,7591,93507.7,3780,2723,90975.4,8077.5,-98.3436,21.4087
7243.6,6831,69494.4,4656.75,4255,71723.8,8418.31,130.404,21.4097
7040.15,6737,68485,2425.5,2305,68962.1,14992.3,64.7966,21.4097
5414.5,5445,65168.9,2166.75,2129,66698,7118.74,119.272,21.4108
11172.2,10417,70287.2,4508.25,4149,71210.6,6730.66,42.7471,21.415
16265.6,14233,74895.1,8178,7037,76162.2,47053.4,-115.288,21.4213
8585.2,7844,71728.7,6399.75,5748,72967,16410.1,115.483,21.4245
9201.4,9416,64042.4,3257.25,3176,67212.6,7157.03,-6.28897,21.4266
6747.65,7225,61206.1,3660,3513,68278.3,12849,116.477,21.4298
6034.6,6089,64950.5,2406,2297,68645.9,8290.14,-4.61156,21.434
15954.9,13276,78760.2,9123,7916,75528.7,45511.8,41.2896,21.4361
9053.2,8320,71311.4,4229.25,3728,74347.7,14216.4,131.906,21.4382
7749.95,7610,66741.2,7590.75,7226,68844.1,13822.2,-4.81946,21.4393
10089.9,9953,66437.8,4542.75,4321,68899.3,25847.8,55.7886,21.4424
8927.1,8660,67557.3,6173.25,5968,67789.9,10545.9,52.0637,21.4424
22790.3,17394,85867.8,26782.5,19958,87945.6,10050.2,283.422,21.4456
16508.7,14312,75594.9,12280.5,10696,75244.5,15216.6,144.768,21.4488
6208.15,6549,62125.1,2913.75,2801,68174.1,14508.3,-30.6452,21.4509
9903.4,9341,69481.8,5814,5129,74288.6,12395.4,-100.226,21.453
6938.1,7229,62898.8,2216.25,2153,67461.3,15257.9,100.047,21.4562
9555,9529,65714.8,5901,5293,73064,32281.7,33.1868,21.4593
11841,11376,68215.1,5073.75,4788,69447.2,7133.42,-1.98808,21.4615
10696.4,10513,66679.3,5313,4741,73442.9,8942.9,144.144,21.4625
4763.85,5084,61409.1,2365.5,2184,70982.3,10056.1,-54.5579,21.4657
6136,6400,62832.6,2091,1940,70637,10049.3,16.8223,21.4667
15753.4,15277,67579.7,6394.5,6093,68778.9,9101.07,73.618,21.4667
9296.95,8945,68114.6,5193,4853,70127.4,8795.72,65.8894,21.4678
9109.1,8208,72730.8,6425.25,5588,75355.3,9427.17,3.94571,21.4678
10539.1,9993,69117.4,5094,4745,70356.2,9797.67,48.6518,21.4794
14690,13769,69919.7,7053,6569,70364.7,12264.2,60.5991,21.4794
20402.2,18298,73072.4,11845.5,10442,74344.6,9798.88,52.0917,21.4815
13056.5,10698,79984.5,14205.8,12046,77286.1,17266.2,48.3711,21.4836
14274.6,13164,71065.3,6074.25,5596,71136.9,15283.5,223.026,21.4836
8981.05,8577,68623.3,4267.5,4037,69277.9,12705.8,34.7825,21.4847
7642.05,7177,69782.5,3644.25,3449,69246,8226.54,-95.7692,21.4857
7581.6,7166,69336.8,2918.25,2841,67318,12644.5,50.2648,21.49
5298.8,5292,65620.2,2541.75,2408,69176.1,21510.8,71.4316,21.491
8452.6,8221,67382.3,3837,3581,70221.1,7880.95,0.563822,21.4942
17160,15772,71303.4,6530.25,5928,72194.1,12467.9,-34.0086,21.4952
7202,6813,69277.9,2864.25,2649,70861.3,7909.74,-2.87726,21.4974
8798.4,7912,72878.1,5080.5,4472,74453.4,18177.2,42.3169,21.4974
6612.45,6512,66546.9,2736.75,2592,69195.9,13535,-58.9887,21.5005
10548.2,8512,81213.2,9424.5,8224,75102.6,14970.2,14.9174,21.5048
14310.4,12824,73132.1,5618.25,5180,71080.6,16756.6,34.6303,21.5058
15310.7,14000,71671.8,7104.75,6544,71151.7,18262.8,-92.7063,21.5079
13945.1,13293,68750.9,5566.5,5417,67344.7,10709.9,-26.2025,21.5079
8912.15,8419,69374.8,6177.75,5715,70842.5,12262.9,-31.4209,21.5079
9577.75,8737,71842.4,5693.25,4977,74967.4,28976.4,-73.329,21.51
12454.6,11544,70705.8,7363.5,6956,69375.3,7973.23,9.16035,21.51
13773.5,13109,68858,7473.75,7221,67829.9,9875.38,52.0889,21.5153
10277.1,9795,68761.9,4497,4147,71067.1,11212.5,80.4186,21.5174
10889.4,10348,68965.1,6021,5768,68410.6,7779.96,77.9676,21.5174
19085.9,17496,71491.6,7110.75,6444,72316.9,15433.8,58.76,21.5195
10623.6,9940,70043.1,5607.75,5172,71057.5,14892.9,141.34,21.5195
16645.8,14139,77155.6,15174,13199,75342.3,31337.9,108.902,21.5216
8750.95,8373,68494.2,3607.5,3413,69270.8,11812.8,41.6961,21.5227
11168.3,10297,71081.5,4926,4637,69620.5,12594.2,-100.233,21.5227
18159.7,16264,73174.8,8971.5,8232,71423.3,10689.7,71.8383,21.5238
5346.25,5254,66686.7,2277,2258,66087.5,10837.9,-67.4873,21.5248
13382.8,11716,74859.9,7092.75,6308,73689,6908.09,-33.7996,21.529
9647.3,8745,72297.9,5993.25,5389,72884.3,19006.8,5.3057,21.5312
9538.75,8648,72286.3,7941.75,7160,72691.4,13537.9,-13.4088,21.5322
6491.55,6413,66338.7,2889.75,2733,69294.8,6731.74,74.567,21.5354
14891.5,12802,76232.6,12217.5,10690,74900.5,15016.2,65.6557,21.5354
9847.5,9471,68141.3,4436.25,4143,70174.8,13133.1,46.8064,21.5375
12793.9,11560,72531.5,5356.5,4808,73012.4,10331.2,-8.12826,21.5396
10269.3,9868,68201.5,5022,4476,73530.3,20219.3,151.46,21.5417
15990.6,14388,72835.9,12058.5,10804,73145.7,14268.8,44.1838,21.548
6656,6447,67660.6,3937.5,3627,71146.4,19263.2,24.2161,21.548
12647,11981,69179.3,5458.5,5053,70795.2,17924.6,-57.4336,21.548
14729.6,13388,72103.5,8263.5,7388,73302.2,11085.9,-73.5166,21.5502
12526.8,10157,80826.7,10515,8745,78800.6,15514.6,-18.6431,21.5512
11354.2,10101,73666.9,5639.25,4993,74018.4,10425.3,77.0082,21.5607
13423.8,11544,76207.7,8715.75,7308,78160.3,20546.4,114.468,21.5618
14829.1,11905,81632.9,11032.5,9205,78547.1,42256.1,31.092,21.5628
15169.7,13848,71791,7063.5,6460,71658.4,11965.9,120.81,21.5681
11428.9,10155,73757.5,6042.75,5359,73897.7,14768.3,115.545,21.5692
6307.6,5984,69080,2536.5,2368,70199.4,17921.6,-39.3735,21.5692
10279.8,9352,72037.4,4575.75,4108,72998.1,17321.8,-33.331,21.5723
12502.8,11545,70972.7,3885.75,3609,70561.5,6803.16,10.0643,21.5734
13666.9,11788,75981.8,8973,7692,76450.2,11389.4,36.552,21.5744
14008.8,12961,70834.1,6759,6389,69331.3,28192.6,-9.65952,21.5755
15724.8,13233,77876.6,9933.75,8309,78351,28195.4,45.3804,21.5755
6878.95,6650,67792.3,3205.5,3054,68787,7244.66,48.7477,21.5766
11551.8,10268,73729.9,10648.5,9500,73459,19333.5,26.7934,21.5787
9870.9,9657,66987.6,4677.75,4525,67748.3,12745.1,-75.299,21.5797
12417.6,11701,69549.6,5614.5,5301,69411.8,9621.06,52.9584,21.5829
6095.05,6140,65056.2,2576.25,2492,67751.6,8721.83,61.5922,21.584
8603.4,8180,68928.2,4163.25,3796,71876.4,32889.3,-164.636,21.5903
5556.2,5284,68912,2586.75,2496,67918.8,14644.6,-10.0104,21.5935
11245,10499,70192.6,4764,4455,70081.6,8893.56,124.366,21.5935
11122.1,9769,74613.7,9534.75,8157,76605.3,9988.04,77.0246,21.5935
11441.9,10471,71613,8847,8083,71730.4,19125.9,43.1412,21.6019
13628.5,12457,71699.5,5562.75,5101,71468.4,8857.1,120.927,21.604
29509.3,26989,71656,14629.5,12397,77338,41046.2,327.837,21.604
10645,9208,75763.9,7565.25,6664,74399.2,28667.6,-39.7774,21.6072
5530.85,5324,68082.2,4689,4248,72339.5,8878.19,102.006,21.6125
9902.75,9438,68763.1,5561.25,5038,72342.6,7206.6,-7.15084,21.6135
9454.9,8857,69960.1,5577,4937,74031.7,33720.1,7.33275,21.6188
17102.1,16241,69010.9,7260.75,6577,72349.2,23443.8,-119.561,21.6188
10428.6,9344,73143.1,6999.75,6240,73515.3,10244.5,149.255,21.6199
7965.1,6809,76663.4,6158.25,5353,75394.6,15404.5,139.601,21.6209
11899.5,10433,74748.3,9970.5,8869,73675.4,6749.97,143.366,21.622
11184.5,9953,73645.2,7407.75,6497,74722.8,41060.6,40.5969,21.6241
17503.8,14085,81443.5,15945,12501,83591,27849.8,88.3934,21.6357
13652.6,11973,74729.5,9804.75,8209,78275.6,38999.9,45.8343,21.6378
13328.9,12743,68549.2,10219.5,9507,70447.6,18726.5,191.076,21.6378
7974.85,7605,68723.2,6875.25,6177,72944.2,17345.5,69.0081,21.6399
14454,13596,69672,5524.5,5224,69305.8,20191.6,34.5012,21.6452
14895.4,12960,75322.9,9208.5,7908,76313.6,23635.7,86.8317,21.6484
11995.8,11572,67935.8,3414.75,3280,68228.4,21549.6,-61.0099,21.6526
10037.3,8927,73687.1,5763,5263,71762.1,6948.09,-117.221,21.6526
45893.3,27309,110134,31422.8,20893,98565.1,47787.9,97.1041,21.6536
13224.9,11633,74504.2,8405.25,7269,75780.2,14414.1,45.8983,21.6547
15952.9,13579,76993.3,13671,11752,76237.5,25316.6,-75.7714,21.6558
35942.4,25617,91951.5,23983.5,17777,88416.6,18161.8,82.7374,21.6589
14957.8,12493,78465.9,8547,7213,77656.5,10083.2,-46.8189,21.6589
11386.7,10950,68149.6,4290,4102,68539.6,7808.87,90.8665,21.6695
10355.1,8382,80963.4,8250,7194,75156,9904.98,-23.5922,21.679
9091.55,7840,75997.9,2709.75,2548,69696.3,19005.8,7.88573,21.679
28622.1,23276,80588.5,14202,12204,76265.3,32543,92.517,21.6811
42896.8,25953,108322,50586.8,34129,97138.9,24399.7,375.763,21.6832
10801,8785,80575.7,5688.75,5377,69335.7,18684.2,-73.8022,21.6853
11538.8,9625,78566.9,3924,3753,68522.1,8780.96,-44.19,21.6864
8176.35,6857,78145.7,2396.25,2409,65189.1,13131.8,44.2265,21.6874
15850.9,13404,77499.6,5127.75,4952,67861.9,12897.8,52.8353,21.6874
10077.6,7832,84326.6,3169.5,3036,68417.8,19526,30.2262,21.6906
10270,7724,87138.1,5821.5,5192,73481.9,30960.6,126.976,21.6917
13287.3,10439,83417.6,6446.25,6087,69403.9,14412.8,35.5783,21.6917
11672.7,9634,79404.4,4565.25,4514,66280.1,28221.9,-38.0406,21.6959
7829.9,6476,79237.2,1956.75,1992,64376.3,12597.6,-34.0134,21.699
14652.3,12666,75813.5,5449.5,5370,66506.2,24582,-61.9838,21.699
11198.2,9752,75254.8,4028.25,3816,69181.2,8341.79,-101.794,21.7022
7686.25,6780,74295.9,3015,2876,68703.4,6934.8,85.7394,21.7033
7898.8,7344,70486.9,3063,3040,66031.8,17635.8,-48.8228,21.7054
13289.9,12216,71297.2,4599,4508,66858.9,12388.4,37.3744,21.7064
8021.65,7607,69108.3,6098.25,5639,70873.4,20622.4,-67.855,21.7107
8710,8344,68410.7,3318.75,3192,68138.4,13856.5,-47.8207,21.7128
19772.3,17435,74321.8,15540.8,13915,73192.9,19497.5,-50.6127,21.717
7900.1,7993,64774.3,4041,3837,69020.3,17355.8,142.108,21.7181
13547.9,12821,69251.9,7965,7409,70454.1,14622,88.8905,21.7202
5277.35,5410,63929.1,2609.25,2402,71190.6,9412.34,10.8263,21.7276
12541.1,11690,70307.4,7615.5,6906,72269,24240.2,42.089,21.7286
6320.6,6633,62449.4,1940.25,1913,66469.5,12525.1,34.7893,21.7297
6223.1,6437,63358.3,2979.75,2837,68833.6,9922.51,-98.4129,21.7297
15786.5,14976,69083,8645.25,7908,71645.8,12929.6,-76.1659,21.735
5913.05,6389,60653.9,2610,2545,67209.8,23983,15.4387,21.7381
11528.4,11472,65858.2,5365.5,5092,69056,9931.94,-58.8533,21.7392
7819.5,7617,67278.3,3612.75,3409,69453,8610.76,17.7364,21.7434
14195.3,13294,69979.4,8004,7114,73734.9,8067.56,2.27681,21.7434
5817.5,5608,67984.3,3255,3068,69530.5,11877.4,4.71363,21.7434
8428.55,8157,67717.7,5229,4841,70788.6,19861,6.13359,21.7445
8293.35,8269,65729,4759.5,4429,70426.4,12571.8,121.648,21.7445
13392.6,13056,67225.6,4616.25,4420,68445.8,15902.4,-47.0376,21.7466
14447.5,13945,67897.8,7560,7069,70088,10880.6,-49.4289,21.7476
6426.55,6521,64586.8,4577.25,4221,71067.2,24741.2,176.23,21.7561
40831.7,30814,86841.9,29181.8,20798,91953.8,56284.1,13.3648,21.7561
9213.75,8973,67294.4,3542.25,3213,72251.8,6531.55,2.33453,21.7561
14004.9,13681,67087.6,6774.75,6433,69017.6,20326.9,182.416,21.7571
12934.3,12685,66824.3,4542.75,4297,69284.1,6359.35,70.281,21.7582
9889.75,9611,67436.8,5610,5295,69434.7,9632.19,18.558,21.7603
11258.6,10518,70150.9,6027,5398,73172.6,14660.9,19.229,21.7614
21214.7,20196,68841.7,6870.75,6516,69104,19333.2,-5.02657,21.7624
9807.2,9472,67855.2,4569,4336,69057.6,8917.58,16.8649,21.7635
13625.9,13157,67871.9,5056.5,4917,67395.3,12029.2,-44.3121,21.7635
11252.8,10456,70530.2,7838.25,7100,72350.4,8907.66,9.98524,21.7666
9599.2,9600,65530.5,2603.25,2516,67808.7,12037.6,-19.3724,21.7698
12073.1,10784,73370.1,10376.3,9364,72620.5,7148.9,99.4913,21.774
12765.3,12343,67778.5,5103,4771,70096.5,22036.4,27.5518,21.774
10336.3,10288,65843.7,3301.5,3184,67954.5,14619.2,-28.9294,21.7751
12322.7,11573,69781.4,4581.75,4213,71272.2,11912.4,42.5523,21.7782
9594,9232,68105.8,3384,3184,69652.6,13083.9,60.5683,21.7793
11385.4,10980,67955.7,4655.25,4368,69845.8,7292.37,-108.634,21.7835
8777.6,7265,79180.8,8471.25,7445,74569.8,35569.8,23.6032,21.7856
13447.2,11737,75085.3,8027.25,7149,73587.1,11401.3,-77.8285,21.7878
13937.9,13581,67258.5,5354.25,5097,68843.7,6401.02,83.1794,21.793
12262.3,11287,71198.6,9135,8195,73053.2,9274.8,58.9914,21.793
5767.45,5633,67100.2,3168.75,2929,70900.4,12395,-6.48582,21.7941
14361.1,13437,70043.1,11331.8,10493,70774.6,23284.7,-29.2551,21.7941
6542.9,6377,67241,2613.75,2393,71581.6,9601.81,85.6392,21.7941
13839.1,12924,70176.6,8116.5,7404,71842.7,33304.4,1.32837,21.8004
9922.9,8958,72595.1,2904.75,2602,73161.3,17367.2,105.127,21.8046
12723.8,10832,76981.5,9427.5,8484,72824.2,27033.4,57.464,21.8057
6368.05,5808,71855.5,2613.75,2484,68959.2,11178.4,191.36,21.8068
9016.15,8104,72912.4,5677.5,5132,72502.1,27641.4,7.5612,21.8078
17788.5,16656,69992.2,4782,4688,66850.1,11722.6,-46.0206,21.8089
10169.3,9329,71438.7,4182.75,4005,68444.6,8832.92,-46.772,21.8141
10891.4,9784,72953.7,4885.5,4492,71277,19593.2,78.3837,21.8152
13375,12482,70224.9,3441,3350,67316.2,25672.5,-89.5448,21.8163
6945.9,6337,71833.1,3360,3077,71563.5,17033.5,-38.4801,21.8173
21986.9,18893,76268.1,16100.3,14441,73066,8963.61,76.2031,21.8184
8319.35,7939,68675.8,3174.75,3031,68644.1,15704.6,58.7498,21.8237
9120.15,8824,67735.5,4149,4028,67504.7,19948,86.1103,21.8247
12054.9,10839,72887.7,8913,8055,72516.8,24601.5,-9.52456,21.8258
18736.9,15448,79488.7,15171.8,13128,75738.6,18003.2,140.363,21.8258
13720.8,12417,72417.6,4724.25,4385,70606.3,7643.4,-144.767,21.8279
16516.5,15037,71984.1,5277.75,4781,72345.3,26541.8,88.4425,21.8279
15084.5,13444,73533.3,7525.5,6868,71810,9114.98,59.8574,21.83
8754.2,8442,67959.6,1548.75,1518,66863.6,10300.5,9.07289,21.8353
29443,21507,89718.7,20033.3,14055,93411.5,28832.5,139.956,21.8353
12444.3,11621,70178.7,5506.5,5217,69172.7,10155,-27.0416,21.8363
7604.35,7231,68919.7,3306,3051,71013.4,12699.9,-37.4573,21.8374
8237.45,7678,70311.2,3540.75,3326,69767.5,7306.79,59.0654,21.8384
6845.15,6301,71195.6,2506.5,2377,69106.4,10955.9,-16.7517,21.8416
8238.1,7716,69970.5,2490.75,2404,67900.9,12178.3,-51.1977,21.849
7688.2,6784,74270.9,3064.5,2816,71319.3,10422.2,-46.8317,21.849
7821.45,7078,72419.7,1587.75,1506,69093.5,14364.8,26.1201,21.8532
16596.4,13548,80282.3,14300.3,12284,76292.8,7027.12,13.4959,21.8532
11926.8,10920,71578.6,4413.75,4108,70413.7,8574.22,-56.2222,21.8532
10310.9,8732,77386.4,4845,4284,74118.1,19038.8,8.74449,21.8553
13695.5,11965,75014.5,9793.5,8701,73764.7,19805.1,37.0957,21.8564
10480.6,9530,72073.1,5248.5,4954,69431.9,12709.4,82.0824,21.8574
32693,18693,114619,31089,19137,106466,53013.1,52.1877,21.8585
7467.2,6929,70626.4,2895.75,2789,68044.4,8566.27,-33.0019,21.8627
9079.85,7761,76672.7,7850.25,6981,73696.3,14956.2,39.8579,21.8627
14328.6,11316,82983.3,9254.25,7892,76848.3,21996.4,40.4533,21.8733
6547.45,6216,69030.5,2097,1980,69408.6,7765.96,-5.45186,21.8754
14459.2,13197,71804.3,5113.5,4717,71044.8,23393.2,-61.9392,21.8775
5865.6,5707,67357.3,2562.75,2475,67859.5,17000.5,-65.1389,21.8775
8430.5,8141,67866.5,3844.5,3709,67930.2,10144.4,90.7788,21.8796
12793.3,10633,78850.9,10647,9305,74987.8,24889.6,61.8446,21.8828
13668.8,11767,76128.3,11552.3,10275,73682.6,20202.3,237.461,21.8849
18945.5,16803,73892.5,6153.75,5431,74257.4,13435.5,133.655,21.886
5822.7,5381,70915.5,1537.5,1461,68967.6,13772,-58.9976,21.8912
10234.3,9468,70839.9,9299.25,8140,74869.2,10658.7,-174.981,21.8955
14233,13360,69818.7,4794,4448,70633.9,9804.29,-12.4085,21.8965
9196.2,8848,68115.1,3042,2816,70795.6,11170.2,-5.57979,21.8976
6748.3,6597,67039,3370.5,3169,69703.1,7159.42,-52.7291,21.8986
7530.9,7236,68206.9,3199.5,2992,70081,21481.2,-103.147,21.9029
5415.15,5369,66099.3,2130,2077,67208.3,8751.95,51.2711,21.9029
12521.6,12020,68270.8,4344,4100,69436.2,23394.1,79.1008,21.9039
8109.4,7867,67555.3,5577,5119,71399.5,14570.9,-70.2076,21.9071
11815,10273,75373.4,7103.25,6369,73091.3,16449.8,26.0418,21.9092
11048.7,10468,69171.5,6165,5696,70932.1,18786.3,-12.746,21.9102
7356.7,7289,66144.7,2727.75,2617,68309.4,11168.1,-43.4197,21.9102
8930.35,8629,67824.7,3594,3281,71788,6842.84,-33.7972,21.9113
11168.9,10937,66925.9,3852,3661,68955.1,10464.7,-8.13328,21.9134
6064.5,6037,65834.5,2268.75,2081,71448.7,13422.4,-13.4044,21.9166
14979.2,14324,68533.9,6366,6080,68618.8,8042.17,-8.04224,21.9187
12566.4,12240,67283.9,5239.5,4900,70076.7,23249.6,-22.3738,21.9219
10157.5,9928,67051.3,4186.5,3884,70640.2,6846.83,16.9427,21.9219
10039.9,9961,66055.1,3225,3005,70334,9002.41,16.0017,21.9219
25290.8,21670,76486.4,14962.5,12786,76691.9,24045.7,36.9363,21.9293
13551.8,13035,68134.6,5819.25,5435,70169.3,19423.9,129.13,21.9303
5056.35,5175,64033.4,3093,2931,69158.3,10364,12.5105,21.9324
15400.4,13849,72877.7,6549.75,5561,77188.4,26300.3,133.172,21.9345
11755.3,11261,68412.4,5731.5,5353,70169.9,8324.75,74.5071,21.9345
10338.3,8840,76643.4,8025,6988,75261.4,14670.7,45.0287,21.9366
16349.4,15456,69324.4,6366.75,5968,69914.8,20396.6,165.213,21.9366
12581.4,11773,70036.1,5516.25,5149,70210.3,7263.61,19.507,21.9377
7333.3,7012,68539,5575.5,5108,71534.1,17571.1,-64.3003,21.9388
7924.15,7660,67796,3923.25,3724,69042.5,17337.5,12.2484,21.9388
8239.4,8036,67194.8,3105,2996,67920.3,20893.9,67.1548,21.9398
5653.7,5448,68010.4,2403.75,2296,68611.6,15542.4,96.5959,21.9419
8203,7806,68869.1,2501.25,2362,69399.6,6549.96,149.394,21.943
10455.3,9897,69232.6,5424.75,5069,70135.4,8327.72,65.907,21.943
10962.3,9883,72692.7,5877,5403,71285.4,6379.97,-23.4598,21.944
11447.8,10781,69589.4,4857,4653,68409.3,7086.57,73.6937,21.9483
28681.9,25129,74801.9,16959,15613,71185.9,6886.37,90.9012,21.9535
12836.8,11370,73990.8,4794,4430,70920.9,12405.3,-110.546,21.9535
11624.6,10785,70637.9,3667.5,3585,67044.2,8343.92,-46.7536,21.9535
10594.3,9430,73627.9,5811.75,5430,70143.4,26003.6,5.04275,21.9546
11036.3,10236,70660.2,5081.25,4924,67628.9,10026.1,-36.4968,21.9588
21521.5,15861,88924.6,11840.3,9665,80285.8,9247.65,-55.3875,21.962
8013.2,7485,70160.7,3712.5,3453,70461.2,6880.56,35.0014,21.9662
7073.95,6613,70104.1,3486.75,3265,69987,12358.9,-40.8845,21.9673
8056.1,7797,67713.8,2418.75,2389,66352.1,9667.8,-101.843,21.9683
8026.2,7489,70237,3390,3173,70018,12645.7,-17.6752,21.9683
8470.8,8080,68705.7,5242.5,5008,68604.7,22820.8,-24.0776,21.9694
15711.1,14645,70307,5047.5,4501,73493.2,7250.57,112.388,21.9736
17685.8,14594,79420.3,9799.5,8434,76146.6,22126.7,-110.052,21.9778
11808.5,10666,72556.3,5361,4698,74784.7,6616.74,-47.5487,21.9789
13426.4,11980,73448.5,6177,5608,72185.4,22658.1,145.348,21.9842
9931.35,8572,75928.7,4563,4204,71132.4,7498.22,65.9382,21.9926
13663.6,11585,77294.9,7192.5,6629,71106.9,8769.15,105.45,21.9937
12784.2,9997,83807.7,7437,6621,73612.9,28352.8,-87.0655,21.9947
15341.3,13118,76643.4,7815,6798,75340.4,20619.5,101.565,21.9958
7139.6,6041,77454.2,3085.5,2857,70777.5,15449,-166.561,21.9979
23002.2,18073,83410.2,16357.5,14301,74960.1,7144.94,12.6315,22
10330.4,9113,74291.3,3999,3821,68589,9640.7,95.9577,22.0042
21105.5,17485,79106.1,8154.75,7149,74755.9,19908.8,-27.4082,22.0063
13430.3,11127,79102,8824.5,7732,74796,14202.8,-18.5938,22.0084
10968.8,10137,70913.3,3840.75,3753,67068.3,13492.3,64.8529,22.0084
6386.25,5867,71336.2,2175.75,2152,66259.3,17165.8,56.1149,22.0116
9808.5,8553,75156.1,3597.75,3321,70997.3,8998.18,30.6218,22.0148
16506.1,13484,80224.2,6067.5,5196,76528,10461.2,176.767,22.0148
13814.4,11407,79367.4,13439.3,12299,71611.9,21984.7,-88.5462,22.0158
11671.4,10641,71882,4695.75,4513,68189.8,6513.13,-81.9448,22.0158
7513.35,6490,75869.8,3642,3342,71418.9,9622.39,162.178,22.0169
10625.5,9154,76071.2,5757,5314,70999.4,21156.2,-37.7751,22.0169
20210.4,18465,71731,8190.75,7717,69559.3,20575.4,19.0067,22.018
17446.6,15348,74497.2,4469.25,4032,72643.1,15645.4,39.832,22.0201
7335.25,6590,72947.3,2976,2954,66024.1,15958,50.1403,22.0222
7883.2,7076,73012.1,2985.75,2788,70184.4,8807.91,54.709,22.0253
8860.15,8141,71325.2,3148.5,2989,69033.2,8768.91,9.99045,22.0264
10676.3,9644,72550.7,2115.75,1948,71179.6,8875.13,-76.0135,22.0317
11577.8,10603,71561.1,4825.5,4447,71114,17391.3,-12.6936,22.0338
33173.4,25390,85626.3,28293.8,23054,80431.1,15884.2,187.743,22.0359
6202.95,5653,71911.6,1318.5,1253,68961.9,6369.32,-21.7394,22.037
11786.4,10924,70710.1,6201,5964,68140.3,10132,6.49923,22.0391
9125.35,7874,75951.1,4170,3878,70470.6,10374.4,40.0301,22.0412
14919.4,13634,71714.9,8563.5,7878,71238.6,29545.5,71.1296,22.0422
10749,9920,71013.1,3555.75,3444,67662.5,14078.3,8.07092,22.0422
13654.5,11896,75224,6939,6268,72551.7,9844.49,9.09003,22.0444
11750.7,10333,74527.6,5095.5,4729,70615.1,9765.09,16.833,22.0454
11607.7,10409,73083.1,6570.75,6013,71615,30887.7,21.1992,22.0486
13476.4,11981,73716.1,4928.25,4653,69412.8,8883.89,78.7861,22.0507
37116.3,28620,84991.4,24441.8,18840,85022,36380.6,85.4928,22.0549
21082.1,17604,78484.2,14550.8,12704,75062.8,15216.8,-36.6919,22.056
8934.9,8432,69444.7,5139,4884,68957.7,8943.85,43.5239,22.0634
9715.55,8715,73060,4319.25,4075,69464.1,10062.4,156.142,22.0665
8563.1,7893,71099.9,3615,3329,71166.3,25611,79.8775,22.0676
10925.2,10004,71570.8,4332,4080,69583.8,7344.22,59.924,22.0686
40357.8,29324,90195.5,29217.8,22796,83997.8,36437.2,233.411,22.075
25708.8,19222,87652.3,15848.3,12566,82654.1,20450.5,104.151,22.0771
12937.6,11925,71100.9,4650.75,4289,71063.6,8856.8,-63.1129,22.0781
10450.7,10137,67564.1,3231.75,3129,67688.1,9955.8,58.9658,22.0792
19027.4,16807,74194.3,11223,9827,74845.9,11350.6,-90.7266,22.0792
13090.3,12332,69566.1,5439.75,5148,69250.1,20754,232.28,22.0792
6353.1,6325,65827.2,3063,2993,67068.8,10282.2,30.5736,22.0803
5307.25,5509,63135.9,2335.5,2293,66750.7,8302.7,51.288,22.0813
10569,9591,72218.8,5361.75,4708,74636.3,22704.4,-67.0733,22.0866
12444.9,11937,68324.4,7316.25,7013,68369.8,6748.39,28.1264,22.0919
15175.5,14529,68452.4,5996.25,5377,73083.5,13843.8,67.4197,22.0929
5973.5,5912,66217.7,3001.5,2760,71270.4,10138.9,12.519,22.0929
8892.65,8605,67726.8,3321,3145,69203.5,16494.6,-24.6999,22.0929
9293.05,8709,69931,5829.75,5157,74085.4,17868.4,49.2085,22.094
12496.9,12597,65015.2,3749.25,3665,67042.5,15079.7,-55.6067,22.0972
8375.9,7880,69660.3,7200.75,6280,75144.6,14894.3,52.7603,22.0982
8362.9,7853,69791.3,5901.75,5161,74942.3,37579.3,163.708,22.1024
8396.05,8280,66454.5,4338,3996,71144.9,18088.4,-34.2198,22.1119
41501.2,33392,81451.3,30179.3,22800,86746.8,42395.4,248.667,22.1119
4995.9,5072,64552.7,2420.25,2272,69812.3,8447.35,-1.17746,22.114
13648.7,12637,70782.7,9577.5,8829,71092,15241.4,45.8672,22.1172
13185.3,12303,70235.6,7835.25,6843,75038.9,18965.4,33.6873,22.1172
9144.2,9077,66021.2,4556.25,4321,69104,6529.87,-75.9254,22.1193
7684.95,7541,66787,5696.25,4965,75188.2,8910.01,107.165,22.1193
5913.7,5865,66080.2,2764.5,2637,68704.7,7661.91,54.7521,22.1204
10401.9,10090,67562.2,3726.75,3578,68260.6,11499.9,88.1478,22.1214
9132.5,8524,70214.4,5817.75,5036,75709.3,8883.02,-26.9938,22.1225
16363.7,15303,70078.7,9210.75,8199,73623.1,13376.5,14.9773,22.1257
11007.8,10500,68705.1,5681.25,5188,71766.8,8923.15,-22.6953,22.1267
18256.5,16569,72210.8,9243,8153,74297.7,39822.2,95.6834,22.1299
12972.7,12777,66539.8,5391,5193,68034.8,12883.1,-21.9842,22.1309
8316.75,8268,65922.4,4219.5,3852,71788.5,10474.1,94.2064,22.1331
9367.8,8892,69042.8,6702,5992,73301.4,6404.84,82.3193,22.1352
11280.8,10978,67343.3,6432.75,5826,72361.3,15599,-59.9262,22.1373
13312,12052,72387.6,7820.25,7008,73131.8,23542.1,165.095,22.1447
9634.3,8732,72308,5987.25,5308,73922.5,16284.7,27.768,22.1521
12114.7,11773,67438.1,7511.25,7069,69636.1,20448.9,51.6915,22.1531
6483.75,6224,68271.1,3127.5,2964,69151.1,19084.6,87.8628,22.1573
11578.4,10816,70155.8,7365.75,6864,70326.6,8177.33,16.8927,22.1595
6400.55,6172,67962.8,3205.5,3016,69653.7,16694.3,7.9726,22.1595
72506.8,40648,116901,62084.3,34012,119627,32372.9,447.703,22.1626
15288,14317,69980.7,6412.5,6009,69936.7,7823.41,132.146,22.1626
8028.8,7705,68290.1,2220,2109,68985.3,7289.59,-39.834,22.1637
7810.4,7645,66953.9,2537.25,2493,66699.3,14586,-27.2082,22.1637
9629.1,9584,65844.4,4187.25,4064,67523.5,18663.6,-69.5014,22.1647
12459.8,11802,69189,4425.75,4110,70570.8,13611.5,-113.172,22.169
16701.1,15381,71160.7,6630,6209,69979.7,20522.7,101.569,22.1732
11361.3,10940,68060.1,4027.5,3784,69753.2,14181.7,-107.173,22.1806
7762.95,7532,67545.5,3682.5,3512,68717.6,16907.7,-85.7754,22.1827
6217.25,6193,65792.6,3747.75,3505,70074.9,9099.8,-107.842,22.1869
11040.9,10208,70883.3,8567.25,8112,69213.9,9914.24,125.187,22.1869
6214,6037,67457.5,2842.5,2625,70966.1,8695.87,58.1532,22.188
10576.1,10137,68375.1,3735,3453,70888.2,18173.3,-107.323,22.189
7077.85,6648,69773.5,2631.75,2488,69322.5,15796.8,40.6863,22.1911
5810.35,5317,71616.9,2668.5,2465,70946.4,8760.33,-21.8292,22.1911
6446.7,6161,68575.1,3287.25,3109,69293.4,10617.5,109.681,22.1922
8518.25,8247,67691.5,2478.75,2391,67941.2,14584.1,76.8519,22.1922
16802.5,15136,72751.6,10274.3,9440,71327.7,7837.73,131.285,22.1922
7290.4,7212,66248.4,5031,4792,68804.6,12483.7,45.1108,22.1943
8164,8324,64276.3,3575.25,3444,68033.6,18261.2,122.294,22.1954
6211.4,5972,68163.1,3456.75,3204,70705.9,15712.6,87.9895,22.1954
10964.2,10317,69647.2,8673,7929,71685.4,15372.6,100.042,22.1964
8946.6,9101,64424.2,3201,3145,66702.9,15955.6,25.2004,22.1975
14869.4,13766,70789,8814,8278,69779.5,11892.1,123.393,22.1985
9419.8,8933,69107.4,6045,5381,73623,7688.44,140.751,22.1996
26230.8,17016,101026,40133.3,27164,96825.7,50476.2,351.563,22.2017
11597.9,10396,73113,10506,9436,72967.5,13225,14.983,22.2017
10688.6,10506,66675,5181,4826,70356.8,12689.2,-17.6769,22.2027
7714.85,7792,64887.1,2998.5,2852,68902.4,9117.73,53.8373,22.2038
10589.8,10342,67106.3,4318.5,4198,67417.2,6363.8,-36.3592,22.2049
16045.2,14324,73411.2,10687.5,9408,74449,11056.3,20.2245,22.2049
16198.6,14970,70914.8,8028.75,7486,70287.5,10151.1,10.7985,22.2059
9057.75,8616,68896.1,6571.5,6124,70324.9,16181.8,11.4319,22.208
11024.6,10317,70031.1,5281.5,4953,69882.6,6360.35,-13.139,22.2133
15164.5,13371,74326.6,7713,6735,75052.6,40412.1,91.3613,22.2144
12234.9,11566,69326.4,4871.25,4606,69310.1,12149.3,-80.4366,22.2175
9956.7,9373,69617.2,4013.25,3821,68833.4,6600.25,-20.888,22.2196
9644.7,9383,67363.8,3690,3623,66748,7572.84,-72.5246,22.2207
9874.8,9293,69639,5094,4857,68733.9,12763.1,49.4003,22.2239
13679.2,12171,73657.3,6343.5,5807,71590.8,14776.6,8.04467,22.226
23486.4,21155,72758.6,10101,9015,73430.9,17954.7,38.8852,22.227
12471.5,11444,71420.4,5502.75,5136,70215.8,21923.7,-76.5039,22.2281
7996.3,7665,68368.6,2676,2581,67948.2,6318.24,-47.5374,22.2291
8918.65,8629,67735.8,1937.25,1829,69414.8,6370.83,49.6406,22.2313
17698.8,11870,97717.9,9266.25,6686,90827.5,61439,38.971,22.2323
6557.2,6337,67813.3,2468.25,2369,68281.7,17167.3,-87.5052,22.2323
11551.1,10640,71148.1,5707.5,5332,70151.3,15948.1,-10.0594,22.2355
10657.4,9889,70628.3,4267.5,4001,69901.3,24229.9,93.6894,22.2355
12129.6,10645,74676.3,9129.75,8053,74298.7,23527.1,4.27581,22.2376
21251.8,17176,81087.3,16654.5,13752,79368,15597.8,8.87381,22.2386
18347.5,14407,83461.2,14320.5,11299,83061.2,36414.2,-11.6885,22.2408
15832.7,14647,70841.3,6607.5,6147,70445.6,11931.4,49.4316,22.2429
9317.75,8533,71563.1,5018.25,4753,69193.4,22796.6,23.2233,22.2429
17412.8,15764,72390.8,7872,7376,69943,21867.7,152.258,22.2439
14375.4,12272,76768.8,13877.3,12692,71656.1,6479.65,-67.3235,22.245
8626.15,7737,73067.5,5366.25,4873,72169.6,20461.6,-1.62898,22.246
11750.7,10714,71877.3,8040,7337,71815.4,15517.8,58.7568,22.2482
10529.3,9401,73401.9,7277.25,6541,72912.7,21686.5,50.785,22.2492
12589.2,11275,73174.8,7573.5,7035,70552.5,11625.9,176.723,22.2503
11183.3,9683,75689.9,8277,7555,71799,19632.4,-66.9578,22.2513
12979.2,12003,70866,3957,3735,69431.3,11987.4,-37.4305,22.2513
10623.6,9680,71924.4,6184.5,5716,70907.5,20167.2,66.3221,22.2534
9417.85,8577,71960.9,3333,3157,69189.6,22151.6,76.5675,22.2566
8003.45,7331,71547.4,3792.75,3591,69218,9150.83,61.5761,22.2577
18818.8,14677,84030,9924,7921,82108.2,13720.5,178.364,22.2587
13584.3,12300,72379.2,6552,6088,70530.9,14232.2,69.1251,22.2619
12169.9,11400,69962.3,6072,5720,69569,9524.99,9.10204,22.264
9887.8,8842,73287.4,7049.25,6362,72615.5,12841.7,87.2374,22.265
5866.25,5611,68517.3,2234.25,2191,66829.7,8309.93,152.768,22.265
15341.3,12893,77980.9,12987.8,11181,76126,7615.81,-3.72621,22.2661
15984.1,15068,69520.7,8822.25,8568,67480.7,9783.21,77.8923,22.2682
7359.3,6940,69495.5,2513.25,2408,68400.5,19447.9,-48.8909,22.2693
12614.5,10020,82505.7,8755.5,7300,78602.8,24039.9,87.6765,22.2714
16857.1,15724,70258.6,6543,6348,67549.2,18168.2,32.8572,22.2724
11080.5,10188,71277.5,6275.25,5820,70662.3,12511.1,76.0698,22.2735
6410.95,5959,70506.5,2228.25,2167,67388.4,11660.3,17.6218,22.2777
10010,8768,74819.3,5198.25,4628,73611.2,30011.2,151.952,22.2819
8715.2,7953,71816.8,6458.25,5585,75783,10762.2,75.2755,22.2851
16763.5,12912,85084.6,8552.25,6196,90458.4,13765,202.443,22.2872
6200.35,6024,67454.5,3007.5,2856,69012.4,22759.8,31.8247,22.2883
20909.2,18476,74166.8,9333.75,8140,75147,15344.5,-65.0767,22.2893
12910.3,12185,69437,4251.75,4125,67549.8,8671.67,-2.04589,22.2946
8516.95,7941,70289.2,4880.25,4449,71888.5,20691.5,-42.0576,22.2967
9876.75,9036,71633.8,4767,4348,71851.5,13104.3,67.4475,22.2978
5688.15,5809,64172.6,2047.5,2001,67059,12891.2,-38.3245,22.2999
7824.7,7469,68657.1,3051,2893,69115.2,12652.1,-57.2355,22.3062
11426.3,10797,69356.1,4520.25,4169,71057.6,18743.1,-78.9644,22.3062
9288.5,8473,71843.6,5952,5577,69942.7,10519.2,93.3447,22.3073
11757.2,11164,69018.3,4860.75,4700,67777.5,17379,26.8669,22.3073
8877.05,8229,70697.1,4191,3893,70552.6,8337.84,88.2667,22.3094
7127.25,6708,69632,2772.75,2548,71316.7,15674.7,-50.4691,22.3105
16241.5,13928,76422,14220.8,12588,74036.5,14835.3,112.962,22.3126
7874.75,7561,68255.5,3204,3101,67712.8,11314.5,-17.6252,22.3147
8541.65,8064,69417.9,3490.5,3236,70690.2,12366.2,15.8753,22.3157
15280.8,12744,78581.7,7791,6584,77550.3,23364.5,20.6219,22.3189
12527.4,11812,69505.5,4459.5,4244,68863.8,6762.58,10.9259,22.32
5299.45,5058,68664.4,1988.25,1878,69383.4,12341.8,-69.2638,22.32
14122.5,13223,69994.4,5996.25,5671,69294.7,17731.6,34.5936,22.32
23340.8,20012,76437.4,11208,9400,78141.2,6925.7,122.72,22.321
7585.5,7184,69198.7,19350.8,16496,76877.5,21517.5,89.4913,22.3231
9373.65,8870,69257.2,2804.25,2626,69984.5,10141.5,35.7389,22.3231
9436.05,7968,77610.6,7447.5,6640,73505.9,10974,143.208,22.3252
7181.85,6672,70544,3254.25,2996,71185.1,20751.3,23.3001,22.3263
13759.2,12893,69938.9,5447.25,5065,70481.9,14832.9,-46.1374,22.3263
7493.2,7352,66794.7,2123.25,2012,69159.7,13638.1,142.247,22.3263
6963.45,6640,68728.4,3150.75,2864,72097.6,6922.84,4.89983,22.3273
8535.15,8480,65962.2,3457.5,3348,67679.4,9956.39,123.466,22.3295
6061.9,5751,69078.9,2656.5,2579,67505.4,17003.8,29.461,22.3337
10306.4,9652,69979.3,5308.5,5028,69192.1,12897.1,8.11531,22.3379
10129.6,9647,68814.5,5487.75,5163,69658.2,8060.82,-15.7829,22.3379
13393.9,12484,70312.6,8103.75,7572,70138.3,15684.9,96.5905,22.339
12463.1,11109,73524.3,7455.75,6721,72700.5,20819.5,148.858,22.3421
37253.4,29261,83436.7,20161.5,15897,83116.6,15040,166.275,22.3421
17304.3,16236,69848.1,10041.8,9324,70580.9,12077.6,-66.6739,22.3421
14279.2,13452,69566,8564.25,7740,72515.1,23969.6,67.8992,22.3442
7385.3,7337,65967.4,2682,2585,67995.2,18698.9,-105.623,22.3464
5702.45,5509,67837.3,2206.5,2145,67415,7009.98,47.8966,22.3464
9018.1,8813,67061.2,3402.75,3353,66508.4,7263.73,-35.533,22.3464
13689.6,12421,72229.7,6583.5,5877,73414.4,7335.64,28.1043,22.3495
16327.3,14148,75631.1,9355.5,8048,76183.2,9937.37,-7.37346,22.3495
19733.3,18501,69901.4,9363,8833,69468.3,11037.9,-91.5748,22.3516
7133.75,7064,66183.1,3559.5,3336,69926.7,12903.5,154.315,22.3516
12012.6,11277,69811.2,3083.25,2921,69176.3,9633.91,-144.842,22.3527
11144.9,9372,77933.4,7739.25,6616,76662.6,40927.8,5.34187,22.3537
12486.5,11011,74318,7474.5,6387,76694.7,32672.3,34.8921,22.3559
6282.9,6013,68477.7,3555,3433,67865,18668.5,-21.3416,22.359
13102,12217,70283.7,7919.25,7277,71320,18900.9,7.02968,22.3643
8844.55,7968,72745.5,5018.25,4468,73607,11069,74.404,22.3643
7328.1,6821,70408.2,3832.5,3477,72236.6,15823.6,114.645,22.3654
14082.2,13317,69302,4754.25,4357,71511.3,20705,-158.158,22.3685
10395.4,10035,67890,5205.75,4983,68465.6,8035.23,137.298,22.3696
13724.7,11939,75338.4,10341,9027,75075.6,31380.3,14.3007,22.377
16017.9,14104,74429.4,9036.75,8248,71803.2,19517,83.5465,22.3791
13625.3,11977,74555.2,5069.25,4681,70971.7,10553.8,20.2434,22.3823
7311.85,6689,71638.4,2991,2865,68418.2,10065.5,83.0417,22.3854
11384.1,10320,72293.4,4956,4656,69758.7,12713.5,50.2622,22.3865
17984.8,16550,71217.8,8950.5,8610,68127.8,26128.8,59.218,22.3875
9566.7,8076,77632.9,7279.5,6632,71934.5,9889.02,95.0884,22.3886
7126.6,6402,72953.6,2538.75,2354,70679.5,23740.1,-21.5322,22.3897
10216.7,8796,76121.1,6911.25,6060,74741.9,20423.2,152.312,22.3907
7153.9,6325,74124.6,2947.5,2721,70991.3,9501.91,15.9829,22.3907
10747.8,9705,72577.5,5780.25,5497,68912.9,10191,0.477008,22.3918
12893.4,11749,71919.5,10785.8,10053,70312.8,25628.5,5.91684,22.3981
14790.7,13413,72267.7,7378.5,6977,69307.4,25270.3,47.2103,22.4002
8270.6,7837,69161.9,3052.5,3001,66660.7,12047.3,-107.953,22.4002
10360.3,9104,74580,10530.8,9636,71621.3,24509.9,1.65888,22.4013
18978,16229,76637.2,14556.8,12897,73970,7283.44,51.3263,22.4013
7001.15,6145,74666.8,5596.5,5137,71398.1,19646.6,-85.0183,22.4023
11635.6,10281,74171.2,5081.25,4377,76080.6,36032.7,66.5858,22.4044
60928.4,41205,96905.8,47094,32581,94728.6,46974.7,340.515,22.4097
10585.9,9673,71721,4657.5,4301,70968.1,11211.3,22.7987,22.4097
9510.15,8920,69871.9,5252.25,5020,68568,22618.3,-96.31,22.4108
10086,9348,70710.3,4463.25,4340,67397.1,13743.3,41.6235,22.4118
8964.15,8209,71564.7,4416.75,4101,70581.8,8011.99,-41.5811,22.4129
10152.3,9805,67857.7,4144.5,3945,68850.2,9809.05,-24.4486,22.4139
9338.55,8888,68858.1,2624.25,2556,67285.9,10252.1,-49.4053,22.4139
11152,10609,68890.6,4964.25,4805,67708,14129.1,-24.611,22.4139
13349.7,12125,72155.5,7137.75,6457,72445.3,8931.89,-126.756,22.4161
6899.75,6569,68835.7,3105,2937,69284.7,6435.76,-71.6219,22.4171
16107.6,14832,71172.5,7516.5,6900,71391.5,10213.3,-77.7838,22.4171
9941.75,9593,67918.5,4208.25,4077,67645.8,6910.74,-2.83972,22.4182
11438,11069,67721,3116.25,3037,67246.2,11903.6,-4.74736,22.4192
15252.9,13399,74603.6,7299,6451,74150.9,17639.5,50.0771,22.4245
8115.25,7929,67075.4,3453,3353,67490.5,7409.25,-53.5984,22.4308
9282.65,8733,69660.8,3742.5,3325,73765,31090.1,-94.0484,22.4308
13668.2,12552,71363.9,4411.5,3976,72714.3,17937.1,61.2459,22.4329
10262.8,8748,76884.6,9303,8296,73491,9138.02,133.817,22.4329
14450.8,13673,69264.1,6388.5,6125,68355.4,26975,11.8862,22.4351
6786,6419,69283,3866.25,3559,71193.8,8710.8,-30.4274,22.4361
17795.7,15380,75829.6,13237.5,11300,76772.8,20507.3,70.6093,22.4372
13833.9,12068,75126.1,11510.3,9936,75919.5,8810.09,10.8489,22.4372
7415.2,7289,66670.7,4018.5,3853,68351,9972.21,77.8852,22.4393
11062.3,10564,68627.6,4081.5,3664,73003.6,11284.1,-48.5841,22.4403
15468.7,13052,77670.6,8442,7272,76080.2,9250.33,100.272,22.4425
13198.3,12317,70224.9,6864.75,6381,70504.4,23443.1,58.459,22.4435
5609.5,5212,70534.2,3519.75,3324,69395.4,17490.2,-83.2173,22.4467
15187.2,13310,74779.2,8318.25,7358,74088.7,7595.83,145.055,22.4509
11144.3,9705,75255,6657,5997,72748.6,21742.2,30.1429,22.4509
11760.4,10054,76659.3,9175.5,8022,74959.6,9179.33,106.295,22.452
9490,8612,72217.4,5925.75,5504,70557.8,6687.03,26.4087,22.452
8630.05,7584,74575.3,5240.25,4768,72027.1,20093.9,19.0248,22.4551
12520.9,11269,72816.8,3867,3649,69451.3,18262,139.494,22.4562
10006.1,8761,74849.9,4731.75,4329,71633.2,19568,3.56461,22.4562
7027.8,6369,72314.9,2570.25,2533,66499.8,6730.75,23.827,22.4583
9764.3,8424,75963.1,3939.75,3592,71880.7,23615,136.713,22.4625
7424.95,6749,72099.8,2555.25,2489,67280.4,7841.57,-93.1747,22.4625
8689.85,7422,76731.1,4734,4302,72117,15077.2,45.0134,22.4657
7316.4,6464,74178.1,2482.5,2372,68589,14157.4,-4.53206,22.4688
10486.4,9309,73825.3,4909.5,4589,70113.1,21445.9,111.854,22.471
10431.2,9309,73436.4,4028.25,3885,67952.5,19427.8,11.3099,22.471
15657.2,13178,77865.4,10962,9936,72303.3,15114.3,68.232,22.4741
9434.1,8153,75833.8,3583.5,3257,72105.7,25328.1,-15.5719,22.4741
13254.8,10924,79519.1,12540,11336,72496.6,13404.4,48.5162,22.4773
12597,11740,70320,5191.5,4796,70940.4,20393,-42.0464,22.4794
12921.3,11593,73045.3,6645.75,5721,76129.3,13331.7,3.79898,22.4815
12122.5,10324,76952.8,9024.75,7876,75094.7,30746.7,191.484,22.4815
13531.7,12489,71007.6,6483.75,6153,69058.8,24082.8,-56.8051,22.4826
7005.05,6633,69212,3852,3533,71453.3,11072.4,-1.27612,22.4836
10308.3,8989,75155,7401.75,6637,73087.4,15854.1,234.184,22.4847
5411.9,5297,66957.6,2327.25,2213,68919.4,17975.3,-116.776,22.4857
9701.25,9461,67200.2,4292.25,4129,68127.1,6566.87,46.1932,22.4868
13960,13313,68721.2,5232,4817,71182.1,29737,220.762,22.4868
11549.2,11220,67458.9,3375,3248,68098.5,8530.49,80.5194,22.4889
67688.4,39828,111380,64098,39780,105599,90684.8,983.012,22.49
12903.8,11976,70613.2,8124,7560,70425.2,11161.4,-8.15946,22.49
17633.2,16172,71457.4,11032.5,10024,72129.5,16101.6,64.7549,22.4931
9801.35,9337,68795.3,4691.25,4329,71020,11225.4,141.478,22.4952
4986.15,5145,63512.6,2412.75,2377,66521.7,13311.5,38.1997,22.4974
18155.1,15935,74666.8,10766.3,9355,75422.4,15606.5,-86.5865,22.4995
13195.6,13060,66216.7,5859,5732,66988,17898.5,30.2873,22.5026
13564.2,12909,68862.3,5622.75,5241,70309.6,18567,26.8222,22.5037
8600.15,8110,69496.9,4604.25,4010,75247.9,14128.3,73.429,22.5111
6596.2,6865,62969.9,3701.25,3509,69126.6,17634.6,-6.68273,22.5121
11129.3,10853,67204.4,5103.75,4677,71515.8,16011.6,28.6383,22.5132
6745.05,6708,65898,3728.25,3424,71359.4,9547.59,-27.8788,22.5132
15980.2,15092,69393.2,4737,4304,72129.2,22490.6,-147.045,22.5153
6379.75,6553,63803.3,2150.25,2073,67978.2,17482.2,-94.397,22.5164
10731.5,10187,69038.9,5154.75,4735,71345.7,6378.68,108.12,22.5185
10725,10281,68366.3,4728,4313,71841.9,10978.9,-76.0926,22.5195
8665.8,8533,66555.9,3698.25,3413,71013.3,9681.84,16.8361,22.5206
11155.9,11252,64976.6,3936,3808,67738.9,7689.46,-50.169,22.5227
8602.1,8833,63822.8,3984,3841,67975.9,8628.22,-11.5043,22.5238
5162.3,5421,62408.5,2046,1965,68237.5,14866.2,-49.5787,22.5269
12432.5,11913,68394.2,6420.75,5849,71942.3,9046.64,34.06,22.5312
10623.6,10217,68144.1,4443,4105,70932.1,21665.1,19.8258,22.5322
50002.5,30085,108924,50292.8,29557,111513,107866,449.166,22.5322
8065.85,7933,66633.5,3118.5,2909,70255.8,10767,45.1754,22.5333
7632.95,7437,67262.7,4676.25,4393,69761.6,8586.17,-46.7627,22.5343
10684.7,10189,68724.4,8556.75,7849,71445.4,11990.8,-69.2506,22.5354
26742.3,23900,73329.8,8591.25,7756,72593.6,15541.9,119.816,22.5364
9396.4,9089,67752.5,7116.75,6533,71391.9,16704.9,-28.1478,22.5375
10725,10633,66103,5050.5,4809,68827.1,6612.56,-42.3885,22.5407
9885.85,9465,68450,6684.75,5913,74089.6,23950,59.2999,22.5407
13166.4,12533,68848.1,5568,5141,70979.3,7516.57,-9.74248,22.5417
7385.95,5556,87121.2,3555,2100,110943,18726.9,-19.6238,22.5417
13070.8,11901,71978.1,9807.75,8793,73099.1,37929.1,-90.0054,22.5459
10311.6,10414,64891.6,5105.25,4990,67049.6,8186.65,-22.6677,22.547
21854.3,20817,68801.6,10240.5,9569,70135,19390.9,-5.02874,22.548
16503.5,15689,68938.3,7107,6777,68727.2,29685.7,143.364,22.5512
20355.4,17331,76972.6,10983.8,9271,77643.3,26504.7,-59.4761,22.5533
20991.8,17805,77265.7,18693.8,16937,72333.6,11909.6,112.212,22.5554
6888.7,6936,65089.1,7057.5,6568,70420.3,16845.9,25.1669,22.5576
8804.25,7822,73765.7,7754.25,6750,75286.3,30811,23.7821,22.5628
5673.85,5876,63281.4,1958.25,1888,67974.5,6769.38,1.4656,22.5723
9232.6,8296,72934.9,8799.75,7656,75326.6,18332.4,-1.54896,22.5797
18213,17320,68915,6735,6316,69883.6,14276.1,-34.0765,22.5797
18097.3,13869,85516.2,7422.75,5277,92184.5,17649.5,101.677,22.5808
22608.3,19517,75916.3,15964.5,13485,77586.2,15058.2,209.274,22.5818
6488.3,6753,62967.2,3045.75,2837,70358.2,6701.65,138.208,22.5818
16397.5,15537,69165.8,11315.3,10437,71050.7,10673.5,-38.2411,22.5818
5887.7,5764,66942.5,2745.75,2596,69316.4,15859.7,-20.376,22.5871
10431.8,9818,69633.5,5438.25,5162,69043.2,18513,-35.9557,22.5882
7469.15,6913,70808.4,3411.75,3281,68147.7,14490.9,-10.8646,22.5924
11076.6,9537,76116.1,7116,6421,72629.5,9420.85,204.326,22.5935
12942.8,11864,71495.2,9514.5,8984,69405.9,10877.2,27.9712,22.5935
9282,8347,72877.1,2292.75,2207,68082.3,9216.35,-39.9064,22.5987
11703.3,10152,75550.1,5446.5,4764,74924.8,15150,152.511,22.5998
10890.1,9765,73086.9,5757,5349,70534.8,22523.9,27.5335,22.603
7609.55,6838,72930.6,2493.75,2406,67926.2,15341.2,-88.2965,22.6051
10808.2,9793,72329.8,3489,3317,68934.3,7225.4,-61.3315,22.6072
10163.4,9138,72890,5502.75,5238,68848.5,11535.8,-9.89353,22.6072
8332.35,7461,73189.8,3048,2789,71622,18673.7,15.6382,22.6125
11096.8,9649,75369.5,7183.5,6193,76017.8,22218.7,80.865,22.6135
10479.9,9553,71895.1,3057,2853,70222.1,6366.21,33.3008,22.6146
12206.3,10597,75488.8,7078.5,6369,72836.6,13557.2,-29.7495,22.6167
7607.6,6840,72890.6,5185.5,4760,71394.3,10841.6,-93.2874,22.6167
9630.4,8353,75558.2,5874,5265,73116.5,19717.9,111.919,22.6177
8006.05,7398,70922.5,2795.25,2722,67299.6,13203.2,-10.8162,22.6188
12454.6,11477,71118.6,3488.25,3317,68919.5,7470.38,129.579,22.6188
13824.2,12500,72478.6,5329.5,4944,70646.1,6585.04,-18.3075,22.6199
9584.9,8829,71146.9,7250.25,6653,71419.3,11596.8,103.624,22.623
17971.2,14280,82476.2,11238,9436,78051.5,10352.2,27.1309,22.6262
9365.85,8317,73800.7,5298.75,4797,72390.8,8422.14,-49.3365,22.6262
17478.5,15240,75162.1,8759.25,7740,74166.2,6325.57,61.6823,22.6262
11269.7,9585,77054.9,7882.5,6821,75734.9,7278.85,-1.13355,22.6272
14693.9,13100,73509.9,6144,5624,71595.5,17559.3,130.92,22.6272
11939.2,11188,69936.3,5103.75,4836,69164.5,9918.21,-38.2127,22.6272
16026.4,14205,73939.2,8484.75,7721,72018.7,20006.1,55.1481,22.6336
14927.2,13576,72058.9,3726,3372,72416.1,7829.82,-15.7743,22.6336
8129.55,6887,77360,4388.25,3891,73911.2,14120.4,88.0493,22.6336
14461.8,12416,76334.7,7665,6692,75064.8,27207.3,-66.3825,22.6346
10268,9213,73041,5428.5,4973,71538.7,22398.5,30.1182,22.6367
10659.3,9821,71130.3,5070.75,4845,68589.6,8786,-14.9502,22.6378
14038.7,12703,72427,5307,4943,70362,7807.1,120.967,22.6378
8435.05,7785,71008.3,4650,4425,68868.3,15958.1,94.0003,22.6378
12858.9,11229,75048.9,8109.75,7097,74888.1,6658.25,-104.31,22.6389
13776.7,12908,69946.8,4325.25,3896,72756.6,16667.2,-43.6264,22.6463
8644.35,7868,72002.6,7664.25,6872,73091.4,13882.7,42.4783,22.6463
7328.1,6505,73828.5,6342,5725,72599,23975.7,-31.861,22.6526
8915.4,8544,68384.8,4653.75,4452,68505.9,11240.8,-113.942,22.6547
9789,9021,71115.4,4391.25,4045,71145.9,11948.3,-80.429,22.6568
12870.6,12225,68997.2,8431.5,7797,70869.2,15014.1,20.0757,22.661
7609.55,7468,66778.2,3016.5,2904,68074.8,14638.1,-13.4501,22.6621
14307.8,13397,69991.5,8769,8305,69197.5,14131.5,80.3089,22.6631
11532.3,10961,68951.8,6579,6321,68210.9,13327.6,-54.6809,22.6663
7688.2,7501,67171.6,3513,3417,67377.2,8109.84,43.5552,22.6695
14998.1,13845,70994.3,9452.25,8369,74018.7,24498.8,-72.3007,22.6705
11565.4,10977,69049.2,7044,6357,72618.5,20269.5,-62.6818,22.6705
9690.2,9108,69725.2,7011,6320,72701.4,23008.8,13.7553,22.6716
8594.3,8160,69024,4680,4352,70475.3,9626.31,52.9582,22.6737
8539.7,8344,67073.1,5161.5,4584,73792.3,12105,44.2651,22.6737
21161.4,19272,71961.1,11961.8,11100,70623.9,25105.4,63.5565,22.6737
12289.5,11696,68861.8,5656.5,5040,73552.5,20858.6,-191.704,22.6769
16116.1,12396,85203.7,17083.5,13900,80545.6,40677.5,11.3713,22.6779
6732.7,7036,62710.9,2600.25,2568,66359,8753.38,-82.029,22.6822
11989.3,10617,74006.5,7410,6845,70945.5,7552.94,57.3362,22.6895
18834.4,14989,82349.1,21457.5,18537,75861.2,21146.3,17.2653,22.6938
14660.7,12932,74296.8,8922,7652,76413,22293.3,23.2422,22.6938
12247.9,11100,72313.7,8453.25,7560,73279.4,21217.2,12.9626,22.6959
6675.5,6416,68186.6,4170.75,4000,68333.6,28057.1,-3.63443,22.7012
12715.9,11648,71544.7,4952.25,4560,71173.4,15714.8,-54.7706,22.7022
9406.15,8248,74738.3,5968.5,5292,73913.8,17455.2,-5.81599,22.7033
17977,15665,75208.7,6612,5697,76061.8,15300.3,-29.815,22.7054
16582.1,14780,73526.9,11064,9884,73360,11032.1,-30.5146,22.7086
16533.4,13573,79830,18280.5,14501,82617.1,21058.3,2.6486,22.7086
12721.8,11667,71461,4806.75,4391,71741.1,14773.9,30.4048,22.7086
11096.1,9689,75053.9,6477.75,5741,73946.3,24067.2,48.1155,22.7096
6071,5898,67458.3,1809,1726,68687.5,7443.59,10.9003,22.7096
23957,18212,86209.6,15581.3,12320,82884.2,54527.9,162.211,22.7117
11601.8,10908,69704.7,5502.75,5068,71157.9,7667.2,90.0119,22.7128
33062.9,23180,93477.6,32983.5,25816,83731.3,22407,286.398,22.7212
7069.4,6785,68283,2701.5,2529,70006.1,19036.2,13.0446,22.7223
10455.3,9933,68981.7,4146,3945,68875.1,7917.61,64.2024,22.7223
10649.6,9964,70045.4,5037.75,4728,69829.5,19314.1,43.9941,22.7244
10007.4,9524,68862.3,4461,4112,71098.3,10116.7,-97.5602,22.7286
19362.8,16565,76605.1,11392.5,9829,75960.8,23950.1,103.16,22.7297
8259.55,7433,72823.6,3552,3421,68045.6,6927.47,21.2397,22.7423
11198.8,10008,73334.1,4107.75,3992,67436.3,8789.53,77.0697,22.7423
14114.1,12357,74854.9,5121,4773,70314.2,16774.9,4.52957,22.7434
8169.85,6989,76608.9,3451.5,3193,70841.7,8152.78,-83.7264,22.7445
9217,7807,77372.3,2725.5,2543,70239.2,7844.87,-114.675,22.7466
12908.3,11392,74259.3,4317.75,4144,68283.8,11149.6,-82.119,22.7476
10490.3,9050,75966.4,4214.25,3950,69920.3,12215.1,-25.3991,22.7497
15711.1,14018,73451.7,6887.25,6502,69419.1,6615.97,-145.589,22.7519
18363.8,15577,77260.7,12925.5,11401,74299.2,24074.7,-5.20476,22.755
24531,20345,79020.1,14637.8,12841,74706,29684.5,95.2044,22.7561
8411,7692,71661.9,2843.25,2712,68707.7,11184.2,24.5197,22.7571
12132.9,10760,73897.9,5967.75,5660,69099.4,11903.7,-14.2074,22.7571
8075.6,7538,70209.9,3694.5,3474,69695.7,12434.2,45.1127,22.7635
8210.8,7581,70980.5,4648.5,4233,71968.8,25605.6,-16.4423,22.7645
9200.1,9217,65415.8,3302.25,3125,69253.2,9745.62,-64.0063,22.773
13685.1,12660,70842.5,4769.25,4196,74489.4,20458.4,90.3911,22.7782
8855.6,8485,68398.4,4482,4021,73049.6,11285.5,59.7759,22.7782
11092.3,10840,67061,8385,7708,71292.1,34640,-59.7818,22.7793
12324,11580,69746.6,5097,4552,73382.5,6589.95,39.3123,22.7846
6933.55,6777,67049.9,3711.75,3353,72547.9,8523.26,184.58,22.7867
12748.4,12367,67557.4,6968.25,6507,70181.5,23315.1,82.5438,22.792
8267.35,7985,67853.4,3847.5,3605,69944.5,10973.2,-34.8124,22.792
13012.3,12821,66514.1,4765.5,4373,71418.2,21035.7,12.9694,22.793
12426,12032,67682.3,4869.75,4548,70172.4,21150.8,-36.9149,22.7962
8817.9,8568,67447.5,7730.25,7000,72372.8,29059.5,-8.8321,22.7962
8044.4,7957,66255.9,3390,3137,70821.5,6539.46,-100.866,22.7973
11236.5,11267,65358.9,4108.5,3987,67533.1,21210.9,-81.6371,22.7973
8618.35,8405,67199.5,3397.5,3189,69820.8,6412.67,-46.681,22.7973
7180.55,7548,62345.6,2910,2732,69805.9,10363.6,79.5905,22.7994
14633.4,12698,75525.1,10981.5,10026,71781.7,10594.3,11.6419,22.8025
8873.15,8561,67925.6,4602,4209,71655.2,16345.4,-7.49428,22.8036
6539.65,6152,69665.6,2127,2072,67275.6,9393.12,141.547,22.8131
8305.7,7572,71886.2,1825.5,1764,67820.9,8579.31,-125.882,22.8141
17148.9,15439,72794.5,8091.75,7455,71133.6,6895.95,39.3008,22.8194
8556.6,7277,77060,3315,3113,69788.6,14188.8,-137.273,22.8237
15182,13215,75291,6124.5,5951,67446.7,9564.38,-31.3194,22.8247
16697.2,15025,72829.8,5449.5,5269,67781.1,9186.55,-69.1452,22.8258
9010.95,7713,76564.4,3756.75,3617,68068.1,13270.7,42.5013,22.8279
6540.3,5796,73951.9,1750.5,1712,67009.8,19500.2,-29.1128,22.8321
11488.8,10193,73867,5769.75,5281,71601.3,6701.11,-25.1918,22.8353
11252.1,10544,69937.5,4386,4244,67728.8,6993.82,-99.1628,22.8363
14875.9,14084,69220.9,4687.5,4448,69064.7,7528.66,132.157,22.8405
11793.6,11157,69275.4,3951,3717,69661.8,7131.06,79.712,22.8416
8111.35,7685,69171.8,3689.25,3537,68357,8207.91,-34.7085,22.8458
12851.1,11717,71879.6,5876.25,5393,71408.5,8697.32,-3.76686,22.8458
16381.9,15225,70516.1,9476.25,8969,69242.4,8156.07,73.6535,22.8469
12594.4,11621,71025.4,7321.5,6549,73266.4,11091,-53.7368,22.8511
8017.1,7917,66364.6,3849,3773,66856.1,22272.9,-28.357,22.8511
12075,11993,65984.4,5813.25,5513,69105.2,15603.5,-23.8064,22.8564
15839.2,15371,67532.2,6195,5455,74426.3,14469,-26.3438,22.8596
9944.35,9532,68371.1,9096.75,8184,72845.1,8017.61,70.2187,22.8606
11024,10860,66525.7,9129.75,8472,70624.1,23884.2,-94.6376,22.8627
16269.5,16169,65943.3,6013.5,5561,70868.7,12941.1,-24.5663,22.8638
8522.8,8257,67645.7,4864.5,4369,72968.6,25572.8,-45.6811,22.8648
15616.2,14416,70992.4,11325.8,10128,73286.4,13879.4,55.3784,22.8648
11550.5,10848,69780,6351,5648,73693.2,11134.4,81.2816,22.8659
7981.35,8008,65317.9,3241.5,3004,70717.4,7738.77,-83.7108,22.868
8838.05,8917,64955.8,4485.75,4161,70650.8,8152.11,-57.9264,22.8701
18595.2,15552,78360,13848,11600,78236.4,19726.4,45.6987,22.8722
8179.6,7871,68105.5,4211.25,3867,71370.2,18098.1,-78.9402,22.8722
9347.65,9105,67282.5,5529,5025,72109.2,14752,50.1856,22.8733
4745.65,5065,61403.9,1979.25,1913,67805.6,8251.1,-39.8701,22.8743
11913.2,11496,67914.4,5209.5,4940,69111.3,19445,-104.791,22.8765
8795.8,8392,68689.4,4935,4524,71489.9,10431.1,-126.812,22.8775
12066.6,10814,73127.1,6319.5,5434,76215.5,14289.6,-87.397,22.8786
26383.5,19600,88217.8,17063.3,13760,81268.7,39426.9,15.7183,22.8796
14974,13832,70947,9900,8908,72834.1,13561.8,41.6303,22.8849
15073.5,11957,82617.4,17064.8,13905,80428.3,35968.7,6.38824,22.887
13907.4,10956,83190.5,12919.5,10616,79756.3,27516.8,89.2659,22.8902
7495.15,7448,65950.9,3375.75,3196,69221.9,11882.3,8.15345,22.8902
9941.1,9844,66182.4,5593.5,5200,70495.3,11563.8,22.7854,22.8912
6407.05,6341,66218.6,2778,2693,67604.5,6808.46,-17.4559,22.8912
9891.7,9672,67024.7,3064.5,3000,66945,9255.95,6.53215,22.8955
10301.2,9916,68081.8,5463.75,5160,69393.9,7733.65,66.7894,22.8955
8802.95,8413,68573.6,5041.5,4633,71314.4,18423.1,-54.8724,22.8965
15747.5,15258,67638.7,7259.25,7002,67943.8,8612.84,55.5763,22.8976
9517.3,9369,66573.4,4388.25,4221,68132.8,16463.2,-115.859,22.8986
11499.1,10172,74086.5,7201.5,6152,76716.1,14429.9,-105.462,22.9007
7905.3,7340,70583.4,5304.75,4876,71298.6,26614.8,-84.4202,22.9007
6198.4,6007,67624.2,2670.75,2487,70378.1,8155.36,-96.6265,22.9018
9153.95,8916,67285,2868.75,2720,69120,10076.6,-76.0587,22.9039
11989.9,10905,72055.9,5507.25,4953,72869.6,7770.46,110.648,22.9039
15507,13721,74066.8,8720.25,7385,77385.3,28155.8,-134.358,22.9092
11430.3,10781,69482.7,5022.75,4681,70320.6,10076.2,-52.8387,22.9102
6119.1,5777,69416.9,2775.75,2597,70046.8,10146.6,-43.3813,22.9102
11330.8,10468,70937.6,3650.25,3316,72142,7513.78,-12.3224,22.9113
8693.1,7809,72955.7,7589.25,6965,71409.8,13913.6,14.0971,22.9124
18497,17496,69285.7,7195.5,6940,67948.7,10959.8,44.3081,22.9134
10534.5,9908,69680.3,5538,5252,69104.8,24850,86.7861,22.9145
14270.7,13159,71072.9,5085,4743,70261.6,7014.89,-55.3036,22.9155
7516.6,7281,67656.6,2533.5,2421,68581.4,17103.7,0.217216,22.9155
13538.8,11569,76694.8,12744,10901,76616,14601.6,118.131,22.9176
13013,12508,68182,5727.75,5452,68850.7,9312.02,-71.73,22.9187
10555.3,9677,71484.5,5580,4845,75478,10514.3,-81.2351,22.9208
11681.8,11233,68154.4,6354,5877,70855.2,14080.7,51.0708,22.924
7244.9,6808,69741.7,2457.75,2280,70645.2,8265.01,-26.9706,22.9271
17694.9,15460,75010.1,10243.5,8948,75024.4,7896.32,-93.1768,22.9271
13263.3,11340,76650.8,6237.75,5484,74543.6,20387.1,-33.4462,22.9314
13658.4,12817,69838.5,6650.25,6357,68559.2,21302.3,-63.5806,22.9314
7322.25,6998,68572.6,3077.25,2934,68735.7,7457.22,143.34,22.9335
11078.6,9373,77461.5,6219.75,5385,75695,20330.1,46.536,22.9345
11012.3,10288,70149.9,5193,4788,71079.5,20802.6,19.8582,22.9356
12421.5,11345,71754.6,5553,5201,69971.4,15609.5,29.5134,22.9409
20614.8,13783,98019.9,15906.8,11971,87082.5,9779.58,-93.2475,22.9419
12921.3,11728,72204.4,7057.5,6340,72952.7,17203,6.23349,22.943
8479.25,7692,72243.4,6911.25,6280,72123.5,23260.9,-22.3742,22.943
11224.2,10460,70324,4543.5,4252,70028.9,9966.83,-9.83457,22.9461
10190.7,9360,71352.3,5717.25,5248,71395.9,13479.2,-46.9466,22.9483
14840.1,13750,70731.9,7408.5,6962,69739.1,11010.9,-2.13381,22.9483
12064.6,11213,70513.6,4614.75,4265,70910.3,14982.4,66.5169,22.9514
10106.2,9561,69273.1,3876,3581,70934.8,30224.8,10.9041,22.9535
19721,17844,72429.7,11002.5,9748,73970,9378.59,10.8275,22.9567
13435.5,11548,76247.7,9429,8140,75913.9,16573,86.2372,22.962
12827.8,12340,68126.4,6502.5,6023,70753.4,13199.8,46.8039,22.9673
9956.7,9761,66849.9,4498.5,4161,70851.6,11135.2,224.042,22.9683
8321.95,8172,66738.5,3432.75,3308,68007.5,10638.6,55.5002,22.9694
6464.25,6568,64500.8,2327.25,2248,67846.4,15763.2,75.0876,22.9704
7298.85,6963,68697,3432,3219,69872.5,9254.09,-33.8878,22.9715
10301.8,9485,71180,7362,6553,73626.7,24676.8,5.09261,22.9736
13529.1,12556,70615.1,7395,6712,72204.8,9933.5,119.167,22.9736
16873.3,15421,71708.2,7095.75,6441,72198,9720.16,-28.7453,22.9757
12415,11740,69304,5594.25,5340,68656.3,7743.86,25.509,22.9799
13324.3,12551,69574.1,4473,4231,69284.5,10670.4,24.539,22.982
12393.5,11788,68902.6,5525.25,5320,68064.4,16311.1,-36.733,22.9831
15568.1,14360,71049.7,6569.25,6056,71090.2,13643,47.6473,22.9884
15580.5,12575,81199.5,11840.3,10203,76052.4,17507.1,-140.838,22.9926
8074.3,7480,70743,3278.25,3000,71614.5,13444.8,68.2947,22.9937
9127.3,8818,67834.7,3561,3426,68118.4,21273.3,-92.8195,22.9937
7870.85,7645,67472.1,2445.75,2377,67431.5,18195.5,100.796,22.9947
13180.7,11362,76026.3,6829.5,5974,74921,10233.7,63.2554,22.9979
8209.5,7576,71016.1,3384.75,3176,69843.5,14785.6,43.3043,22.9989
9137.05,8445,70906.5,2387.25,2217,70568.7,17212.2,38.9131,22.9989
13833.9,13069,69371.9,6393,6045,69308.8,20564,29.3272,23
5510.7,5261,68646.5,2991.75,2777,70604,15051.9,158.534,23
9627.15,8109,77805.5,7481.25,6509,75325.1,24900.2,60.1242,23.0011
14615.2,13501,70944.7,6906.75,6409,70625.8,9035.89,-132.78,23.0021
5807.1,5905,64449.5,2136.75,2033,68880.5,10584.5,-50.2778,23.0032
11418.5,10748,69624.7,6103.5,5548,72097.9,10751.8,119.136,23.0053
8862.75,8481,68485.9,5928,5361,72467.3,22251.9,177.184,23.0106
8849.75,8268,70147.2,5320.5,4840,72042.2,18985.8,59.4865,23.0106
10728.9,9577,73418.5,4944.75,4429,73167.6,18343.3,38.0106,23.0106
7795.45,7253,70437.4,4203.75,3877,71059.3,11864.2,-16.7859,23.0127
12493.6,12201,67107.9,4452,4265,68409.4,9200.01,-14.9657,23.0158
9343.1,9037,67755.8,4722.75,4505,68703.7,18198.3,59.5161,23.0158
22233.9,18680,78004.3,11705.3,9868,77737.7,16384.3,74.2043,23.0169
10632.7,9486,73458.2,4158.75,3534,77121.6,23597.4,-126.447,23.018
31948.8,26321,79548.5,14442,11601,81585.3,31014.3,77.0944,23.0222
13146.3,12421,69362.6,4006.5,3745,70112.1,8561.27,44.3983,23.0243
12500.8,11188,73226,7726.5,6896,73428.6,30526.8,139.033,23.0243
9670.7,9037,70131.6,6523.5,5865,72894.1,30228.7,-17.476,23.0275
10621.6,9208,75597.4,8517.75,7480,74628.3,13625.1,108.708,23.0285
17852.9,16649,70274.9,10909.5,10093,70837.7,11862.9,159.514,23.0317
10032.8,9388,70036.9,4044.75,3800,69757,15133.8,41.5713,23.0327
17711.2,15325,75740.4,10898.3,9641,74082.3,25402.4,36.8853,23.0327
37805.3,27544,89950.9,21733.5,16824,84660.4,12589.1,129.387,23.0348
5610.8,5576,65945,1944,1848,68940.5,9710.36,-45.9449,23.037
6203.6,6269,64852.3,2981.25,2857,68386.1,11624.4,-19.3569,23.0391
6026.15,6217,63524.2,1270.5,1197,69560.1,11739.1,132.859,23.0422
10017.8,10051,65319.5,6182.25,5875,68963.4,16911.9,-10.9556,23.0454
10136.8,8737,76035.5,9405,8161,75525.8,12029.5,-92.4721,23.0465
11931.4,11352,68880.9,7270.5,6748,70610.5,14426.6,40.7378,23.0496
9625.85,9576,65877.2,3519.75,3388,68084.5,10661.4,150.099,23.0507
10619,9440,73721.4,7755.75,6836,74353.5,27001.4,45.4252,23.0507
11514.1,10313,73168.6,8352.75,7721,70898.3,20613.3,31.9053,23.057
13318.5,12243,71293.1,6025.5,5607,70427.5,23340.4,-4.31717,23.057
8741.2,7884,72661.5,4266,4044,69133.7,8165.87,19.4731,23.0612
11057.8,9569,75732.5,6214.5,5493,74144.1,25973.6,-49.1361,23.0623
15173.6,12002,82854.3,10891.5,9266,77032.7,28261.8,-48.3621,23.0655
9217.65,8097,74606.4,2952,2769,69867.2,8827.8,59.0082,23.0665
6989.45,6080,75338.9,2859,2672,70122.5,6617.31,35.0113,23.0686
10937.5,9889,72484.9,3888.75,3653,69765.4,13425.8,44.2154,23.0718
9504.95,7874,79110.5,6906,6070,74562,10759.3,-51.1444,23.0792
10119.8,9811,67599.1,2855.25,2823,66284.7,22282.8,58.5026,23.0803
18590.6,16728,72833.4,5144.25,4616,73035.9,8053.83,-21.8027,23.0824
17834.7,15740,74257.6,11880,10840,71823.6,7465.11,102.919,23.0845
15092.3,13800,71673.4,6496.5,6108,69704.4,9303.6,-168.05,23.0887
9214.4,7717,78252.5,6219.75,5589,72932.1,15780.6,-96.0531,23.0898
9922.9,9393,69233.2,8753.25,8209,69881,28487.4,158.889,23.0919
8287.5,7729,70271.7,5193,4849,70185.3,17472.6,46.6434,23.0919
14114.7,12904,71685.1,5838,5432,70434.3,16139.1,-16.0865,23.0919
20373.6,17764,75163.5,16051.5,14004,75117.9,12960.5,137.113,23.0929
10854.3,10140,70152.9,5802.75,5372,70791,40723.4,9.64955,23.094
12979.2,11937,71257.8,4597.5,4325,69665.2,6553.1,31.5737,23.095
6860.1,6483,69348.1,2937.75,2739,70291.5,15859,50.144,23.0961
7368.4,7468,64662,3078,3048,66181,6582.03,115.853,23.1003
13813.8,12164,74424.6,9805.5,8708,73795.7,14595,-9.1485,23.1014
15067,13889,71094.4,5927.25,5477,70923.5,18385.6,-1.69096,23.1024
15395.2,14585,69176.8,5721.75,5577,67237,11219.3,-9.02164,23.1035
16292.2,14713,72570.4,8649.75,7913,71637.8,9015.2,51.2612,23.1067
38669.8,24235,104570,31572,20431,101273,19882.6,2545.71,23.1077
17807.4,15932,73250.4,16026,14236,73776.3,21265.4,18.9808,23.1088
37897.6,29516,84146.1,26099.3,21148,80879.5,18771.5,30.2545,23.1119
10708.1,10371,67666.2,5351.25,5075,69103.4,25511.8,-6.97877,23.1162
6091.15,5931,67305.6,2821.5,2747,67313.4,17699,101.675,23.1162
9561.5,8182,76585.5,6524.25,5938,72006.3,23886.3,-38.7377,23.1172
20446.4,18636,71902.5,7273.5,6684,71316,9115.22,65.8774,23.1183
11657.8,10857,70369.6,5175,4733,71656.2,8920.05,-30.4352,23.1214
19646.3,14456,89065.9,14945.3,11416,85796.4,11744.1,-43.4414,23.1235
6175,5956,67945.7,2760,2548,70988.8,11159.7,-14.1794,23.1267
24857.9,21756,74880.1,8020.5,6812,77162.6,18943.6,7.88807,23.1288
7311.2,6763,70848.3,6672,6091,71787.3,21454.8,67.9937,23.132
10472.8,10096,67981.9,5139,4964,67846.4,13511.4,78.6122,23.1331
10832.3,9313,76227,9091.5,8113,73440.2,21655.6,-28.3339,23.1341
7347.6,6861,70184,4286.25,3933,71422.2,23919.8,-89.4789,23.1373
9226.1,8956,67512.5,4135.5,3964,68371.4,14656.5,-35.8108,23.1373
16526.3,14685,73753.1,11205,10237,71733,26858.6,40.2706,23.1404
12621,11940,69274.1,4509,4288,68913.7,13550.1,-25.4492,23.1404
15128.1,14286,69399.1,5091,4858,68679.3,18280.5,44.893,23.1426
15865.2,12136,85674.2,9724.5,7464,85383.8,42791,30.2119,23.1426
10863.4,10411,68384.1,3816,3691,67755.5,18131.5,-2.40141,23.1447
11076,10148,71529,5154.75,4800,70379.5,9545.2,-70.8787,23.1468
20476.3,14948,89773.5,19473,16068,79423.9,21387.6,180.656,23.1468
8656.05,7485,75789.3,6098.25,5661,70597.9,23915.1,-43.0388,23.151
12069.2,10752,73564.6,4568.25,4208,71146.6,9162.21,-82.9043,23.1531
6763.25,6125,72365.1,2316.75,2157,70389.7,14057.7,48.4917,23.1542
18894.2,15517,79799.6,11901.8,9805,79550.5,9164.26,107.156,23.1542
6525.35,6029,70931.4,2387.25,2221,70441.6,12246.7,53.7197,23.1552
8093.15,7288,72776.2,2849.25,2696,69261.3,10980.1,25.3874,23.1637
10283.6,9433,71445.9,4022.25,3881,67921.2,12067.7,-64.9535,23.1658
6275.1,5497,74812.6,2367.75,2205,70373.2,18802.6,-45.4266,23.1668
17691,15173,76412.1,7991.25,6945,75408.9,12537.6,2.10882,23.1668
11738.3,10404,73941.2,4570.5,4224,70912,19408.6,-45.4494,23.1679
14625,13277,72189.8,4760.25,4621,67510.9,15552.8,97.4555,23.169
13206,11655,74257.5,4299.75,3971,70961.6,9240.63,1.37272,23.169
28662.4,22329,84124.6,9762,7209,88745,20691.7,0.0823733,23.1711
17029.3,15169,73573.4,10018.5,9045,72589.5,7857.38,84.8447,23.1742
9925.5,8760,74255.4,6744.75,5820,75949.1,16310.7,-32.433,23.1763
12461.8,11516,70918.4,6213.75,5468,74474.1,9327.25,113.169,23.1774
7376.2,7240,66768.9,4367.25,3992,71696.4,10358.5,-65.7493,23.1806
7879.95,7634,67647.4,3405,3158,70661.8,6880.98,3.1814,23.1806
12546.9,11744,70016.8,8849.25,7988,72602,7879.78,121.824,23.1827
6728.15,6637,66436,2840.25,2745,67810.1,9638.44,140.678,23.1827
16259.1,14200,75039.2,11711.3,10284,74631.3,18236.8,64.6746,23.1827
5491.2,5093,70660,2473.5,2289,70818.4,11187.5,-59.7604,23.1911
10773.8,9832,71813.3,2948.25,2748,70311.7,9241.73,-145.687,23.1911
9944.35,9124,71428.4,3808.5,3456,72220.4,18353.2,44.8903,23.1911
13185.9,12372,69847.3,5820.75,5476,69661.9,11187.4,102.78,23.1932
7512.05,7385,66663.5,2547.75,2489,67082.9,7110.03,115.833,23.1954
10940.1,10013,71604.3,7042.5,6265,73669.2,15793.9,21.7664,23.1964
10461.1,9373,73144,9852,8553,75489.4,28290.8,17.8568,23.1996
15112.5,13865,71432.6,6837,6345,70617.8,23315.1,73.0838,23.2038
11247.6,10489,70275.8,4804.5,4457,70645.7,15514.4,19.1969,23.2059
15037.1,13508,72954.6,9259.5,8388,72345.1,10655.3,-45.1204,23.2059
9614.15,9193,68538.3,4088.25,3837,69827.4,12294,27.058,23.2059
13226.8,9485,91390.1,13187.3,10669,81004.7,25300.5,107.409,23.208
13144.9,10504,82013.3,10572,9036,76676.3,16705.1,102.572,23.2091
13849.5,12549,72328,5059.5,4629,71630.9,12516.2,-10.7904,23.2101
13042.9,11696,73083.1,6797.25,6004,74194.6,8693.01,145.873,23.2101
20031.7,15801,83083.2,11348.3,9341,79618.8,25658.4,52.3557,23.2133
12826.4,11661,72085.9,10631.3,9757,71408.2,27937.8,76.3501,23.2144
7202,6689,70562.1,2775.75,2545,71478,13943.5,-11.704,23.2154
10466.3,9593,71502.1,3861,3545,71377.9,21617.8,37.8876,23.2154
6737.9,6265,70482.8,3958.5,3741,69346.2,6452.49,-2.82249,23.2239
8499.4,7771,71678.9,3939.75,3643,70874.4,18470.9,-7.57416,23.2249
13388.7,11354,77280.4,9493.5,8206,75818.4,11002.6,25.3865,23.2249
7143.5,6753,69325.7,2769.75,2661,68214.3,11372.5,-74.3874,23.2291
8054.8,7486,70515.5,2605.5,2442,69923.9,11464.4,-52.8909,23.2323
13538.8,11160,79505.6,10751.3,9224,76387,23225.5,140.167,23.2334
12207,10972,72912.7,3312.75,3052,71135.1,14746.6,16.6458,23.2365
13762.4,11973,75330.8,11160.8,10129,72211.6,14304.6,144.802,23.2365
18014.8,16241,72693.5,9555,8881,70509.7,7423.83,-66.499,23.2386
10567.7,9807,70619.4,3288.75,3115,69191.5,8911.38,90.8251,23.2397
9317.1,8592,71066.7,3972,3620,71908.6,12691.5,-44.337,23.2429
14495,13588,69910.5,4386.75,4192,68580.6,11120.3,17.6421,23.246
28624,23988,78201.8,21339.8,18644,75011.9,45262.8,-12.881,23.2471
5559.45,5029,72448.6,2394,2193,71542.7,7551.74,80.5562,23.2482
7389.2,6921,69969.5,2925.75,2809,68259.9,12677.7,128.524,23.2503
5497.7,5176,69609.2,2675.25,2552,68701.1,8851.84,49.5473,23.2513
27504.7,22565,79882.6,13068.8,11201,76464,8035.88,-120.702,23.2545
14346.1,13113,71699,5584.5,5145,71134.3,14061.5,-50.4085,23.2566
13962,11468,79788.4,8444.25,7500,73787,12732.7,36.5015,23.2587
10321.3,9849,68679,6245.25,5801,70554.9,17960.8,-96.135,23.2608
20320.9,16724,79631.3,10491.8,8928,77014.7,28698.6,2.36147,23.2661
12968.1,11153,76202,8706,7425,76842.6,8017.87,-31.2613,23.2672
5457.4,5337,67014.5,3154.5,2909,71066.8,13369.7,-29.7425,23.2693
12415.6,12077,67373.7,5622.75,5149,71565.9,22258.2,-103.176,23.2693
7605,7646,65184.6,3056.25,2990,66988.1,16565.2,89.6775,23.2703
7416.5,7396,65717.7,2634,2576,67011.6,16976.9,63.862,23.2714
6197.1,5332,76169,7218,6224,76002.4,23357.8,-42.1578,23.2724
13032.5,12413,68806.7,6622.5,6173,70308.1,13102.6,-28.0124,23.2735
5049.2,5057,65434.9,2184.75,2081,68803.4,8035.37,19.478,23.2767
20859.1,17016,80337.6,16497,13688,78985,43820,83.4932,23.2777
8070.4,7328,72175.5,6924.75,6240,72727.6,20026.7,-171.893,23.2777
6321.9,6136,67521.5,2598.75,2476,68785,8609.57,-3.76356,23.2819
13710.4,12985,69197.4,5364.75,5117,68709.1,9224.84,10.8333,23.2841
8507.85,7391,75439.1,3980.25,3519,74126.1,24067.3,37.7955,23.2883
7464.6,6824,71688.2,2686.5,2460,71570.1,9590.8,20.2796,23.2914
19522.1,16880,75793.9,8907.75,7668,76131.8,18576.1,-28.2181,23.2914
12172.5,11026,72350.8,5484.75,5014,71689,10461.6,-51.9932,23.2914
7439.9,6957,70085,5810.25,5469,69625.3,9537.36,76.1816,23.2925
24549.2,22065,72914.4,6959.25,6133,74365.1,22041.1,25.8317,23.2925
17033.9,14930,74771.2,8848.5,7666,75645.1,7891.97,21.2034,23.2967
5651.75,5420,68338.2,1522.5,1420,70266.6,8655.18,69.3347,23.301
23858.3,20260,77175.4,17507.3,15044,76266.6,14488.8,58.7955,23.3062
7041.45,7016,65773.7,2926.5,2780,68989.6,10061.5,33.1619,23.3126
11519.3,11171,67579.3,4449,4259,68459.7,12401.6,31.3539,23.3126
11818.9,10577,73231.2,7520.25,6613,74527,9010.32,118.341,23.3157
11720.8,11093,69245,4642.5,4309,70608.2,10254.8,132.915,23.32
11397.8,11172,66860.3,5020.5,4836,68036.3,21340.6,-91.102,23.3242
11337.9,11024,67402.4,4593,4480,67189,18640.2,-23.0605,23.3252
10947.9,10252,69984.9,5320.5,4968,70186,6651.26,95.21,23.3295
7546.5,7201,68680.4,2628,2449,70326.1,14019.5,-59.0069,23.3295
11019.4,10185,70905.3,5400.75,4957,71402.8,13452.7,-8.24557,23.3305
9735.7,9316,68488.5,6394.5,5716,73315.3,12518,-6.49045,23.3337
10567,9737,71122.7,3834,3533,71119.5,13294.7,104.42,23.3347
9786.4,8261,77637.3,4758,4113,75813.3,17680.2,119.736,23.3358
17593.5,15993,72094.7,10350,9533,71152.6,16691.5,167.073,23.3369
8805.55,7964,72461.1,5634,5052,73085.9,8257.74,-2.89034,23.34
27168.7,20344,87521,18505.5,14796,81966.5,8552.81,46.9786,23.34
13137.8,11897,72371.1,7040.25,6281,73458,8954.35,-1.19652,23.3411
19267.9,15817,79834.6,10030.5,8349,78735,10736.3,8.19651,23.3432
10773.1,10036,70349.3,4912.5,4544,70850.7,15106.7,-55.6077,23.3442
20335.3,15772,84497.3,13153.5,11484,75063.4,24788.1,19.7084,23.3506
8143.85,7509,71076.8,4015.5,3713,70875.3,7777.59,43.5677,23.3516
15560.3,13840,73682.3,5733.75,5280,71168,14037.2,-28.9075,23.359
11872.3,11316,68757.5,3177,3104,67077.3,24790.3,163.328,23.3611
19018.3,15984,77977.1,15399.8,13792,73175.6,12372.7,-70.985,23.3622
8217.95,7690,70035.3,3267.75,3114,68771.8,22857.1,43.001,23.3633
10860.2,9268,76794.8,6123.75,5524,72651.4,15026.1,-7.4447,23.3633
10717.2,10213,68771.4,3283.5,3173,67818.3,22140.6,19.8079,23.3685
9759.75,9160,69827,3505.5,3272,70212.9,9967.91,-67.4546,23.3706
10492.9,9604,71602,2814,2612,70604.3,7501.57,-54.4619,23.3728
11195.6,9793,74922.4,7254.75,6433,73907.6,23287.4,28.3648,23.377
12889.5,10784,78331.4,12466.5,10416,78437.5,38985.5,-14.3651,23.3801
15364.7,13865,72624.7,7755.75,7245,70156.1,8341.8,14.3065,23.3801
8199.1,7609,70618.5,2871.75,2717,69268.7,17498.8,47.5024,23.3823
10172.5,9660,69012.9,4272,4188,66850.5,11806.2,21.0563,23.3844
5604.3,5399,68028,2486.25,2419,67358,9165.83,61.5755,23.3854
9223.5,8900,67918.1,3737.25,3616,67733.5,8387.12,-25.2552,23.3907
7858.5,7469,68953.6,3642,3577,66726.9,12626.8,-86.4745,23.3949
7118.8,6777,68841.3,2669.25,2541,68843.7,15610,6.29335,23.4013
11648.6,10829,70496.4,5218.5,4905,69724.7,7000.46,71.9769,23.4023
11550.5,10368,73010.6,5086.5,4580,72783.6,8719.81,40.9523,23.4023
13024.7,10804,79006.5,9516.75,8064,77342.5,24525.8,-54.2417,23.4087
13814.4,12579,71972.6,7296.75,6679,71597.5,18373.9,4.46948,23.4097
10494.3,10164,67665.4,3943.5,3860,66953.7,10761,17.6556,23.4108
11025.9,10389,69554,7149,6661,70337.3,12605.5,76.9263,23.4108
9127.3,8916,67089.1,2952,2852,67833.9,15291.7,-43.5747,23.415
11612.9,10920,69694.4,5213.25,4888,69896.8,7868.26,62.4843,23.415
13347.1,12600,69421.9,7311,7036,68097.5,6691.13,-4.55146,23.4161
14840.8,12492,77858.4,10746,9228,76316.6,12214.1,-4.75903,23.4161
9061,8444,70324.7,6597,6076,71155.5,10060.3,29.7219,23.4182
12103,11855,66907,4317.75,4139,68366.3,21828.8,142.8,23.4182
8318.7,8429,64678.4,3872.25,3801,66764.5,12109.4,90.7049,23.4213
7602.4,7428,67074.7,3603,3360,70275.7,15200.6,102.629,23.4213
7566.65,7649,64830.4,3495,3381,67745.7,14854.1,-40.1182,23.4224
52164.4,29817,114654,75130.5,44333,111063,165878,6094.61,23.4224
39962,33137,79034,27691.5,22357,81173.2,23115.2,68.7913,23.4234
10686,10445,67048.1,4761.75,4445,70206.1,9476.86,108.864,23.4245
13915.8,12820,71138,8637.75,7904,71619.9,17479.6,7.94309,23.4256
6608.55,6653,65098.1,3559.5,3325,70158,13632.1,-54.6923,23.4329
11748.8,11354,67814.5,6172.5,5850,69148.9,12466.2,39.0915,23.434
10272.6,9448,71255.8,6995.25,5992,76508.8,22424.7,-67.9228,23.434
9538.1,9573,65297.1,4301.25,4017,70173.4,6827.5,68.5434,23.4382
9213.1,9136,66089.1,3591.75,3396,69313.6,16338.3,-84.034,23.4393
15622.1,14076,72734.4,9807.75,8952,71800.8,43331.4,69.7515,23.4414
18637.4,17104,71411.6,12825,11796,71252.9,10066.7,-29.6183,23.4414
23917.4,19736,79420.9,16770,14268,77028.2,33657.4,58.0751,23.4435
13959.4,12648,72331.1,4687.5,4344,70718.2,13202,2.94385,23.4456
8206.25,7801,68940.5,2094,2045,67106.3,12844.1,-13.3827,23.4456
7447.05,6849,71258.6,7048.5,6421,71940.6,24225.3,31.7696,23.452
8360.95,7095,77229.5,5862,5043,76179.3,24681.2,95.3924,23.453
6242.6,6325,64682.2,2440.5,2357,67857.7,9684.49,92.516,23.4562
12595,11914,69282.3,5883,5450,70742.8,11620.4,46.0033,23.4562
5904.6,5815,66545.8,2106.75,2003,68930.6,12505,-65.83,23.4593
11688.9,10753,71240.3,10040.3,8897,73957.3,16044.8,53.577,23.4615
22202.7,18267,79656,15512.3,13071,77776.1,18075.7,197.121,23.4625
17526.6,16000,71789,7191.75,6592,71498.6,14242.6,-28.0553,23.4646
13995.8,12590,72853.8,5453.25,4890,73084.7,14863.7,104.361,23.4678
36792.6,25778,93538.7,21035.3,16034,85977.7,31621.1,-3.76837,23.4678
8724.3,8364,68359.1,5244,5064,67865.5,9243.85,-45.9274,23.4688
9450.35,9456,65496.8,2833.5,2784,66701.2,6921.39,66.8199,23.472
11850.8,11341,68482,3292.5,3129,68960.5,14891.8,-69.3597,23.4731
10450.7,9773,70080.5,4057.5,3833,69374.5,14443.9,3.75718,23.4762
5511.35,5093,70919.3,2634.75,2513,68711.1,9081.23,15.1387,23.4815
11621.3,10245,74340.3,8680.5,7877,72221.1,12208.7,105.321,23.4826
12682.1,11064,75120.9,8390.25,7800,70495.3,9298.58,151.011,23.4836
6496.75,5937,71714.8,1425,1333,70059.1,6517.56,-9.70494,23.4847
9709.7,8732,72873.9,3839.25,3416,73656.1,17741.2,-89.2467,23.4847
8439.6,7692,71905.6,5717.25,5244,71450.4,19876.1,85.253,23.4847
11611.6,10608,71736.2,4655.25,4336,70361.3,22504,-92.0057,23.4857
7147.4,6588,71100.8,3177,3020,68943,10847.9,82.1523,23.4868
10477.3,9717,70664.2,5361.75,5109,68778.2,28239.2,68.5987,23.4879
8838.7,8069,71787.5,4288.5,3989,70456.5,8042.92,36.6777,23.4889
11009.7,9631,74917.6,8260.5,7323,73926,23891.8,118.642,23.4921
10552.8,9812,70483.6,3684,3488,69218.6,10595.1,-7.27818,23.4931
34448.7,28521,79156.8,20176.5,17417,75919.3,25733.1,189.093,23.4942
15922.4,14157,73708.4,10166.3,9325,71448.3,30928,-56.2023,23.4963
11421.1,10232,73152.5,5068.5,4680,70976.3,10767.2,-2.12465,23.4984
16198,13168,80616,13116.8,11344,75777.4,22431.2,96.337,23.4995
12041.3,10971,71929.2,3624,3531,67262.1,17969.2,27.7047,23.4995
12103,11195,70851.5,4163.25,3935,69337.4,7748.35,-1.15119,23.4995
12360.4,11099,72984.2,4591.5,4303,69929.9,12362.3,106.175,23.5005
12053.6,6677,118308,8126.25,5665,94009.2,6391.5,1179.68,23.5005
15894.4,13136,79298,13749,11856,75999.9,23738.9,81.6679,23.5048
6314.1,5602,73866.6,2359.5,2306,67056.5,17452.5,-98.6959,23.5048
8854.95,8305,69875.7,2204.25,2177,66356.3,11321.9,107.935,23.5048
24092.3,16520,95575.7,23335.5,17176,89037.9,29056.6,151.128,23.5048
10693.1,9750,71875.5,4091.25,3878,69139.8,9074.95,45.239,23.5058
10700.3,9552,73414.5,5052,4692,70564.3,13660.3,208.467,23.5069
13791.7,12517,72210,4349.25,4065,70118.7,20780,92.0991,23.509
12994.1,11625,73254.6,4950.75,4665,69550.3,17222.8,118.893,23.509
31786.9,23081,90255.6,25221.8,19965,82791.5,23897.9,90.2619,23.509
9459.45,7928,78195.6,7569,6860,72309.3,6571.09,121.013,23.51
5726.5,5028,74640.4,2471.25,2388,67820.7,7473.77,89.1591,23.5132
9478.95,8245,75344.1,3534.75,3317,69838.2,16516.8,-3.20072,23.5143
13856,12329,73653.2,6218.25,5853,69625.7,9122.71,39.2172,23.5185
51890.1,35777,95051.9,44704.5,30597,95753,76603.7,596.541,23.5206
11930.1,10712,72988.3,4729.5,4428,69998.3,10313.2,81.3124,23.5259
14532,12984,73349.7,8829.75,8124,71229.3,30721.5,9.16544,23.528
22663.5,19957,74423.9,11022.8,10241,70538.7,12584.9,72.627,23.529
11035,9996,72348.3,4687.5,4392,69945.4,7070.38,123.574,23.5312
10582.6,9500,73004.7,4971,4616,70576.1,13137.9,-2.21374,23.5333
13954.8,13452,67985.8,6552.75,6300,68165.2,10916.7,48.6097,23.5364
30340,25498,77981.2,18678.8,15358,79706.4,23594.3,-62.8067,23.5375
4839.25,5014,63251.9,2317.5,2274,66789.7,18539.6,-4.13675,23.5375
9612.85,9508,66258.7,3999.75,3904,67143.4,22637.5,67.9492,23.5385
9845.55,9793,65887.7,4473.75,4357,67292.1,17002.1,-39.339,23.5396
8375.9,8726,62906.6,2196,2130,67566.7,7000.37,-25.2031,23.5417
11856,11589,67045.9,4597.5,4293,70184.4,16002,-27.2614,23.5438
10246.6,9940,67557.5,4806,4448,70810.7,8163.5,29.7932,23.5438
10457.2,10027,68347.8,7663.5,7019,71553.7,7165.47,-17.4693,23.547
16953.3,15304,72598.8,6906,5960,75938.2,12064.5,187.887,23.5491
5231.2,5506,62265.2,1966.5,1874,68770.8,6669.07,61.6694,23.5491
16797.3,15292,71987.2,13320,11768,74179.1,25327.6,60.9682,23.5502
13640.2,13240,67517.2,5625,5128,71887.7,22577,29.2515,23.5502
8266.05,7989,67808.7,6357.75,5733,72677.7,21173.4,-55.8357,23.5512
8216,7429,72478.6,5916,5221,74259.9,34795.4,-34.8477,23.5523
6269.25,6613,62129.4,2794.5,2709,67604.4,12032.9,-52.9122,23.5554
8325.85,8473,64397.8,4252.5,3945,70644.3,9203.65,111.454,23.5575
12387.7,12448,65218.5,5687.25,5364,69485.4,10278.2,24.5537,23.5575
7774,7712,66062.9,5056.5,4640,71418.7,14158.6,132.768,23.5607
8738.6,8605,66553.5,5802.75,5149,73856.9,25962.7,17.9443,23.5639
11637.6,11021,69202.6,7485,6745,72726,11937.6,64.0514,23.566
5575.05,5760,63431.7,2170.5,2016,70558.5,6765.16,42.7458,23.566
8317.4,8561,63671.2,4443,4129,70519.9,11210,92.4587,23.5713
8723.65,8873,64432.9,4006.5,3737,70262.2,25136.1,10.2353,23.5734
7862.4,7956,64765,3472.5,3216,70763,20786.5,77.4788,23.5744
9234.55,8978,67408.7,6912.75,6070,74634.9,6436.1,31.5781,23.5766
9406.8,9297,66310,5795.25,5445,69751.6,14714.7,-5.713,23.5808
15425.1,15309,66033.2,6896.25,6509,69435,8559.96,77.9383,23.5808
6834.75,7130,62822.2,2518.5,2378,69408.1,9239.46,33.1928,23.5818
28772.9,21705,86876.8,18771,15129,81312.5,17232.5,11.3924,23.5829
14021.8,12588,73000.7,13236.8,10748,80711.2,11113.6,70.1023,23.5861
23699.6,18561,83679.8,8853,6497,89301.3,8253.44,57.3098,23.5861
14771.9,13733,70493.8,11688.8,10529,72754.7,21373.2,155.717,23.5861
11853.4,11665,66594.5,5241,4881,70369.6,7510.18,-14.0422,23.5871
9935.9,9512,68456.6,8367,7624,71922.8,18682.1,5.3179,23.5892
6843.2,7253,61833.2,2613.75,2433,70404.7,22751.8,-15.475,23.5903
14824.5,14292,67978,7265.25,6596,72185.5,21584,30.1488,23.5913
14730.9,14240,67795.5,8022.75,7572,69437.3,13972.4,152.555,23.604
20368.4,18820,70927.9,10093.5,9092,72754.9,23069.7,-31.827,23.6061
10551.4,10094,68506,6627.75,6158,70535.3,12133.9,93.284,23.6082
7100.6,7146,65119.6,3258.75,3082,69294.4,13766.2,89.7826,23.6093
14191.4,13393,69443.1,4875,4501,70981.6,19192.2,-23.0813,23.6093
9322.3,9132,66901.7,4791.75,4472,70221.9,10521.2,-2.1154,23.6114
11374.3,10130,73586.3,5997,5398,72808.3,21647.9,143.666,23.6125
8886.15,8453,68894.2,6089.25,5253,75969,37971.1,159.393,23.6135
12326.6,11858,68125.8,5849.25,5302,72300.4,25682.2,72.1348,23.6146
8132.8,8146,65429.8,3758.25,3634,67776.7,22416.6,-96.3024,23.6209
9186.45,9101,66151.3,4137,3933,68935.3,9227.09,-33.8868,23.622
11144.9,10728,68082.8,4775.25,4572,68449.4,14300.6,-30.6374,23.6241
10539.8,9980,69211.7,6063,5500,72244.5,15210.4,13.1884,23.6272
15878.2,14693,70822.4,8935.5,8113,72180.1,9119.85,82.2173,23.6294
7283.9,6601,72316,5694,5229,71363.9,15592.2,-5.74598,23.6315
7909.85,7184,72157.6,4993.5,4516,72465.5,19505.6,-40.2931,23.6315
11435.4,10903,68736.5,6645,6275,69400.3,7502.04,20.3581,23.6336
6313.45,6323,65437,2721.75,2615,68211.3,6507.25,68.5555,23.6346
9904.7,9603,67595,4581.75,4211,71306,25199.7,56.673,23.6389
16201.2,13356,79497.2,10975.5,9420,76357.8,18589.9,111.961,23.6441
9547.2,8896,70333.3,5249.25,4800,71669.8,33611.2,-79.5232,23.6441
9315.15,8907,68539.1,4992,4619,70828.3,16870.5,-27.294,23.6452
17010.5,16109,69203.6,5554.5,5193,70098.2,14732.3,-9.15366,23.6452
7790.9,7613,67067.4,3817.5,3513,71216.5,15905.3,34.6623,23.6463
15091,13145,75238.3,10867.5,9581,74335.9,18782,-5.86586,23.6473
5258.5,5448,63256.4,2485.5,2364,68904.3,12977.3,-63.2677,23.6473
11625.9,11357,67087.7,7209,6477,72942.6,15286.1,102.626,23.6473
12052.9,11141,70900.5,9388.5,8161,75393.3,19209.9,212.558,23.6484
95284.8,56273,110969,72379.5,39985,118631,33438.1,525.923,23.6484
5612.75,5910,62239.8,1117.5,1090,67189.4,6512.67,-85.3848,23.6494
9871.55,8884,72821,8362.5,7508,72994.8,14902.8,-65.9201,23.6494
14812.8,14146,68625.4,4938.75,4646,69665.5,7613.38,-37.2661,23.6505
12324,11197,72132.3,10331.3,9165,73875.5,15213.7,223.888,23.6547
10433.8,10217,66926.6,3993.75,3881,67439.9,10372.6,97.6502,23.6547
5784.35,5965,63551.2,2474.25,2313,70104.8,9949.56,8.22608,23.6547
18952.7,17245,72025.8,14231.3,12941,72070.1,18418.6,-18.7522,23.6558
14097.2,13292,69506,7298.25,6776,70587.1,14769.9,33.8449,23.6589
18452.2,17148,70520.4,7752,7288,69708.4,13830.9,-28.0398,23.6589
11586.3,10872,69841.5,5034.75,4364,75608.9,24892.8,-21.5755,23.6621
7498.4,7600,64659.9,3824.25,3732,67156,6907.56,79.7204,23.6642
11536.2,10525,71832.4,7554.75,6749,73360.2,12365.3,178.415,23.6663
17912,16633,70575.6,8058,7513,70290,16039.9,155.917,23.6716
8945.95,8016,73138.9,5631.75,5072,72768.6,10541.1,163.004,23.6716
18844.1,14875,83023.2,18489,15343,78973.8,35050.8,148.323,23.6737
11685.7,11269,67959.4,6519.75,5861,72901.9,23117.5,50.7312,23.6748
8154.25,8256,64728.3,3326.25,3188,68378,13484.5,23.5732,23.6769
10337.6,9504,71284.2,11290.5,9860,75044,32838.3,95.0859,23.6769
6383,6487,64485.3,3122.25,3047,67154.5,8132.8,-24.3856,23.679
20789.6,19313,70546.6,10237.5,9525,70438.3,13880.2,81.1784,23.6822
10547.5,9841,70241.3,10452,9381,73018,13151.7,75.1857,23.6832
12402,11845,68617.8,3999,3777,69388,9222.83,61.5734,23.6874
9599.2,8602,73133.4,7963.5,7082,73693.3,31734.2,16.0074,23.6895
12264.8,11248,71460.6,6456.75,5856,72259.1,21078.6,109.288,23.6917
10699,9924,70653.9,3504.75,3204,71687.7,7475.62,-75.9609,23.6927
18239.6,17617,67852.3,6305.25,6081,67952.8,9143.77,-33.0236,23.6938
5209.1,5246,65075,2113.5,2042,67830.7,10083.7,98.521,23.6959
11101.3,10900,66746.6,4535.25,4388,67735.2,9887.96,45.2084,23.698
10957,10008,71750.7,5741.25,4940,76165.7,16159,86.2527,23.6991
9789.65,9249,69366.9,4009.5,3697,71075.6,22318.3,136.761,23.7001
19864,17715,73486.1,8960.25,8067,72792.7,32225.7,-67.4311,23.7001
12350,11419,70879.2,4429.5,4143,70068,8865.78,44.3868,23.7022
11906,11313,68971.5,4777.5,4357,71861,12103.3,55.4451,23.7033
5444.4,5229,68235.6,2790.75,2665,68628.4,11802.1,79.5365,23.7043
20295.6,17328,76759.7,6936.75,6096,74574.6,24883.6,42.9248,23.7064
9506.25,9273,67184.5,4441.5,4153,70088.6,12368.4,-37.4448,23.7086
5746.65,5696,66118.8,2986.5,2768,70709.3,7766.36,70.2281,23.7096
8486.4,7389,75269.3,5184.75,4477,75896.3,15138.2,-55.6089,23.7107
11188.4,10910,67208.6,4926,4778,67566,14788.6,88.0242,23.7181
6358.3,6393,65180.3,2967,2873,67680.2,10334.1,1.33163,23.7191
12263.5,11373,70667.7,6701.25,6093,72078.3,15008.7,-5.72405,23.7202
9430.2,8592,71929.4,5988,5380,72942.3,19409.3,25.9306,23.7223
8994.05,9197,64089.8,3780.75,3709,66803.8,9625.21,-121.622,23.7265
10897.9,10374,68845.6,4781.25,4370,71703.4,17215.2,-14.407,23.7318
9784.45,9772,65619.5,4845,4700,67557.9,10769.7,-22.7647,23.7318
10167.3,8781,75882.5,7366.5,6413,75280,11449.6,-37.4103,23.7392
8674.9,7537,75430.3,6403.5,5393,77815.6,33646.2,30.5555,23.7445
30496,25700,77766.1,19773.8,17120,75694.7,22421.1,197.817,23.7455
7678.45,7376,68223.3,3809.25,3520,70921.3,21717.1,97.2238,23.7455
20307.9,18024,73840.5,17683.5,16088,72035.4,10122,134.64,23.7455
12556.7,11718,70226.7,6872.25,6118,73615.5,8657.49,131.255,23.7466
8617.05,8088,69822.8,5847.75,5240,73137,20252.1,-24.8411,23.7497
20004.4,17524,74812.2,15867,14244,73003.4,7260.3,14.3471,23.7508
8496.8,7344,75823.3,4694.25,4048,75998.6,12040.3,-86.4525,23.7529
11312.6,10052,73754.7,6189,5524,73425.5,19674.8,97.3006,23.7571
11663.6,11213,68169.6,4240.5,4105,67699.3,15681.8,62.1907,23.7592
11299.6,10437,70952.4,5604,5077,72338.7,12377.6,-75.2852,23.7614
15869.7,13825,75228.9,7390.5,6549,73956.9,11509.7,-101.053,23.7635
13551.2,12109,73341.4,7638.75,7197,69558.6,15641.8,74.2322,23.7656
8176.35,7460,71829.1,3256.5,3136,68054.2,11905.6,8.15257,23.7666
18151.3,16045,74139,8953.5,8253,71098.6,16926.6,19.1439,23.7677
11878.1,10596,73465.8,6815.25,6404,69744.6,17697.3,-39.3651,23.7687
12502.8,10768,76094,11040.8,9792,73893.7,14701.7,14.9275,23.7698
11704.5,10297,74494.5,6735,6073,72679.9,21828,-36.0803,23.773
10935.6,9505,75399.8,7020.75,6449,71346.2,16340.7,39.8059,23.773
6044.35,5297,74782.4,2064.75,1941,69714.3,6903.01,-116.359,23.773
19948.5,18320,71361.6,7613.25,7348,67901.7,13748.6,67.4233,23.774
14078.3,12632,73039.8,3578.25,3368,69627.1,16784.7,-49.6508,23.774
10063.9,8793,75008.6,3616.5,3257,72769.7,7412.38,-37.2586,23.774
12015.9,10796,72941.3,5263.5,5020,68714.9,17962,-2.39504,23.7846
12745.8,10289,81184.9,9249.75,7973,76030.6,25189.4,-7.94666,23.7856
11004.5,10336,69774.7,4141.5,4068,66720.1,19129.1,-128.859,23.7867
8311.55,7729,70475.6,3662.25,3493,68711.5,10709.4,42.5975,23.7899
11100.7,9169,79342.9,7281.75,6261,76220.5,21694.1,31.0047,23.7899
17051.4,14280,78255.2,16645.5,14392,75797.6,23505.7,63.6166,23.7909
12717.9,12168,68497.7,2523.75,2488,66477.7,8469.65,28.0617,23.792
13185.3,12176,70968.2,5032.5,4624,71325.7,17738,128.333,23.7951
9382.75,9236,66577.3,4974,4836,67406.1,14305.1,-40.0976,23.7951
8309.6,8109,67157.2,3787.5,3705,66995.3,12295.9,-58.0821,23.7962
9118.85,8692,68754.4,2817.75,2672,69110.8,16096.7,24.3351,23.7962
8448.7,7992,69281,6005.25,5592,70379.1,16427.1,73.3426,23.8025
15652,14197,72252.5,6822,6241,71637,6966.99,157.978,23.8046
11413.3,10464,71481.8,4425.75,4096,70812,12184.9,30.5021,23.8057
15178.1,13888,71624.1,8416.5,7668,71933.2,18443.6,50.0469,23.8099
15592.2,13808,74004.2,6840,6080,73728,19360.6,43.1324,23.811
15103.4,14271,69358.6,3299.25,3179,68015,7091.76,-32.9465,23.8141
10635.9,9952,70039.9,5012.25,4656,70550.4,9973.12,102.825,23.8152
11514.1,10909,69171.1,6027,5417,72915.9,20431.7,42.2321,23.8163
10954.4,9556,75126.7,7492.5,6768,72551.5,13747.6,16.6833,23.8194
6442.8,5821,72536.6,3920.25,3773,68093.7,14929.1,-22.0611,23.8205
9634.3,8805,71708.5,6525.75,5909,72376.3,20525,29.3286,23.8226
11332.8,10233,72579.2,3394.5,3069,72486.8,19622.7,30.2225,23.8258
11557.6,10377,72992.4,6553.5,5965,72001.7,23584.1,184.014,23.8279
13846.3,12737,71243.7,6334.5,5909,70255.2,14391.2,105.239,23.831
16227.9,13152,80863.1,9180,7620,78952.8,22978.1,219.296,23.8321
12535.9,10913,75282,6007.5,5173,76108.2,17457.4,66.4239,23.8332
18831.1,17372,71040.6,9248.25,8604,70443.2,12993.2,33.0517,23.8353
7588.75,6944,71621,5265.75,4848,71183.2,21055.4,18.9887,23.8363
10710,10021,70042.3,3956.25,3681,70436.5,8580.81,8.27752,23.8363
10160.1,9501,70082.7,4259.25,3981,70116.6,13825.7,104.4,23.8395
15121.6,13888,71357.2,9505.5,8720,71439.5,16789.7,77.629,23.8395
13052.6,12152,70393.2,5501.25,4972,72512,8220.81,-36.4289,23.8405
9635.6,9005,70125.3,3540.75,3273,70897.2,6940.88,40.1592,23.8416
5928.65,5901,65843.1,2476.5,2457,66056.1,11450.3,26.2297,23.8427
21802.3,18921,75515.9,14724,13385,72092.1,14077.3,180.931,23.8469
12628.2,11183,74005.3,6234.75,5515,74089,11718.1,43.4196,23.8479
11779.9,11081,69669.8,4579.5,4233,70900.6,7183.66,42.73,23.8501
13113.1,11340,75783.1,9258.75,7928,76536.5,12099.2,-64.9547,23.8511
16294.2,15083,70798.7,8826,8091,71489.4,13950.3,-200.044,23.8564
12968.1,12061,70465.2,5739,5389,69792.4,13988.7,-32.3457,23.8574
11850.1,11140,69713.8,5196.75,4816,70717.2,9942.72,71.8663,23.8596
7530.25,6592,74863.8,8131.5,7348,72524,22798.7,86.8632,23.8617
5817.5,5311,71786,5076,4523,73548.7,8603.49,41.8167,23.8638
13850.2,12587,72113,9216,8111,74464.3,10812.7,126.014,23.8648
9441.9,8893,69581.1,3447,3193,70749.3,7250.01,101.208,23.8659
21869.9,18865,75974.9,13408.5,11781,74589.5,9753.15,105.413,23.8669
8862.75,8221,70651.9,3174.75,2973,69983.3,16880.2,90.5256,23.8669
22645.3,20600,72043,5459.25,5016,71327.2,8481.06,169.101,23.8691
10649.6,9917,70377.4,4289.25,3865,72729.7,9752.36,-90.6665,23.8722
25252.5,22348,74053.5,11489.3,10360,72679.5,6841.46,27.2629,23.8743
10281.7,9169,73489.1,5988.75,5365,73155.4,11901.3,130.273,23.8807
13754,12681,71081.3,6468,6093,69569.5,6930.19,51.3396,23.8828
9718.15,8544,74542.2,6114,5476,73171.5,13646.8,-6.53287,23.8912
8581.95,8069,69702.1,3416.25,3297,67906.4,7419.18,24.6612,23.8912
6735.95,6105,72309.1,2456.25,2317,69474.7,13159.1,4.66546,23.8933
8593,7893,71348.1,4124.25,3877,69715.5,8737.45,134.692,23.8944
7866.95,7388,69784.6,3254.25,3132,68094,10300.3,83.0329,23.8944
15165.1,14340,69307.1,3805.5,3728,66898.4,21296.5,68.8596,23.8955
21895.9,18405,77966.3,10640.3,9361,74492,14289.4,-175.117,23.8965
6564.35,6049,71119.4,4218.75,3937,70226.1,12630.4,76.0653,23.8976
7965.75,7636,68366.1,1718.25,1700,66239.6,16316.4,60.4468,23.8976
26098.1,23442,72961.7,13716.8,12658,71017.6,41570.3,26.8177,23.8986
11637.6,11130,68524.9,4907.25,4734,67934.4,21440.4,150.554,23.9029
18271.5,14418,83051.8,9753,8050,79400.3,10416.1,-27.9115,23.9081
13752.7,13121,68691.2,5245.5,5093,67498.4,10662.8,35.7193,23.9124
14295.4,13476,69521.1,4858.5,4452,71519.9,13464.6,-15.986,23.9219
17319.3,15534,73067.7,6210.75,5562,73180.1,22375.9,67.0991,23.924
10065.3,9076,72679.2,4392,4016,71671.8,26071.5,-0.119806,23.9261
7626.45,7135,70050,3018.75,2895,68337.4,11120.4,132.022,23.9261
10411.7,9413,72489.2,6495,6133,69404.3,15489.2,-10.9021,23.9345
10556,9544,72485.1,3956.25,3852,67309.7,14926.7,-82.261,23.9388
15471.3,12257,82722.3,7286.25,6321,75543.7,46947.4,40.3756,23.9419
6137.95,5321,75597.9,2385,2301,67928.5,12002.6,-76.1311,23.9472
9953.45,9000,72478.8,5169.75,4748,71357.4,22449.2,-11.1637,23.9493
11847.5,10932,71024.6,3441.75,3248,69445.4,11020.1,-93.2942,23.9504
15849.6,14200,73149.3,6018,5576,70730.9,16837.9,66.4472,23.9525
18805.8,13849,88992.5,6580.5,4717,91426.7,8127.49,-86.3054,23.9578
5450.9,5073,70417.9,1808.25,1761,67294.4,7225.66,87.4484,23.9609
10445.5,9734,70326.3,3276.75,3078,69767.7,15072.5,-23.7864,23.963
6101.55,6017,66456.9,2312.25,2257,67140.3,6665.32,-54.4305,23.963
12197.9,10563,75679.4,9785.25,8835,72584.7,32373.4,48.6634,23.9662
6725.55,6904,63842.1,2943.75,2924,65978.7,7516.35,-51.8825,23.9673
7300.8,7337,65212.7,2064,2041,66274.5,13319.1,-42.6405,23.9715
7063.55,7076,65420.7,3661.5,3392,70742.9,14688.8,-81.392,23.9736
13616.8,11444,77979.2,8325.75,7140,76419.7,7904.95,-160.257,23.9757
12974,12617,67390.3,5044.5,4921,67180.7,9386.76,-14.9728,23.982
13344.5,12604,69386.3,5820,5496,69399.5,6386.95,45.34,23.982
10802.3,10546,67129,6067.5,5442,73068.7,20666,110.163,23.9831
16969.5,14535,76513,14760,12451,77689.5,18968.9,54.3271,23.9852
14084.2,10316,89474.8,6826.5,4664,95922.3,13667.7,3.78635,23.9852
7644.65,7721,64887.9,4111.5,3721,72413.7,16037.6,49.2773,23.9863
12361,10700,75709.7,12498.8,10812,75760.1,25537.9,57.5202,23.9863
10992.8,10196,70657.5,7033.5,6464,71309.9,11822.4,-19.3643,23.9863
8552.7,8122,69011.3,4989,4478,73014.5,14014.9,-66.7467,23.9873
10929.1,10516,68110.4,4452,4064,71792.9,15040,14.9148,23.9884
8763.95,8753,65618,3695.25,3409,71039,16229.5,-181.21,23.9884
6145.75,5845,68908.1,2771.25,2501,72617.6,14446.9,31.2771,23.9884
9976.2,9364,69820.6,7953.75,7072,73707.1,10214.9,72.7161,23.9894
9868.95,9405,68768.9,7623.75,6685,74739,24419.5,-3.49772,23.9916
20475.6,18920,70924.5,6435,5980,70522.4,15692.8,-132.17,23.9937
11600.5,10972,69290.3,6573.75,6120,70395,17392.5,151.566,23.9968
10122.4,9452,70184.6,3604.5,3372,70054.7,7388.4,-28.6577,23.9968
13256.1,12804,67850,4121.25,3828,70556.5,13761.5,12.3828,23.9968
42920.8,30832,91231.8,27838.5,20868,87426.9,28664.9,108.143,23.9979
9953.45,9047,72102.3,8237.25,7315,73798.6,17588.6,57.819,23.9979
19915.3,16728,78023.2,10602.8,8712,79759.2,21798.2,42.1808,23.9989
12656.8,11382,72876.1,9351,8166,75046.2,21842.9,63.6791,23.9989
6374.55,6021,69384.2,3411.75,3121,71641.3,9132.17,-2.0632,24
10242.7,9622,69763.6,4581,4210,71311.3,12481.1,-3.90906,24
14058.8,12692,72593.8,4405.5,4048,71323.8,8769.04,-18.3896,24.0063
18264.3,16156,74088.4,8807.25,7816,73847.5,8383.84,4.84492,24.0095
13250.3,12317,70501.6,5193,4813,70710.3,7261.35,-51.8729,24.0106
8951.8,8308,70614.5,3402,3104,71827.8,12387.9,-46.0456,24.0127
9574.5,9053,69311.2,5160.75,4605,73445.1,17582.7,-23.0208,24.0169
5895.5,5601,68981.9,4095,3829,70088.8,7362.26,95.1833,24.0169
6763.25,6617,66984.5,2979,2765,70608.2,8079.57,73.6564,24.018
7099.95,6789,68537.7,4440.75,4081,71313.2,17063.4,-10.9613,24.0222
11167,10576,69198.2,7338.75,6672,72085.2,14937.3,-119.241,24.0243
9344.4,9744,62848.4,3346.5,3300,66459.5,20355.9,6.97499,24.0264
13026,12753,66938.9,6286.5,5569,73979.5,11205.5,12.4789,24.0275
14249.3,13580,68766,4671,4376,69954,11607.3,50.3038,24.0296
16130.4,13208,80036.5,12612.8,10188,81133.6,17539,50.0809,24.0306
8402.55,7561,72830.3,7602.75,6685,74533.1,22223.9,179.765,24.0306
9720.75,9081,70153,7578,6921,71757.2,27076.9,22.2024,24.0317
5949.45,5681,68632.8,5685,5089,73211.3,16690.3,73.3327,24.0327
10322,10222,66177.1,4105.5,3930,68462.6,10491.3,-39.0943,24.0327
28572,24460,76553.5,14442,11336,83492.5,8890.41,99.4259,24.0359
11560.3,11369,66638.5,4752.75,4477,69572.5,6892.39,72.841,24.037
14180.4,12976,71618.9,8568,7300,76919.5,16364.2,18.305,24.037
10325.9,10461,64689.6,4825.5,4553,69458.4,8634.5,74.4955,24.037
9355.45,9357,65525.1,3354,3209,68497.3,8793.05,97.7095,24.038
14279.2,14129,66232.7,5314.5,5125,67959.2,20823.8,88.6574,24.0401
24046.1,19137,82347.6,15307.5,12661,79234.8,8397.09,132.984,24.0475
8831.55,7730,74875.1,3523.5,3122,73964.2,14353.4,126.741,24.0507
9241.05,9097,66573.8,8421,7721,71477.6,10920,70.9696,24.0517
11398.4,10906,68494.9,4257,3946,70701.2,13589.1,45.9293,24.0528
12968.1,12385,68621.8,4172.25,3861,70819.1,20992.1,201.311,24.0539
9163.7,8356,71870.8,7529.25,6640,74312.8,26311.2,-23.3488,24.0549
9665.5,8759,72318.6,7390.5,6647,72866.5,19713.3,86.1191,24.0655
9623.9,8621,73159.9,3878.25,3609,70425.3,11301.7,-17.6247,24.0665
7748.65,6402,79321.4,6762,5894,75187.4,7757.1,37.5485,24.0697
5235.1,5104,67219.3,3120,2976,68707.1,8384,29.7849,24.0697
14544.4,13024,73186.6,7265.25,6324,75290.2,20143.1,49.123,24.076
9419.15,8184,75426.9,3504,3036,75638.4,18246.4,93.0543,24.0771
12139.4,11108,71621.1,5438.25,4820,73942.2,14115.4,75.1495,24.0781
10713.9,9873,71118.1,4635.75,4261,71299.8,11803.4,1.27641,24.0824
6453.2,5812,72766.2,2799,2564,71542.6,12972.5,56.2725,24.0845
8879.65,8436,68982.5,3312.75,3232,67173.4,20846.7,-77.3235,24.0876
14333.1,12817,73288.4,6600,6097,70942.7,9208.19,57.2739,24.095
16932.5,14533,76356.5,11440.5,9873,75940.9,21506.3,-36.9282,24.0961
12306.4,11285,71467.9,5825.25,5089,75017.4,6520.12,129.615,24.0982
13821.6,11872,76298.2,13478.3,11936,74003.9,14256.4,66.5442,24.1024
8661.25,7475,75936.3,5537.25,4787,75807.2,22689.4,30.9673,24.1056
9988.55,8954,73108.1,7898.25,7326,70655.2,6762.62,135.626,24.1119
8368.75,7501,73117.5,3327,3145,69328.5,19075.3,-15.3369,24.1119
14404.6,12869,73356.4,12018.8,10961,71860.3,12801.2,51.1189,24.113
23361,17671,86638.4,13784.3,11203,80636,37263.9,113.84,24.1151
7428.85,6576,74035.5,1893,1808,68617.1,17079.8,80.1981,24.1162
10273.9,8794,76564.7,6672,6058,72178.3,16516.5,-80.6007,24.1193
9753.25,8973,71234.7,2679,2585,67919.1,14716.4,126.727,24.1193
24012.3,20971,75040.3,10204.5,8623,77555.6,24485.3,124.64,24.1193
15303.6,14413,69585.6,4377.75,4237,67713.1,6947.42,-136.141,24.1204
12192,10422,76666.5,6645,5890,73936.6,13171.9,84.645,24.1204
10942.8,9988,71800.6,6880.5,6404,70412.3,7771.01,-20.932,24.1214
32206.2,22766,92711.3,22541.3,16430,89912.6,18760.7,33.6949,24.1225
9369.1,8502,72219.9,3646.5,3478,68711,6772.81,157.125,24.1235
26423.8,23613,73337.1,12851.3,11561,72850.1,11824.2,57.1756,24.1235
12405.3,11456,70966.3,4526.25,4240,69960.4,17517.6,108.562,24.1288
13037,11536,74063.5,6210.75,5412,75208.4,20834.9,-42.923,24.1288
15449.8,13669,74074.3,8140.5,7157,74541.8,32167.8,32.3311,24.1309
8964.8,8357,70302.4,3975,3761,69265,24152.4,51.5523,24.1309
12316.8,11129,72531,6266.25,5737,71581.8,17806.6,79.3108,24.132
8803.6,8205,70317.2,3787.5,3497,70980.1,10909.3,38.29,24.1331
13762.4,12840,70244.2,5617.5,5432,67774,18722.4,-46.2836,24.1341
10313.5,9528,70939.2,4409.25,4124,70069,20880.2,78.3353,24.1373
7393.75,6792,71342.3,3050.25,2872,69603.5,6566.83,-149.887,24.1394
13610.3,12277,72653.6,6171,5685,71138.5,7612.73,131.294,24.1415
15025.4,13431,73315.8,5886,5463,70610.5,23876.5,-2.61731,24.1436
11711,10246,74906.8,5484,5030,71451.2,18605.9,-25.6392,24.1436
17371.9,14884,76490.5,9807.75,8564,75053.8,17300.1,162.75,24.1478
9044.1,8589,69008.5,3284.25,3145,68437.7,14177.2,1.1872,24.1521
9176.7,8520,70587.3,7991.25,7368,71079.6,14895.8,124.14,24.1531
9911.85,9356,69429.6,6089.25,5692,70109.8,9667.37,108.857,24.1542
6810.05,6780,65826.5,3072.75,2892,69632,8379.44,12.5851,24.1595
20826.6,17994,75852.8,12147.8,10206,78004.6,26426.1,100.487,24.1658
13696.8,13309,67445.6,6227.25,5993,68097.6,12509.2,-44.3301,24.1668
18634.2,16548,73798.1,8372.25,7200,76206.1,22708.2,84.2866,24.169
17306.9,16484,68807.6,6687,6384,68646.5,13726.4,45.9241,24.1742
14530.1,12783,74493,10059,8703,75747.1,35882.6,174.951,24.1753
10836.8,10381,68413.5,3050.25,2873,69579.3,22612.3,-51.5898,24.1795
22035.6,18021,80135.9,16272.8,13429,79414,10943,128.589,24.1795
11059.8,10363,69942.3,6950.25,6299,72311.7,15570.3,14.0348,24.1795
11965.2,11301,69387.8,5564.25,5141,70931.5,34491.4,-14.1962,24.1806
10611.9,10385,66967.9,4174.5,3937,69489.5,6470.69,12.6568,24.1806
15406.3,14130,71455.6,7556.25,6934,71417.1,17503.1,22.5622,24.1816
6290.7,6349,64934.2,2887.5,2733,69240.8,6697.18,-14.0117,24.1827
9813.7,9769,65835.9,4041.75,3929,67416.7,11463.9,185.329,24.1848
7356.05,7353,65563.2,3565.5,3389,68949.1,25375.7,-47.3937,24.1859
11184.5,10885,67339.5,4257.75,4065,68643.5,12383.1,90.6946,24.1859
8045.7,8180,64460,2164.5,2084,68067.5,10037.8,-15.8572,24.1911
12968.1,12624,67322.6,4212.75,3824,72198.4,25827.3,5.04937,24.1996
14339,13701,68587.7,5511.75,5041,71656,10385.4,7.3497,24.2017
8233.55,7993,67508.3,3752.25,3485,70561.7,16813.2,20.8681,24.2017
8802.95,7825,73726.5,7968,6769,77144.5,17300.8,11.3898,24.2038
6094.4,6104,65432.9,2499.75,2300,71227.7,7752.23,-29.5313,24.2049
14684.8,13325,72223.9,10105.5,8813,75147.4,18043.2,75.0019,24.208
10191.3,10173,65654.2,5421,5021,70757,8798.9,28.0493,24.2091
17477.8,13944,82144.9,16918.5,13996,79220.6,9525.29,148.422,24.2101
12175.8,11773,67778.2,8187,7289,73610,24131.4,-91.2069,24.2101
7839,7100,72357.3,7980.75,7096,73707.2,15049.4,-34.1056,24.2165
9777.3,9653,66379.9,4533,4337,68497.7,8583.72,-17.5226,24.2175
11175.4,10800,67814.3,3783,3648,67961.3,14246.5,41.6046,24.2196
9036.3,7573,78199.3,8578.5,7553,74434.1,9973.19,-14.1348,24.2218
8570.25,7971,70462.9,6869.25,5735,78497.5,23555.4,-19.8052,24.2239
14060.1,13048,70619.7,6907.5,6412,70600.4,23268.2,256.266,24.226
8849.1,7312,79312.7,7580.25,6676,74412.7,25180.7,-47.3863,24.2334
14284.4,12981,72116.4,4688.25,4405,69750.1,11335.8,-75.246,24.2344
11423.8,10676,70126.2,4620.75,4164,72724.7,21156.6,10.3849,24.2355
8834.8,8193,70669.8,3275.25,2993,71716.3,18358,32.8501,24.2365
6865.3,6541,68785.3,2394,2345,66905.4,12919.7,15.8545,24.2408
14249.9,12657,73784,8137.5,7381,72253,8156.95,45.2735,24.2482
6525.35,6476,66035.4,2352.75,2252,68468,10069.9,40.0416,24.2524
23687.9,19460,79774.6,11680.5,9936,77042.4,27780.7,98.716,24.2545
17737.8,11908,97620.7,7606.5,4676,106608,38224.6,79.4035,24.2555
10535.2,10172,67876,3507,3388,67837.9,6551.98,-35.5062,24.2566
6401.2,6260,67014.2,3128.25,2944,69637.6,11031,-9.01456,24.2598
8306.35,7184,75774.6,6747.75,5844,75670.9,32487.6,-33.9009,24.2598
13353.6,12716,68822.1,4024.5,3832,68828.2,9178.22,110.595,24.2629
12718.5,11876,70185.5,5650.5,5284,70081.6,24114.4,67.0337,24.264
11141.6,10025,72835.8,7569.75,6521,76075.9,25060.6,106.558,24.265
10953.1,10211,70299.3,4878,4467,71565.8,10162.1,49.4981,24.2672
7491.9,6893,71230.1,3054,2937,68146.7,12072.2,-100.214,24.2682
15730,14483,71178.7,6401.25,5971,70258.3,8767.59,88.2505,24.2746
12386.4,10616,76465.2,7800.75,6984,73200.2,7984.6,-1.16007,24.2756
56731.3,41069,90529.2,31273.5,20329,100819,43000.1,210.804,24.2798
6180.2,5624,72017.4,2286,2136,70138.3,21795.9,61.1009,24.2819
14193.4,13220,70361.5,5032.5,4816,68482.1,7642.94,-32.1072,24.2819
13174.2,12009,71894.8,5247,4829,71208.8,6669.4,-67.3307,24.2841
6711.25,6201,70928.6,2697.75,2557,69143.4,7927.96,-5.45794,24.2851
15335.4,13584,73985.9,7684.5,6976,72192,7484.93,108.079,24.2851
11528.4,10490,72023.4,5004,4622,70952.4,8481.7,45.2612,24.2872
9020.05,8558,69074.3,5791.5,5338,71103.7,9998.96,0.484224,24.2872
9516,9068,68773.8,4008.75,3884,67640.9,18086,-23.8997,24.2883
26957.4,23664,74657,9372.75,8004,76743.2,31476.8,61.5971,24.2904
5887.05,5768,66888.6,2637.75,2456,70385.8,19461.4,31.0886,24.2914
15400.4,13793,73173.6,9665.25,8481,74687.2,15071.1,20.0736,24.2925
56877.6,17432,213833,258029,96712,174851,7253.92,1815.19,24.2936
8559.85,8477,66176.5,3170.25,3101,66999.5,8279.38,7.42885,24.2946
8564.4,8015,70028.3,5329.5,4716,74061.5,31456.7,86.5378,24.2946
7599.15,7507,66340.5,3238.5,3127,67872.8,19148.8,29.3804,24.2988
13733.8,12329,73003.6,10107,8813,75158.6,12926.3,-9.94579,24.3083
19618.3,16956,75826,14061,12024,76638.5,23861.2,143.583,24.3105
15093,14040,70451.2,7391.25,7064,68572,23066.3,-9.46687,24.3115
13709.8,12849,69926.5,4665.75,4417,69226.8,18374,-85.8305,24.3147
8459.1,7680,72184.3,3723.75,3408,71607.9,7639.01,139.893,24.3157
42518.4,26353,105737,43372.5,30225,94043.3,33068.7,138.077,24.3157
13689,11269,79609.7,10495.5,9233,74497.2,16362.5,30.3451,24.3157
14433.9,11702,80835.8,9528.75,8370,74608.9,14325,98.3616,24.3168
12426,10765,75648.3,8237.25,7401,72941,11021.1,108.806,24.3178
8135.4,7228,73763.4,3825.75,3528,71067,14738.1,-51.2939,24.321
9253.4,8021,75605.4,8191.5,7477,71798.6,17347.9,137.808,24.3242
7268.95,6812,69932.2,3171,3116,66692.8,14422.1,-30.642,24.3252
8734.7,7355,77829.7,5201.25,4575,74506.9,11315.9,36.5547,24.3263
13139.1,11593,74276.2,4732.5,4221,73477.6,30040.9,75.411,24.3316
13395.8,11925,73619.3,5600.25,5121,71669.2,11055.8,-125.115,24.3316
6578,5881,73303.1,3388.5,3133,70880.5,12061.7,-55.4933,24.3316
12122.5,10337,76856,10652.3,9601,72711.8,6933.86,25.5394,24.3337
10383.8,9485,71745.9,3895.5,3657,69810.1,10362.3,-65.7494,24.3337
11971,10408,75378,5248.5,4664,73749.1,18538.5,-152.057,24.3369
7064.85,6233,74282.4,3318,3081,70577.2,8707.64,34.0728,24.3379
16287,14383,74211.8,5871.75,5307,72510.1,28650.1,78.9033,24.3379
11265.1,10196,72408.1,4815,4544,69444.5,12429.2,60.5929,24.339
9733.1,8036,79376.4,5751.75,5188,72657.4,17804.8,154.131,24.339
33941.7,21481,103552,26926.5,20413,86447.6,20545.3,181.548,24.3411
16305.9,14960,71432.1,11387.3,10672,69928.3,21851.4,51.6388,24.3421
15010.4,13413,73341.1,7806.75,7285,70229.7,6799.02,5.76448,24.3432
14942.8,12617,77617.1,12049.5,10409,75864.7,9986.19,63.2647,24.3453
6197.1,5696,71301.5,3228,2980,70990,11623,50.3032,24.3485
19074.3,17713,70572.5,7774.5,7141,71349.9,8903.03,83.0854,24.3538
11150.8,10804,67639.4,4032,3888,67963.3,9127.96,-5.50304,24.3569
7638.15,7609,65787.1,1880.25,1833,67225.4,9421.13,-76.0341,24.359
12707.5,12113,68752.5,6135,5813,69166.2,6339.82,61.6817,24.3633
16843.4,15872,69547.1,7772.25,7264,70121.4,13240.4,-70.1576,24.3654
15085.2,14117,70030.7,6413.25,5537,75907.3,7731.05,97.7495,24.3664
6777.55,6643,66863.4,3120.75,3015,67834.6,13480.7,6.37337,24.3664
13973.7,13309,68809.1,5044.5,4841,68290.9,9448.05,103.705,24.3664
9952.15,9176,71079.4,4374.75,3912,73288.2,20485.7,-11.0899,24.3664
14777.7,14012,69117.5,5683.5,5452,68318.8,15691,-3.16969,24.3685
12127,11752,67627.5,5894.25,5656,68296.6,15657.6,37.2516,24.3685
10202.4,9568,69881.3,4058.25,3696,71959.3,20015.7,48.2678,24.3706
11249.5,10553,69861.7,5928,5513,70469.3,16151.7,57.013,24.3717
11302.2,10636,69640.9,3374.25,3128,70695.3,12237.2,60.6001,24.3717
14639.9,13504,71048.9,6136.5,5600,71814.6,13612.1,22.7084,24.378
5524.35,5353,67633.8,2519.25,2425,68083.1,15125.4,15.7716,24.378
9463.35,8729,71049.4,6732,6121,72077.8,7839.26,139.885,24.3791
11829.3,11128,69666.4,4056,3852,69006.8,9805.21,39.1915,24.3791
9733.1,8927,71453.8,5409,5039,70348.1,32796.9,7.36744,24.3791
11932,11512,67927.3,2759.25,2684,67373.4,11085.6,-25.3566,24.3812
6461.65,6376,66416.4,2811.75,2760,66764.8,15359.2,125.843,24.3823
8251.75,7756,69725,4086,3800,70468.5,14713.5,-27.213,24.3823
13039,12516,68274.5,4781.25,4660,67241.2,8232.7,0.550603,24.3844
10394.8,10121,67308.9,3520.5,3437,67128.2,10294.4,37.4531,24.3865
11807.3,10985,70441.5,6665.25,6125,71316.5,20379.8,52.5541,24.3886
8542.95,8327,67235.6,3148.5,3063,67365.4,18508.4,10.4844,24.3907
8596.25,7496,75155.3,6852.75,6056,74158.2,9677.48,59.8363,24.3918
14687.4,13204,72898.6,8539.5,7632,73328.7,22204.1,22.3855,24.3928
11123.4,10577,68921.9,5699.25,5397,69206.2,16904.4,-10.9553,24.3928
14145.3,13524,68546.8,5364.75,5044,69703.5,15524.5,112.937,24.397
17857.4,16926,69142.5,11226.8,10170,72345.8,7841,74.5253,24.3981
7786.35,7568,67426.8,3262.5,3008,71080.9,14621.4,114.691,24.4002
7158.45,7180,65339.3,3221.25,3004,70275.6,27574.1,-21.6763,24.4055
14111.5,13150,70327.9,6600,6074,71211.3,12507.4,31.35,24.4076
9731.8,8960,71181.2,6501,5808,73355.6,12929.2,18.4341,24.4087
12103,11371,69754.8,6052.5,5675,69895.4,13057.9,-156.151,24.4097
8205.6,8024,67019.2,4191,3948,69569.8,12512.3,-27.1302,24.4108
9564.1,8964,69923.3,4709.25,4256,72515.4,11279.8,-24.5039,24.416
5972.85,5840,67026.8,2934.75,2692,71445.7,7247.48,-29.5124,24.4182
6742.45,6724,65715.8,2365.5,2340,66250.2,11889,-26.2468,24.4192
8871.85,8578,67781,4305.75,3986,70793.2,12430.8,-66.6872,24.4192
14760.2,12967,74598.9,12075,10887,72687.4,18942.2,-55.7519,24.4224
11890.4,10924,71334,6255.75,5816,70491.2,11159.7,39.1406,24.4224
8638.5,8121,69712.2,4659.75,4237,72074.9,13542.4,93.2311,24.4256
10268,9269,72599.7,7206,6337,74523,27007.1,13.605,24.434
11012.9,10336,69828.2,4224,3940,70259.9,7382.15,-106.057,24.4351
10354.5,9952,68186.5,5106.75,4880,68581.1,13155.4,13.2656,24.4372
8661.25,8184,69357.7,4338,4188,67883.3,17534.2,44.921,24.4403
8055.45,7737,68233.4,3510,3273,70281.5,7427.1,-51.8791,24.4403
9702.55,8921,71277.5,4286.25,3913,71787.3,10588.8,22.8221,24.4435
9290.45,7989,76212.2,5760,5089,74177.1,22451.4,-55.0238,24.4435
13997.1,12153,75480.5,9858,8441,76537.6,23017.3,-60.205,24.4446
14080.3,11905,77510.8,7137,6097,76714.9,17174,155.015,24.4456
13131.9,11525,74673.8,7933.5,6869,75692.2,15662.4,25.2114,24.4477
13653.9,12882,69463,7367.25,6982,69152.1,18234,26.8347,24.4488
10918.7,10097,70869.4,8568.75,7633,73570.2,20853.5,2.65629,24.4498
20306,16626,80041.7,14197.5,11266,82589,23065.4,36.9732,24.452
9182.55,9325,64534.9,3648,3561,67137.1,12269.2,-35.7211,24.4541
13778.7,13013,69392.2,5483.25,5173,69466.5,9786.69,63.2722,24.4562
9214.4,8943,67524.9,5114.25,4907,68304,9545.69,-103.559,24.4572
9458.15,8949,69264.6,2329.5,2193,69615.2,15804.3,-120.134,24.4583
17785.9,15229,76539.5,9824.25,8637,74544.6,7563.65,144.196,24.4583
11857.9,11341,68523.3,4652.25,4461,68345.6,8497.29,-95.7793,24.4593
11066.3,10565,68645.3,3843,3665,68718.9,15773.7,-23.8128,24.4604
8144.5,7829,68177,3805.5,3637,68572.2,13001.5,-64.9886,24.4615
6639.1,5842,74477.9,6684,5814,75342.7,15314.3,-10.0355,24.4615
15966.6,13420,77972.2,9857.25,8300,77831.9,16253.7,65.6092,24.4625
5862.35,5651,67987.1,2677.5,2519,69659.6,16068.9,-72.8439,24.472
13556.4,11586,76681.5,9251.25,8470,71580.9,18437.6,67.2471,24.4741
9469.85,8589,72257.1,7076.25,6285,73786.7,9994.3,-24.4556,24.4752
13962.6,11177,81869.6,11750.3,9965,77276.9,24655.9,102.273,24.4752
21043.1,15588,88470.7,8589.75,6276,89696.9,10951.4,126.868,24.4826
14951.9,14228,68870.6,6179.25,5824,69533.5,25969.7,42.024,24.4836
9572.55,9466,66273.7,4429.5,4318,67228.3,12502.8,86.3901,24.4868
18184.4,15821,75326,9798.75,8349,76915.9,9922.53,44.3471,24.49
16031.6,13244,79330,15100.5,13160,75199.6,16300.1,-120.153,24.4974
13057.2,11025,77616,8604,7473,75454.5,9448.6,43.5049,24.4984
26778,22136,79279.3,12276,9848,81693.7,12765.6,180.98,24.5026
14258.4,12564,74374.3,10413,9200,74176.8,22533,0.0131761,24.5026
7462.65,7446,65682.5,3766.5,3538,69768.6,13493.7,3.79289,24.5048
19099.6,14832,84392.6,14706,11616,82969.4,8731.67,87.3919,24.5079
7390.5,7260,66714,2091.75,2012,68133.7,14601.4,48.4713,24.5079
12216.1,11770,68019.9,4171.5,4014,68107.5,8890.15,22.0259,24.509
12698.4,12033,69160,4843.5,4689,67695.4,6825.56,163.143,24.5143
10570.3,9869,70193,4170,3881,70416.2,20591.6,-22.2739,24.5143
19390.1,15845,80199,17328,13509,84063.1,27785.4,-10.5042,24.5153
6274.45,6036,68125,5144.25,4832,69771,9719.53,-39.0653,24.5164
9630.4,9028,69908.9,4529.25,4288,69223.2,13299.1,26.1602,24.5195
11125.4,10673,68313.9,4567.5,4181,71594.3,11575,76.965,24.5195
7696,7245,69615.6,2965.5,2761,70390.1,9936.7,-26.1734,24.5195
7369.05,6913,69859.4,3573.75,3313,70694,9586.95,-32.1803,24.5206
11467.3,10633,70678.2,8067,7341,72017.3,12513.8,-81.3103,24.5227
17682.6,16464,70386.7,8380.5,7856,69911.5,6669.36,58.2294,24.5259
10713.3,9824,71468.5,7809.75,7172,71363.6,14806.4,63.9436,24.528
8564.4,7089,79175.7,7799.25,6645,76919.7,34005.2,-38.258,24.5301
31825.9,26420,78945.7,19503,15872,80528.5,42723.5,20.7544,24.5322
16899.3,15829,69967.5,8331,7649,71379.3,7058.63,84.8747,24.5343
18693.3,14984,81759.7,14786.3,11960,81022.7,14316.8,97.502,24.5417
11076.6,10426,69625.9,4380.75,4058,70748.4,12269.3,-161.281,24.5417
13379.6,12579,69707.1,6423.75,5987,70316.8,10306.1,-49.4073,24.5417
6955,6716,67868.2,3810.75,3532,70708.2,6684.84,-1.11123,24.5459
18097.3,13804,85918.9,19095,15660,79911.2,53334,107.216,24.5523
10616.4,9825,70815.2,6615.75,6053,71628.9,7033.64,34.1357,24.5533
18443.1,16369,73840,11791.5,10165,76022.4,15226.6,26.0878,24.5554
12246.6,11506,69754.6,4282.5,3970,70694.7,6900.79,-18.3193,24.5565
10737.3,9917,70957.2,4747.5,4365,71278.9,6546.11,-63.886,24.5565
15353.6,14001,71867.5,7731,7265,69739.7,16074.5,92.2759,24.5565
8934.9,8618,67945.9,3499.5,3306,69371.8,15849.3,40.6844,24.5576
15019.5,13289,74070.4,10118.3,9193,72132,13761,45.0628,24.5639
11373.7,9380,79465.5,10545,9216,74986.7,18761.3,26.8149,24.5639
24397.8,21193,75446.2,13911.8,12361,73757.8,19277.7,66.3555,24.5639
12976.6,12465,68225.8,4380,4245,67620.2,8987.97,27.1822,24.5649
11360,10992,67730.4,4473.75,4292,68311.2,25051.1,67.8585,24.5671
9529,8773,71183.5,5266.5,4789,72070.4,18514.9,67.2442,24.5671
10187.4,8872,75253,5949,5192,75091.2,22288.3,-51.5776,24.5671
13885.3,12653,71918.7,7734,6685,75819.8,20509,-20.5508,24.5692
22639.5,20205,73432.4,10188,8877,75214.7,17309.3,8.80949,24.5766
17133.3,14055,79889.8,13591.5,11879,74983.8,18961.1,93.8874,24.5797
5865.6,5817,66083.5,1866,1869,65430.8,10508.7,-32.2149,24.5808
6043.7,5697,69524.3,3185.25,2917,71562.8,23251.9,40.4062,24.5818
14444.3,12156,77872.8,6993.75,6248,73358.3,33664.9,-85.5452,24.584
9638.2,9304,67890,4309.5,4140,68219.2,8761.49,80.5107,24.5882
6090.5,5272,75710.7,5375.25,4648,75790.1,17526,-8.39865,24.5924
9382.75,8352,73624,6046.5,5332,74318,24388,158.183,24.5935
8290.1,7631,71196.4,2398.5,2271,69215.4,15330,-53.8961,24.5935
12602.2,11392,72498,5970,5316,73598.6,15194.7,57.049,24.5977
11909.9,11122,70179,4230.75,4006,69212.8,23157.3,13.7497,24.6008
5798,5474,69415,1277.25,1266,66118.4,8095.79,-12.3443,24.604
16060.8,13348,78855.6,10697.3,8816,79520.8,16796.8,91.3888,24.6093
13062.4,12401,69031.3,3749.25,3617,67932.2,10285.1,40.8935,24.6093
16397.5,14052,76475.2,11220,9732,75556.3,19193.4,15.6187,24.6103
9162.4,8326,72119.5,4971.75,4518,72117.9,25430,48.0643,24.6125
11607,11045,68871,5408.25,5137,68996.5,7838.86,64.2054,24.6135
7356.05,6241,77245,5638.5,4901,75397.8,10047.5,92.5024,24.6156
14716.6,13663,70589.9,5204.25,4911,69449.3,7601.24,-124.986,24.6167
5793.45,5509,68919.9,2279.25,2097,71231.7,6530.85,37.5946,24.6177
13611,12840,69471.2,4611.75,4424,68317.3,14689.8,103.508,24.6199
5257.85,5076,67883.9,2694,2564,68858.8,13067.8,-77.8911,24.6209
11961.3,11041,70998.6,3145.5,2833,72765.1,16505.6,32.0597,24.6209
7961.85,7712,67659.2,2763,2644,68485.6,11555.3,107.066,24.6209
12987.6,12196,69790,7077,6580,70486.1,10414.7,15.9486,24.6241
11706.5,10768,71247.9,5343,4864,71989.9,7561.33,55.6158,24.6272
19542.3,17153,74664.5,11022,9829,73490.5,19143.1,25.0806,24.6272
7709,7218,69994,3752.25,3510,70059.1,9727.51,-98.4056,24.6283
9287.2,7820,77832,5232,4648,73770.3,22804.5,-36.117,24.6294
8188.7,7572,70873.6,2784.75,2564,71178.4,8650.02,50.4149,24.6325
6663.15,6270,69645.3,2724.75,2601,68654.1,6885.17,114.121,24.6336
18994.9,17417,71473.5,6025.5,5673,69608.2,8524.6,-1.18037,24.6346
13370.5,12601,69538.1,5175,4953,68473.4,8390.72,-23.5353,24.6346
20049.3,14777,88918.4,8136,5913,90174.3,22472.9,153.095,24.6367
8514.35,8032,69471.7,3348.75,3220,68156.4,8613.21,33.2163,24.6378
13699.4,12876,69726.9,6369,5880,70986.2,11439.2,60.6301,24.6389
7961.85,7337,71117.3,3031.5,2761,71956.7,11022.8,150.946,24.6399
9160.45,8448,71062.9,5277,4784,72289.6,7108.81,-48.4272,24.641
7087.6,6728,69038.8,2572.5,2488,67761.8,16149.7,-43.6069,24.6431
13472.5,11637,75873.3,11424.8,10129,73919.7,16009.1,40.6784,24.6441
11382.8,10666,69940.3,6834,6510,68797.7,10890.1,-152.629,24.6441
8875.1,7617,76360.6,8049,7153,73745.2,9787.91,-22.7278,24.6452
15517.4,13904,73140.9,7913.25,7104,73001.5,23420.6,94.5798,24.6463
10622.9,10037,69361.9,4148.25,4017,67677.3,22737.7,-43.8545,24.6473
11089.6,10339,70294.2,3966,3776,68833.6,10239.4,13.3752,24.6473
22824.1,17948,83340.8,14667,12252,78453.9,18327.3,40.5912,24.6473
8899.8,7765,75113.6,7428,6581,73970.7,18441.4,-58.3131,24.6484
7852,7445,69118.7,2907,2833,67247.8,6852.99,-2.83755,24.6515
6927.05,6469,70176.4,3013.5,2853,69222.8,14540.8,-24.6265,24.6547
21788.6,16864,84673.9,14859.8,12208,79771.3,11432.6,13.3303,24.6568
17992,15109,78041.1,9773.25,8149,78598.6,10656,-18.4605,24.6568
5402.8,5112,69264.1,2601.75,2476,68864.4,17509.3,-59.998,24.661
13800.1,11928,75822.1,10961.3,9832,73063.1,19194.9,-99.6214,24.6653
25837.5,19285,87803.3,17779.5,13937,83604.6,13977.5,11.5147,24.6663
13551.8,12446,71359,5515.5,5278,68485,10314.4,-58.8676,24.6674
7985.9,7275,71940.1,4034.25,3759,70334.8,7355.3,8.32358,24.6684
7328.75,7078,67857.7,2877.75,2674,70529.6,15468.1,-63.3613,24.6716
14729,13846,69715.4,4929,4710,68583.2,14075.6,138.791,24.6737
17801.5,15413,75692.1,9001.5,7989,73841.8,12692,29.623,24.6758
12337,11513,70226.5,8533.5,7997,69932.6,19419.9,105.91,24.679
9311.9,8697,70169.6,3356.25,3213,68457.9,12411.1,-37.4464,24.6811
10715.9,9445,74354.4,6009,5429,72537.5,14276.5,51.0635,24.6853
9436.05,8802,70256.9,3384,3154,70315.1,7661.25,-8.88792,24.6874
9431.5,8984,68800.4,3825.75,3688,67983.8,8524.36,64.1796,24.6885
14164.1,13173,70467,4850.25,4581,69387.9,16709.2,-89.208,24.6895
8551.4,8144,68814.4,2634,2544,67854.5,14561.6,-192.327,24.6927
7398.3,6886,70411.7,2448,2278,70426.8,22764.1,70.5245,24.6938
12482.6,11580,70644.2,4426.5,4088,70962.6,20418,-44.6273,24.6938
9044.75,7973,74345.5,6391.5,5749,72860.2,15826.4,54.4452,24.6991
10300.5,10126,66665.7,5491.5,5326,67572.5,12059.6,-4.75322,24.7054
21478.6,18594,75703,14412,12118,77942.3,7665.56,-87.1481,24.7075
19548.1,17495,73226.9,13543.5,12343,71910.1,16710.6,162.772,24.7096
13545.3,11803,75210.4,9195.75,7803,77233.5,18918.2,-11.891,24.7107
12389,12030,67491.7,5805,5438,69958.9,6804.54,-69.0557,24.7117
5391.1,5464,64661.6,1675.5,1640,66954.6,14768,56.205,24.7138
6547.45,6511,65902.9,3248.25,3045,69910.4,13681.1,-40.0742,24.7149
16610.8,15711,69289.2,7374.75,6799,71085.7,13794.7,-71.0384,24.7149
10701.6,9387,74714,8526.75,7647,73075.6,23996.9,27.4782,24.717
10257.6,9896,67931,4291.5,4172,67413.2,6512.49,-2.82475,24.7191
9833.2,9034,71333.7,5505,5050,71440.7,25928,11.9256,24.7223
7845.5,7779,66096.2,2970,2871,67795.9,6714.64,28.1277,24.7233
6884.15,6649,67853.8,3009.75,2841,69428.7,17321.9,-61.711,24.7254
17724.8,15405,75405.1,11687.3,10029,76372.1,11299,41.7154,24.7254
12544.3,11760,69907,5247,4868,70638.3,8479.34,55.5813,24.7254
8473.4,8069,68820.5,6612.75,5761,75225.3,20319.3,-11.9436,24.7276
9136.4,8876,67458.7,4377.75,4044,70944.7,6871.69,-109.478,24.7307
11222.3,11021,66732.7,5787.75,5549,68355.7,10443.9,70.1275,24.7328
5517.2,5972,60545.1,2580.75,2484,68088.6,10136.5,68.4191,24.7371
13302.9,11964,72870.2,7744.5,6728,75437.5,12332.6,210.237,24.7423
8383.7,7993,68739.4,5246.25,4685,73387,12420.7,-8.20679,24.7497
9410.05,8321,74113.3,7274.25,6353,75039.4,8884.14,-4.63388,24.754
17695.6,16532,70148.7,8660.25,8020,70767.9,11781.4,-4.44276,24.754
13060.4,12640,67716,5151.75,4724,71470.2,22091.7,92.9098,24.7592
11623.9,10548,72221,4215,3856,71637.5,15367.2,111.222,24.7614
9023.95,8028,73666.4,5135.25,4472,75255.8,12511,-21.1102,24.7687
10114,9243,71711.7,3515.25,3263,70602.3,9827.65,66.7107,24.7709
15187.2,13909,71558.8,8015.25,7301,71947.3,10826.2,18.5131,24.7719
8488.35,7703,72217.6,6257.25,5619,72980.1,6666.57,-60.4505,24.773
12020.4,11225,70180.1,4785,4461,70295.9,14017.7,-10.8468,24.774
9113,8681,68797.3,4134.75,3949,68618.6,11430.2,-10.7496,24.7761
17696.9,17106,67799.8,5241,4950,69388.7,11885,110.493,24.7793
12561.9,11272,73035.5,7958.25,7196,72478,16430.5,-110.697,24.7804
9306.05,8645,70547.3,4011.75,3717,70732.9,17119,-56.5434,24.7825
10273.9,9056,74349.6,8347.5,7440,73529.8,18990.2,-11.0337,24.7825
17116.4,16237,69085.6,5111.25,4925,68014.4,6800.64,66.8244,24.7856
14987.7,13793,71212.5,6018,5681,69423.6,11525.7,137.167,24.7899
8265.4,7531,71926.9,3963.75,3649,71188.9,7643.81,-87.1473,24.7899
15694.9,13755,74778.7,12375,10651,76143.8,45385.6,17.2143,24.793
5989.75,5598,70122.2,2580,2462,68677,6469.56,-9.70314,24.7941
5685.55,5402,68976,2772,2554,71129.9,7209.69,90.0291,24.7941
24347,20285,78659.5,16040.3,13805,76147.3,13221.2,14.9831,24.7941
16145.3,14917,70932.6,4451.25,4129,70650.8,33341,-68.333,24.7951
10210.8,9908,67539.2,4489.5,4352,67606.6,9701.27,-27.0246,24.7994
10312.3,9266,72935.9,7218.75,6518,72581.8,22706.2,18.0667,24.7994
8050.9,7713,68407.1,3104.25,2997,67881.3,8106.44,-103.505,24.8015
11311.9,10281,72107.8,5316.75,4969,70122.5,11224.4,19.3582,24.8025
6897.8,6461,69966.6,3306,3149,68803.4,18436.2,110.247,24.8036
15359.5,12920,77910.2,8530.5,7452,75020.8,32754,44.3491,24.8036
12762.8,11773,71045.6,4622.25,4313,70235.1,11688.6,19.3407,24.8046
18738.2,16304,75320.6,11032.5,9636,75033.8,24147.1,7.69252,24.8057
8284.25,7556,71852.4,7054.5,6676,69251.6,9550.53,-45.0789,24.8078
12432.5,11777,69184,5018.25,4709,69839.9,26815.1,-13.0478,24.8078
11251.5,10170,72505.2,6389.25,5610,74639.2,20177.2,63.7417,24.811
12186.2,11703,68241.9,4133.25,3955,68489.7,11756.6,-66.6618,24.8131
12470.3,11684,69946.1,5298.75,5076,68411.9,9554.1,171.641,24.8152
10795.8,10120,69912.7,6026.25,5596,70574.8,15467.3,52.7387,24.8152
12717.9,11929,69870.1,5259,4857,70960.2,26936.9,91.0077,24.8184
7701.85,7256,69562.9,1839,1692,71229.7,10019.8,29.7234,24.8184
5713.5,5477,68365.9,2603.25,2401,71056.5,26058.2,-11.2993,24.8205
12808.3,11742,71487.1,6758.25,6154,71970.9,16245.2,7.12948,24.8215
8857.55,7993,72624.6,5011.5,4441,73954.9,20968.4,73.172,24.8226
9077.9,8742,68054.1,3431.25,3318,67772.9,19560.9,-73.8351,24.8247
12888.8,11992,70437.3,5808,5288,71980.5,11993.8,-6.47074,24.8289
12150.4,11508,69194.6,9291.75,8736,69705.1,9489.41,-22.7166,24.8321
6289.4,5977,68961.4,2520,2393,69014.1,13452.9,42.4944,24.8342
11066.9,10473,69252.4,3707.25,3357,72373.6,29259.5,119.3,24.8363
9384.7,8901,69097.4,3875.25,3573,71079.9,12088.1,-48.6143,24.8363
7707.7,7557,66842.9,3171,2997,69340.9,7451.3,8.31997,24.8363
6022.25,5801,68035.5,2817.75,2681,68878.8,17454,-27.3159,24.8374
7646.6,7384,67866.7,3192.75,3000,69746.7,12231.8,-0.459689,24.8384
12867.4,12733,66227.8,4292.25,4153,67733.4,13001.4,-64.1286,24.8437
9546.55,8864,70582.4,6576.75,5616,76747.5,20376.4,-22.2658,24.8437
11001.9,10088,71473.1,5339.25,4892,71527.6,17380,41.4868,24.8469
10682.1,9162,76409.3,6750,5786,76454.9,26163.6,82.4367,24.8479
11005.8,10321,69884.3,4977.75,4385,74394.9,11217,27.0984,24.8501
14507.3,12591,75510.6,6645,5743,75829.1,14507.1,-51.2852,24.8501
11174.8,9740,75190.1,4918.5,4280,75312.8,26006.6,85.0226,24.8511
9109.75,8377,71268.5,6352.5,5817,71569.1,11640.9,-64.0775,24.8532
15945.1,12293,85006.2,12606,9937,83138.5,41691.1,-19.6268,24.8543
9069.45,8520,69762.4,6505.5,5772,73864.3,24473.5,-48.2198,24.8585
7697.3,7616,66235.6,3670.5,3444,69846.1,16294.8,-74.5724,24.8638
12171.9,11741,67941.2,7107.75,6793,68572.6,11982.3,-75.2703,24.8638
7629.05,6884,72628.9,5328,4768,73233.2,17082.5,-23.862,24.8669
13321.7,12266,71176.8,4074.75,3790,70459.9,7458.27,-38.9803,24.8691
33608.9,23092,95383.4,36812.3,25204,95720,43210.1,300.236,24.8701
14170,12528,74125.6,10128.8,8704,76263.5,12184.7,-2.17792,24.8733
21656,12866,110310,11436.8,6418,116784,25534.5,80.7404,24.8775
8311.55,7816,69691.1,3819,3576,69989.4,11233.1,4.73784,24.8786
15806.7,13508,76688.5,10971,9856,72950,26382.4,40.2885,24.8786
11073.4,9960,72862.1,6236.25,5612,72825.9,12901,-3.06484,24.8828
11634.3,10676,71418.9,4602,4208,71672.2,10335.5,-76.9284,24.8828
14592.5,13213,72378.3,6170.25,5565,72663.7,31249.3,55.5856,24.8849
10406.5,9489,71872.7,6689.25,5861,74797.3,15432.3,-30.68,24.886
21037.9,18561,74281.5,11429.3,9973,75105.5,6601.85,-13.1481,24.8923
13044.2,12344,69253.5,4511.25,4364,67747.3,12477.2,15.0111,24.8923
12006.1,9452,83245.4,11349.8,9624,77287.7,24863.9,-52.5344,24.8944
16133,14501,72911.7,6590.25,5985,72163.5,10376.8,29.71,24.8965
13999.7,13496,67981.9,4967.25,4780,68103.3,8026.66,-73.4016,24.8965
9708.4,9072,70133.3,6342,5748,72308.5,13130.1,1.22655,24.8976
27395.5,17997,99760.8,13611.8,8317,107257,11265.6,108.797,24.8986
9959.3,9017,72384.7,8487,7277,76433.2,13913,2.91713,24.9007
15148.2,14267,69584,5508.75,5163,69924.7,6967.53,26.3981,24.9018
12112.8,11832,67091,6125.25,5720,70179.1,12395.2,71.7742,24.9029
15557.7,14092,72352.6,11112.8,9900,73564.2,13182.2,104.425,24.9071
13767.6,12636,71405.3,6452.25,5900,71670.3,18700.4,54.3372,24.9081
12083.5,11685,67771,5057.25,4885,67846.9,14176.3,145.667,24.9124
10859.5,10733,66308.7,5115.75,4813,69658.4,6360.78,-9.23905,24.9134
13435.5,13341,66000.2,3441,3373,66857.2,7418.37,96.9012,24.9145
14009.4,12521,73326.7,7593,6493,76638.7,27842.2,-44.0464,24.9197
11778,10589,72894.8,5677.5,4829,77051.3,12756.5,65.7406,24.9261
11770.2,10849,71100.7,4632,4149,73165.3,33043,59.8182,24.9356
9009,8132,72603.8,4272,3892,71934.7,12462.8,-126.028,24.9377
28154.7,22628,81542.8,16625.3,13444,81043.8,20574.1,87.8068,24.9377
19661.2,18428,69921.7,7710,7292,69292.7,13194.8,62.2841,24.9388
10962.9,9833,73066.7,5533.5,4937,73454.2,26246.1,10.1936,24.9388
9987.25,9002,72708.8,5493,4842,74347.2,13667.5,24.4264,24.9419
11073.4,10100,71852.1,5374.5,5060,69609.3,13195.8,-21.9959,24.9493
7850.7,7140,72059.3,1706.25,1604,69713.7,12256.8,-65.8206,24.9493
11596,10693,71070.4,5288.25,4949,70028.4,10671.3,-47.701,24.9525
10645,9565,72936.1,5585.25,5241,69840.7,28171,50.5413,24.9567
16491.8,14969,72203,4947,4749,68268.4,16339.7,-2.33407,24.9567
19664.4,16096,80065.2,13765.5,12192,73994.1,16732.3,82.7912,24.9588
11621.3,10297,73964.9,4879.5,4489,71237,9941.27,17.6864,24.9641
9666.8,8651,73231.2,5035.5,4655,70892.9,19452.4,57.7489,24.9652
12630.1,10813,76549.5,9623.25,8873,71077.3,17550.2,78.4604,24.9652
14409.2,12948,72931.8,8087.25,7376,71855.5,23863,68.7632,24.9662
14119.3,12724,72722.6,4194.75,3872,70998.7,7192.3,91.7497,24.9673
10196.5,9420,70938.5,5782.5,5256,72100.8,7870.24,3.14422,24.9704
16331.2,14813,72253.1,8894.25,8141,71599.8,20773.7,-2.50071,24.9736
16081.6,14137,74551,9499.5,8413,73999.7,20422.2,146.292,24.9747
4999.8,5008,65428.7,2437.5,2384,67006.7,8596.16,93.4169,24.9747
11853.4,10923,71118.2,4921.5,4559,70747,22209.5,29.2653,24.9768
9185.8,8825,68215.4,6419.25,6153,68371.8,13027.3,-104.55,24.9799
11990.5,11601,67736.6,5062.5,4817,68876.1,10260.3,50.3544,24.982
6009.25,6268,62830.6,2721.75,2668,66856.3,19954.3,110.19,24.9831
10956.4,10397,69062.1,4431.75,4089,71029.4,14597,12.3514,24.9852
12711.4,12488,66708.4,3426,3336,67304.1,15022.3,-59.9046,24.9894
6087.9,6043,66022.9,2327.25,2303,66226.1,14808.6,109.523,24.9937
10350.6,9976,67996.9,5124,4860,69096,13528.7,14.9716,24.9947
15135.2,14220,69754.1,4558.5,4220,70792.9,11264.7,21.9367,24.9958
8093.8,7824,67795.9,4116.75,3828,70479.5,8871.66,9.98659,24.9958
7461.35,7069,69173.4,6494.25,5693,74759.7,11576.4,42.5649,24.9968
20190.9,9877,133971,13497,6821,129679,33715.5,35.7129,24.9989
8651.5,8233,68867.3,4949.25,4589,70680.8,17629.3,118.877,25.0011
9373,8713,70500.3,5823.75,5133,74355.2,19301.2,-61.7854,25.0011
12168.6,11625,68600.8,5204.25,4889,69761.9,17152,130.935,25.0032
14121.9,12789,72366.3,4812.75,4389,71863.4,15227.1,-60.7723,25.0074
18869.5,15810,78218.3,8918.25,7718,75727.7,28560.2,59.9867,25.0137
5970.25,6017,65026.8,2569.5,2513,67009.5,12719.5,-38.318,25.0148
12469.6,11689,69912.5,7441.5,6697,72821.6,19838.8,110.194,25.0148
12299.9,10973,73461.2,6925.5,6317,71848.9,12097.6,-19.3746,25.0253
15388.7,14541,69356.8,7089,6813,68190.9,15507.4,84.5572,25.0285
12764.7,11265,74260.8,7521,6869,71756.6,14726.8,253.147,25.0296
14762.8,13544,71433.5,4941.75,4524,71587.7,14890.1,-57.3196,25.0306
6727.5,6596,66842.5,3141.75,2996,68724.2,12274.8,-21.9613,25.0306
13264.5,12917,67299.3,4464,4321,67704.9,16756.6,70.7503,25.0317
6645.6,6452,67502.5,2736.75,2640,67937.8,7619.85,-51.8864,25.0348
18619.9,14712,82944.1,9554.25,7784,80440.3,31548,-35.5856,25.0348
8864.7,8581,67702.7,3612.75,3397,69698.3,7289.12,-25.2139,25.038
12515.1,11541,71067.5,8530.5,7473,74810,10549.9,-84.6765,25.038
18553.6,16813,72320.8,12153.8,10957,72694,12125.5,202.504,25.038
8384.35,8022,68496.2,1448.25,1394,68086.5,7389.11,-1.27769,25.0412
12922.6,12300,68853.6,2294.25,2200,68343.6,12918.1,51.9745,25.0412
12530,10574,77659.3,9477,8430,73675.5,6809.85,37.5841,25.0412
10616.4,9724,71550.8,7036.5,6568,70210.7,7602.21,77.9743,25.0443
10406.5,9728,70107,3288.75,3124,68992.2,20861.5,86.076,25.0465
9221.55,8606,70223.5,3483.75,3130,72942.8,14196.6,37.3065,25.0539
10962.9,10240,70162.6,5841.75,5444,70324.2,10121.1,46.9196,25.0539
11320.4,10329,71826.3,4998.75,4585,71450,19167.2,6.15967,25.0539
11456.9,10608,70780.5,3978.75,3684,70779.4,21880.4,-7.7023,25.0539
5893.55,5717,67559.9,2228.25,2165,67450.6,9933.17,87.3467,25.057
7065.5,6914,66972,2462.25,2322,69494.4,10990.4,27.967,25.0581
16123.2,13241,79801.6,8766.75,7385,77797.9,10920.6,-70.0704,25.0581
11313.9,10468,70831.8,5390.25,4980,70934.8,15893.1,-105.517,25.0623
14668.5,13475,71340.9,5604,5191,70750.1,20650.9,93.8239,25.0623
6097.65,5917,67536.9,2317.5,2221,68383.5,21277.9,49.0803,25.0644
6035.9,5825,67908.8,2599.5,2469,68999.9,6507.2,122.735,25.0644
9779.25,9434,67934.4,4163.25,3866,70575,9598.34,10.8193,25.0665
9684.35,9045,70168.4,6507.75,5809,73419.2,11136.2,-28.7985,25.0686
16992.9,15183,73348.5,8612.25,7564,74618.3,32032.5,9.11617,25.0707
11733.8,10980,70035.2,6111,5524,72500.1,7696.19,12.6108,25.0718
21869.3,18370,78019.8,13131,11277,76310.5,27803.2,18.7351,25.0739
10778.3,9708,72761.3,5820,5192,73462.9,13077.6,-52.0915,25.0803
11872.9,10712,72638.4,3923.25,3640,70635.8,6733.98,47.9069,25.0813
9433.45,8286,74611.5,4978.5,4538,71897.5,12517.5,-71.8504,25.0834
8251.75,7505,72056.9,3190.5,3109,67254,9222.12,-19.2666,25.0855
10081.5,9178,71987.5,3598.5,3450,68356.9,11348.2,-8.16648,25.0887
8054.8,6932,76151.1,3648.75,3348,71423.1,17415.9,-10.9745,25.0887
10581.3,9553,72590.7,2639.25,2565,67433.1,10591.2,110.542,25.0898
10168.6,9116,73103.3,4349.25,4200,67864.9,8273.89,162.229,25.0898
14638.6,12391,77423.8,8771.25,7815,73555,12488.6,76.0707,25.0908
9228.7,8104,74631.3,6376.5,5804,72000.4,13137,115.606,25.0929
15123.5,13273,74673.2,7473,6905,70926.9,11985.2,15.0296,25.094
19194.5,17429,72174.6,7568.25,7265,68271.6,11783.9,90.7171,25.0961
12423.4,11285,72147.4,3380.25,3141,70527.9,6852.83,-27.7775,25.0993
7211.1,6873,68759.9,3175.5,3129,66509.9,9031.7,6.54058,25.1014
14431.9,13003,72738,5294.25,4907,70708,7371.4,22.083,25.1014
13636.3,11916,74997.6,9366.75,8408,73009,6374.47,15.2404,25.1014
11834.5,10556,73473.8,6693.75,5912,74201.9,17151.8,169.635,25.1024
8269.3,7046,76914.1,6645.75,5830,74706,16628.1,20.0151,25.1035
9670.05,8784,72146.7,3172.5,2992,69489.6,8849.17,-79.4526,25.1077
13465.4,11777,74931.5,4095.75,3781,70991.6,7928.63,40.122,25.1119
16264.9,14553,73245.4,6241.5,5869,69695.5,12727.1,39.9417,25.113
6330.35,5632,73662.3,2860.5,2692,69638.1,11125.5,-35.6781,25.114
13453.7,10861,81180.5,10145.3,8653,76838,31541.6,111.475,25.114
9194.25,8636,69772.4,3074.25,2936,68621.9,8629.56,8.27569,25.1172
15907.4,13100,79581,9689.25,8360,75956.3,32564.7,75.3162,25.1172
11620,10489,72602.9,8423.25,7881,70045.2,15267.4,21.7862,25.1193
18796,16744,73567.7,5849.25,5036,76119.2,19383.2,42.2715,25.1204
7898.15,7111,72790.5,2781,2551,71444.8,24321.5,-86.914,25.1257
25126.4,21592,76263.6,17079,14812,75566.4,16456.4,-43.6185,25.1278
13495.3,11720,75463.1,8903.25,8136,71716.3,11881.8,85.5535,25.132
14708.8,13957,69066.4,6783.75,6385,69628.8,7921.93,30.6623,25.1341
11578.4,10916,69513.1,5655.75,5252,70574.1,19578.4,21.6242,25.1362
10950.5,10558,67972.7,2933.25,2782,69099,9431.85,-78.6145,25.1383
10459.1,10361,66156.8,3394.5,3213,69238.1,14033,82.8926,25.1383
5199.35,5238,65052.4,3103.5,2934,69322.1,6927.77,-44.9804,25.1415
8680.1,8168,69644.8,5889,5224,73878.5,12487.1,85.5307,25.1415
32649.5,26449,80899.8,18789.8,14753,83468.1,34509.8,89.0031,25.1436
12786.8,11012,76098.4,7058.25,6000,77094.9,16234,-38.4501,25.1468
11718.2,10301,74552.4,8592.75,7773,72447.5,12108.2,-55.495,25.1478
11336,10576,70245.5,4940.25,4596,70444.8,16601.2,71.6161,25.1489
11358.8,10941,68038.3,5631.75,5229,70583.7,6542.99,35.8741,25.1499
6155.5,6044,66745,2376,2316,67233.8,6932.06,2.31948,25.1499
11940.5,11114,70409.6,5232.75,4666,73496.3,11155.9,-84.6992,25.1542
16174.6,13905,76232.9,11095.5,9845,73860.3,28693,41.9217,25.1542
21912.1,11292,127173,11987.3,6920,113526,7756.25,74.5285,25.1552
7073.95,7025,65992.6,2851.5,2753,67880.8,6529.68,-64.7454,25.1563
10786.8,10010,70621.4,3998.25,3610,72584.3,9612.97,33.1787,25.1616
5780.45,5553,68220.3,2031.75,1873,71090.6,16380.2,-73.7156,25.1637
9726.6,9399,67820.2,2981.25,2791,70003.3,8966.29,-18.397,25.1658
39234,29066,88462.1,33217.5,24510,88818.5,59745.3,192.975,25.1658
13926.2,11925,76534.2,10714.5,9281,75658.4,44459.8,65.4091,25.1658
12131.6,10914,72847.4,9719.25,8306,76686.8,12906.1,79.495,25.17
21802.3,18868,75728,15190.5,12692,78437.2,14501.3,70.835,25.1711
8353.8,8217,66627.1,4023.75,3737,70564.8,11657.6,-13.3381,25.1732
11311.9,11238,65967.2,4598.25,4450,67719.3,16012.5,-80.5818,25.1732
11660.3,11440,66798.3,4524,4388,67567.2,11943.9,-10.7689,25.1732
14067.3,13649,67544.5,5334,5169,67628,6768.2,122.726,25.1774
12208.3,11492,69620.9,6463.5,6048,70038.4,8318.66,48.7074,25.1795
8889.4,8024,72604.2,6113.25,5468,73269.6,13912.2,-5.68284,25.1816
9538.1,8963,69741,4999.5,4535,72248.6,29206.6,-19.1576,25.1816
12243.4,11337,70775.6,7921.5,7273,71379.5,12003.4,-4.75111,25.1859
13185.9,12673,68188.4,4967.25,4721,68954.4,9023.3,52.9809,25.1859
11251.5,10692,68965.4,4591.5,4276,70371.5,20937.6,-52.3869,25.188
11425,10611,70563.8,5988.75,5511,71217.3,11524.8,14.1869,25.1901
18610.1,16511,73868,9272.25,8079,75215.5,14466,8.91635,25.1911
10999.3,9672,74529.6,8877,7848,74128.8,29073.9,-73.3326,25.1922
7958.6,7722,67544,3093.75,3022,67092,7830.03,115.806,25.1964
12287.6,10692,75316.1,10155.8,8896,74816.5,31096.1,-30.4086,25.1975
9974.9,9181,71203,3795.75,3481,71461.7,11100.4,-4.71717,25.2027
15024.1,13033,75548.2,12723,11449,72828.6,30661.3,136.448,25.207
11300.9,10163,72873.7,8224.5,7555,71343.6,20061.2,-109.114,25.207
7202,7236,65228.1,2915.25,2864,66708.7,11833.7,-11.6247,25.2122
10373.3,8524,79754.6,7386.75,6424,75357.7,17176.4,27.7345,25.2133
16994.3,13863,80338.7,12981,11011,77261.2,24632.3,53.2543,25.2133
11643.4,10661,71575.4,4779,4353,71949.6,10105.8,22.8402,25.2175
12899.9,12415,68095.7,6045.75,5615,70563.5,8592.28,166.517,25.2175
6045.65,5760,68786.1,3672,3456,69632,8055.6,198.357,25.2175
8544.25,8321,67294.3,3827.25,3589,69886.5,7072.44,-26.0658,25.2207
8060.65,7469,70727.4,7048.5,6221,74253.4,13119,18.427,25.2228
14382.5,13136,71755.1,5193,4740,71799.3,10105.4,36.6002,25.226
14684.1,13245,72656.9,10242,8909,75341.8,24989.2,0.780869,25.2281
9780.55,9372,68392.9,3563.25,3356,69583.2,12657.3,41.6643,25.2291
10584.6,9959,69652.8,3889.5,3619,70434.5,10866.4,40.0116,25.2291
7236.45,6977,67973.1,2625,2433,70707.8,13166.6,85.5052,25.2313
9841.65,9062,71174.4,3852,3526,71595.2,11563.7,-118.255,25.2323
8293.35,8151,66680.5,2826,2711,68316,7670.25,-53.6083,25.2344
10540.4,9093,75967.8,7058.25,6261,73881.1,20710.8,-3.35834,25.2344
13979.5,13298,68894.9,4744.5,4338,71677.2,31503.1,-45.9039,25.2386
6126.9,5908,67964.2,3250.5,3092,68895.5,6460.88,-4.54281,25.2397
15076.7,13992,70616.8,8694.75,8296,68686,32348,-77.7557,25.2397
14431.3,13469,70218.3,7173.75,6697,70201.4,6985.87,-31.2225,25.2408
10973.3,10316,69711.7,4675.5,4300,71259,11443,-127.71,25.2418
12004.8,11341,69372.2,4364.25,4093,69879.2,18188.1,-78.9435,25.2439
10784.1,9820,71970.5,4620,4252,71208,12419.9,-132.907,25.2439
7502.3,6984,70399.6,4505.25,4076,72437.7,24730.3,-77.4694,25.245
8020.35,8132,64636.2,2748,2676,67299.3,7861.35,37.5446,25.2482
14435.8,12816,73819.3,9315.75,8288,73662.8,10482.8,88.186,25.2503
8565.05,7082,79260,5269.5,4622,74717,22848.3,-92.8787,25.2524
5747.95,5457,69030.2,2070.75,2017,67282.4,8576.77,127.818,25.2587
16740.1,15484,70852.4,6878.25,6408,70345.4,20295.6,-34.3027,25.2682
9212.45,8212,73520.1,7315.5,6436,74491.7,15797.3,62.1863,25.2682
12939.5,11778,71999.2,5835.75,5250,72847.9,8324.15,-16.6528,25.2735
9861.8,7741,83490.9,7595.25,6525,76285.4,8575.23,137.278,25.2756
9015.5,8352,70742.3,3787.5,3476,71409,12595.2,-14.2333,25.2767
9811.75,8957,71790,3375.75,3145,70344.4,9447.32,40.925,25.2788
18148.6,16217,73342.2,8201.25,7181,74847.1,27249.3,85.8359,25.2788
12236.3,11085,72342.4,4140.75,3837,70724.1,19619.7,56.8827,25.2819
23097.1,20313,74518.4,6951,5901,77197.2,32094.4,147.574,25.2851
13456.9,12480,70666.2,4755.75,4464,69819.2,8912.5,157.905,25.2851
11704.5,10978,69873.3,4548.75,4214,70742,16843.6,52.687,25.2872
31978,20624,101615,34265.3,21028,106791,72498.4,183.035,25.2872
6469.45,6032,70288.8,4373.25,3952,72521.6,10947.4,-58.0314,25.2914
5467.15,5633,63606.5,1530,1473,68072,11558.4,7.30562,25.2914
13365.9,11679,75002.2,9341.25,8492,72090,13973.7,-139.845,25.2957
8038.55,6948,75822.5,5679.75,5092,73100.6,35709.7,-16.822,25.2978
14464.4,11812,80252.5,10980,9524,75554.9,13987.3,82.8943,25.2999
7883.2,7448,69365.4,3395.25,3276,67921.6,21071.8,-24.8719,25.302
6096.35,5880,67947.3,3226.5,3052,69283.1,13668.9,131.926,25.3052
7072,6933,66849.9,3433.5,3313,67919.7,7447.67,-46.7199,25.3062
8450.65,7215,76759.8,6607.5,5883,73606.9,22295.1,-69.6379,25.3105
11080.5,10218,71068.2,5375.25,4926,71512.9,7488.39,-49.3014,25.3115
16530.8,15661,69175.8,4451.25,4201,69439.9,8043.45,128.698,25.3126
8487.7,7713,72118.5,3513,3125,73673,8359.17,3.98585,25.3136
13562.9,12748,69725.3,4466.25,4252,68838.2,13766.5,193.843,25.321
14748.5,12773,75671.9,8613.75,7457,75702.1,14119.3,100.949,25.3252
8305.05,7275,74815.1,4628.25,4047,74948.6,14553.1,43.3131,25.3284
11153.3,10257,71263.1,4238.25,3925,70766.4,8819.92,81.3685,25.3305
7169.5,6588,71320.6,2736,2540,70593.1,12258.4,39.9593,25.3305
13247,11449,75828.1,10665.8,9261,75476.8,14641.6,70.8298,25.3316
13425.1,12365,71154.7,4758,4445,70150.8,9266.04,-51.0882,25.3337
8419.45,7847,70316.9,4120.5,3891,69401.5,20712.5,-14.5384,25.3347
12710.8,11608,71761.9,6348.75,6040,68886,11811.5,2.99611,25.3347
6216.6,5937,68622.4,1922.25,1861,67692.9,9796.47,-17.5682,25.3379
7960.55,7717,67604.3,3637.5,3573,66719.1,15519.5,12.3168,25.3379
16130.4,13555,77987.6,12052.5,10627,74327,24827.4,150.427,25.3411
12001.6,10758,73111.8,4305,3894,72453.1,14744.4,7.18588,25.3421
12840.1,11509,73115.7,6191.25,5617,72236,15966.8,-107.24,25.3453
12806.9,11902,70518.9,6870.75,6398,70378.5,20303.6,94.697,25.3474
13582.4,11989,74246.1,6468,5557,76279.8,11344.9,-4.72636,25.3516
11500.4,9324,80833.7,7084.5,6076,76413.7,8578.97,21.1776,25.3559
11276.2,10557,70000.7,4890.75,4445,72108,12344.9,64.0361,25.3559
17693.6,15111,76736.9,9563.25,8183,76590.1,16153.4,117.213,25.3569
9883.25,9261,69939.4,3482.25,3337,68388.6,15024.7,-8.30465,25.358
12099.1,11871,66795.3,4082.25,3983,67169.1,14453.1,19.2368,25.3706
9894.3,9256,70055.4,3942.75,3640,70986.8,11839.4,125.975,25.3728
10686,10007,69982.8,5900.25,5331,72534,8688.12,-19.2465,25.3801
7464.6,7641,64023,2286,2237,66971.5,10548.2,-127.676,25.3812
8347.3,8349,65522.7,2863.5,2713,69171.5,17388.3,-47.9535,25.3812
7655.7,7640,65670.7,2946.75,2728,70791.1,11291.3,-9.88435,25.3833
7967.7,7636,68382.8,3334.5,3120,70041.6,9850.33,28.8698,25.3844
20170.8,17933,73714,15186.8,13865,71783.5,16264,-20.3912,25.3854
17022.2,15327,72784.4,9412.5,8411,73339.4,11006.9,18.5063,25.3865
8046.35,7919,66589.9,3270.75,3055,70164.3,8437.75,113.203,25.3907
7210.45,6689,70644.9,4596,4165,72317.8,19263.1,61.1961,25.3992
16218.8,15034,70700.8,10840.5,9914,71660.6,10083.1,8.22106,25.4034
10070.4,9477,69639.9,5300.25,4885,71106.9,12444.1,25.3323,25.4044
17227.6,14369,78573.9,10543.5,8897,77664.2,18732.5,145.496,25.4055
11096.8,9769,74443.6,6882.75,6121,73691.9,10773.5,3.03512,25.4065
5890.95,5995,64398.5,2403,2399,65645.3,9193.23,92.5345,25.4097
9718.15,9115,69872.6,2934,2735,70304.4,7287.16,42.7261,25.4118
11542.7,10766,70264,5595,5294,69262.2,13129.2,-4.79341,25.4118
5103.15,5029,66502.3,2919,2789,68590.7,25254.1,-37.0691,25.4129
13113.8,10356,82987.9,11739.8,9984,77060.9,18495.2,15.6449,25.4139
6658.6,6292,69354.4,3151.5,2880,71714.1,7817.78,38.4062,25.4139
12556.7,12069,68184.3,5548.5,5329,68235.4,12409.3,2.97364,25.4171
19667,14842,86841.4,13227.8,10446,82988.1,24644.1,82.4938,25.4171
13155.3,9749,88434.6,8471.25,6625,83799.5,26870.7,-59.4898,25.4203
12705.5,12049,69107.1,4860,4645,68569.4,12459.1,-36.5882,25.4213
13494,12632,70008.1,6819.75,6520,68548.9,9326.91,54.6895,25.4245
16038.7,13920,75511.2,8190.75,7168,74886.9,24358.7,-29.2954,25.4277
10688.6,10047,69721.1,6473.25,5995,70764.1,9304.44,-26.1497,25.4329
10930.4,10017,71511.9,4491,4069,72332.8,22963.2,3.43701,25.4351
9211.8,8600,70198.2,6450,6092,69387.3,8666.45,-38.1657,25.4361
6848.4,6424,69865.6,2901.75,2696,70537.5,9602.04,154.439,25.4382
9885.85,9141,70876.2,4019.25,3893,67661.3,18238,-3.26541,25.4393
14400.1,12916,73066.4,7693.5,7072,71295.4,20610.9,33.6254,25.4403
12532.6,11545,71142.5,7866.75,7437,69323,23541.6,36.9553,25.4414
7027.8,6385,72133.7,3795,3493,71202.2,7964.74,-41.5793,25.4424
17947.8,15485,75959.1,11681.3,10329,74115.8,15886.7,-127.017,25.4424
23851.1,17625,88686.9,23558.3,17773,86868.5,77438.4,292.93,25.4435
9357.4,8769,69933.5,5328,5121,68185.1,11629.6,-9.89706,25.4435
11409.4,10776,69388.4,4857.75,4588,69389.2,12086.4,114.786,25.4467
18196.1,16224,73502.2,13686,12336,72708,27880.3,37.6522,25.4509
21843.9,15014,95348.5,17474.3,12898,88788.4,31883.7,92.5418,25.452
11489.4,10653,70681.4,5676,5197,71576.4,9875.84,10.8089,25.453
9434.75,8469,73009.3,6751.5,5841,75751.8,23780.1,28.3463,25.4562
8287.5,7886,68872.6,5574.75,5214,70070.4,7231.46,27.2482,25.4572
10660,9964,70113.8,5250.75,4828,71274.5,13465.4,108.714,25.4583
14300,13293,70500.6,8343,7497,72931.4,6862.08,-21.7579,25.4593
7842.25,7468,68820.3,3338.25,3084,70938.9,12233.8,28.7802,25.4636
13668.2,12713,70460.1,5142,4765,70721.1,11889.4,48.5732,25.4646
7484.1,7301,67179.6,3715.5,3457,70436.5,13017,-71.0092,25.4657
12345.4,11656,69412.4,4988.25,4600,71067.4,12103.6,-1.31487,25.4667
9480.25,8148,76251.6,6747.75,6000,73703.4,21018.5,38.7701,25.471
12717.3,11614,71761.5,5068.5,4606,72116.6,7558.27,-32.9641,25.472
6397.3,6267,66898.6,1674.75,1631,67293.9,20371.5,-89.3456,25.4731
10624.3,10100,68937.7,5971.5,5588,70033.7,32323.8,5.66522,25.4731
12066.6,11308,69932.5,6277.5,5932,69353,8882.51,-65.6938,25.4741
15038.4,14060,70096.5,6017.25,5672,69525.1,6716.23,-241.052,25.4741
8423.35,7308,75538.1,6070.5,5304,75006.8,15719.9,9.72922,25.4762
10553.4,10008,69107.5,3122.25,2924,69979.4,23017.8,-3.44504,25.4773
11505,9880,76314.9,9462.75,7624,81341.9,7175.67,30.6903,25.4784
17093.7,14042,79778.7,9466.5,7598,81652.6,40369.8,-21.2972,25.4826
6999.85,6696,68509.9,2247,2200,66936.1,13121,-68.4331,25.4836
38188.8,28390,88155.7,32872.5,25510,84450.5,47330.7,173.661,25.4879
8257.6,7930,68243.4,4017,3658,71967.8,16576.2,-31.583,25.4889
11975.6,11041,71083.5,6018.75,5285,74634.8,11114.7,48.6023,25.4889
14126.4,13264,69797.3,3202.5,3024,69404.4,8581.56,-81.1625,25.491
7798.05,6934,73702.5,4322.25,3762,75295.9,28600.5,-17.4148,25.4963
6420.7,6126,68688.7,2839.5,2602,71517.9,16402.6,-135.636,25.4974
15297.1,14541,68943.7,5239.5,5037,68170.7,12573.1,-18.5325,25.4995
10466.3,9499,72209.6,8716.5,7611,75055.1,17903,-32.4928,25.5005
11227.4,10715,68670.3,5433.75,4911,72512,21884.3,43.8976,25.5026
12867.4,11877,71000.9,7329.75,6645,72289.3,14818,51.0431,25.5026
17811.9,16348,71404.7,8745.75,7788,73595.5,26316.9,34.271,25.5037
14905.1,14012,69713.4,5870.25,5448,70615.4,12566.5,50.2677,25.5079
8398.65,7957,69173.5,4342.5,4065,70009.9,8019.26,-20.9414,25.5079
6683.95,6476,67640.4,2403.75,2328,67668.5,7441.27,83.1403,25.51
12721.1,11843,70395.4,2872.5,2679,70269.6,16175.5,-11.7879,25.5121
12697.1,11860,70161.6,9037.5,8244,71844,20751.7,-7.77988,25.5132
6755.45,6476,68364,2982,2760,70807.4,7371.88,-37.257,25.5164
14136.2,12673,73102.6,8720.25,7569,75504.1,15042.9,33.8347,25.5174
7247.5,6556,72448.5,5908.5,5368,72134.8,15863.4,-46.1762,25.5174
11139.7,10128,72082.5,6632.25,6000,72441.9,17644.4,-16.1431,25.5174
10647.6,9260,75356.8,7655.25,6812,73648.6,30747.1,-99.1955,25.5195
7823.4,7313,70110,3068.25,2933,68558.1,8984.03,38.3624,25.5206
6620.25,6001,72298.7,2559.75,2389,70220.1,24710.8,-6.94867,25.5269
15978.9,12108,86488,17898,14920,78616.9,25387.3,47.2059,25.5269
8290.1,7768,69940.8,3567,3368,69408.2,13939.7,15.8161,25.529
14689.3,14002,68753.1,5172.75,4982,68045.2,14984.1,-132.143,25.5312
6721.65,6013,73259.6,2526.75,2349,70495.1,9240.6,-123.327,25.5322
15538.2,14064,72405.8,8640.75,7988,70891.4,15494.2,0.277704,25.5322
7253.35,6820,69700.2,3521.25,3232,71401.2,14802.1,-46.1363,25.5375
11163.8,9872,74111.4,7580.25,6560,75728.5,17725.9,21.6938,25.5407
6917.95,6540,69323.4,1089.75,1064,67122,8694.19,-64.8267,25.5449
12075,10737,73703.1,7554.75,6625,74733.3,15701.1,-114.97,25.5449
8403.85,7914,69592.5,3599.25,3438,68609.8,11175.9,-90.72,25.5459
7085.65,6676,69557.4,3123.75,2884,70984.1,22848.7,44.7213,25.548
8362.9,7876,69587.5,4598.25,4224,71342.5,15203.3,-99.4714,25.5512
14567.8,13291,71831.7,5433,4767,74692.1,22724.3,7.74599,25.5544
11076,9908,73261.7,6190.5,5504,73710.1,8440.83,-66.5372,25.5544
11058.4,10128,71556.7,8395.5,7504,73321.9,24590.8,-6.08416,25.5576
18900.7,16927,73177.5,15476.3,13531,74957.6,31280.5,95.1444,25.5597
8430.5,7847,70409.2,5868.75,5191,74092.5,21824.1,-16.3002,25.5597
8473.4,8116,68422,5520,5104,70877.5,7529.89,-88.003,25.5597
6806.15,6576,67829.7,3888,3568,71413.7,11027.9,27.9656,25.5692
31313.7,23416,87640,22529.3,16812,87822.8,8383.78,121.805,25.5702
14206.4,13668,68117.5,5751,5332,70686,7211.26,-71.651,25.5723
15238.6,14578,68505.8,6763.5,6386,69410.1,9761.22,27.1532,25.5734
7425.6,6665,73014.9,5754.75,4985,75655.6,28973.2,-34.6289,25.5755
11003.2,9596,75146.5,6371.25,5484,76139,15179.9,-79.6905,25.5787
8883.55,8709,66849.5,4475.25,4257,68895.9,15181.2,128.429,25.5787
14471.6,13132,72221.3,8971.5,7880,74613.7,16298.2,-43.6125,25.5797
20723.3,17796,76316.1,11768.3,9636,80037.8,6816.75,107.244,25.5818
15612.3,15183,67389.3,8598.75,7615,74002.3,11409.9,78.6912,25.5861
8284.25,7689,70609.5,4931.25,4489,71992.5,19284.4,-76.4047,25.5924
10544.9,10185,67852.1,5146.5,4777,70605.2,9458.55,14.2645,25.5924
18937.8,16251,76371,10206,8715,76748.2,23505.2,15.4566,25.5935
13319.8,11633,75038.8,7518,6833,72105.9,26928,8.448,25.5966
15321.8,13060,76885.9,10110,8624,76828.5,19239.5,119.677,25.5966
9307.35,8181,74558.9,7697.25,6705,75234.5,14796.4,-67.6361,25.6008
8945.3,8173,71728.8,4638.75,4093,74274.4,6409.33,216.479,25.6008
22610.9,20684,71641.3,5456.25,5004,71459,6712.28,-6.27226,25.603
14642.5,12536,76548.7,7573.5,6808,72904.9,16656.3,-102.106,25.6051
15984.1,12152,86202.9,18157.5,14492,82112.2,53619.5,199.225,25.6072
13692.2,12560,71443.9,9261.75,8416,72121.9,8616.83,61.5962,25.6082
13771.5,12152,74270.3,7639.5,6956,71975.6,19652.5,-101.359,25.6082
11534.3,9493,79628,11052.8,9621,75288.7,7246.14,111.528,25.6114
18585.4,14388,84655,10107.8,8276,80041.3,19453.3,74.0889,25.6146
16452.1,14463,74549.4,10239,8795,76296,27940.3,109.89,25.6156
8318.7,8256,66033.7,4506.75,4292,68815.1,11164.8,-93.2996,25.6167
9919,8649,75159.2,6904.5,6057,74705.9,18454.7,-11.8736,25.6167
10921.3,10817,66167.9,3665.25,3589,66928.3,9750.63,46.0736,25.6241
10775.7,10384,68008.1,3798.75,3684,67577.3,8255.29,26.3498,25.6251
13992.5,12969,70708.3,6781.5,6089,72989.4,13088.6,-93.3719,25.6283
7152.6,7029,66688.4,3447.75,3297,68532.5,9406.83,22.8665,25.6315
11141.6,10591,68943.4,5957.25,5419,72045.5,10898,-121.67,25.6336
10172.5,9909,67278.7,5001.75,4485,73086.9,10029,-35.6369,25.6357
14868.1,13461,72386.6,7524,6885,71618.4,11514.4,-58.0527,25.642
7013.5,7112,64628.3,3308.25,3224,67248.6,8406.68,-52.7759,25.642
13830.7,11168,81161.3,10882.5,9360,76196.1,25153.6,-19.0053,25.6452
8114.6,7545,70483.6,4069.5,3821,69798.2,11545.4,-78.6939,25.6463
5867.55,5756,66806.1,2822.25,2584,71578.5,9695.85,126.916,25.6505
6656.65,5996,72756.9,6581.25,5736,75193.3,20638,203.044,25.6536
9015.5,8693,67967.3,4554,4309,69262.2,8009.62,13.459,25.6536
5753.15,5633,66933.9,1993.5,1893,69015.3,11525.5,-110.513,25.6558
12718.5,10417,80015.6,10287.8,8405,80216.3,27923.4,105.591,25.6579
7469.8,7161,68362.1,6101.25,5545,72110.3,11942,2.9912,25.6631
9389.9,9044,68042.5,2170.5,2000,71122.9,11246,11.6174,25.6663
8422.05,8336,66212.5,3969.75,3696,70390,24016.6,141.857,25.6705
50339.9,32647,101053,47470.5,27539,112968,28742.3,518.36,25.6716
5363.15,5252,66923,2400.75,2272,69249.8,6339.61,19.5417,25.6726
11124.8,10005,72870.7,6467.25,5665,74816.9,18403.8,-29.9316,25.6748
11362.6,10632,70039.8,4977,4524,72098.3,12533.3,106.169,25.6748
7455.5,7251,67384.3,3054.75,2867,69827.7,6965.16,10.0582,25.6779
10606,8369,83053.9,9927,8305,78335.5,35940.1,114.749,25.679
8498.75,7571,73566.8,6543.75,5955,72015.3,10003.7,77.884,25.679
11284.6,10328,71606.4,5040.75,4488,73607.5,11838.3,67.4951,25.679
10483.2,9950,69047.9,5652,5370,68977.6,21186.4,75.7438,25.68
10562.5,8077,85703.1,7663.5,5929,84708.2,8234.65,-22.6695,25.6811
14484.6,12844,73907.1,4787.25,4152,75562.9,28180.6,204.481,25.6811
11435.4,10893,68799.6,5360.25,5161,68066.1,12174.8,-36.5775,25.6832
11480.9,10125,74312.6,8946.75,7885,74360.7,15554.3,-98.6246,25.6832
27497.6,21374,84311.9,20031.8,16858,77874.1,51235.8,59.1345,25.6853
8054.15,7461,70746.1,5775,5185,72993.3,7660.83,-111.228,25.6917
8342.75,7733,70703.5,3228,3029,69841.6,8627.3,52.9958,25.6927
34071,26465,84371.1,28734.8,21153,89025.7,43938,62.8487,25.6948
10152.3,9200,72320,5223.75,4868,70325.3,31736.5,121.787,25.6969
8817.9,8237,70157.8,3755.25,3545,69422.9,8459.16,-34.7179,25.7001
31301.4,21581,95054.4,22216.5,17273,84292.3,52304.1,82.3143,25.7043
6286.15,5921,69577.6,3037.5,2837,70167.6,8978.53,121.783,25.7064
12744.5,11161,74834.4,11358.8,9933,74942.8,8459.78,83.1021,25.7075
8384.35,7771,70708.6,3814.5,3515,71120.1,7592.71,110.655,25.7086
9816.95,9028,71263.1,5495.25,5088,70781.6,6909.12,52.2003,25.7096
14042.6,12680,72578.5,5621.25,4888,75367.1,11734.3,-15.061,25.7096
9360,8535,71870.8,5174.25,4707,72041.6,9802.73,15.1116,25.7107
6046.95,5776,68610.3,3366,3200,68935.7,6857.02,83.1623,25.7117
10154.9,9360,71102,5346,5008,69959.2,15525.9,-19.5035,25.7117
17479.8,16140,70976.2,8142.75,7464,71495.6,6325.99,29.8623,25.7128
12570.3,11349,72588.8,11802,10929,70771,17281.3,109.431,25.7138
13730.6,12916,69669.3,4230.75,4004,69247.4,12597,-89.9134,25.717
9989.85,9636,67942.6,4134,3984,68003.5,21874.6,-63.6021,25.7181
16757.6,14893,73741.3,7034.25,6121,75313.9,17869.7,60.3884,25.7212
13243.1,12112,71656.2,4565.25,4180,71576.1,13370.2,-79.6225,25.7223
14010.7,13068,70263.9,6985.5,6280,72898.4,18134,30.2785,25.7233
33328.8,24092,90662.2,27333.8,20332,88104.7,22699.7,86.8669,25.7286
8977.8,8312,70785.5,3671.25,3368,71436.8,10578.1,88.1825,25.7286
9384.7,8549,71942.4,3796.5,3457,71972.1,11394.5,-23.6482,25.7297
6890,6812,66286.4,2919,2760,69311.4,10679.9,64.0986,25.7339
13089,12264,69944.9,5229.75,4872,70348.3,14623.8,-30.6496,25.7381
10136.1,9357,70992.8,5172.75,4713,71929,6599.21,27.272,25.7402
14055.6,12616,73014.3,8199.75,7336,73252.3,11378.7,66.6524,25.7402
28453.1,22726,82051.5,19893,15234,85578.8,22585.9,30.9712,25.7413
11217.7,10116,72673.3,6620.25,5968,72698.5,19377.9,34.5318,25.7423
5994.3,5697,68956,2775,2561,71012.3,9734.54,-12.4058,25.7423
12601.5,11521,71682.6,7380,6625,73004.6,16638.5,65.5947,25.7445
8984.95,8473,69495.8,3899.25,3741,68308.3,9511.02,5.66256,25.7476
10613.8,9644,72126.6,4460.25,4140,70605.5,13594.3,-86.5109,25.7476
17783.3,16593,70237.4,3870,3685,68826.1,14478.5,-103.744,25.7497
13733.8,12661,71089.3,5473.5,4997,71785.3,12012.6,2.12855,25.7508
13511.5,13110,67543.3,4600.5,4358,69182.7,15144.8,35.5508,25.7529
6661.2,6032,72372.1,3681.75,3264,73923.8,12235.6,-36.5798,25.755
8930.35,8397,69698.6,7021.5,6269,73402.6,19209.3,-12.7619,25.7571
9184.5,9180,65568.1,3771.75,3704,66734.7,7993.49,35.8196,25.7592
9793.55,8764,73234.8,6355.5,5532,75291.8,10839.1,96.7727,25.7603
8272.55,8013,67658.8,3955.5,3625,71511.1,7075.41,170.874,25.7603
7891.65,7377,70108.1,4100.25,3733,71983.4,12852.9,-2.20303,25.7624
9501.05,9060,68726.4,4345.5,4000,71196.7,11214.1,-46.0014,25.7635
11625.9,10920,69772.4,5056.5,4600,72039.7,9588.48,137.24,25.7677
9481.55,8988,69134.7,6384.75,5932,70537.9,14819,83.7231,25.7687
25087.4,19729,83335.6,15563.3,12385,82353.9,45405.1,105.794,25.7709
6524.05,6512,65657.3,2052,1988,67645.8,9441.28,121.765,25.7719
7107.1,6881,67689.4,3498.75,3173,72264.1,8167.75,68.493,25.773
9777.95,9512,67368.3,4524.75,4232,70069.5,8555.54,-12.3615,25.774
6785.35,6905,64400.4,3630.75,3437,69230.4,15443.1,-16.0604,25.7761
16834.3,15936,69230.4,5267.25,4836,71380.2,13365.1,43.3577,25.7814
14346.1,13572,69274.2,6783.75,6224,71429.9,13017.7,0.370775,25.7846
8495.5,7845,70970.2,5725.5,5173,72535.5,18009.3,-12.7168,25.7867
8000.2,7733,67800.5,4393.5,4081,70554.4,16855.5,-26.4335,25.7867
9411.35,9023,68356.7,3438,3195,70520.4,9835,41.7704,25.7888
17171,15225,73912.8,7694.25,6477,77852.5,6501.89,-100.004,25.7899
8584.55,8257,68135.8,3442.5,3265,69098.8,7329.08,61.6446,25.7941
17702.8,16364,70897.5,5501.25,4908,73457.6,17600.9,-17.0015,25.7951
7075.9,6989,66350.9,2689.5,2573,68503.3,15934,5.42117,25.7962
6687.2,5584,78483.6,5315.25,4640,75073.3,26882.5,41.9897,25.7994
5846.1,5536,69207,2792.25,2608,70166,8669.42,42.6742,25.7994
10810.1,9978,71001.6,4785,4494,69779.7,10801.8,-92.4259,25.8004
7561.45,7257,68285.4,2932.5,2813,68320.1,22548.5,-77.3874,25.8015
10273.9,9032,74547.2,5988,5336,73543.8,30958.6,106.337,25.8036
11745.5,9725,79152,7709.25,6781,74507.2,27974.7,208.789,25.8046
12146.5,11397,69846.1,5166.75,4789,70705.4,12915.9,96.6946,25.8068
17379,15816,72012.7,6424.5,5900,71362,16572.1,34.6372,25.8078
9888.45,9115,71097,3977.25,3643,71549,7329.48,3.16455,25.8089
11727.9,11108,69193.6,8059.5,7492,70500.2,22486.6,132.455,25.811
10333,9360,72349,7731,7168,70683.4,6760.1,31.5659,25.812
9302.15,8441,72222,5925,5273,73639.4,14413.1,58.7983,25.8131
19421.3,17021,74778.1,5640,4873,75851.2,15310.8,-119.255,25.8131
6394.7,5856,71564.7,2890.5,2676,70789.2,7084.39,188.934,25.8194
9722.05,9101,70008.2,4197.75,3933,69947.6,6854.87,-69.9176,25.8215
29379.3,25169,76499.1,20464.5,17889,74971.3,14912.4,149.94,25.8215
11596,10100,75243.1,10056.8,9152,72014.8,26490.5,74.6844,25.8247
32180.2,25933,81323.5,13073.3,9533,89874,34222.5,115.674,25.8247
8091.85,7576,69998.3,3279,3096,69409.7,13969.1,-48.685,25.8268
13683.1,12720,70498.3,7137.75,6784,68953.4,16549.1,13.1381,25.8279
12604.1,11793,70043.7,4569,4197,71344.8,15144.2,131.871,25.83
8304.4,7388,73665,4908,4348,73976.7,11486,-68.3717,25.8342
14550.2,13532,70467.4,5418.75,5064,70127,12391.5,-27.1257,25.8363
15627.3,14260,71819.8,5033.25,4576,72084.6,18369.1,-64.3303,25.8374
8841.3,8189,70756.3,3695.25,3437,70460.3,8181.21,33.2325,25.8384
9737,8230,77536.3,7480.5,6562,74709.2,12364.7,-38.3047,25.8384
11779.9,10723,71995.8,5993.25,5251,74799.8,16763.7,128.37,25.8395
11590.1,10684,71094.4,6711.75,6216,70762.8,7454.27,89.1599,25.8427
9163.7,8144,73741.7,6492.75,5792,73464.9,26011,-29.3575,25.8448
22097.4,18296,79152.6,14460.8,12524,75670.7,21027.1,87.7898,25.8469
6392.1,5984,70005.5,2165.25,2100,67572.3,21353.7,-49.8225,25.8501
6448.65,6043,69935.3,2179.5,2095,68179.3,18910.5,-8.45068,25.8511
10478.6,9141,75126.2,5047.5,4449,74352.2,20833.7,212.497,25.8543
7661.55,7080,70919.1,3645.75,3484,68578.6,16130,11.4338,25.8553
8710,7796,73219.4,3101.25,2848,71363.6,6752.86,-25.1938,25.8553
14569.7,11902,80225.4,10950.8,9162,78331,19908.9,16.4518,25.8564
10658,9629,72539.8,6675.75,5705,76687.5,17126.3,97.3964,25.8585
9022.65,8025,73683.3,8535,7453,75050.3,9208.04,-12.3861,25.8596
13280.1,12161,71567.1,6334.5,5873,70685.8,7244.17,-8.01225,25.8606
16049.1,15137,69485.2,3777.75,3537,69996.8,21350.2,-115.182,25.8627
5754.45,5452,69171.6,2693.25,2476,71286.3,7627.82,-48.4467,25.8627
5339.1,5245,66711.8,2335.5,2249,68056.6,17147.3,26.0156,25.8627
9011.6,8844,66778,3013.5,2936,67265.9,11429.8,2.15045,25.8648
9158.5,9048,66336.4,2670.75,2584,67736.2,21299,12.0996,25.8648
12479.3,11976,68290.5,5152.5,4856,69537.5,15370.6,79.4024,25.8648
10943.4,10121,70861.3,7002.75,6249,73440.9,27324.1,159.793,25.8648
12307.8,11579,69660.7,6237.75,5807,70397.3,12369.9,158.635,25.8659
8608.6,7963,70849.3,7869.75,7119,72447.2,20145.2,-55.7971,25.8669
8837.4,8393,69006.1,4635,4361,69653.6,30880.3,145.899,25.8701
12749.1,11873,70371.9,3570.75,3281,71323.6,14275,6.34353,25.8712
5284.5,5248,65991.8,1995.75,1924,67980,6955.69,-109.481,25.8712
10348.6,9909,68443.8,3764.25,3537,69746.6,17090.3,17.4177,25.8733
10855.6,10625,66958.7,5848.5,5397,71018.6,11294.1,64.0755,25.8775
32491.5,28106,75762,13383,11194,78351.6,31544.8,20.3145,25.8786
5898.75,5993,64505.3,3012.75,2889,68343.2,16362.6,-78.8749,25.8817
12170.6,10094,79018.5,9375.75,7770,79079.7,15649.6,-54.7681,25.8817
13557,12473,71231.9,14190.8,13357,69626.8,25468.3,100.523,25.8849
8812.05,8464,68230.9,3681.75,3476,69415.2,9150.22,-11.5239,25.887
8463,8184,67770.2,4246.5,3964,70206.5,6564.01,223.353,25.8881
31755.1,23373,89038.7,26523.8,19673,88357.7,27786.7,116.776,25.8881
13040.9,12431,68751.6,5163,4859,69636.2,9405.62,19.4265,25.8891
9398.35,8669,71049.7,4765.5,4345,71878.4,23737,42.1079,25.8912
21561.1,18761,75317.5,13699.5,11965,75036.4,27484.9,-67.2529,25.8912
8874.45,8425,69032.1,4053.75,3849,69022.2,15415.5,-35.8393,25.8976
7988.5,7561,69241.4,3747,3453,71116,12653.9,-43.4756,25.9007
10274.5,9090,74076.2,8045.25,7330,71930.9,17160.1,-18.7049,25.9007
8661.25,8400,67574.3,3639.75,3492,68308.9,16851.4,13.1267,25.9007
24332.8,14723,108312,13278.8,7751,112274,26651.8,37.6984,25.9029
7400.25,7160,67735,2563.5,2492,67416.3,15105.9,132.732,25.9029
14528.8,13565,70192.4,5058.75,4733,70046.5,7000.22,21.2369,25.9081
10938.2,9716,73779.9,7155,6336,74007.3,17219.1,-16.1271,25.9081
7235.8,6924,68487.2,2673,2440,71794.1,11610,27.0837,25.9092
14842.7,14127,68856.4,5456.25,5195,68831.7,13800.2,-20.2986,25.9124
9574.5,9236,67937.9,4984.5,4752,68742.5,8534.81,2.25925,25.9124
11833.9,10968,70709.9,4620,4248,71275,26076.8,-45.7,25.9134
12169.3,11387,70038.4,3735.75,3483,70291.7,17567.1,-34.2002,25.9145
6854.25,5973,75205.1,4831.5,4129,76686.2,17588.4,43.199,25.9176
15068.9,13902,71037.2,5329.5,4910,71135.3,6536.59,-84.5257,25.9176
12460.5,11724,69653,6459,5992,70643.7,8560.98,137.278,25.9219
9458.15,9013,68772.8,3328.5,3089,70617.2,18464.6,-22.1939,25.925
11634.3,10413,73222.8,7992,7081,73967.5,27653.2,45.4008,25.9261
9852.7,8873,72772.1,6993,6153,74482.9,18505.2,-121.955,25.9271
8202.35,7309,73546.2,6422.25,5549,75849.5,10575.9,34.0025,25.9271
13397.1,11285,77802,8476.5,7201,77144.3,7129.33,145.072,25.9356
7869.55,7468,69059.8,1932,1852,68366.9,7407.3,14.3416,25.9377
13142.3,12008,71726.9,5469.75,5020,71407.5,6435.56,-42.3819,25.944
14587.3,13041,73306.8,7486.5,6641,73879.7,9036.75,-8.93962,25.9472
15860,13779,75433.7,9034.5,8071,73359.6,12545.8,-33.1515,25.9567
30306.9,26280,75578.1,22132.5,18600,77982.6,17270.9,-35.0491,25.9588
6866.6,6384,70490.2,2549.25,2356,70911.6,9958.58,-9.83426,25.9588
15317.9,14287,70264.8,5416.5,5067,70056.4,8014.21,39.2588,25.963
10149.1,9728,68372.9,3958.5,3728,69588.1,12738.1,168.941,25.9641
13415.3,12456,70583.5,7167.75,6684,70279.1,11936.4,-82.1486,25.9641
6919.25,6642,68271.6,2826.75,2646,70012.8,12339.8,-99.3638,25.9662
15176.2,13748,72344.2,6438,5956,70839.6,15588.9,-10.9059,25.9694
13163.1,11678,73870.5,7632,6602,75760.5,21693.3,-30.0553,25.982
11772.1,11066,69718,7116.75,6506,71688.2,7661.93,63.3521,25.982
8435.05,7817,70717.6,3879,3497,72694.9,8996.7,12.5619,25.982
11791,10053,76866.1,6648.75,5585,78018.4,10809.5,-86.4062,25.9937
7087.6,6397,72611.1,2455.5,2317,69453.5,8174.5,-137.047,26.0032
11931.4,10632,73545.6,4167.75,3880,70396.3,8434.81,40.963,26.0053
12117.3,10589,74994.7,5596.5,4857,75514.1,15805.5,44.126,26.0053
33625.1,25205,87429.4,24117,19057,82937.1,63377.7,154.998,26.0074
7413.9,6675,72790.6,3197.25,3027,69222,13956.2,-11.7045,26.0095
13803.4,12192,74197.8,8148,7584,70409.7,20273.5,24.1781,26.0106
21474,18033,78041.6,11727.8,9841,78100.8,31277.6,4.84454,26.0106
13980.8,12361,74124.2,4913.25,4521,71222,15661,51.0114,26.0106
10270,9216,73031.1,5530.5,5216,69487.5,15152.7,-85.7095,26.0116
11072.1,9817,73914.8,4461,4077,71708.6,8149.14,-4.60626,26.0116
11784.5,10336,74720.3,5208.75,4692,72753.8,13494.7,-34.9072,26.0127
11813.8,10509,73672.7,4099.5,3785,70981.5,8083.5,-8.90379,26.0169
14346.1,12212,76989,8057.25,7040,75005.7,8580.22,104.598,26.019
15077.4,12544,78771.7,8544.75,7428,75388.9,12804.2,24.4588,26.0211
15007.2,13656,72020.5,3855,3592,70334.4,13306.7,-55.5401,26.0222
7492.55,6531,75184.8,4868.25,4243,75193.4,22666.3,-60.1918,26.0243
11266.4,10196,72416.4,4878.75,4608,69386.7,18821.3,79.2727,26.0253
11331.4,10317,71980,5257.5,5021,68622.9,15507.3,5.43721,26.0285
12002.9,9593,81999.6,10196.3,8733,76516.8,27715.7,-56.0816,26.0285
12931.8,11552,73363.5,4817.25,4404,71685.6,11879,39.1136,26.0285
10593.7,9224,75267.6,5375.25,4860,72484,13732.5,-115.756,26.0317
11243.7,10185,72348.3,4296.75,3977,70805.1,16039.8,-3.1828,26.0317
11911.3,10976,71120.2,6309,5712,72385.6,24895.8,31.7444,26.0338
10284.9,9548,70594.3,3790.5,3516,70652.5,14637.5,-77.0901,26.0338
5403.45,5089,69585.5,2655,2437,71398.5,10334,83.8916,26.0359
17520.1,15224,75420.2,9096,7980,74701.2,6625.58,16.951,26.038
14539.2,12032,79192.2,11132.3,9412,77514.1,24327.9,177.106,26.0391
5705.05,5247,71257.1,2133.75,1963,71236.6,11539.2,3.86634,26.0391
10697,9901,70805.2,4330.5,4073,69679.3,29861.8,55.6377,26.0401
10431.8,9686,70582.5,4505.25,4294,68760.1,17109.4,-13.543,26.0422
13174.8,11788,73246.3,7636.5,6668,75054.8,27460.7,41.968,26.0422
11103.3,10116,71932.2,4457.25,4084,71525.6,7792.76,-20.9329,26.0433
13776.7,12377,72947.6,5706,5309,70436.7,20525.5,23.3086,26.0433
26946.4,22464,78612.9,16044,13060,80509.9,15935.1,81.9611,26.0454
9829.95,8807,73148.1,3396,3139,70901.6,14825.8,47.6028,26.0486
13689.6,11761,76283,7744.5,6705,75696.3,19789.5,-62.6637,26.0507
18176.6,15048,79161.5,17032.5,14328,77906.3,12813.4,102.718,26.0507
17008.5,14170,78664.2,7617.75,6398,78030.1,17089.8,23.4377,26.0517
13508.9,11493,77031.5,7284,6549,72891.2,12366.1,52.8553,26.0539
11241.1,10341,71240.4,3918.75,3665,70073.5,22132.8,-3.41178,26.0581
26043.5,18636,91585.6,22722.8,17864,83360.8,8599.84,94.2768,26.0602
9726.6,8949,71230.6,4186.5,3861,71061,8671.3,-113.846,26.0612
7419.75,7037,69100.6,3411.75,3305,67652.8,9823.51,-98.4092,26.0623
14773.8,13575,71323.7,6145.5,5719,70423.4,29490.8,79.7317,26.0686
9631.05,9128,69147.7,4374,4060,70604.5,11608.2,92.4437,26.0686
19984.9,18233,71833,11785.5,10685,72285.9,18487.5,142.925,26.0686
12699,11269,73852.6,6558.75,5893,72939.8,25164.4,-49.1057,26.0729
11294.4,10744,68893.3,6684.75,6456,67858.1,8176.35,-123.287,26.075
13508.3,12054,73442.8,6130.5,5330,75378.7,26156.5,68.677,26.075
14234.3,12817,72783.2,8064.75,7173,73683.5,10383.9,-108.75,26.076
10609.3,10320,67373.2,3577.5,3504,66910.7,10290.2,33.1533,26.0771
10661.9,10388,67264.3,3393.75,3252,68392.6,19228.3,1.85737,26.0781
13261.9,12156,71498.4,5385,4604,76653.2,10424,-202.492,26.0803
24356.8,21268,75053.9,15025.5,13120,75054.2,17571,44.9197,26.0824
12360.4,11852,68347.2,3835.5,3628,69284.3,7328.48,-29.5154,26.0887
12324.6,11469,70425.3,5832,5321,71829.7,14561.7,-50.4273,26.0887
13102,12152,70659.6,6284.25,5752,71600.2,17351.2,71.5879,26.0908
11300.9,10240,72325.8,9755.25,8816,72518.2,19993,6.12863,26.0929
14876.5,13508,72175.7,8358.75,7364,74388.8,9561.26,68.4407,26.0961
4992.65,5157,63447.4,2137.5,1989,70429,7116.96,-56.1675,26.0982
7789.6,7422,68781.9,3269.25,3034,70617.5,9144.94,24.5963,26.0993
12962.9,11979,70919.1,9098.25,8191,72794.9,6773.74,-175.695,26.1003
13090.3,11708,73273.8,8995.5,8120,72602.1,17425.6,69.8651,26.1003
18014.8,15265,77341.3,7437,6133,79470.3,26231.5,-65.4858,26.1077
12278.5,11405,70555.4,3874.5,3609,70357.2,12160.4,45.983,26.1119
8672.95,8212,69214.6,3539.25,3280,70715.9,16103,110.335,26.1183
7108.4,6582,70777.3,3537,3302,70200.1,7905.46,110.643,26.1214
6871.8,6438,69951.9,2809.5,2690,68447.4,17553.7,18.2603,26.1235
6994,6529,70203.5,2499.75,2385,68689.1,15386.4,-46.1582,26.1246
8379.8,8120,67632.8,2297.25,2264,66498.5,10123.1,-49.4004,26.1257
10482.5,9984,68808.5,3300,3072,70400,24890,20.5646,26.132
14580.1,13343,71612.4,10794,9535,74189.4,14529,71.694,26.1331
12085.4,10721,73876.7,10116.8,8773,75574.1,16234,104.31,26.1341
8516.3,8300,67243.9,4374,4172,68709.1,11617.2,48.5834,26.1352
9802.65,8436,76153,5650.5,5024,73708.4,12286.3,-105.382,26.1362
8698.95,8312,68586.9,4811.25,4456,70760.8,7896.25,68.5033,26.1373
9109.1,8718,68476,5550,4922,73897.8,10136.5,50.3591,26.1394
36328.5,29157,81655.3,18080.3,14453,81983.5,34429.4,19.3461,26.1394
14292.8,13545,69154.4,7107,6653,70008.2,7771.24,208.688,26.1415
15085.2,13549,72966.5,6958.5,6141,74260.3,12104.1,181.005,26.1426
9962.55,8828,73958.5,4833,4444,71272.6,26735.5,-110.225,26.1436
9345.7,8747,70021.7,4453.5,4239,68852.2,8465.45,-38.1581,26.1489
13739,13085,68811.8,6975,6653,68707.9,7881.49,-41.5762,26.1489
27214.2,20728,86043.5,24975.8,19964,81988.1,14367.8,-27.2,26.1499
8415.55,7826,70473,5501.25,4950,72834.3,15661.7,15.7514,26.151
11158.5,9473,77196.9,9603.75,8481,74211.9,9060.54,65.0195,26.151
18422.3,16273,74191.8,7515,6433,76558.8,7780.77,-38.9924,26.1542
14898.6,12984,75200.1,10662,9400,74334.6,17869.3,-33.3516,26.1552
18130.4,15466,76826.4,15096,13406,73797.7,7597.09,-39.8455,26.1605
5690.75,5588,66741.1,2572.5,2500,67436.5,8193.08,16.8921,26.1616
7612.15,6829,73051.7,4673.25,4141,73959.5,12433,-74.4272,26.1616
7888.4,7205,71752.1,3384,3189,69543.4,9470.51,-20.9959,26.1626
8045.7,7676,68692.4,2870.25,2760,68153.9,11936.5,-12.4886,26.1647
5842.85,5656,67701,3005.25,2924,67357.1,21505.4,-88.5282,26.1647
8545.55,8240,67966.2,3103.5,2964,68620.4,13317.2,6.37952,26.1647
15171,13932,71364.2,9096,8172,72946.1,15604.3,29.5136,26.1658
9313.2,8848,68981.7,4438.5,4132,70397.3,8184.7,45.2724,26.1668
10631.4,9337,74621.3,7773.75,6733,75666.2,21440.2,9.51425,26.169
11876.1,10600,73426,8334,7672,71191,26698.6,79.8366,26.17
11001.9,9085,79363.8,7547.25,6461,76554.2,22157.3,-9.83271,26.1721
13417.3,9598,91614.5,8421,6250,88300.6,9461.63,13.4044,26.1774
10903.8,9649,74058.3,7523.25,6517,75655,20494.8,-48.0702,26.1785
19586.4,15044,85324.2,10473.8,8164,84077.4,8002.21,-5.46073,26.1806
6039.8,5977,66224.6,3060.75,3005,66751.9,9202.99,-41.6259,26.1827
19124.9,13521,92698.2,17421.8,13253,86150.4,15353.9,45.863,26.1827
24780.6,21125,76876.8,16268.3,14209,75033.9,24043.5,-26.7036,26.1827
9510.15,9289,67096.3,4067.25,3833,69541.2,6376.89,66.8403,26.1848
9546.55,9320,67129,2346,2252,68271.5,20334.5,-86.7642,26.1859
12376.6,11489,70599.4,7638.75,7169,69830.3,11683,23.6409,26.188
9433.45,8681,71216.5,7613.25,6893,72383.9,14591.7,12.3516,26.188
9802,9112,70498.7,6040.5,5436,72823.8,17112,17.4169,26.189
9711,9158,69493.4,3998.25,3654,71710.3,10544.2,161.284,26.189
21550.1,19127,73838.4,14075.3,12823,71936,8327.04,154.487,26.189
7520.5,7468,65996.7,2106.75,2028,68080.9,12479.8,109.611,26.189
18751.2,16744,73392.2,11078.3,9752,74448.8,19725.2,24.1987,26.1901
10753.6,8976,78514.7,9618.75,8180,77062.9,40788,-9.27288,26.1932
11340.5,10225,72686,3813.75,3461,72215.5,23585.5,86.8336,26.1964
12472.8,11537,70852.1,6246,5685,72003.1,25138.3,-6.96474,26.1975
11944.4,11046,70866.2,8874,7718,75352,27135.8,-99.0598,26.2049
9334.65,8964,68245.8,4763.25,4292,72731.7,11499,17.6278,26.2059
12553.4,11696,70340.5,5759.25,5172,72977.2,17537.8,2.7809,26.208
6756.75,6585,67245.3,3015,2809,70342.1,8603.57,112.337,26.2112
11816.3,11356,68192.7,5043.75,4840,68294.9,16309.4,-25.5529,26.2122
15533,14459,70404.2,8484,7739,71844.9,14530.2,65.6739,26.2144
13137.8,12276,70136.8,8161.5,7556,70787.7,12742.1,49.4011,26.2165
14680.2,14049,68480.7,9020.25,8149,72542.8,14169.7,1.18748,26.2228
10090.6,9692,68231.3,7192.5,6472,72831.8,7896.42,120.103,26.2249
6297.85,6566,62859.6,3299.25,3170,68208.1,9522.49,-41.6379,26.226
6904.3,7161,63186.7,3697.5,3545,68355.3,6813.44,-32.0761,26.226
7836.4,7880,65173.4,3260.25,3068,69642.7,14502.9,25.255,26.227
7545.2,7237,68327,1876.5,1749,70313.5,7590.85,-45.8653,26.2313
6202.3,6354,63971.3,2982.75,2914,67082.2,6786.4,22.105,26.2323
10313.5,10156,66552.7,4182.75,4008,68393.4,13007.2,63.1512,26.2344
8917.35,8540,68431.8,4613.25,4136,73098.1,14994.1,-10.0235,26.2386
10004.8,9017,72715.4,8097,7049,75279.5,23873.1,10.2828,26.2397
5317,5181,67256.3,3357,3101,70946.3,13540.5,0.351129,26.2439
12779.6,12340,67870.9,4156.5,3972,68580.2,11710.6,-46.0201,26.246
8189.35,7728,69448.4,2738.25,2564,69989.8,27785.7,-76.7242,26.2482
7967.05,7389,70663,5827.5,5177,73770.7,14404,59.6587,26.2492
14508,12740,74630.8,9354,7968,76935.7,15424.6,177.44,26.2524
5464.55,5531,64748.6,2455.5,2315,69513.5,6932.41,42.7395,26.2524
10187.4,9601,69539.1,4430.25,3861,75198.4,22275.6,109.243,26.2534
17848.3,14621,80002,10851,8841,80435.6,27637.8,103.881,26.2545
5417.1,5257,67531.9,2255.25,2125,69553,10072.8,14.2414,26.2577
7178.6,7066,66580.3,1544.25,1486,68105,11220.7,-107.062,26.2577
12789.4,11372,73704.4,10045.5,8776,75016.2,17835.6,82.7497,26.2619
9189.7,7688,78337.2,6293.25,5388,76546.9,12640.8,-120.015,26.2629
9690.2,8677,73188.5,8083.5,7013,75539.7,19173.1,43.1394,26.264
10617.8,10173,68401.1,4241.25,4105,67711.2,8376.35,-39.8748,26.264
9675.25,8705,72840.6,7064.25,6405,72281.5,7374.21,33.2629,26.265
9777.95,9408,68113.1,2793,2656,68916.4,10933.8,58.9291,26.265
11158.5,10421,70174.3,7349.25,6705,71833,9959.21,161.306,26.2714
5972.2,5843,66985.1,2953.5,2755,70257.9,13508.3,-71.8877,26.2724
11447.1,9913,75678.4,6997.5,6125,74871.5,15972.8,-18.6603,26.2735
10132.8,9421,70487.9,3396,3113,71493.8,7914.98,-74.2575,26.2746
21307,17788,78501,16685.3,14220,76897.6,14612.4,114.691,26.2746
10231,9492,70638.3,3386.25,3204,69263.8,10856.8,11.632,26.2767
8430.5,8004,69028.1,2163,2080,68151.1,19918.2,56.8714,26.2777
14470.3,12109,78315.8,7007.25,5945,77245.9,10595.3,61.5218,26.2788
5651.1,5549,66741.9,1824,1805,66225.9,10368.8,-81.2297,26.2862
10860.2,9505,74880,7966.5,7061,73940.3,14299.3,11.5026,26.2862
23387.6,17908,85589.3,20805,17316,78740.8,25136.4,-91.2447,26.2914
9411.35,8688,70992.4,4841.25,4352,72903.5,7336.65,16.0643,26.2925
13245,12129,71566.3,5178.75,4581,74087.4,17116.7,-2.36327,26.2967
17955.6,15623,75320.9,8696.25,7543,75555.8,15575.5,68.2147,26.2978
10156.9,9216,72226.8,3858,3668,68930.7,14853,-53.8782,26.2978
6347.25,5873,70828.1,2485.5,2405,67729.6,13566.9,-46.9499,26.2999
23038.6,18756,80500,14400.8,11396,82815.7,15911.8,118.942,26.302
19165.9,16186,77601.4,13065,11054,77458.6,20624.2,-8.51509,26.3031
9347,8536,71762.5,4098.75,3704,72520.4,11491.7,-46.8719,26.3052
6813.95,6389,69895,2501.25,2321,70625.6,18001.2,-50.5565,26.3073
12273.9,11304,71159.4,5688.75,5292,70449.3,23536.3,11.1555,26.3073
11285.9,10869,68050.1,5862.75,5505,69794.9,12056.6,13.3069,26.3083
11118.3,10269,70955.9,6107.25,5833,68617.3,15919.8,166.242,26.3178
10897.3,9875,72320.2,4752.75,4183,74462.4,9533.08,-15.8383,26.3178
9981.4,8683,75335.8,6396,5631,74439.4,18243.9,131.754,26.3189
15191.8,12088,82363.5,10869,8872,80287.5,6680.05,47.049,26.3231
10208.9,9613,69598.5,7092,6617,70240.5,7902.93,69.363,26.3242
11216.4,10068,73011.3,6050.25,5492,72197.6,8930.12,64.1644,26.3263
11151.4,10474,69774.5,3457.5,3290,68872.6,9585.02,89.0798,26.3284
11800.8,11044,70026.6,4997.25,4532,72263.9,29482.8,50.492,26.3284
11500.4,10275,73352.2,6066,5463,72769.8,11062.8,-12.4558,26.3284
12708.1,11948,69705.5,4764.75,4504,69330.1,15856.9,-31.5559,26.3295
10351.9,9652,70288.2,4158.75,3892,70027.7,6551.03,-6.2662,26.3316
7560.15,7124,69548.3,2520,2352,70217.1,11728.2,-5.60076,26.3326
13227.5,12341,70243.7,4702.5,4517,68227.4,12722.1,46.8219,26.3337
7709.65,6991,72272.9,3950.25,3627,71376.8,7296.65,-61.3342,26.3369
22061.6,17486,82685.1,19664.3,14378,89631.1,16658.5,113.754,26.339
8203.65,7741,69452.8,3650.25,3485,68643.6,17127.2,-65.1437,26.3411
16716.7,14821,73918.5,10581,9425,73574.2,12135.2,-109.676,26.3421
20367.8,17833,74851.2,6723,6009,73323.1,17379.1,43.2069,26.3421
9222.85,8429,71708.2,5277.75,4905,70516.3,11789.8,172.417,26.3432
8567.65,8133,69038.4,3697.5,3509,69056.5,14666.1,-7.43118,26.3432
7695.35,7227,69783.1,3340.5,3119,70190.1,15001,5.45624,26.3442
5965.7,5617,69604.4,2501.25,2437,67263.8,7061.41,-73.3654,26.3464
18062.8,15929,74315.2,8451,7389,74955.3,17992.8,-110.756,26.3464
13218.4,12332,70246.6,5368.5,5148,68343,8095.75,-47.6042,26.3474
8684,7804,72926,6549.75,5692,75411.9,12889,50.2556,26.3495
8433.75,7905,69919.6,2702.25,2481,71380.4,6783.93,69.4051,26.3506
10782.8,9569,73849.4,5425.5,4677,76024.3,37719,0.302464,26.3516
22287.8,19457,75071,8358.75,7413,73897.1,12497.2,-26.2697,26.3527
9830.6,8918,72242.5,6184.5,5666,71533.3,22338.1,-72.2195,26.3601
8677.5,8140,69863.5,3796.5,3628,68579.8,10845.4,-13.3076,26.3622
7139.6,6793,68879.8,2569.5,2413,69786.5,13695.9,-82.2147,26.3643
14542.4,13095,72780,6126,5463,73489.6,19445.3,-35.9908,26.3654
8303.1,7569,71892.2,3434.25,3157,71291.4,8649.66,-34.7251,26.3654
14319.5,13232,70922.2,5100,4740,70513.4,15040.8,14.0547,26.3675
9730.5,8953,71227.3,3890.25,3545,71918.6,6384.66,-79.3599,26.3706
6073.6,5816,68438.7,4123.5,3624,74568.9,12641.1,-15.9551,26.3728
6225.7,6101,66875.5,2652,2465,70507.7,7514.48,-74.2424,26.3738
8042.45,7817,67426.1,3133.5,2889,71082.4,20700.4,40.502,26.3738
14851.2,13777,70645.9,11670.8,10737,71235.4,20154,18.1626,26.3749
9934.6,9692,67176.4,5682,5228,71227.1,23971.3,-68.8409,26.378
8010.6,7606,69022.2,5376,4946,71233.6,19008,18.2057,26.3865
7155.85,6889,68074.6,4544.25,4281,69566,11634.3,68.3628,26.3939
11289.8,10480,70600.3,4517.25,4240,69821.3,10532.7,-22.7558,26.396
14573,13281,71911.5,9395.25,8645,71223.5,13798.1,14.1014,26.3981
14643.8,13745,69821.7,5727,5397,69543.2,10305.2,15.0927,26.4055
12715.3,11981,69552.6,4926,4697,68731.2,19681.2,111.06,26.4087
12043.2,11687,67533.4,3579,3495,67111.1,15601.7,77.6737,26.4087
22334.6,19697,74312,11712,10469,73317.2,26934.4,75.5278,26.4118
6921.85,6724,67464.4,3243.75,3136,67787.8,9404.14,1.36658,26.4192
11030.5,10389,69582.7,3991.5,3761,69552.5,11787.3,183.597,26.4203
5106.4,5085,65811.8,2029.5,1981,67140.5,6354.11,-19.1588,26.4203
6587.75,6591,65503.7,3299.25,3211,67337.2,15637.1,22.6323,26.4213
13136.5,12434,69238.7,8128.5,7414,71851.8,12766.4,-52.9398,26.4213
10689.3,10029,69850.5,5864.25,5597,68665.3,24037.7,78.2166,26.4234
27496.3,24365,73958.4,9315,8281,73719.1,19633.8,13.8821,26.4234
12812.8,11696,71793.8,7747.5,6960,72951.2,17111,20.8569,26.4245
16184.3,14111,75165.3,9882,8795,73635.8,10387.3,-24.4704,26.4245
15065.7,13240,74572.9,10184.3,8956,74523.8,6396.99,-2.82041,26.4245
6813.3,6357,70240.1,3945.75,3701,69869.9,10728.4,-14.1632,26.4256
13107.9,12628,68026.6,4903.5,4772,67342,9039.49,47.8203,26.4266
12602.2,10497,78679.4,6474.75,5617,75543.8,20840.8,-50.6632,26.4266
10338.3,9160,73965.9,10178.3,8808,75731.4,13579.7,15.8297,26.4319
10657.4,9521,73358.2,5223,4593,74525.3,27636.7,63.4614,26.4329
12104.9,11273,70372.6,5710.5,5261,71135.4,9160.5,-8.94427,26.434
14010.7,12673,72453.9,8299.5,7109,76510.9,8149.08,-66.5263,26.434
7656.35,7409,67723.9,4003.5,3761,69761.6,10555.5,35.7233,26.4351
14599.6,13844,69113.2,3118.5,2916,70087.1,7277.59,49.6065,26.4372
10882.3,9524,74882.7,5882.25,5380,71654.1,17212,-74.6068,26.4393
10140,9649,68870.9,6145.5,5445,73967.2,8919.66,54.7048,26.4435
11978.2,11394,68896.2,6051,5489,72246,11580.9,-108.795,26.4498
9568.65,8777,71447.1,6035.25,5433,72800.7,19962.8,-17.9502,26.453
13630.5,12285,72713.8,7383,6733,71862.8,14959.9,-22.9222,26.453
6598.8,6301,68633.4,2790.75,2589,70643,9821.68,30.5909,26.453
6633.25,6216,69935.1,3237,2956,71765.9,21407.7,12.9555,26.4551
10599.5,10477,66302.6,4500,4265,69147,17177.1,81.9145,26.4583
10719.1,10328,68018,2923.5,2776,69018.2,24672.3,-56.8272,26.4583
15252.2,13972,71541,7496.25,6900,71199.2,16521.3,-30.7209,26.4615
9686.95,9487,66917.3,3655.5,3455,69339.2,8617.18,30.6362,26.4625
9956.05,8664,75309.3,6590.25,5788,74619.7,12092.2,53.7256,26.4646
12121.2,10245,77537.8,11379.8,9877,75507.1,11875.5,80.3937,26.4646
9334,8424,72615.5,5711.25,5148,72706.4,23663.6,-111.829,26.4646
12433.8,11348,71806.9,7209,6352,74378,19813.8,-3.32463,26.4667
12686,11025,75409.8,6680.25,6065,72184.1,13052.2,8.96948,26.4678
13141.7,11960,72011.2,6524.25,6060,70556.6,6787.82,67.6849,26.4678
14812.8,13573,71522.5,6177.75,5713,70867.3,17768.8,46.6322,26.4678
14557.4,12277,77709,9522,8245,75686.3,16839.9,87.0871,26.4689
13787.1,12224,73916.5,8835,7760,74614.8,25011.8,53.24,26.4699
7735,7272,69708.6,2289,2168,69193.7,11179.7,60.6399,26.471
18438.5,15997,75538.5,9243.75,8201,73868.8,34375.9,76.1081,26.472
13248.9,11448,75845.8,9481.5,8332,74577.5,15300.6,-7.45502,26.4731
13721.5,12096,74342.9,8109,7012,75788.9,7464.65,-16.6205,26.4784
11135.1,9846,74116.7,5454.75,4882,73224.6,10329.6,91.6318,26.4784
15917.8,14125,73854.3,7221.75,6473,73116.7,18663.7,54.3386,26.4784
21764.6,16130,88429.3,19650.8,16402,78516.7,29032.3,127.909,26.4847
10550.8,8920,77517.6,5100,4504,74208.2,35427.8,-71.8514,26.4847
11244.3,10388,70938.5,4738.5,4484,69255.7,8181.53,-6.32747,26.4889
13223.6,12384,69979.1,4985.25,4768,68522.1,18808.3,65.5132,26.4889
12822.5,11622,72305.9,5272.5,4754,72683.8,12147.5,-59.7965,26.4921
10724.3,9884,71108,5931.75,5448,71355.2,30211,-110.355,26.4952
12812.8,11429,73471,5878.5,5269,73117,8003.96,116.659,26.4952
14532.7,13493,70585.9,6705,6305,69693.7,8221.74,-2.88899,26.4963
12712,11612,71744.5,5049.75,4556,72638.4,8427.6,-7.19672,26.4974
8239.4,7568,71350.1,5775.75,5008,75583,12102.9,24.4852,26.5111
17426.5,15716,72668.8,7316.25,6640,72210.5,12353.8,20.1757,26.5153
13234.6,12663,68494.5,4285.5,3975,70655.2,19735.5,18.1783,26.5185
10108.1,9570,69221.3,5026.5,4562,72208.8,9028.76,-65.6993,26.5195
6553.95,6209,69176.9,3885,3557,71579.3,16107.4,-4.90534,26.5216
11020.1,10405,69410.2,2675.25,2421,72418.5,13380.6,-34.0429,26.5216
11928.1,11223,69653.7,6667.5,6071,71975.2,23926.5,-36.1592,26.5238
8767.85,8176,70280.1,4907.25,4548,70712.7,22675.9,-4.29219,26.5238
11572.6,8960,84645.3,8676.75,6992,81327.2,42427.9,-48.8945,26.5269
23744.5,21141,73606.7,14390.3,12465,75658.2,11073.6,55.4838,26.5269
12056.8,11165,70771,6690.75,6029,72729.3,21392.3,70.576,26.528
17915.3,15465,75919.6,13794,12077,74853.3,15673.4,125.831,26.5322
5455.45,5473,65325.8,2259.75,2209,67041.6,7600.26,56.4744,26.5333
5951.4,5457,71473.5,2427.75,2229,71379.6,17831.3,-18.7301,26.5354
12366.3,11249,72045,4741.5,4341,71582.3,13063.2,-22.8509,26.5385
7944.3,7440,69978.2,3183.75,3056,68275.6,15541.8,-4.02409,26.5385
7614.1,6933,71974.3,2754.75,2565,70384.1,13729.6,34.744,26.5428
10829,9805,72380.4,3591,3369,69854.5,8245.54,26.3501,26.5438
9244.95,8263,73324.1,3738.75,3427,71497.7,6401.52,-38.9406,26.5438
14172.6,13147,70648.5,7825.5,7535,68062.6,12194.4,52.0017,26.5449
7907.9,7073,73271.9,5579.25,5125,71344.7,14897.9,19.2201,26.5459
8804.9,7851,73498.6,4617.75,4239,71391.6,7683.17,-91.4487,26.548
28455.7,21101,88378.4,26335.5,20525,84088.8,42882.3,166.088,26.548
13291.8,11396,76438.6,13122.8,11860,72513.7,24395.6,67.0232,26.5491
14246,13033,71635.8,3783,3625,68392.5,12076.1,58.8862,26.5502
9716.85,8552,74462.5,3516.75,3308,69671.6,6518.9,-106.025,26.5502
5814.9,5055,75387.8,3695.25,3423,70748.4,6509.47,-29.4846,26.5523
8245.9,7421,72820.8,2778.75,2633,69163.8,14888.5,-20.3395,26.5523
9369.1,8116,75654.7,4065.75,3748,71092.1,22916.3,-27.5212,26.5544
40755,31620,84469.3,26469,21008,82572,32833.3,64.9861,26.5554
10717.2,9460,74245.5,5361,4880,71995.6,12602.8,11.5664,26.5565
10357.8,9404,72182.6,2986.5,2872,68148.8,23768.5,15.4467,26.5565
12038,10309,76527.5,5690.25,5173,72089,18696.2,68.9574,26.5597
10087.3,9465,69845.2,5789.25,5337,71089.4,8849.13,1.38744,26.5692
12557.3,11060,74408.5,5666.25,5012,74090.9,19803.8,-62.6643,26.5702
10125,9560,69409.5,3205.5,3032,69286.2,17543.1,-24.7393,26.5723
5985.85,5904,66444.6,2498.25,2400,68218.9,13811.3,26.141,26.5744
9304.1,7951,76688.9,6849.75,6203,72369.1,18080.1,91.3405,26.5776
12734.1,11592,71993.2,7963.5,6936,75244.5,22121.9,90.3286,26.5787
12563.8,11364,72455.5,8385.75,7536,72925.8,16135.3,1.97361,26.5797
15624,13697,74756.4,5175.75,4261,79605.2,22537.5,-35.247,26.5818
13902.2,13319,68405.6,7736.25,7207,70348.7,19420.8,58.6101,26.585
14915.5,13956,70042,16134.8,14868,71119.6,30115.1,66.8082,26.5903
15762.5,14385,71811.7,9598.5,8417,74735.3,20763.8,-18.8403,26.5913
8762.65,8893,64575.4,3067.5,3037,66194.2,13020,18.4307,26.5935
12899.9,12428,68024.4,5199,4892,69648.8,8199.09,43.5519,26.5945
15469.3,11964,84737.5,12266.3,9884,81331.5,9112.18,30.6176,26.5956
18762.9,16984,72400.2,13202.3,11772,73498.4,32947.8,40.9018,26.5966
5021.25,5197,63319.7,2983.5,2793,70006,10352.1,-60.589,26.5977
12082.2,11693,67717.4,5223,4621,74073.7,16936.9,31.1835,26.5987
12246.6,11677,68733.1,5645.25,5309,69686.8,18720,17.3565,26.5987
24044.1,19973,78894.4,19790.3,17313,74913.3,12610.7,78.6461,26.6019
12534.6,11240,73084.3,10158,9116,73027.1,6385.34,37.6,26.603
24194.9,18656,84993.6,17216.3,13668,82549.3,38158.3,118.106,26.604
6351.8,6230,66817.3,2589.75,2406,70541.1,6388.54,-18.3001,26.6061
9790.95,9404,68232.6,3497.25,3256,70391.8,10589.9,9.92202,26.6082
12609.3,11897,69460.1,5089.5,4813,69301,33194.1,-42.5275,26.6093
8536.45,8573,65256.6,3794.25,3609,68900,12318.5,137.137,26.6135
12202.4,10289,77723.8,6586.5,5713,75556.3,37647.4,75.9852,26.6156
12900.5,12547,67382.7,4773,4567,68492.1,12555.5,101.868,26.6156
8476,8441,65807.7,3385.5,3161,70190.5,14788.1,147.364,26.6177
9612.85,9029,69773.8,5960.25,5457,71579.8,14684.9,90.6081,26.6209
8743.8,8197,69907.7,4026,3701,71291,22600.6,70.5306,26.622
8260.85,7656,70713.6,6625.5,5676,76499.1,15583.5,0.27435,26.623
10804.9,10340,68482.9,4239,3908,71086.8,19099.2,-23.0778,26.6262
13864.5,13157,69060.1,4791.75,4561,68851.6,19817.8,-51.4848,26.6262
12140.7,11224,70888.5,7145.25,6424,72894,7522.8,14.3373,26.6283
12177.8,11593,68841.6,5187.75,4953,68642.1,7821.5,29.8061,26.6283
11847.5,11376,68252.6,4560,4276,69888.7,7311.17,-91.4348,26.6315
21935.5,15932,90231.5,19452.8,15132,84249,29308.9,111.559,26.6315
13868.4,13093,69417.2,4583.25,4229,71025.8,6369.02,44.4806,26.6325
14315.6,13657,68696.4,5378.25,5181,68031.1,11639.2,45.1426,26.6346
7948.2,7682,67807,3375.75,3190,69352.1,6890.77,83.161,26.642
10203.7,8753,76397.8,9648,8385,75407.4,11916.9,96.7321,26.6452
7415.2,6992,69502.7,4254,3920,71119.9,7432.75,68.5207,26.6452
11819.6,11068,69986.4,6864.75,6124,73463.1,13418.5,-29.7443,26.6462
12400.7,11753,69147.6,6545.25,6249,68642.9,10155,-53.7016,26.6494
6135.35,5841,68838.6,2516.25,2337,70562.7,8493.46,-5.4792,26.6505
7872.15,7697,67027.3,3087,2997,67504,6760.2,39.3059,26.6547
8907.6,8284,70469.4,4440,4072,71458.7,21404.2,0.0555964,26.6558
13485.5,12238,72216.8,9239.25,8478,71420.6,8770.81,85.6704,26.66
5953.35,5584,69870.8,3109.5,2944,69220.2,11052.3,-2.99536,26.6642
14126.4,13352,69337.3,5467.5,5276,67914.7,10348.8,-39.0889,26.6663
6046.3,5916,66979.4,2702.25,2588,68429.2,12900.1,79.4952,26.6663
13478.4,12221,72278.9,7376.25,6521,74131.3,20730.4,75.7609,26.6663
8048.95,7675,68729.1,3112.5,2875,70949.8,7144.96,-5.42852,26.6684
6997.9,6490,70664.8,2839.5,2602,71517.9,14415.6,-105.462,26.6695
19956.3,17130,76348.9,12307.5,10990,73392.6,36586.4,-8.25497,26.6737
18686.8,16537,74055.8,9606,8589,73295.9,15234.1,-54.7525,26.6758
5694,5445,68533,2877.75,2769,68109.9,12369.7,71.7751,26.6758
5603.65,5456,67309.5,2701.5,2628,67368.9,9320.09,-33.8903,26.6769
5223.4,5261,65067.6,2088,2041,67045.2,16017.5,118.938,26.6822
10446.8,8837,77474.4,9070.5,7861,75619.4,10640.4,-91.5599,26.6832
13193.7,12414,69652.2,4884,4750,67384.8,10548,115.704,26.6832
13700.7,12489,71894.4,4246.5,3913,71121.5,8312.25,107.188,26.6843
10190,9325,71615.6,7620,7001,71330.4,9538.73,59.8415,26.6853
11284.6,10325,71627.2,7135.5,6373,73377.1,8659.83,67.6146,26.6874
12066.6,10577,74765.7,11470.5,9941,75619.2,27724.5,9.27807,26.6885
5504.85,5363,67269.4,2513.25,2423,67977,8054.42,-2.0227,26.6885
14591.2,11908,80303.1,8925,7524,77739.1,30414.4,4.01698,26.6917
12852.4,11864,70996.1,4149,3836,70883.4,13213.6,-63.2766,26.6927
26925.6,23377,75484.3,10278,9169,73462.6,23124.1,-1.72904,26.6959
10712.6,9940,70630.2,5321.25,4848,71933.5,16910,92.2445,26.6969
5537.35,5356,67755,1812.75,1820,65274.9,12299.5,23.6178,26.6969
5952.05,5248,74328,2862,2612,71808.6,7154.93,-97.4489,26.7043
23890.8,21105,74186.4,10627.5,9889,70430.2,6811.52,89.184,26.7064
9029.15,8253,71699.3,3339,3273,66857.5,7630.52,44.4332,26.7086
13954.8,12467,73357.3,5997.75,5591,70303.8,6915.45,39.3001,26.7096
29963.7,21892,89699.5,31401,24800,82979.7,51933.2,203.588,26.7117
12488.4,11289,72499.2,5129.25,4921,68309.4,13138.7,77.7662,26.7138
11293.8,10284,71970.8,3496.5,3272,70032.6,17302.2,-59.1302,26.717
13703.9,12817,70071.2,5628,5333,69161.2,17025,-72.0198,26.7181
27329.2,18732,95614.4,21078.8,15240,90644.2,22312.4,197.821,26.7181
12435.1,10252,79491.8,13842,12124,74822.6,14134.6,-28.0512,26.7212
22819.5,16336,91546.4,22285.5,16528,88365.4,19314.5,118.814,26.7223
8945.95,8550,68571,3827.25,3602,69634.3,13412.5,14.9759,26.7254
8850.4,8341,69538.4,5358,4817,72896.4,12430.7,6.41284,26.7254
14171.9,11942,77773.6,9252,7986,75925.3,26233.4,90.1741,26.7286
12249.3,11056,72609.1,7224,6564,72125.5,25242.7,18.8313,26.7297
14532.7,13470,70706.4,7700.25,7274,69376.4,19773.2,95.5769,26.7307
10605.4,10173,68321.6,3500.25,3337,68742.1,18813.5,92.173,26.7318
18556.2,16688,72872.7,9267,8368,72576.7,19948.6,-81.5897,26.7328
14379.3,13165,71580.9,6697.5,6141,71474.9,15051,143.054,26.735
11106.5,11048,65883.3,4607.25,4476,67457.7,7153.71,-56.1688,26.736
11685.7,10857,70538.3,7461.75,6877,71108.5,9312.58,100.27,26.7402
12684.8,11885,69946,4020,3741,70423.6,7305.49,-41.5546,26.7487
10471.5,9849,69678.2,4215,3785,72981.3,16501.1,75.9199,26.7508
9926.8,9556,68079,6408,5968,70367.8,10224,62.3958,26.7518
8225.75,7357,73274.8,6422.25,5641,74612.4,10922.5,76.9895,26.7571
20086.3,17329,75963.7,12410.3,10933,74391.1,18661,-110.781,26.7582
7081.75,7016,66150.2,1693.5,1628,68172.7,12710.1,-87.3377,26.7592
10811.4,10325,68623.6,4686,4357,70484.7,15787.6,132.707,26.7635
28750.8,21257,88639.6,25237.5,18397,89904,94959.9,212.291,26.7645
8943.35,8445,69403.4,3936.75,3613,71408.5,8405.41,-28.6959,26.7656
14054.9,12510,73629.5,8355.75,7386,74140.6,12267.9,60.599,26.7656
14306.5,13503,69435.7,4676.25,4331,70760.3,6806.93,63.3842,26.7666
7476.3,7304,67082,3912,3820,67114.4,9722.51,-21.0054,26.774
12595,11605,71127,8130.75,7317,72824.5,6451.03,32.4376,26.7751
6193.2,6004,67601.2,3069.75,2804,71747.2,15814.8,23.4857,26.7814
5903.95,5659,68372.7,2550,2363,70722.3,10327.1,14.2319,26.7814
5559.45,5544,65718.6,2262,2232,66416.9,15027,-53.0247,26.7814
8487.05,8358,66547.9,3879.75,3730,68167.1,10895.4,87.3105,26.7835
14735.5,13341,72386.3,7173,6617,71042.7,27274.6,-72.405,26.7856
9788.35,8968,71530.9,6841.5,5948,75380.7,10220.7,-41.6641,26.7867
14596.4,12677,75458.7,9353.25,8101,75666.5,15758.2,36.3878,26.7867
13154,12745,67639.4,5207.25,5005,68184.3,8150.82,73.6537,26.7878
10129.6,9377,70795.9,4965,4629,70293,16435.7,105.162,26.7878
10359,10137,66971.6,4656,4541,67195.7,21984,-62.7462,26.7888
12370.1,10337,78426.1,8886.75,7857,74125.3,13501.9,57.9726,26.792
12086.8,11449,69186.6,4796.25,4653,67553.6,17454.6,28.584,26.793
12867.4,11236,75051.4,7859.25,7008,73496.6,6683.23,-35.5112,26.7951
7105.8,6820,68282.4,2951.25,2864,67532.5,11016.7,-62.334,26.7951
11590.1,10200,74467.9,6726,5868,75118.5,6572.03,-6.26699,26.7962
11934.6,11040,70846.9,3813,3536,70669.9,18537.7,-17.0367,26.7962
20612.8,18381,73493.3,7554.75,6717,73709.7,15245.9,-34.973,26.7973
11579.1,8866,85590.8,12015,9842,80005.6,8914.75,-47.635,26.8004
12051,10375,76122.8,8956.5,7795,75301.3,13355.7,-5.66193,26.8004
11636.9,11052,69004.6,5984.25,5676,69095.1,20301.3,32.7771,26.8015
15795,14373,72019.8,7906.5,7253,71440.8,7365.8,53.0432,26.8036
8898.5,8798,66284.6,3735.75,3710,65990.9,8356.62,52.1459,26.8057
5548.4,5623,64666.5,2538.75,2467,67442,12534.5,-15.0911,26.8089
13322.4,12730,68585.8,3861.75,3726,67923.7,23852.4,16.3036,26.8099
14779.7,13776,70310.9,4357.5,4100,69652,7811.35,114.946,26.8142
11324.9,9565,77594.6,9807.75,8285,77581.3,8665.08,22.8944,26.8152
15574,14289,71429.6,3474,3201,71125.3,12266.7,57.159,26.8152
10824.4,10133,70008,4342.5,4145,68658.6,9551.81,46.941,26.8173
9985.95,9490,68960.9,4124.25,3762,71846.6,11750.4,-28.8216,26.8205
7688.85,7453,67609.9,3127.5,2921,70169.1,10924.7,-20.1906,26.8237
13861.2,13177,68939.1,9050.25,8413,70500.1,6353.02,83.1812,26.8258
9191.65,8764,68733.9,4453.5,4076,71605.6,12210.5,39.1011,26.8279
9213.1,8297,72772,4282.5,3801,73837.9,8223.07,-9.76904,26.8279
21581.9,17708,79873.2,10021.5,8184,80250.4,15271.7,6.30607,26.8279
11157.3,9782,74749.7,6790.5,5926,75096.6,39044.4,60.4527,26.8289
9592.7,8193,76732.2,6203.25,5489,74063.8,11347.4,-70.0865,26.83
6758.05,6519,67939.2,2421.75,2359,67279.3,7290.65,-61.334,26.831
7294.95,7081,67516.1,3594.75,3497,67367.9,9343.45,45.2289,26.8332
30267.9,14932,132845,15319.5,7968,126001,21550.4,55.0901,26.8353
7410.65,7188,67566,2319,2180,69714.7,17411.5,-74.6143,26.8363
11824.8,11353,68259.5,3619.5,3405,69664.5,13438.7,-56.405,26.8405
22113.6,20089,72141,12486,11257,72691,8159.68,30.6533,26.8448
6407.05,5980,70216.1,2298.75,2152,70005.1,9813.54,109.711,26.8469
6809.4,6561,68017.2,2669.25,2529,69170.4,25183.5,-53.4064,26.8479
6550.05,6210,69124.6,2629.5,2534,68005.9,8271.38,84.8291,26.8479
6522.75,6176,69215.5,2148,2036,69141.1,18506.3,25.9645,26.8511
10063.9,8873,74332.4,6619.5,5965,72726.8,14273,-6.5564,26.8522
5623.8,5272,69909.2,2458.5,2296,70174.3,11816.8,-95.9041,26.8532
16924.7,13248,83724.1,10591.5,8820,78698.9,15437.8,29.5198,26.8532
11808.5,9937,77879.2,13768.5,11873,75998.7,33010,95.0794,26.8543
14483.9,13430,70679.1,5562.75,5218,69865.9,10270.1,58.094,26.8553
13931.4,12720,71777.6,6654.75,5956,73224.6,16074.3,23.4759,26.8564
11694.1,10093,75932.6,9678,8269,76703,24270.2,-46.4921,26.8564
31336.5,23033,89162,21250.5,16169,86132.3,6505.85,192.395,26.8574
18788.9,17496,70378.9,4140,3720,72935.2,9286.05,14.271,26.8574
17932.2,16432,71519.3,9815.25,8768,73363.6,6733.9,93.4869,26.8691
6082.05,6105,65289.6,3129.75,2969,69084.3,12228.5,21.0404,26.8712
15080,12059,81954,13281,11183,77831,20572.5,80.0669,26.8743
12376,11334,71561.1,7524,6930,71153.4,14382.8,-45.2605,26.8743
8420.1,8440,65381.5,3171.75,3084,67400.7,9912.16,176.787,26.8754
8237.45,7660,70476.4,6216.75,5624,72443.3,16378.9,-84.8955,26.8828
7695.35,7615,66227.5,3804.75,3551,70219.1,12034.9,119.948,26.8838
8858.2,8617,67370.4,6201.75,5501,73884.4,28316.8,-7.08419,26.8838
7265.7,7537,63177,3187.5,3089,67625.8,14083.1,76.0107,26.8849
6658.6,6868,63537.9,2607,2500,68340.9,11430.6,-42.5696,26.8849
6024.85,6252,63154.9,3520.5,3320,69493.8,19510.9,-76.4132,26.8849
8871.85,8572,67828.5,4638.75,4168,72937.9,8357.31,79.6659,26.886
4911.4,5176,62185.8,3054,2872,69689,10973,11.6276,26.8912
11490.7,10408,72353.4,6289.5,5500,74943.4,7706.3,8.31039,26.8944
8058.7,8028,65786.6,3192,3036,68903.5,14853.8,168.862,26.8955
11470.5,10597,70938.4,2798.25,2549,71944.3,24857.5,-38.7742,26.8986
11760.4,10175,75747.7,5789.25,5580,67993.6,13664.4,7.22647,26.906
31281.9,14840,138146,11301.8,5544,133599,8987.08,-15.8177,26.9081
10743.2,9585,73455,3932.25,3829,67303.2,10538.8,28.8439,26.9092
11549.2,10489,72160.2,4124.25,3949,68444.4,6948.5,-14.8811,26.9124
14298,13169,71154.8,7624.5,7105,70327.8,6435.9,60.8181,26.9145
11402.3,10781,69312.8,5372.25,5209,67589.9,6903.99,-2.83946,26.9155
12686.7,10584,78555.9,6347.25,5644,73701.9,18376.3,100.789,26.9166
14168.7,13672,67916.9,8600.25,7928,71093.1,8238.06,79.6704,26.9197
12217.4,11983,66818,5463.75,5115,70004.4,12359.2,53.7155,26.9219
6923.15,6919,65575.3,4607.25,4231,71363.9,6764.88,-43.2542,26.9219
10546.9,10386,66551.3,4428.75,4102,70756.4,6506.47,15.2355,26.9261
10309.6,9897,68268.5,4608.75,4285,70487.5,12719,-148.398,26.9271
6146.4,6076,66295.3,2460,2280,70709.9,16155.4,13.1529,26.9271
17778.8,15930,73142,10419.8,9390,72723,26852.3,-62.9291,26.9303
8262.15,8012,67582.2,3753.75,3532,69650.6,20219,-60.0999,26.9314
11718.8,11245,68297.6,6636,6269,69372.6,18025.4,-43.6774,26.9366
12290.8,10849,74245.8,13387.5,11873,73895.7,12277.4,-16.8014,26.943
7672.6,7405,67904.3,5207.25,4889,69802.1,8086.96,-5.46392,26.9472
8796.45,7728,74596.8,8015.25,6816,77066.8,27929.7,3.25036,26.9535
6575.4,6400,67332.1,2185.5,2148,66680.1,13151.9,-88.2143,26.9567
10426.6,9820,69584.6,3642.75,3532,67591,22561.4,36.9921,26.9599
8635.25,7761,72918.4,5506.5,4997,72218.1,6848.32,-99.1574,26.9609
7176.65,6980,67382.4,2430.75,2336,68194.2,8487.32,-3.75897,26.962
9856.6,9204,70182.8,4205.25,3892,70810.7,15546,-80.5642,26.963
9544.6,8984,69625.4,3575.25,3352,69900.8,9798.29,-12.4082,26.9652
5350.15,5256,66709.9,2147.25,2044,68846.5,9095.6,4.81817,26.9683
17901.6,13896,84427.4,15067.5,11564,85391.2,35064.8,142.302,26.9725
9629.75,9499,66438.1,5054.25,4875,67945.7,11972,-15.0699,26.9778
12845.3,12337,68236.2,4450.5,4193,69560.7,26501.9,46.304,26.9778
10808.8,10304,68747,3585.75,3380,69525.4,13507.4,-88.2276,26.9778
21974.5,19353,74413.5,12023.3,10409,75699.5,24222.3,58.4297,26.9778
10711.3,10165,69058.4,3237.75,2961,71661.3,7462.98,3.15953,26.9831
13230.1,12397,69940.1,3854.25,3501,72148.6,9971.42,-73.4747,26.9831
29513.9,17414,111073,11100,6466,112504,13256.1,64.0018,26.9831
9952.8,9149,71293.8,3507,3213,71532.8,8295.36,-13.2118,26.9852
12869.3,11792,71523.6,6381.75,5892,70983.4,10955.4,25.3883,26.9863
10690.5,9313,75229.9,6197.25,5349,75928.8,17087.2,-26.4422,26.9873
5828.55,5359,71278.2,3161.25,2971,69732.6,12169.7,-91.6174,26.9873
17173,15192,74081.7,13462.5,11868,74340.9,12815.8,11.5584,26.9937
9946.95,9008,72367.1,6171.75,5380,75180.6,19731.6,-51.4815,26.9958
11029.2,9359,77231.5,7340.25,6415,74988.4,18365.5,-146.03,26.9989
10689.3,9997,70074.1,3714.75,3549,68596.8,14948,57.0582,27
11677.3,10024,76344.8,9779.25,8616,74384,16940.2,36.3434,27
8307.65,7364,73934,6057.75,5392,73627.7,24670.8,67.8728,27
23825.1,18093,86298.7,12195,9869,80982,31272.1,-37.2953,27.0011
15636.4,13957,73421.7,6487.5,6017,70660.6,40758.3,32.0082,27.0063
13080.6,12102,70835.4,4250.25,4098,67970.8,7576.24,-41.5647,27.0074
22851.4,19841,75479.5,11450.3,10277,73017.8,20730.4,4.38092,27.0084
15424.5,13962,72400.8,4656.75,4330,70481.5,15675.9,-2.30913,27.0095
9365.85,8104,75740.4,5720.25,5228,71706.6,17526.2,-83.2187,27.0137
15650,11621,88257.6,13700.3,10385,86457.4,28650.4,-13.9767,27.0148
14447.5,11661,81196.7,12180.8,10473,76222.4,11927.4,-28.8283,27.018
12664.6,11545,71891.5,7405.5,6761,71783.3,19752.4,-48.9023,27.0232
11882,10910,71374.8,6357.75,6058,68778.7,9750.14,34.0336,27.0232
6007.95,5578,70587.5,4076.25,3870,69028.7,20571.6,-7.65311,27.0243
7476.95,7301,67115.4,3797.25,3685,67532.3,8042.79,65.0577,27.0243
12511.2,11477,71441.5,5055.75,4725,70123.5,21228.7,-44.6578,27.0253
15280.8,13368,74913.7,10968.8,9768,73592.1,15250.6,88.0069,27.0275
14419.6,12784,73920.8,8832.75,7956,72758.1,21966.6,-24.9055,27.0285
11423.8,10692,70021.2,5607.75,5428,67706.2,16064,11.4363,27.0296
14061.4,12928,71281.8,6449.25,5908,71540,10697.3,107.098,27.0306
13475.1,12592,70132.4,4201.5,4000,68837.4,7108.42,81.4329,27.0317
8357.7,7620,71880.6,4593.75,4176,72092,7479.6,-51.8811,27.0327
15850.2,14727,70534.5,6658.5,5876,74263.4,15568.1,14.0349,27.0486
13161.2,12342,69885.9,8478,8066,68883.5,7345.79,59.0639,27.0496
8779.55,8223,69971.6,7844.25,7215,71251.7,8944.98,-23.5562,27.0517
29394.9,19880,96902.8,24076.5,17740,88944.6,28036.1,121.066,27.057
11270.3,10656,69314.3,4444.5,4148,70220.5,14216.2,-52.9943,27.0581
12513.1,11793,69538,5556,5121,71102.9,17574.6,-51.4005,27.0623
16565.9,14064,77194.4,12842.3,10816,77813.4,23390.5,68.781,27.0623
6831.5,6453,69380,3270,3045,70378.6,19972.4,9.56941,27.0644
16507.4,13864,78031.5,17831.3,15320,76278.6,21186.6,216.784,27.0655
14092.6,13530,68261.3,6051,5822,68113.8,9969.56,46.9253,27.0665
9828.65,9116,70659.3,5997,5480,71718.9,14834.3,34.7025,27.0686
7324.85,7236,66340.7,2652.75,2496,69651.7,8715.1,-45.9075,27.0697
6693.05,6728,65195.6,2994.75,2856,68719.9,7496.15,-16.6217,27.0708
10023,9328,70418.9,6872.25,6224,72361.8,25884.5,47.1872,27.0729
8919.95,8733,66938.9,4513.5,4329,68329.1,11280.9,15.916,27.0739
13501.1,12689,69730.6,6770.25,6401,69316.5,13803.4,21.8412,27.075
9132.5,8996,66530.4,3190.5,3028,69053,7095.49,-86.2667,27.076
10658.7,9967,70084.1,4796.25,4379,71780.6,10992.6,-33.9531,27.0803
9423.7,9190,67202.6,4560,4294,69595.8,7500.73,53.8981,27.0813
8801.65,8253,69892.8,3516,3261,70660.7,10023.3,58.9633,27.0855
12566.4,11596,71020.6,7911.75,7288,71145,10500.2,15.0854,27.0866
9384.7,8969,68573.5,3641.25,3449,69189,14437.9,-102.883,27.0898
7996.95,7157,73227.3,5913,5173,74911,12534.2,15.0089,27.0919
9614.8,8980,70168.8,2965.5,2852,68144.1,11139,-53.7386,27.0919
14266.2,13084,71457.5,5694.75,5324,70099.8,14250.5,-33.2156,27.0929
10632,9603,72558.8,6848.25,6087,73732,32509.5,53.8182,27.094
6714.5,6325,69571.8,2210.25,2081,69606.4,11247.9,113.957,27.095
7954.05,7628,68337.3,1802.25,1708,69152.4,8409.01,62.464,27.095
12184.3,11392,70093.7,4833,4544,69704.1,14380.8,-47.8405,27.0961
14991.6,13521,72664,6498.75,6085,69992.1,14193.7,134.487,27.0972
16936.4,15552,71369.9,8230.5,7796,69188.6,7748.12,180.309,27.0982
14714.7,13408,71922.9,9399.75,8800,70002.5,18428.2,36.2874,27.0993
13087.8,10932,78459.5,7339.5,6496,74045.8,20524.1,13.8487,27.0993
6470.75,5841,72601.8,3459,3185,71174,8618.96,-133.624,27.0993
14439.7,13005,72766.1,7792.5,7161,71315.4,8907.68,197.465,27.1014
12467,11385,71764.4,4122.75,3965,68143.4,14584.1,22.6719,27.1014
11706.5,10844,70748.5,4506,4408,66993,7771.65,60.7679,27.1024
12863.5,11637,72443.3,4403.25,4261,67723.9,17132.3,-27.3039,27.1035
18994.3,9993,124568,10352.3,6153,110262,10283.3,115.714,27.1045
15091,13056,75751.2,11662.5,10804,70743.6,24385.7,122.924,27.1056
9128.6,6824,87668.8,8658,7416,76511.7,32519.6,76.1779,27.1067
5786.3,5097,74398.9,2197.5,2125,67771.9,10404.6,-88.111,27.1067
14115.4,12953,71417.2,5808,5629,67620,12759.3,-3.05951,27.1077
13470.6,11606,76064.9,10248.8,9046,74249.6,16281.2,104.308,27.1077
13873.6,11947,76104.5,7039.5,6511,70855.6,27221.5,-29.403,27.1088
13992.5,11337,80887,9300.75,7805,78095.3,30678.4,111.507,27.1098
15556.4,14357,71011.2,3852,3729,67697.7,20128.1,4.40355,27.113
10715.3,10224,68684.9,4146.75,4016,67669.7,11705.8,46.8601,27.1172
15265.2,12920,77432.1,14260.5,12408,75320.4,17594.4,-19.5812,27.1172
7408.05,7029,69070.1,3215.25,3109,67775.7,20520.5,20.7288,27.1183
12751.7,11296,73981.5,6600.75,5876,73619.3,9976.58,-54.5549,27.1193
6370,6012,69438.5,2149.5,2088,67466.3,11030.1,-7.29453,27.1204
12008.1,10328,76197,7137.75,6364,73504,25967.1,19.6641,27.1257
18699.8,9681,126590,8148,4193,127352,14248.1,67.4045,27.1267
15064.4,13477,73255.2,10641,9349,74592.9,15542,-95.1841,27.1278
8884.2,8752,66525.9,3451.5,3248,69642.1,23932.5,98.0006,27.1288
13971.7,12729,71934.4,12051,10317,76550.8,21514.1,111.851,27.1309
7950.15,8204,63508.2,3315,3260,66641.7,10670,29.699,27.132
6202.95,6276,64773.2,2543.25,2400,69447.7,17125.1,4.51641,27.132
17418.7,15528,73515.7,12408,10908,74548.1,17154.3,130.075,27.1331
12583.3,11321,72843.6,9052.5,7721,76837.8,21619,104.108,27.1404
5303.35,5357,64879.7,2681.25,2505,70147.1,7284.87,7.46622,27.1447
15235.3,14844,67263.8,6183,5960,67988.1,12807,-26.2813,27.1457
32320.6,19342,109511,27379.5,17774,100953,19833.9,203.935,27.1542
8372,8384,65442.2,4320.75,3972,71290.2,22033.1,40.452,27.1584
28190.5,14893,124051,12254.3,5821,137965,24336.5,47.2454,27.1647
8804.9,8622,66926.2,6315.75,5514,75065.1,15994.1,93.9989,27.1647
11438.7,11217,66831.3,5121,4737,70848.6,29198.8,73.7227,27.1742
10123.1,9849,67359.9,5715.75,5209,71911.6,14666.1,90.6088,27.1753
11729.3,11596,66289.1,4356,4024,70943,14984.9,-123.543,27.1785
9447.1,9359,66152.9,5743.5,5227,72011.9,11271.5,12.4764,27.1806
11996.4,10309,76263.1,7977.75,6565,79639,22140,26.6879,27.1806
5991.7,6125,64109.7,1790.25,1641,71496.5,6637.03,-57.0094,27.1806
7336.55,6731,71431.9,4539.75,3915,75994.1,10544.4,-64.0363,27.1827
9191.65,9243,65171.9,4528.5,4283,69292.5,11425.8,-119.969,27.1837
12762.1,11213,74589.9,6389.25,5453,76788.2,33013.4,215.479,27.188
7566,7348,67480.3,3802.5,3616,68916.1,8021.16,-34.7015,27.1901
10171.2,9645,69111.4,5447.25,4825,73987.8,22841,12.0416,27.1932
5615.35,5360,68658.1,2598,2432,70009.3,7385.17,-8.01755,27.1943
8953.1,8710,67365.1,3964.5,3826,67908.4,18565.5,197.102,27.1954
7073.95,6433,72065.7,3546.75,3253,71454,7407.48,-68.2184,27.1964
5529.55,5379,67370.3,3240,3043,69778.7,7162.23,3.17083,27.1964
12063.3,11345,69685.7,4911.75,4641,69359.3,7187.06,2.3099,27.1996
7853.3,7737,66521.1,3051.75,2937,68096.5,14483.1,-78.8043,27.1996
9656.4,9404,67295,3898.5,3752,68094.9,19076.2,-61.7769,27.2006
13387.4,11748,74681.4,8862.75,7744,75003.8,8816.56,85.6687,27.2049
9616.1,7917,79600.9,5651.25,4973,74474.2,26761.3,38.5543,27.208
8643.7,8101,69926.4,3792,3605,68935.5,15347.5,-65.9368,27.2091
7056.4,6437,71842.2,3072,2901,69399,11480.1,28.8086,27.2101
17172.3,14916,75449.7,12206.3,10720,74622.1,32868.3,50.3648,27.2112
10658.7,10123,69004.1,4528.5,4267,69552.3,15881,118.943,27.2133
7148.05,6853,68357.6,2775.75,2709,67150.8,6336.62,46.2019,27.2154
8636.55,7865,71965,2951.25,2765,69950.5,14071.6,16.6712,27.2175
12446.2,11781,69236.4,5116.5,4837,69322.9,13974.8,106.115,27.2175
9301.5,8640,70553.6,7000.5,6336,72409.2,14864.4,7.18137,27.2186
8134.1,7636,69810.9,2937.75,2692,71518.7,8153.57,-48.4664,27.2186
11704.5,10561,72632.3,5463.75,4961,72177.5,12883.1,-48.6442,27.2196
11843,10433,74393.1,7663.5,6849,73329.7,9727.37,-25.3056,27.2196
9896.9,8900,72876.8,5402.25,4672,75779.5,19971,-9.35054,27.2207
16283.8,14617,73009.2,9529.5,8605,72577,29661.3,112.405,27.2228
11681.1,10360,73893.4,7386,6700,72246.1,12302.1,-15.9423,27.2249
6026.15,5486,71988.7,3169.5,2910,71380.2,10072.2,12.5215,27.227
9601.8,8917,70569,3444,3265,69128.9,10946,21.0886,27.2323
12693.8,11700,71102.9,4740,4516,68786.7,17305.3,1.92964,27.2323
11144.3,9810,74449.5,7923,7138,72743.3,6812.97,53.924,27.2344
29822,20831,93822.4,18883.5,13887,89115.6,24816.3,59.2674,27.2344
6852.95,6236,72019.7,1624.5,1500,70975.5,6799.43,18.6645,27.2365
11232,10305,71431.4,4279.5,4117,68122.7,21690.6,-123.795,27.2429
7371.65,6488,74461.8,2822.25,2616,70703,9503.17,81.3429,27.2429
13762.4,11877,75939.7,7095.75,6165,75430.2,9887.33,106.268,27.245
8542.3,7312,76562.9,4651.5,4096,74424,15123,80.2717,27.245
11475.1,9633,78068.3,7932.75,6817,76262.4,18509.5,-21.3356,27.2471
13718.9,11301,79557.7,5882.25,5105,75514,32022.4,-94.0835,27.2482
17277,14212,79669.7,8125.5,6880,77400.1,20044.8,-12.7933,27.2503
10028.2,8436,77905.2,2511.75,2308,71321.5,20167,202.202,27.2534
13589.5,11344,78508.9,6354.75,5540,75174.2,10406.8,422.729,27.2555
8998.6,7476,78883.4,3747,3600,68212.1,7355.38,-81.9764,27.2566
9011.6,7280,81124.2,3392.25,3108,71529.8,14824.8,-39.2571,27.2577
13164.4,11382,75799.1,4986.75,4898,66723.5,31630.1,13.4313,27.2587
12634.7,11200,73931,6345,5844,71154.3,12825.4,76.058,27.2619
14699.7,12868,74865,5979,5732,68360,17555.6,-57.4198,27.2619
9341.15,8219,74483.7,3923.25,3723,69061,13650.1,-18.573,27.2629
12629.5,11628,71180.5,5040.75,4840,68254.3,16658.1,1.95396,27.265
13943.8,12893,70877.3,5074.5,4857,68470.8,11918.3,-27.1079,27.265
20027.1,18272,71831.2,8754,8164,70272.2,10707.9,52.0576,27.2672
17679.3,15334,75559.8,12189,10662,74922,22724.8,47.306,27.2703
14756.9,13716,70509.7,9266.25,8432,72020,10095.4,120.021,27.2756
14402.7,13979,67522.4,5565,5439,67054.2,13371.8,16.6975,27.2777
6147.05,6137,65643.3,2157,2141,66025.8,20794.6,-45.5015,27.2798
12321.4,10302,78382.4,8417.25,7326,75298,11116.6,8.18222,27.2809
11851.4,11216,69249,9229.5,8740,69206.5,23920.8,-74.859,27.283
8609.9,8745,64523.5,2749.5,2669,67512.6,19552.1,4.4252,27.2851
10491.6,10040,68484.1,5791.5,5144,73785.3,9493.88,84.7832,27.2883
12515.1,11771,69678.8,6480,5807,73131.3,8414.21,71.9238,27.2893
7520.5,6664,73959.1,5627.25,4968,74232.6,10218.8,88.196,27.2904
11007.1,10572,68233.2,7788.75,6984,73087.6,17262.4,111.151,27.2914
10261.5,9589,70132.5,7691.25,6833,73767.6,23804.4,34.3654,27.2936
17240.6,14629,77235.6,14070,12533,73573.1,9798.07,79.6118,27.2957
40521,30357,87478.5,29583.8,21889,88574.2,42585.7,170.4,27.2957
13477.7,12815,68925.3,6023.25,5611,70351,12983,21.0121,27.2957
6770.4,6729,65939.2,3051,2989,66895.4,7203.61,19.5093,27.2978
19948.5,17990,72670.6,10695,9958,70386.4,8575.44,63.3177,27.3052
13442,12713,69294,7246.5,6745,70408.7,6784.57,106.385,27.3062
8325.85,7180,75994.8,5205.75,4680,72898.3,8138.18,-142.206,27.3115
22071.4,17931,80668.7,17283,14239,79546.2,30538.7,15.1923,27.3136
18258.5,16948,70603.6,6540,6144,69760,6501.47,-23.4643,27.3168
21799.7,17736,80551.7,15041.3,11932,82613.4,15382.1,147.342,27.3168
6830.2,6461,69280.9,2994.75,2797,70169.4,11381.3,97.6123,27.3189
9187.1,8530,70584.5,4320,4006,70672.9,21924.6,-104.884,27.32
12925.9,11399,74314.6,9965.25,8563,76268,38887.6,34.6585,27.3231
16144.7,13245,79883.7,13141.5,11369,75753.5,23567.4,69.6343,27.3252
7141.55,6632,70571.3,2845.5,2636,70744.6,10115.3,26.2799,27.3295
23647.6,18273,84812.1,10520.3,8549,80647.5,14465,118.996,27.3305
7881.9,7564,68290.3,2668.5,2552,68527.8,6564.73,9.21329,27.3305
10312.9,9769,69184.8,3320.25,3213,67723.6,17560.5,-107.3,27.3326
10036,9385,70082,3654.75,3417,70095.9,21575.6,85.1892,27.3337
8107.45,7825,67901.6,2958.75,2853,67965.2,15660.3,-30.6885,27.3347
8632,8044,70326.5,4121.25,3868,69826.9,20267.8,65.4583,27.3369
13869,11148,81532.3,9780,8568,74806.5,10975.8,58.9275,27.3379
5582.2,5407,67659.5,2072.25,2027,66999,8429.16,10.0032,27.3421
9343.75,8956,68373.4,4224,4124,67125.1,9668.39,34.0366,27.3453
12340.9,11154,72509.7,7239,6626,71599,9951.67,81.326,27.3485
19052.8,17256,72360,11175,10476,69908.8,7248.43,102.068,27.3485
11295,10508,70444.6,5428.5,5160,68946.2,20593.6,-27.4339,27.3495
9971.65,8536,76558.3,8457.75,7448,74420.9,28227.7,-34.6008,27.3506
8005.4,7805,67218.7,3819.75,3609,69363,9160.8,-30.4443,27.3548
5083,5143,64771.4,1968.75,1911,67516.5,11730.9,-10.7609,27.3559
11442.6,11084,67656.3,5823,5516,69183.5,9174.23,15.1352,27.3559
6335.55,6252,66411.8,2291.25,2188,68628.6,16619.5,-56.5246,27.358
7866.95,7604,67802.3,2427.75,2276,69905.5,13411,5.51599,27.358
13566.1,13097,67883.6,6053.25,5837,67964,6840.8,53.0629,27.358
6345.95,6292,66097.9,2990.25,2868,68329.5,20584.3,-50.6536,27.358
11262.5,10793,68387.1,5121.75,4781,70206.9,9942.05,-18.4336,27.3601
9129.25,8868,67466.7,4919.25,4660,69182,13751.8,-104.577,27.3601
11412.7,10832,69049.4,5958.75,5488,71157.5,32775.7,18.5482,27.3633
5540.6,5417,67031.3,2056.5,1929,69867.7,9381.8,97.6874,27.3633
6812.65,5960,74911.7,5367.75,4728,74403.7,22275.5,119.563,27.3664
14051,13025,70698.6,9226.5,8341,72493.5,8908.55,142.425,27.3738
12528.1,11945,68735.2,5334,5049,69235.3,15511.6,-72.8229,27.3749
15518.1,14756,68920.7,5721,5492,68268.7,18233.6,49.1948,27.3791
10050.9,8926,73795.5,6770.25,6042,73435.1,25082.1,-33.6226,27.3812
10584.6,9182,75547,6777.75,6106,72745.9,7383.28,-12.3175,27.3844
6804.85,6521,68388.7,3387,3181,69780.1,19951.5,18.1702,27.3844
16980.6,14645,75987.8,10642.5,9313,74891.8,7438.88,129.58,27.3886
8325.85,8128,67131.3,4112.25,3904,69031.9,11708.7,110.5,27.3897
13332.1,11604,75296.1,7771.5,6864,74200.6,24957.6,29.1621,27.3928
9809.15,9235,69610.4,3768,3495,70655.1,6989.11,19.5173,27.3981
9340.5,8748,69974.7,4594.5,4296,70089.7,9025.97,65.8808,27.3992
15529.8,14205,71648.1,9765,8893,71962.1,17832.6,19.9698,27.4034
6138.6,5924,67910.1,2626.5,2468,69744.9,11001.6,19.3665,27.4055
5314.4,5035,69172.7,2208.75,2047,70714.5,10179.2,-73.4825,27.4076
12333.1,11796,68520,4552.5,4368,68304.2,11915.2,27.9322,27.4087
12615.8,11633,71073,3763.5,3393,72692.2,10247.8,20.2549,27.4118
11732.5,10840,70931.8,4612.5,4092,73872.1,10917.1,43.4497,27.4129
6009.9,5660,69587.4,3275.25,3000,71548.9,12297.6,-70.1222,27.4139
10934.3,9778,73286,6224.25,5718,71338.3,31833.3,193.164,27.4161
5926.7,5652,68721.2,2520,2292,72055.3,20448.2,15.5715,27.4224
14250.6,13110,71237.8,8697.75,8310,68593.9,16867.7,60.4261,27.4277
13620.7,12677,70414.9,4629,4401,68931.2,14624.9,-123.53,27.4277
15854.1,14981,69355.7,4591.5,4401,68372.8,7947.95,6.5813,27.4287
8034,7291,72214.5,3181.5,2895,72021.7,6500.82,28.9957,27.4298
13895,12630,72100.2,3997.5,3714,70538.6,10851.6,126.872,27.4351
21789.3,16803,84983.8,25220.3,20375,81120.7,31499.2,232.736,27.4351
5562.7,5219,69851.9,1987.5,1923,67734.2,7758.76,-71.6716,27.4372
6886.75,6436,70125.9,2799,2596,70660.7,9346.29,-6.37125,27.4382
13016.3,11697,72927.5,8344.5,7409,73810.9,15055.2,-14.3258,27.4425
21251.8,19289,72204.6,10319.3,9065,74603.7,10460.4,25.4069,27.4435
10895.3,9925,71943,4137.75,3829,70820.5,8661.21,-82.8855,27.4446
8282.3,7469,72672.2,6127.5,5513,72840.9,15190.3,-6.59087,27.4477
11356.8,9992,74487.5,7620,7004,71299.9,19739.3,97.2982,27.4509
9570.6,8096,77472.7,9076.5,8048,73911.2,22006.3,29.273,27.452
8775.65,8153,70541,3019.5,2845,69555.7,19404,-53.1892,27.4541
10041.8,9513,69179.3,3092.25,2893,70049.7,6965.12,135.618,27.4604
9808.5,8996,71455.1,7472.25,6864,71343.4,19209.9,212.558,27.4615
5281.9,5151,67201.4,2511,2443,67360.2,9105.64,-88.0622,27.4625
14309.1,13310,70455.4,3682.5,3482,69309.7,6863.02,38.4421,27.4636
12739.3,11904,70134.9,2964,2656,73135.8,16876,158.466,27.4636
7736.3,6992,72512.3,5997.75,5396,72844.4,11708.3,61.48,27.4636
43522.7,32608,87472.5,19865.3,15076,86355.1,15821.5,50.1454,27.4678
10737.3,10319,68192.9,3297,3131,69010.6,20348,-5.92471,27.4678
32427.2,27729,76639.9,17368.5,14993,75919.6,28723.2,155.441,27.472
5408.65,5320,66628.1,2290.5,2220,67617.2,7106.84,-33.8071,27.4731
8416.85,7746,71211.8,7338,6822,70493,13399.5,-44.3636,27.4741
12542.4,11573,71025.5,4995,4577,71521.2,20849.7,56.8364,27.4752
7663.5,7073,71007.4,2790,2629,69549.4,12221.5,-11.6393,27.4805
10580.7,9811,70677.5,4432.5,4183,69445,14987.7,119.837,27.4857
14769.3,13663,70842.5,9580.5,8927,70333.6,16111.1,-102.945,27.4868
17838.6,15024,77813.5,11396.3,10160,73510.3,17033.3,17.4199,27.4868
10695.8,9877,70968.6,5292,4901,70764.4,9339.63,46.089,27.4889
14787.5,12332,78585.3,11117.3,9832,74102.9,24504.7,188.279,27.491
8617.05,8188,68970.1,5604,5368,68417.2,8509.18,30.6402,27.4942
7674.55,6738,74645.2,6437.25,5622,75039.4,25610.9,-61.1625,27.4963
23483.2,19281,79819.2,14164.5,11573,80211.2,15942.1,25.2009,27.4974
15668.9,14432,71152.8,5550,5076,71655.8,22720.6,43.8661,27.4995
24520.6,21137,76027,24009,20437,76990.5,18549.9,176.463,27.5016
6456.45,6045,69996.7,2497.5,2349,69679.1,8168.29,26.353,27.5048
15158.6,13716,72429.1,5190,4756,71516.4,12151.4,1.26333,27.5058
16850.6,15432,71560.5,6294.75,5688,72526.9,14000.2,-61.5861,27.5069
13278.2,12296,70771,5667.75,5016,74051.4,19250.2,0.99655,27.5069
10416.9,9592,71172,5960.25,5528,70660.4,21473.1,-42.947,27.5079
8903.05,8244,70775.1,5699.25,5316,70260.7,8463.15,60.7419,27.51
10602.8,10037,69230.4,4584,4341,69204.6,12993.3,-3.92831,27.5111
10560.5,9901,69901.6,3941.25,3577,72209.6,7148.88,46.1713,27.5111
8572.85,8112,69259.2,3253.5,3092,68959.1,14633.7,-5.70996,27.5143
13659.1,12600,71044.7,4126.5,3820,70794.3,27451.3,-60.3717,27.5153
16097.2,13818,76346,10926,9242,77477.4,7118.89,-16.6075,27.5174
9158.5,8557,70142.7,3603.75,3353,70437,9507.81,213.783,27.5185
25415.6,20313,81998.7,17697,14189,81738.7,11484.4,192.208,27.5206
6973.85,6560,69670.5,4854,4416,72036.2,22149.6,-7.71242,27.5248
14742,13588,71101.8,6948,6464,70443.1,11636.7,-50.3173,27.5333
14017.2,12721,72214,5430.75,4965,71683.7,17179.7,-10.9656,27.5343
13934.7,11764,77628.7,10463.3,9140,75024,18807.6,91.3132,27.5354
6440.2,6229,67758.1,4316.25,4113,68774.6,19387.3,74.0914,27.5354
10366.2,9631,70538.8,4116.75,3775,71469,14247.6,-7.41545,27.5396
18427.5,17237,70062.3,6622.5,6289,69011.3,8124.41,48.7147,27.5417
15605.2,14198,72031.4,6012.75,5558,70898.1,12785,2.95952,27.5459
9226.1,8645,69941.2,4437,4065,71533.4,6528.86,-108.605,27.548
9666.15,8804,71953.8,6550.5,5844,73458.9,14443.2,-77.0828,27.5502
11057.8,10844,66828.1,4442.25,4328,67266,27930.5,66.0303,27.5533
7543.25,7189,68765.4,2601.75,2421,70428.9,8141.32,-9.76596,27.5544
19652.8,16696,77142,8859,7304,79488.4,25738.6,61.8127,27.5565
10712.6,10189,68904.1,5667.75,5129,72419.9,21815.7,-13.7199,27.5565
6292,6200,66508.5,3929.25,3624,71056.1,9894.9,-100.132,27.5586
6360.25,6482,64305.1,3306.75,3126,69325.4,23276,2.56525,27.5639
11690.9,11297,67821.1,5076.75,4741,70177.1,19596.6,-16.2165,27.5639
9547.2,9333,67040.1,4795.5,4437,70831.2,21273,53.3805,27.566
7759.7,7914,64258.2,2727,2618,68264.6,7462.89,-49.3005,27.5671
5643.95,5740,64439.4,2206.5,2076,69655.7,9882.01,62.4086,27.5692
13572.6,12533,70972.4,8782.5,7825,73555.3,11058.5,155.244,27.5702
6029.4,5959,66310.3,2742.75,2531,71018.9,8176.87,58.1727,27.5702
11086.4,10681,68023.4,6785.25,6349,70039.1,9629.29,115.738,27.5713
8927.75,8585,68152.5,6260.25,5709,71864,8567.32,34.938,27.5713
13079.9,12405,69101.8,5342.25,4885,71670.4,17894.4,51.7875,27.5723
18166.8,16704,71275.3,7677.75,6804,73952,15464.7,-59.0612,27.5766
15821,15158,68402.5,6327.75,5938,69837.6,13627,14.9679,27.585
15196.3,13616,73142.5,18420.8,16416,73539.4,22006.6,43.893,27.5861
17462.9,15641,73169.8,6223.5,5325,76594,12812.7,75.1985,27.5871
11486.1,10736,70115.2,6150.75,5616,71776.3,7145.66,4.03146,27.5903
7813.65,7484,68422.7,2799.75,2700,67957.2,8201.15,-61.3682,27.5903
11344.4,10809,68782.5,3244.5,3097,68657.3,11846.3,107.055,27.5903
12975.9,12125,70135.4,4473,4205,69712.9,11745.5,-121.701,27.5924
6303.7,5776,71523.4,2682,2468,71218.6,11750.5,-12.4816,27.5956
8267.35,7632,70991.8,3148.5,2896,71250,11238.6,-159.522,27.5956
5714.8,5292,70771.9,2006.25,1912,68766.5,8944.04,-12.3761,27.5977
18898.1,15871,78035.8,8779.5,7311,78699.7,17566.4,54.3798,27.5998
7431.45,6794,71684.9,2472,2382,68012.2,8896.49,80.5057,27.5998
9868.3,8249,78400.9,6465.75,5885,72003.3,11841.7,-62.365,27.6008
13995.1,12089,75869.5,7274.25,6381,74710.1,24265.2,-13.8119,27.603
7388.55,6570,73701.1,2719.5,2634,67663.3,16996.2,-50.5187,27.6051
11278.8,9656,76550.1,5673,4968,74836.1,31680,-8.93058,27.6051
15002.6,12445,79004.7,15114.8,13401,73916.9,9010.44,18.5814,27.6072
13307.4,12077,72213.1,4221,3977,69556.8,10804,-109.626,27.6082
7532.2,7065,69869.8,2177.25,2153,66274.2,7518.26,139.897,27.6082
44203.3,29535,98083.8,39715.5,25259,103044,59540.3,133.642,27.6082
8308.3,7485,72744.5,3342,3113,70357,12291.4,3.83807,27.6093
5564.65,5125,71158,1746.75,1681,68099.4,14295.3,40.7428,27.6114
11183.9,10335,70919,4398.75,4171,69114.5,9968.94,63.2654,27.6125
12303.2,11253,71652.2,5909.25,5413,71544.2,17669.8,47.4959,27.6135
11009.7,9611,75073.5,8195.25,7067,75998.9,11582.9,81.2647,27.6146
7621.9,7217,69212.8,3812.25,3537,70636,7710.62,90.8702,27.6156
12646.4,11903,69629,6356.25,6011,69300.2,21424,50.7949,27.6177
8247.85,6012,89908.7,37958.3,24440,101785,25664.2,2369.2,27.6199
5001.75,5093,64361.8,1762.5,1697,68065.5,6845.24,80.5827,27.623
9029.8,7736,76496.5,8571,7704,72911.4,11322.1,230.914,27.6251
7882.55,7552,68404.5,4447.5,4116,70814.2,14831.4,-28.9374,27.6251
6680.7,6433,68059.4,3270.75,2993,71617.7,22661.6,-21.4917,27.6262
6666.4,6710,65110.2,3079.5,2937,68715.7,6675.2,78.0091,27.6315
10292.1,9798,68840.9,6061.5,5778,68751.6,19116.7,-25.6584,27.6336
12704.9,12153,68512.2,6204.75,5865,69332.4,15210.2,77.6884,27.6357
5233.15,5020,68318.7,2761.5,2568,70474.2,10314.3,58.9524,27.6463
9307.35,8216,74241.3,5028.75,4328,76147,12469.5,70.9114,27.6473
11417.9,10512,71183.7,14209.5,12740,73095.3,26765.3,44.5741,27.6494
7552.35,7568,65400.5,4123.5,3952,68380,11639.1,-7.31742,27.6505
14035.4,13485,68211.1,5732.25,5417,69350,6509.69,128.755,27.6515
14279.8,13328,70216.4,6118.5,5664,70794.8,15205.7,32.9685,27.6547
7790.9,7517,67924,2823,2617,70694.7,10933.6,7.3291,27.6568
14956.5,14073,69650.3,4789.5,4349,72174,14253,125.024,27.6579
21413.6,20053,69982.6,6654,6177,70596.8,16246.6,96.5694,27.6589
18185.7,15720,75815.4,14124.8,12140,76250.4,20671.7,-19.6969,27.66
11395.8,10916,68416.6,4689,4464,68839.2,8424.86,114.923,27.6621
18435.9,15732,76800.1,12913.5,11552,73260,18460.8,103.366,27.6674
12772.5,11893,70382.5,5590.5,5233,70013.2,7216.37,-25.2112,27.6716
13040.9,12181,70162.7,7596.75,6849,72691,16318.1,-48.7733,27.6716
9744.8,9072,70396.3,3546.75,3348,69426.5,19367.6,-75.5479,27.6769
9892.35,9420,68822.2,3038.25,2860,69620.5,27437.1,28.2089,27.68
9834.5,9257,69624.5,3364.5,3181,69316.5,14955.7,-43.5621,27.6822
14002.3,12853,71396.1,4119,3829,70499.6,6426.24,-47.5415,27.6832
12719.8,11249,74105.1,7745.25,7077,71724.3,12764.6,-76.1597,27.6853
5820.1,5733,66531.7,2041.5,1893,70677.1,8757.01,62.4509,27.6895
12632.8,11438,72381.5,7701,6954,72575.9,23443,5.99898,27.6895
9110.4,8644,69072.1,3414,3296,67882.3,12908.1,45.9549,27.6906
8872.5,8465,68690.9,3770.25,3429,72058.1,14510.3,17.5147,27.6948
10771.8,9997,70615.3,4032.75,3753,70421.1,14955.5,-23.7821,27.6969
10775.7,10003,70598.4,7209.75,6515,72524.7,7620.14,-10.6064,27.698
11945,10693,73209.6,6573.75,5941,72516,19927.9,39.6711,27.7086
12642.5,12012,68975.9,3221.25,3144,67146.3,10664.6,40.0192,27.7096
21113.3,11337,122050,7253.25,3901,121853,22371.5,-24.0608,27.7107
11729.3,10504,73180.5,5436.75,4968,71719.6,18763.1,50.0349,27.7107
18862.3,17013,72659.9,11488.5,10101,74538.2,20616.6,-51.5148,27.7107
15537.6,14023,72614.4,7806,6963,73470.4,23328.2,42.1233,27.7117
11969.8,11023,71164.8,8876.25,8111,71719.1,27558.3,31.6443,27.7138
9679.15,9085,69822,5017.5,4761,69066.8,13214.5,95.8234,27.7191
8234.85,7720,69906.6,3288,3112,69242.4,24578.3,89.3763,27.7202
12934.3,11705,72419.1,5532.75,5129,70694.9,12936.6,46.8138,27.7223
12594.4,11260,73302.5,6297,5884,70136,14168.9,135.348,27.7244
9773.4,8234,77788.4,5052.75,4398,75292.6,15672.9,87.991,27.7255
27338.3,14112,126959,12565.5,6916,119071,26967.7,90.1465,27.7265
17987.4,15578,75672.5,9983.25,8970,72938.9,12004.1,-3.89113,27.7265
11128.6,9345,78044.6,5432.25,4881,72937.5,19734,106.758,27.7297
20497.1,17553,76528.1,11460,10005,75066.7,16451.6,103.442,27.7307
6644.3,6208,70141.9,3018.75,2884,68598.1,6752.78,-6.27378,27.7318
10181.6,9133,73060.5,8499.75,7561,73672.7,20933,20.7133,27.7328
14170.6,13056,71131.1,5613,5200,70741.1,11267.3,-18.4834,27.7339
7530.9,7032,70185.6,3952.5,3640,71162.4,21430.3,29.2946,27.735
14454.7,13464,70358.2,9513,8664,71958,26534.2,-98.1772,27.736
10758.1,10140,69531.2,3404.25,3160,70601.6,9287.8,-69.1491,27.736
10933.6,10467,68457.8,5266.5,4919,70165.8,14755.1,-31.5145,27.736
11323.6,10576,70168.9,6954.75,6052,75311.7,15359.5,-20.3572,27.7392
8700.9,8157,69905.9,7254,6473,73443.3,10236.7,-61.4447,27.7423
5901.35,5832,66315.3,2554.5,2364,70817.1,8705.61,31.4928,27.7434
5113.55,5189,64583.1,2741.25,2709,66316.2,13360.3,-60.7021,27.7445
8953.1,8793,66729.3,3637.5,3421,69683.5,7119.17,-46.7076,27.7445
8742.5,8832,64871.9,4553.25,4148,71938.7,19469.8,-24.8117,27.7476
19512.3,18390,69535.7,10560,9890,69975.8,7379.59,-39.8373,27.7476
6607.9,6835,63358.5,4149.75,3987,68211.2,13380.5,-77.0429,27.7476
6598.8,6707,64478.7,2355.75,2259,68342.8,13491.6,-60.707,27.755
9616.75,9546,66021.7,5504.25,5194,69450.6,8285.1,-168.011,27.755
10700.3,9883,70955.7,4382.25,3951,72689.2,13066,5.52896,27.7561
6024.2,6105,64668.6,2161.5,2045,69269.5,7918.73,-29.5376,27.7561
17959.5,14769,79693.5,15629.3,12661,80900.3,30289.1,-3.71831,27.7582
8678.8,7612,74720.7,9939.75,8952,72767.1,7982.36,70.22,27.7603
7832.5,7461,68799.2,2832,2613,71028.7,8382.25,-47.615,27.7614
9727.9,9379,67973.9,4222.5,3875,71413.1,7771.48,53.8879,27.7635
11742.3,10336,74452.4,7675.5,6660,75528.8,11848.9,13.3147,27.7687
5944.9,5729,68005.8,2895.75,2677,70891.2,8547.81,-81.1612,27.7687
9790.95,9215,69632.1,8049,7487,70455.4,11243.7,93.3174,27.7687
13100.8,12028,71381,5378.25,4888,72109,7485.87,52.1787,27.7782
15916.5,14696,70979,5365.5,5224,67311.1,9364.55,97.6881,27.7825
13317.2,12156,71796.3,5353.5,5036,69667.8,8714.7,128.672,27.7867
8075.6,6980,75822.7,2895,2756,68841.3,8763.96,77.9306,27.7878
11876.8,10665,72982.5,5197.5,4777,71304.9,20630.8,-23.9953,27.792
15733.9,13820,74611.9,6000,5532,71080.3,11260.4,37.4168,27.7951
14565.8,12621,75634.9,8276.25,7465,72658,17025.6,38.0602,27.7962
11540.8,9769,77421.9,7075.5,6221,74537.9,10378.8,103.67,27.7973
14601.6,13179,72610.3,6480,5999,70790.7,11362.3,109.653,27.8015
13647.4,12388,72198.6,5691,5284,70583.9,13845,179.22,27.8025
19282.9,17912,70551.8,8357.25,7832,69931.1,8642.06,46.9752,27.8046
11928.1,11001,71059.3,9059.25,8057,73688.4,13316.2,71.7396,27.8046
7588.75,7333,67821.7,3504,3441,66735.9,9148.74,86.5162,27.8068
11616.8,10752,70807.2,5759.25,5392,69999.7,11569.3,29.6652,27.8078
12888.8,11116,75988.1,9839.25,9196,70120.2,7991.93,-52.7603,27.8141
12190.8,10720,74527.3,7434.75,6896,70656,20977.2,66.2916,27.8141
6872.45,6335,71096,2395.5,2319,67697.9,8592.3,14.2971,27.8163
15405.6,13576,74368.4,7804.5,7020,72859.8,12298.8,40.8178,27.8173
13189.8,11750,73566.5,9017.25,8310,71113.7,7200.08,-72.5106,27.8205
6912.75,6327,71603.3,3235.5,3159,67123.1,11557.4,90.7257,27.8226
11989.3,10484,74945.4,4751.25,4388,70961.2,8282.58,139.009,27.8247
10940.8,9832,72926.8,3352.5,3276,67066.4,6729.95,78.0071,27.8289
18968.9,16656,74636.7,7786.5,7220,70678.1,12146.2,36.5235,27.8353
6053.45,5514,71947.6,2334,2202,69464.6,15110.3,-54.7479,27.8384
16456.7,14363,75089.2,5440.5,4715,75620.1,14820.6,-87.417,27.8395
7758.4,7121,71402.1,4758.75,4581,68078.9,17022.2,60.4203,27.8395
13850.8,12873,70514.2,6692.25,6237,70319.6,23230.2,21.487,27.8416
13869.7,13004,69898.9,5021.25,4744,69366.1,14434.3,92.3375,27.8448
11501.8,11383,66219.7,3981,3700,70513.2,27259.6,34.2355,27.8458
10218,10145,66007.6,6027,5909,66844.7,19895.6,-13.6477,27.8469
5593.9,5543,66137.8,2708.25,2615,67873,12036.4,48.5677,27.849
7488,7365,66630.5,3185.25,3045,68554.5,6399.61,19.5395,27.849
6121.05,6282,63856.9,1135.5,1130,65855,10486.2,65.8259,27.8501
17525.9,16734,68637.5,6232.5,5892,69323.3,13444.1,13.2547,27.8553
10128.3,9933,66824.5,5585.25,5037,72669.2,17443.6,-10.1156,27.8564
9016.15,8956,65976.1,6246.75,5772,70926.4,21217.6,69.7226,27.8564
6182.15,6285,64463.5,3220.5,3037,69495.8,12188,-122.578,27.8574
7855.9,7908,65104.2,3949.5,3588,72138.9,22636.4,45.5893,27.8585
18429.4,14868,81234.4,12691.5,9712,85641.5,55879.8,49.5,27.8627
5757.05,5812,64916.4,2638.5,2468,70063.5,16840.4,-16.1129,27.8648
16240.9,15952,66722.9,5811.75,5636,67579.6,7616.8,47.0137,27.8648
9592.05,9705,64773.3,5328,5117,68238.4,15485.8,82.838,27.8659
6165.9,6244,64716.3,2383.5,2256,69239.8,17785.5,18.2516,27.8669
14446.9,13757,68822.6,7557,6733,73556.4,19507.3,47.4269,27.8712
10652.2,10333,67560.5,3719.25,3497,69701.1,18925.5,214.289,27.8722
8467.55,8521,65124.9,2080.5,2041,66804.3,34051.7,15.9203,27.8754
15247,14224,70249.6,6057.75,5700,69649.3,10940.5,-65.7712,27.8765
7324.2,7260,66115.5,4275,4092,68466.9,12104,-6.47489,27.8881
23132.8,19317,78481.9,16208.3,13941,76194.2,7465.95,83.9994,27.8881
13305.5,12627,69057.5,7765.5,7411,68670.9,24773.2,36.049,27.8902
6335.55,6316,65738.9,2511,2492,66035.7,7614.56,-42.4262,27.9039
16508.7,14721,73494.6,9922.5,9153,71045.7,13810.4,152.561,27.9039
12448.8,11353,71861.6,8319,7485,72838.2,18675.1,25.9582,27.905
7616.7,7477,66760.5,3108,2997,67963.3,13917.6,19.257,27.905
9275.5,7989,76089.5,9217.5,8165,73983.8,26908.7,60.0487,27.905
9143.55,8773,68304.1,4146,3941,68945,7146.76,17.7914,27.9071
9857.9,8508,75934.1,9825,8460,76110.1,12472.8,112.191,27.9081
11606.4,10945,69496.3,5196,4901,69480.7,12731.8,-24.5585,27.9124
8092.5,7512,70600.4,3605.25,3352,70487.4,17996.2,90.4837,27.9134
17636.4,15085,76620.6,5188.5,4605,73840.1,23234.2,54.1668,27.9134
15152.8,14488,68543.2,3758.25,3660,67295.3,6660.72,53.9297,27.9197
6539.65,5776,74200.6,4542,4048,73533.7,9063.87,-63.9806,27.9208
34177,21833,102589,31661.3,23341,88897.3,40813,104.246,27.9229
16751.8,14784,74259.1,12408,10900,74602.8,20602.1,22.4457,27.9282
6413.55,5628,74683.4,5841.75,5612,68219,22120.4,45.6087,27.9282
6934.85,6589,68975.9,3133.5,3069,66913.3,23619.8,-18.9477,27.9292
16560.7,15928,68139.3,4680,4652,65930.5,7824.97,59.9059,27.9303
12845.3,12424,67758.3,6549,6364,67441.1,13203.5,47.6638,27.9324
11719.5,10945,70173.5,5024.25,4689,70221.6,20434.9,-121.168,27.9388
9302.15,9052,67347.1,3599.25,3532,66783.8,15658,-11.7685,27.9409
10198.5,9488,70443.6,9077.25,8308,71604.1,16279.1,112.048,27.944
9973.6,9368,69772.6,5701.5,5400,69195.1,7735.1,76.2493,27.9483
13426.4,12673,69432.1,5792.25,5505,68955.7,14832.7,179.183,27.9483
8193.9,7420,72371.4,7119,6460,72221.5,25411.6,52.365,27.9493
6776.25,6617,67113.2,2492.25,2429,67242.5,10036.8,58.9628,27.9535
12496.9,11997,68266.8,4651.5,4413,69077.9,19238.8,-51.463,27.9546
10778.9,10242,68971.8,5190,4962,68547.3,36504,0.348126,27.9556
9189.05,8884,67786.3,3335.25,3072,71152,18942.3,-4.15188,27.9578
11607,11357,66978.9,5069.25,5017,66218.5,21685.1,-57.575,27.9588
11456.3,11108,67590.6,3897.75,3824,66799.9,15860.5,149.044,27.962
9366.5,7765,79052.5,7067.25,6117,75716.7,8009.82,118.379,27.963
14412.4,13276,71146,4822.5,4536,69675.3,12628,-83.8946,27.9641
8238.1,7653,70546.5,6340.5,5797,71680.4,22011.3,49.9128,27.9652
6968,6717,67984.9,4094.25,3849,69711.8,9827.96,45.2107,27.9662
14229.1,12431,75015.8,10296,9307,72500.1,7564.11,-13.1843,27.9662
13020.1,12533,68083.3,6167.25,5893,68585.9,10198.4,-97.5633,27.9673
14131.6,12725,72780.5,9821.25,8533,75430.1,37548.4,-84.8311,27.9757
13276.9,12930,67294.3,5452.5,5110,69928.6,14672.6,75.9886,27.9789
7276.75,7385,64575.4,2737.5,2537,70715.3,16251.8,-10.0708,27.9799
8325.85,8088,67463.3,5310,4588,75849.2,28328.7,75.4754,27.9799
8383.7,8057,68193.4,5347.5,4797,73056.9,18572.1,-24.778,27.982
11692.8,11085,69129.7,5011.5,4621,71074.1,6883.27,38.4413,27.9852
5079.1,5197,64049.2,2445,2297,69758.6,6640.23,-112.91,27.9863
17459.6,15552,73574.8,13434.8,11872,74162.7,20524.9,-49.7914,27.9894
8355.75,7548,72549.3,7973.25,7016,74477.6,18710.2,71.5368,27.9947
16298.1,14416,74092.1,14193.8,12352,75307.8,8883.34,49.5462,27.9947
9363.9,8921,68789.6,4644.75,4249,71640,8504.89,-43.3196,27.9958
10977.2,9912,72578.9,8291.25,7368,73748,7490.08,-105.201,27.9968
10087.3,9462,69867.3,5967,5314,73589.3,32699.4,-46.8089,27.9979
13763.1,13092,68895.4,4825.5,4544,69595.9,17314.8,58.6893,27.9989
14888.9,14377,67869.4,6731.25,6553,67318.7,11217,-70.9416,28.0011
9768.85,9239,69294.4,4054.5,3875,68571.8,7555.19,-32.1039,28.0011
8161.4,8173,65443,2646,2621,66161.1,20070.1,-117.714,28.0021
15436.2,14269,70896.8,5978.25,5613,69800.6,21672.4,165.166,28.0032
7881.9,7945,65015.5,3162.75,3081,67274.9,16505.5,-29.8603,28.0053
8864.7,7952,73058,5931,5424,71661.9,13283.3,-116.599,28.0053
12406.5,11900,68325.7,4887,4664,68669.5,22759.5,107.505,28.0074
11589.5,11369,66807.1,2677.5,2617,67051.1,21457.5,-134.106,28.0084
9701.9,9600,66231.6,4677.75,4512,67943.5,9565.37,64.1405,28.0095
8742.5,8568,66870.7,4457.25,4264,68506.2,9450.24,-163.755,28.0106
14320.1,11432,82092.8,11775.8,9496,81269.5,16110.9,-135.625,28.0106
8108.1,7820,67950.4,5259.75,4968,69384.7,19023.2,122.265,28.0148
14413.1,14077,67100.7,4118.25,4025,67054.3,7233.48,3.16815,28.0158
10174.4,9433,70687.2,7583.25,7097,70026.2,25338.8,53.2277,28.018
8031.4,7781,67645,3423,3237,69301.7,14714,39.007,28.0201
10917.4,10048,71206.5,5054.25,4596,72070.4,15745.9,75.9482,28.0222
9154.6,8993,66713.6,3745.5,3557,69009,19209,80.1181,28.0253
12172.5,11749,67898.6,4240.5,4149,66981.3,9057.87,-63.9804,28.0253
7471.75,7648,64025.7,4246.5,4128,67417.3,13354.5,-17.7019,28.0296
13551.2,12413,71545.3,6616.5,5929,73135.3,23810.9,90.2652,28.0327
7189,6860,68679,2565.75,2408,69829.3,9234.83,61.5729,28.0391
13978.2,12760,71793,8220,7400,72798.1,10876.8,85.5912,28.0422
10676.3,10424,67121.9,4778.25,4652,67314.6,20905.6,61.1343,28.0444
10489,9279,74082.4,6638.25,5967,72908.4,20535,-97.9517,28.0444
7545.85,6928,71380.6,3235.5,3060,69294.7,14633.4,16.6501,28.0475
15453.7,13978,72455.1,5182.5,4778,71084.2,12697.8,14.1428,28.0507
11998.3,10229,76872,6660,5729,76186,27808.6,34.2149,28.0507
10371.4,8556,79441.3,9423.75,7932,77861.2,22919,101.479,28.0517
14636.7,13443,71355.4,5083.5,4743,70240.8,21635.7,-32.6331,28.0517
12822.5,12006,69993.2,4626,4338,69886.9,26963.6,201.087,28.0517
14437.8,13115,72146.1,5604,5291,69412.9,6969.71,27.2581,28.0528
13910,12315,74024,7695,7215,69896,18968.6,67.2271,28.0539
9492.6,8508,73120.2,6961.5,6120,74547.2,18002.4,61.2434,28.0602
14068.6,13192,69890.8,7468.5,7080,69132.1,7716.9,60.77,28.0602
14574.3,13269,71982.9,9397.5,8629,71372.6,14389.7,123.299,28.0623
10186.8,9645,69217.4,4361.25,4041,70729.7,10114.5,53.7999,28.0676
10620.3,10316,67469.5,5341.5,5032,69566.9,21167.2,0.0645032,28.0676
11256,11175,66011.3,4289.25,4147,67784,25712.6,-49.1263,28.0686
9165.65,9057,66322.2,3826.5,3701,67758.3,8829.71,-44.1918,28.0708
12197.9,10701,74703.4,11298,9725,76136.3,39227.3,79.3658,28.0718
13787.1,12766,70778.2,7527,6762,72950.2,29205.2,-11.4176,28.076
7664.15,7604,66054.4,2376,2260,68899.8,21774.5,47.3417,28.0781
9433.45,8594,71937.5,6547.5,5702,75253.8,26059.4,28.2606,28.0792
8869.9,8744,66479.6,3183,2988,69812.9,16148.9,-52.2069,28.0803
11496.5,10800,69762.8,6888.75,6176,73099.3,25065.3,139.238,28.0803
6921.2,7032,64503.4,2620.5,2552,67295.1,13080.8,26.1684,28.0803
7125.95,7253,64388,3294.75,3249,66458.8,7483.11,-13.1812,28.0813
6184.1,6261,64731.1,3601.5,3333,70815.5,13055.7,101.849,28.0845
4989.4,5205,62821.4,2382.75,2261,69065,8069.89,28.0767,28.0866
11487.4,10320,72949.8,9120,8352,71562.3,16523.4,105.159,28.0876
9077.25,8789,67685.4,5168.25,4725,71683.9,16800.9,33.7686,28.094
13686.4,12801,70068.9,5983.5,5605,69961.6,25946.1,-60.3151,28.0961
12567.8,11416,72147.9,8832,7976,72569.5,6395.76,172.62,28.0971
17246.4,15565,72615.7,12188.3,11021,72477,9552.59,55.541,28.0971
15585,14089,72495,8313,7645,71262.4,33728.4,7.33244,28.0982
14064,13573,67907,6459,6053,69931.8,21017.5,122.19,28.0993
17377.1,14445,78838.7,9720.75,8349,76303.6,32379.4,101.983,28.1045
7530.25,6948,71028,4993.5,4512,72529.7,11323.7,41.7144,28.1098
13070.8,12149,70508.8,2505,2305,71222.4,7157.25,62.511,28.1119
14525.5,13329,71419.2,5218.5,4757,71894,13660.7,14.9666,28.113
9270.95,8881,68413.6,4102.5,3925,68499.7,11828.4,70.0755,28.113
9934.6,9020,72181.1,4878.75,4460,71689.2,20549.6,4.38771,28.114
11960.6,11156,70262.9,4910.25,4656,69114.7,8648.83,-105.245,28.1151
13546.6,12653,70164.6,9124.5,8425,70977.2,9795.92,42.6319,28.1204
10798.4,10018,70641.6,6545.25,5782,74187,19071,-27.3767,28.1257
5352.75,5040,69602.8,2278.5,2160,69131.4,7550.47,104.636,28.1267
14974.7,14160,69306.6,9426,8836,69912,16223.2,81.0903,28.1278
8779.55,8140,70685.1,5263.5,4892,70512.8,12881.3,35.6359,28.1288
5558.15,5215,69848.3,2708.25,2539,69904.6,11291.3,97.6157,28.132
5721.95,5064,74050.9,2318.25,2172,69948.8,9726.25,-92.3855,28.1331
7887.75,7234,71458.6,3417,3190,70199.5,6572.1,-7.12699,28.1341
15652,14216,72156,6294,5980,68977.2,15778.5,44.987,28.1352
12455.9,10708,76233.9,7906.5,6912,74965.3,9608.7,-32.1811,28.1362
10930.4,9932,72123.9,2733,2716,65946.2,8701.63,7.41298,28.1362
6438.9,6258,67430.5,2230.5,2230,65550.7,18945.1,-54.892,28.1404
20742.1,17500,77677.6,11499,10076,74791.4,19140,-17.9193,28.1426
13479,12300,71818.1,4851,4584,69353.2,8092.92,-40.7241,28.1436
14549.6,13368,71328.7,9960,9452,69058.3,16073,208.376,28.1478
15404.3,13676,73818.3,7437.75,6956,70074.8,11325.4,-13.3256,28.1499
13224.9,12094,71664.2,5869.5,5502,69913.4,10438.6,123.448,28.1595
11538.1,11048,68443.5,5116.5,4892,68543.5,21118.1,31.0263,28.1616
7876.7,7530,68553.4,4766.25,4314,72406.3,20696.8,-78.1778,28.1637
8817.25,8736,66145.5,3210.75,3204,65674.1,6677.7,-5.41096,28.1679
18056.3,14864,79611.2,18603.8,15984,76277.2,19216.7,185.038,28.169
9368.45,8380,73266.2,9254.25,8076,75097.4,12337.7,51.1363,28.1711
11897.6,10808,72143,5180.25,4588,73995.8,11410.6,-64.0688,28.1721
13974.3,13467,68005,6470.25,6239,67965.1,10298.8,56.373,28.1763
11513.4,10197,73996.8,8503.5,7493,74374.1,17837.5,6.20964,28.1806
11462.1,10581,70993.3,7372.5,6693,72189.5,12937.9,57.9938,28.1806
12802.4,12385,67744.7,6420.75,6193,67946.1,8285.3,53.0086,28.1816
13346.4,12840,68120.9,6180.75,5720,70815,10826.5,51.1931,28.1816
11653.8,10629,71855,6393.75,5701,73499.5,12419,-33.1467,28.188
6769.1,6589,67327.3,3045.75,2909,68616.8,14319.8,-35.7982,28.189
16514.5,15113,71613.7,7893,7341,70463.9,21689.4,43.0449,28.1985
13525.8,13076,67790.6,4734,4596,67503.8,14807.9,-132.997,28.2059
11924.3,10333,75628.3,6516,5865,72810.3,41368.1,40.5853,28.207
9279.4,9009,67503,5676,5217,71302,12447.1,-64.1078,28.2144
6184.75,6160,65799.3,2189.25,2132,67295.8,11601.2,-91.596,28.2154
10352.5,9896,68559.5,5364,4940,71161,11502,116.528,28.2175
13000,12829,66409.5,1755,1769,65017.3,12002,-86.451,28.2186
11639.5,10940,69726.6,4372.5,4152,69016.4,19624.1,-84.1575,28.2196
13618.1,12144,73491.4,11146.5,10016,72933,6556.33,100.374,28.2218
10166.6,9584,69520.2,4182,4016,68244.9,10303.6,34.8728,28.2228
11012.9,10092,71516.5,7731.75,6808,74428.3,12935.6,13.2739,28.2228
9376.25,9172,66995.4,4955.25,4692,69213,10054.1,-49.3979,28.2239
9306.05,8991,67832.4,2995.5,2927,67069.7,10350.7,9.071,28.226
19445.4,17857,71365.5,8319.75,7809,69822.4,8928.39,-4.63554,28.2313
11022,10421,69315.9,7627.5,7077,70633.9,7474.94,57.3391,28.2323
12551.5,11564,71132.4,5099.25,4840,69046.4,15900.6,28.6424,28.2376
16686.1,15741,69471,6486.75,6413,66289.7,8125.65,60.7546,28.2386
11410.8,10009,74714.3,7401.75,6637,73087.4,13010.1,-7.36894,28.2397
6802.25,6014,74125.7,2394,2298,68273.8,10146.5,-41.6613,28.2418
8112,7147,74384.8,2734.5,2571,69703.7,10523.4,87.3245,28.2429
34743.1,24296,93716.1,20715,15992,84891.1,40495.6,124.038,28.2429
12538.5,11741,69987.5,3578.25,3533,66375.4,6520.24,29.855,28.2482
14262.9,13276,70408,7530,7228,68274.2,19284.5,38.8353,28.2482
14469.6,13228,71687.6,4215.75,3964,69698.1,7454.54,59.0598,28.2513
22772.8,20717,72039.1,9825.75,8829,72934.7,19924.6,97.2912,28.2545
7153.9,6817,68774.8,2833.5,2805,66201.9,10941.7,9.9088,28.2555
10351.3,9416,72045.4,8013,7372,71234.4,31172.2,54.7285,28.2619
16946.8,14441,76907.8,13593.8,11961,74482.1,10697.7,-22.762,28.2629
18559.4,15417,78894.2,13701.8,11933,75250,15668.1,100.031,28.264
6049.55,5740,69070.3,2782.5,2696,67638.7,17143.6,-19.5643,28.264
18502.9,16700,72611.1,12783.8,11352,73801.6,17026.9,-4.6399,28.265
14881.7,12881,75715.4,9924,8725,74542,17952,80.1653,28.265
8420.1,7797,70773.3,3965.25,3697,70291.2,9390.7,45.2271,28.2661
5977.4,5792,67633.8,2101.5,2068,66597.6,6463.41,-79.3629,28.2661
9007.05,8135,72561.3,6366.75,5623,74204.4,12374.8,172.395,28.2682
16730.3,14842,73874.2,13935.8,13098,69727.7,14344.8,103.521,28.2693
10691.2,9652,72592,6926.25,6304,72004.9,8889.04,115.766,28.2693
13858,13029,69705.9,5542.5,5121,70930.2,10553.3,-36.5166,28.2703
8129.55,7413,71870.8,3234.75,2885,73481,7866.88,-126.716,28.2703
11735.1,11316,67963.2,6157.5,5824,69288.8,6377.38,78.8803,28.2724
12951.9,12453,68161.5,4409.25,4197,68850.3,6378.77,44.4803,28.2756
10951.8,10561,67961.4,5112.75,4773,70201,19805.9,19.0357,28.2756
9919,9572,67911.8,5829.75,5460,69974.1,21396.1,-36.9241,28.2798
12671.8,12709,65343.9,5064.75,4961,66906.6,9186.31,40.9348,28.2798
8734.05,8373,68362,3973.5,3521,73958.3,10614.9,-1.25892,28.2862
11336,11360,65397.5,4144.5,4000,67903.5,16571,163.637,28.2893
7512.05,6761,72816.1,4410.75,3833,75414.3,23482.1,-84.3025,28.2893
5717.4,5944,63037.6,2496,2424,67482.6,14424.8,34.7179,28.2904
10518.9,10288,67007.2,3291,3120,69127.9,12374.6,14.1549,28.2904
14749.8,12825,75371.8,7814.25,6713,76287,9691.05,14.2558,28.2914
13171.6,11972,72102.7,7506.75,6756,72818.6,6342.37,13.5216,28.2978
5674.5,5689,65369,2639.25,2589,66808,13417.3,20.1358,28.2978
11834.5,11581,66970.8,3413.25,3353,66713.6,18143.3,-63.4619,28.2988
11851.4,11716,66293.7,4973.25,4804,67844.9,24577,-47.3636,28.301
11755.9,11092,69458.6,5519.25,5184,69774.2,17763.1,25.1324,28.302
13313.3,11129,78398.8,11976.8,10761,72940.1,7911.28,-128.437,28.302
7173.4,7022,66949,3019.5,2942,67262.4,11712.8,8.15981,28.3031
16836.3,15517,71108.1,6428.25,5977,70483.8,14729.9,9.76643,28.3041
5599.1,5385,68141.6,2623.5,2553,67345.7,10101.2,42.6204,28.3062
11336.6,10484,70866,3872.25,3700,68587,18318.2,-20.4684,28.3062
7624.5,7020,71179.4,4250.25,3932,70840.4,33797.9,46.0298,28.3073
9727.25,8284,76953.8,8268.75,7624,71078.3,17968.6,132.625,28.3094
11941.1,11313,69174.9,4348.5,4213,67643.8,16444.8,-21.258,28.3094
9048,8560,69272.2,2757,2612,69174.1,20684.6,31.0426,28.3105
7814.95,7345,69729.1,3446.25,3345,67519.7,10948.5,-9.01146,28.3115
21259.5,15868,87803.5,18225.8,14300,83527.5,9078.04,71.0388,28.3126
25349.3,18589,89369.8,17439.8,14381,79475.1,11571,196.505,28.3221
6243.9,5704,71739.2,2722.5,2584,69048.7,10102.3,136.36,28.3221
10769.2,10080,70016.9,5196.75,5012,67951.8,20124.2,24.1837,28.3242
15241.2,12001,83230.3,12501.8,10613,77199.2,15646.7,131.852,28.3274
10366.2,9089,74745.2,5640.75,5233,70642.5,17585.4,25.1391,28.3284
15526.5,13601,74814.2,11185.5,9957,73621.9,28515.9,140.828,28.3305
7934.55,6329,82161.3,7497.75,6617,74259.1,17153.8,100.835,28.3326
15735.2,14681,70242,5461.5,5277,67827.3,12450.9,-37.4479,28.3326
9721.4,9097,70034.3,4334.25,4137,68660.7,13304.2,143.12,28.3347
12728.3,11557,72178.1,6302.25,5585,73952.4,19507.8,5.28687,28.3379
17665.7,15356,75393.3,9306.75,8140,74929.6,31022.2,18.6141,28.34
14540.5,13577,70186.8,5763,5485,68857.6,16152.5,11.433,28.3442
8954.4,8000,73354.4,4550.25,4000,74551.3,12881.5,131.096,28.3474
10959,10101,71102.8,8364,7877,69587.8,12277.8,138.859,28.3495
5619.9,5605,65710.2,2196,2113,68110.3,8407.56,79.664,28.3548
13649.3,13137,68091.9,4799.25,4561,68959.4,14362.5,-115.78,28.359
12247.9,11708,68558.4,4270.5,4040,69275.1,9967.51,62.4054,28.359
16671.2,15592,70072.1,7998,7528,69627.6,10875.3,139.771,28.3611
9850.1,9012,71630.7,6903,6304,71763.2,26721.3,14.4758,28.3622
9556.3,9400,66625.7,3925.5,3896,66032.2,6857.71,-94.8577,28.3633
5127.2,5221,64358.6,2082.75,1985,68763.3,9239.08,-60.5472,28.3654
10054.8,10006,65855.9,4384.5,4390,65453.9,19911.6,19.8917,28.3685
8023.6,7837,67096.4,3512.25,3277,70240.7,26916.3,-227.192,28.3717
6794.45,6814,65348,2646.75,2606,66560.8,7939.39,28.0816,28.3728
17898.4,16332,71821.5,9270.75,8072,75268.6,13680.5,65.7059,28.3738
9958,9539,68414.7,3246.75,3059,69558.4,10391.3,17.6695,28.3759
10068.5,9813,67242.4,4281,4149,67621,17458.1,166.184,28.3759
8119.8,8114,65582.8,3143.25,3094,66579.2,12180.5,119.082,28.3823
14707.5,13512,71334.7,11537.3,10408,72646.5,8331.84,132.987,28.3823
11290.5,10709,69094.6,5052.75,4753,69669.1,17681,-60.0045,28.3854
11751.3,11139,69138.8,4680,4419,69406.8,14040,-107.168,28.3854
11322.3,10697,69367.3,3444.75,3257,69313.8,18067.1,31.141,28.3875
8904.35,7676,76023.4,7018.5,6348,72458.2,28780.7,-1.94162,28.3907
12578.1,11683,70557.4,5436.75,5031,70821.5,15178.9,129.29,28.3928
16096.6,13964,75544.8,10488.8,9116,75404.9,28500.5,109.869,28.396
11672,10924,70023.8,4533.75,4312,68906.3,11074.4,260.164,28.397
11378.9,11025,67639.7,3675.75,3649,66016.4,14005.5,-45.2463,28.397
11358.1,10379,71718.3,5444.25,5147,69320.8,7215.84,-117.231,28.3981
12312.3,11734,68765.9,4027.5,3894,67782.8,7458.08,61.6397,28.3981
9617.4,8321,75746.4,4277.25,3777,74216,12585.6,144.867,28.3981
5558.8,5405,67400.8,1834.5,1865,64464.2,8983.18,30.6224,28.3992
10208.3,9828,68071.6,4885.5,4688,68297,21751.2,48.2026,28.4013
10401.3,9633,70763,4920,4577,70447.3,6688.94,-32.0714,28.4013
26651.3,22716,76889.4,12380.3,10824,74958.6,20462,56.851,28.4013
10390.3,10012,68011.9,3668.25,3560,67528.8,7728.48,47.8696,28.4023
7320.95,6957,68964.5,2691,2653,66474.7,9412.05,58.9863,28.4044
8141.25,7997,66718.1,3312,3293,65914.1,11078.4,-73.5163,28.4055
6647.55,6376,68327.1,3928.5,3836,67116.3,20415.9,43.0927,28.4087
10572.3,9541,72619.5,4383.75,4053,70884.1,19995.1,34.5086,28.4097
11661.6,10396,73514.6,7156.5,6616,70890,15036.8,35.5549,28.4139
12124.4,11084,71687.8,4238.25,3960,70140.9,8045.05,181.158,28.415
12082.2,11273,70240.3,5478,5357,67016.3,17727.7,90.4938,28.4171
16858.4,12969,85190.2,18828,16701,73882.5,7777.31,118.388,28.4171
9367.15,8638,71068,3908.25,3705,69131.2,15979.7,7.13946,28.4182
10573.5,9716,71320.3,4379.25,4032,71180.2,9078.76,107.159,28.4287
9144.85,8642,69349.3,2605.5,2434,70153.7,10644.5,12.5,28.4298
12600.3,11721,70452.2,7391.25,6985,69347.6,20431.8,-57.5279,28.4319
25388.3,19156,86858,22594.5,18112,81755.4,19052.2,54.324,28.4329
8645,8456,67000.8,3422.25,3352,66909.5,12894.5,82.9354,28.4361
10795.2,10106,70005.4,4477.5,4122,71188.1,8859.31,40.9471,28.4361
14537.9,13012,73221.3,8271,7376,73488.1,24642.7,-116.166,28.4372
11804,10900,70971.3,5518.5,5120,70636.8,18929.8,-86.7114,28.4372
24220.3,15828,100284,11205,8596,85427,37381.7,95.7751,28.4393
15657.8,14201,72259.2,4844.25,4425,71745.3,19072.9,75.8232,28.4393
10331.8,9256,73152.7,8013,7192,73017.2,7375.13,-4.57717,28.4414
5963.1,5721,68309.3,3363.75,3305,66701,6533.75,-14.8655,28.4414
15559,14096,72338.1,9189,8420,71521.4,12016.9,4.70839,28.4446
13555.7,13179,67409.5,4345.5,4287,66430.3,10593.4,101.942,28.4467
9163.05,8354,71882.9,8048.25,7266,72591.5,26910.2,-136.031,28.4477
10676.3,9364,74720.1,7914.75,6896,75217.7,20865,-17.9841,28.4488
10699,10322,67929.6,6176.25,5762,70247.6,12400.9,48.554,28.453
7685.6,6880,73209.8,5721,5168,72548.7,16635.8,70.7548,28.453
7380.75,7072,68397.2,4995,4644,70489.3,16321.9,31.2066,28.4541
9521.2,9529,65482.4,3881.25,3821,66569.4,24239.8,118.629,28.4562
10831.6,10333,68698.3,4797,4461,70472.1,6386.62,-120.64,28.4593
8360.95,7998,68510,5934.75,5614,69280.3,16871.3,-35.8941,28.4593
10016.5,9609,68315.3,3319.5,3197,68047.2,8771.15,-106.11,28.4593
12088.7,10929,72490.2,7907.25,7045,73557.1,20309.3,17.2967,28.4604
12985,11488,74076.3,13102.5,11828,72597.7,31238.1,91.706,28.4625
11321,9944,74611.5,10724.3,9292,75637.6,23289.8,-45.5953,28.4625
14608.1,14124,67782.2,5507.25,5320,67842.7,22664.6,139.328,28.4636
14380.6,13449,70075.6,5928,5673,68481.8,8688.59,10.8535,28.4646
10251.1,9968,67397.6,5517.75,5136,70407.2,16806.7,44.9484,28.471
10064.6,9887,66713.2,6510.75,5899,72332.4,12050.8,-104.513,28.471
6689.15,6948,63094.4,3011.25,2916,67676.7,20121.6,-24.8362,28.471
7033,6792,67861.4,3066.75,2876,69882.7,6756.61,-25.1939,28.472
8477.95,7945,69932.1,6048,5581,71019.8,13655.9,-61.5732,28.4815
7578.35,7193,69047,3254.25,3165,67384.1,8652.11,25.4748,28.4826
7025.85,6584,69934.1,2649,2504,69331,13170.9,69.165,28.4826
7245.55,6621,71717.9,6985.5,6349,72106.1,23029.5,134.155,28.4847
11479.6,10774,69828.3,4782.75,4450,70436.5,10651,131.18,28.4857
20579.6,16918,79720.3,9626.25,8194,76991.2,24513.3,211.499,28.4868
12322.7,10572,76388.6,9929.25,8824,73744.7,27227,56.5968,28.4879
7999.55,7624,68764.2,3215.25,3068,68681.4,11496.2,87.288,28.491
19046.3,17665,70660.5,7983,7445,70271.9,16516.9,111.179,28.4921
5420.35,5177,68616.6,2830.5,2777,66798.6,17906.7,13.087,28.4921
11061,10240,70790.7,4605,4464,67606,11058.1,97.6244,28.4931
11948.3,10725,73011.1,6679.5,6293,69561.1,13256.5,-11.6782,28.4931
6791.85,6453,68977.3,2451.75,2385,67370.2,22533.6,-87.7068,28.4952
15828.8,13440,77184.2,11115,9632,75626.3,37774.1,14.0604,28.4952
16435.9,14649,73530.1,10235.3,9193,72966.1,6890.84,82.301,28.4963
16894.8,14149,78254.1,14200.5,12689,73342.6,21126.6,197.866,28.4963
14911,13925,70176.5,7402.5,7237,67034.7,12032.3,80.3878,28.4984
13428.3,12713,69223.7,6151.5,6041,66734.8,16255.8,-57.3709,28.5005
6501.3,6065,70250.5,3426,3393,66173.4,18479.3,80.1455,28.5005
10052.9,9161,71916.5,3951.75,3721,69600.1,18520.4,81.864,28.5005
10599.5,9508,73059.8,5061.75,4596,72177.3,10733.4,15.9366,28.5016
12242.8,11324,70853.1,5863.5,5496,69918.2,12964.2,3.81279,28.5016
9572.55,9177,68360.8,6036,5705,69338.4,17373.7,135.227,28.5037
5685.55,5354,69594.4,2528.25,2366,70030.2,6718.08,94.3475,28.5037
9889.75,9881,65594,4095,3945,68027.9,12527.2,89.8292,28.5058
15765.1,14816,69734.2,8910.75,8448,69125.8,6486.43,102.096,28.5079
8781.5,8608,66856.9,4126.5,4048,66806.9,12556.5,35.6481,28.51
9932,9335,69727.2,4900.5,4563,70383.3,19481.1,63.7679,28.5111
14514.5,13692,69472.8,6688.5,6220,70472.3,7802.68,-14.0532,28.5143
14380.6,13656,69013.4,5827.5,5548,68837.6,6508.6,-45.8246,28.5174
7553,7169,69046.4,5157.75,4737,71357,13899.4,30.4376,28.5185
8888.1,8741,66638.9,5647.5,5377,68832.9,11563,-74.3946,28.5216
9940.45,8997,72408.3,8385.75,7233,75980.7,27000.4,66.9253,28.5248
8240.05,8080,66834.2,3715.5,3492,69730.5,7599.69,18.6344,28.528
5761.6,5901,63987.8,2927.25,2797,68587.9,12861.4,48.5366,28.528
9935.25,9781,66569.5,3029.25,2917,68057.9,8566.24,47.8381,28.529
11631.1,11178,68192.5,9282,8910,68272.2,11306.4,-10.7449,28.5301
14039.3,13176,69830.2,6702.75,6264,70126.4,15323.6,14.0441,28.5333
11497.2,10584,71190.5,7175.25,6504,72299.7,8400.66,10.0043,28.5333
7341.1,7028,68455.7,2843.25,2704,68911,9835.91,-22.7296,28.5354
12712.7,11737,70984,8976,8381,70188.7,7097.14,28.1133,28.5375
15700.7,13774,74703.4,11553,9818,77117.3,18964.7,-20.4927,28.5375
16292.2,14105,75698.6,7812,6697,76447.3,13343.7,39.0585,28.5407
9180.6,9077,66284,5031.75,4801,68685.8,19884.6,-52.3473,28.5417
10931,10629,67398.4,3465.75,3313,68557.6,8479.12,58.1613,28.5428
13863.2,12343,73607.6,9719.25,8515,74804.6,11636.8,46.8627,28.5449
16547,15521,69868.4,8022,7557,69568.6,22860.5,12.0409,28.5449
11555,10752,70430.8,6373.5,6100,68474.4,7437.03,115.821,28.5449
15461.5,14312,70799.9,5323.5,4988,69944,18549.6,126.583,28.548
8210.15,7632,70500.6,4842,4436,71534.1,19019.7,218.585,28.5502
9449.7,8520,72687.3,4962.75,4536,71701.7,40108.4,117.173,28.5512
5539.95,5441,66727.8,2226.75,2213,65943.2,9033.23,15.1405,28.5523
16188.9,14281,74291.4,10846.5,9785,72645.5,21561.5,-14.5703,28.5554
12614.5,12157,68002.6,3164.25,3065,67658.2,6778.14,111.545,28.5586
12339.6,11357,71206.1,6603,6029,71775.5,20060.8,-122.874,28.5607
12317.5,11267,71646.4,5524.5,5095,71060.6,22066.1,-22.3293,28.5618
12420.2,11517,70675.5,5400,5021,70482.9,9368.68,-14.1121,28.5628
9045.4,8545,69373.8,4890,4401,72817.8,13861.2,-67.6009,28.5628
13833.3,13001,69731.5,4131,3913,69187.1,8581.71,33.2175,28.5639
6114.55,5765,69509.7,2268.75,2177,68298,7841.92,36.6853,28.5649
8717.15,8109,70451,4225.5,3981,69561,13487.1,82.0531,28.5702
7573.15,7364,67397.3,3070.5,2960,67982.5,10303.1,129.473,28.5755
7185.1,7002,67249.8,3166.5,3086,67245.5,13428.4,4.65534,28.5755
7108.4,6880,67711.6,3340.5,3152,69455.3,6464.99,-8.84296,28.5913
8246.55,7816,69146.1,4095.75,3816,70340.4,15535.9,-94.3239,28.5913
7796.75,7565,67543.7,3000,2893,67959.9,19699.7,-55.7803,28.5924
9368.45,8841,69445.8,4319.25,4009,70607.7,15835.7,42.4049,28.5935
8396.05,7981,68944.2,4511.25,4413,66995.1,6790.36,64.2448,28.5987
7721.35,7429,68115,2928,2805,68409.8,6500.01,11.7957,28.5987
10112.7,8848,74903.5,8033.25,7172,73405.9,19775.3,-0.743186,28.5998
9793.55,8916,71986.3,5954.25,5636,69236.6,11239.8,22.7976,28.6072
26943.1,21964,80392.8,15230.3,12920,77254.6,24567.4,128.937,28.6103
8152.3,7889,67723.3,3024,2913,68033.3,15108.5,-23.7878,28.6135
13355.5,12581,69570.7,3918.75,3813,67353.6,14384.1,-159.641,28.6146
11497.2,10194,73914.1,6858,6166,72891,12000.8,34.809,28.6156
5731.7,5372,69924.2,2442.75,2332,68648.4,14126.8,-24.6109,28.6156
11182.6,10332,70931.4,4514.25,4220,70105.7,11185.5,-80.4004,28.6188
5564,5382,67752.2,2362.5,2306,67141.7,7145.36,25.5315,28.622
20553,18121,74331.5,11661.8,10189,75008.8,11737.1,-48.6011,28.6251
10390.9,9993,68145.5,6274.5,5677,72433.6,21113.4,61.1265,28.6272
9668.75,9347,67791.9,3252.75,3127,68171.5,24535.5,54.1179,28.6294
7089.55,6917,67170.8,2890.5,2725,69516.3,10040.6,-93.2573,28.6315
8856.9,8501,68279.7,2569.5,2501,67331,14607.5,-131.269,28.6336
9291.1,8672,70214.6,3858,3572,70783.3,13852.4,-16.8606,28.642
11501.1,10192,73953.7,8958.75,8020,73207.1,30681.2,16.047,28.6431
7041.45,7083,65151.6,2393.25,2335,67170.9,21942.2,-37.8046,28.6441
11336.6,10209,72774.9,9393.75,8261,74522.3,13706.2,72.5849,28.6441
14526.8,13507,70484.3,4857,4531,70251.2,8337.55,91.7067,28.6441
9663.55,9164,69108.5,6227.25,5596,72928.7,16659,-72.0061,28.6452
9515.35,9285,67161.9,4818,4693,67281.6,11236.4,135.458,28.6473
13755.9,12459,72358.1,7559.25,7003,70741.5,16120.6,79.3742,28.6505
13378.3,12232,71677.6,5732.25,5436,69107.6,7150.94,-32.0887,28.6515
11717.5,10761,71361.5,4117.5,3821,70621.4,11741.1,45.9988,28.6515
9432.15,8220,75200.2,6827.25,6040,74077.9,19573.3,109.344,28.6536
9659.65,8884,71257.9,5286,4900,70698.6,6935.02,38.4394,28.6547
9998.3,9084,72132.2,5839.5,5356,71452.1,7126.16,93.4722,28.6547
9805.9,9249,69482.1,2919,2869,66678.1,17264.9,37.1912,28.6568
10009.3,8573,76516.1,8612.25,7689,73405.2,21154.2,-5.09501,28.6568
13118.3,11385,75513.5,7735.5,6729,75338.6,23361.3,31.802,28.6589
15907.4,14672,71054.4,4477.5,4212,69667,13637,2.9275,28.66
7147.4,6921,67679.8,3300.75,3257,66416.3,7026.23,-74.2241,28.661
19156.1,17000,73848.1,12742.5,11052,75560.3,13327.7,24.4391,28.6621
14924,13793,70909.8,6613.5,6101,71041.2,9208.17,120.054,28.6684
7083.7,6903,67251.5,2576.25,2519,67025.5,9168.22,-56.2446,28.6705
17249,15757,71741.7,5580,4937,74071.5,23168.1,82.5493,28.6705
21660.6,16616,85432.7,23607.8,18572,83305.9,13522.3,109.572,28.6748
7228.65,7477,63359.2,2614.5,2593,66079.4,12581.2,72.6272,28.6758
9492.6,8852,70278.7,5355,4896,71680,17690.3,-53.9848,28.6758
10882.3,10589,67351.3,4927.5,4585,70431.5,7347.19,96.0439,28.6779
13896.3,12428,73279,12585,11196,73666.5,20509.7,-37.7508,28.6779
29866.8,19053,102732,26443.5,15961,108577,43165.2,941.798,28.679
13927.5,12849,71037.1,8037.75,7217,72989.1,23233.8,-146.213,28.679
16935.1,14493,76578.9,11998.5,10233,76842.9,23245.4,-43.0136,28.6843
10968.8,10837,66332.8,12629.3,12293,67328.6,8946.2,51.2638,28.6906
13357.5,12777,68513.5,7228.5,6877,68885.7,18188.2,-17.0235,28.6917
15249,14537,68745.8,8545.5,8041,69647.8,15935.5,122.381,28.6917
9830.6,9265,69536.8,6257.25,5781,70935,14247.4,94.0646,28.6917
10944.7,9237,77652,10175.3,8577,77748.1,28161,-88.7783,28.6938
10276.5,9463,71169.9,6529.5,5683,75297.8,36370.6,123.333,28.6959
17746.9,16617,69992.4,9696.75,8301,76555.4,11442.6,28.81,28.698
8847.8,8252,70267.7,6165.75,5656,71442.5,12684.7,-97.6567,28.6991
10222.5,9788,68445.5,4962,4664,69723.3,6846.57,28.9827,28.7022
15024.7,13806,71321.3,7827,6938,73933.5,12048.9,33.9472,28.7033
15107.9,13077,75714.2,9194.25,8225,73258.9,17997.8,-72.0564,28.7054
5275.4,5133,67354.1,2634.75,2521,68493,21118.7,68.8663,28.7064
7786.35,7832,65154,2708.25,2664,66624.6,11773.4,81.2575,28.7075
11739.6,11272,68254.9,5714.25,5320,70392.7,7947.53,-6.31868,28.7086
10850.4,10597,67103.4,6639,6389,68100.4,10372.7,15.9502,28.7107
23600.8,19935,77587.4,14767.5,12735,75995.5,18639.6,126.579,28.7107
17525.9,16912,67915.1,7347,7188,66985.7,17014.4,37.2006,28.7159
6216.6,6061,67218.5,2920.5,2761,69321.9,10856.7,-76.948,28.717
8590.4,7904,71227.3,5699.25,5316,70260.7,11302.3,-15.9048,28.7191
9531.6,9341,66873.2,3273.75,3261,65792.2,16546.5,8.83816,28.7212
12824.5,12137,69248.3,7766.25,7229,70406.5,14360.3,79.4403,28.7223
9559.55,8704,71977.8,6262.5,5508,74513.3,27320.4,97.0133,28.7265
9105.85,8104,73637.8,7253.25,6696,70990,14726.1,-7.43343,28.7265
12217.4,10628,75336.8,8823,7652,75565.1,22491.4,75.6947,28.7307
11984,11060,71011.5,7210.5,6944,68051.2,18480.7,117.125,28.7339
17081.3,15162,73832.2,10017.8,9066,72416,17639.9,10.5171,28.7339
7148.05,6697,69949.9,2981.25,2809,69554.7,16398.7,72.4837,28.7339
11263.8,10689,69060.5,4061.25,3889,68438.7,6712.56,-9.71227,28.735
10147.8,9805,67827.3,2522.25,2425,68164.2,15336.3,-29.8164,28.7381
12101,11222,70669.6,6660,6290,69391.1,7383.2,6.60253,28.7381
13786.5,12744,70897,5144.25,4776,70589.1,11475.6,-52.0313,28.7413
12914.2,11937,70901,4807.5,4465,70563.1,7914.09,88.2826,28.7423
7755.15,7497,67792.6,3549.75,3305,70389.2,8623.97,21.1759,28.7434
5292.3,5251,66051.5,2130,2023,69002.3,8130.27,-39.0056,28.7445
17902.3,14905,78714.9,15518.3,13437,75686.8,17084.1,108.578,28.7466
32743.7,23248,92304.5,25810.5,19604,86284.3,14756.3,8.90544,28.7529
10585.3,9535,72754.6,7831.5,6763,75890.2,26611.9,4.15988,28.754
19989.4,16456,79608,16308,13196,80991.3,24797.1,180.528,28.7561
5634.85,5512,66996.6,3088.5,2876,70378.3,9891.23,59.8283,28.7571
16935.1,14720,75398,10015.5,8496,77257,27336,188.173,28.7645
5044,5140,64312,2690.25,2512,70186.4,12759.3,-47.7795,28.7677
8422.7,8140,67812,3636.75,3420,69689.5,18837.4,-49.7279,28.7687
16012.7,14585,71951.4,8778,7997,71936.4,7435.97,21.2205,28.7687
13684.4,12141,73867.4,7929,7101,73177.7,19984.5,-17.951,28.774
5981.3,5834,67190.7,2769,2602,69742.2,11204.4,-10.7411,28.7761
14511.2,14002,67919.5,4842,4674,67891.6,12982.5,187.852,28.7772
8951.15,8737,67142.3,4917.75,4673,68968.5,21887.5,41.3174,28.7804
11363.3,10116,73616.6,7644,6576,76179.6,17459.5,94.8038,28.7909
13321.1,12469,70014.6,5788.5,5297,71617,25778.8,37.7312,28.7951
7073.3,6793,68240.2,3903,3645,70174.8,15465,80.2588,28.7994
11251.5,10149,72655.3,11226,9893,74366.4,25633.4,81.5967,28.8004
14093.3,12219,75588.7,9133.5,7967,75131.6,17380.6,-134.813,28.8004
31858.4,24317,85860.7,24562.5,18665,86243.1,26733.7,9.31531,28.8015
5838.95,5814,65817.2,2767.5,2550,71125.8,13653.4,-84.7931,28.8025
4723.55,5013,61752,2791.5,2721,67234,10212.8,79.5962,28.8046
8566.35,7917,70911.2,7758.75,7053,72093.8,36884.8,64.8338,28.811
12401.3,12056,67413.3,4411.5,4268,67739.5,22413.2,78.2777,28.812
13209.9,12160,71194.7,5854.5,5392,71157.4,11984.1,108.77,28.8131
5101.2,5221,64032.2,2651.25,2469,70373.6,10876.3,29.6913,28.8152
12680.2,10872,76435.8,11195.3,9944,73782.4,13621.9,316.828,28.8163
13965.9,12854,71205,7584.75,7074,70267.8,11949.3,67.4909,28.8194
14342.9,13827,67981.2,5072.25,4787,69441.2,24999.3,210.62,28.8215
11161.1,10416,70224.4,5684.25,5236,71146.5,29107.8,-83.6539,28.8226
12513.1,10851,75574.8,11428.5,9831,76185.4,16555.3,46.6778,28.8247
9366.5,8860,69282.5,4481.25,4268,68810.5,7035.96,33.2756,28.8289
11109.8,10569,68889.4,4620,4397,68859.8,19458,-8.47126,28.831
27682.2,24028,75502.8,15654,13932,73636.3,18583.4,-60.8984,28.8321
10502,9512,72357.3,5654.25,4984,74349.3,12231.1,52.8603,28.8437
6111.95,6137,65268.5,1884,1849,66776.5,13625.9,45.9279,28.8437
10908.3,10719,66693.4,4092,3951,67874.8,8588.65,66.7572,28.8469
9995.05,9651,67872.3,3898.5,3687,69295.4,23305.1,209.824,28.8469
7981.35,7452,70191.3,6693,6024,72814.1,23782.9,40.3862,28.8479
13049.4,11623,73578.7,6697.5,5895,74457.6,18578.4,87.0218,28.849
12136.1,11845,67146.9,5436,4961,71810.9,9851.19,18.5498,28.8511
12611.3,12423,66529.4,4894.5,4839,66287.6,15174.1,-90.8703,28.8532
5851.95,5685,67460.6,2854.5,2705,69158,11812,32.2361,28.8532
8302.45,8201,66346.7,3106.5,3001,67839.9,7068.72,-17.4657,28.8532
5131.1,5131,65537.3,2782.5,2715,67165.4,16957.1,-57.3973,28.8564
8574.8,8374,67107.5,3672.75,3510,68574.7,13022.6,-13.3894,28.8574
9310.6,8540,71449.6,5360.25,4972,70653.5,10156.6,-64.0217,28.8596
8594.95,7217,78048.9,3945.75,3541,73027,31930.8,121.78,28.8596
11609,10717,70990.7,5817.75,5593,68169.5,9416.98,98.5461,28.8596
6033.3,5661,69846,2680.5,2553,68808.9,9691.83,67.5758,28.8648
7085,6704,69260.5,2318.25,2320,65486.6,10031.1,-7.25698,28.868
22930.7,15748,95427.1,25500,19552,85473,23891,30.0621,28.8722
12701.6,10643,78212.5,8582.25,8039,69964.7,12153.7,-62.3768,28.8754
6305.65,5332,77503.2,3150.75,2912,70909.2,22885.6,-45.5801,28.8786
11157.3,10173,71876.7,4194,4125,66632.3,13870.8,-21.1613,28.8796
9467.25,8257,75141.8,3433.5,3221,69859.6,6804.44,-32.0757,28.8817
12955.1,10912,77806.9,7155.75,6324,74155.5,13964.5,59.6752,28.8838
5746.65,5464,68926.1,2411.25,2412,65515.6,9933.48,21.1267,28.8849
5850,5293,72432.6,2265.75,2217,66977.1,13183.6,-108.855,28.8902
17369.3,15382,74003,7328.25,6514,73728,18349.3,19.9504,28.8902
15276.3,13580,73722.2,5171.25,4652,72851,13188,-26.2956,28.8912
7320.3,6482,74011.6,3328.5,3106,70230.7,10681.4,-70.0614,28.8965
15511.6,14045,72379.4,5771.25,5401,70028.6,14896.8,-65.9198,28.8976
15752.7,13052,79096.9,15552.8,13512,75434.1,32851.9,129.485,28.8976
12136.8,11700,67982.7,5812.5,5600,68022.9,12109.9,-22.8151,28.8986
8777.6,7901,72807.1,8253.75,7373,73364.7,13512.2,78.6122,28.9018
10947.3,10499,68334.3,5325,5120,68160,21830.8,55.9396,28.9029
16861.6,14954,73896.3,8693.25,7646,74512.3,22434,-9.44311,28.906
7427.55,6752,72093,6274.5,5748,71538.9,31620,71.9117,28.9092
17779.4,15796,73765.1,12915,11376,74402,18966.9,43.1472,28.9124
7103.2,6767,68792,2773.5,2687,67645.7,8075.82,-131.883,28.9134
6938.75,6652,68361.1,2932.5,2812,68344.4,6495.51,-32.9241,28.9155
8358.35,7725,70909.1,4392.75,4089,70404.3,19277.8,65.4955,28.9187
13579.8,13021,68348.5,4369.5,4265,67141.8,10005.4,30.584,28.9197
11518.6,11024,68476.6,4036.5,3920,67483.7,21791.1,28.4211,28.9219
10790,10041,70424.6,4810.5,4589,68699.3,25619.7,3.33717,28.9229
11031.1,10342,69903.1,6228.75,6050,67472.3,11818.7,-38.2842,28.9229
12151.1,11112,71664.4,6531,6092,70258.6,18080.2,-61.7395,28.9261
10077.6,9148,72195.6,6274.5,5676,72446.4,10250.8,-59.7252,28.9303
13445.2,11764,74902.1,11982,10836,72467,15582.6,55.3144,28.9303
18716.1,17268,71031.9,6537,6192,69187.5,15690.3,5.43034,28.9314
6574.75,5644,76343.5,6320.25,5576,74283.3,15193.8,76.829,28.9324
8178.95,7932,67576.4,3458.25,3308,68512.7,13932.8,35.5964,28.9388
14956.5,14136,69339.9,6869.25,6444,69860.8,13941.9,88.056,28.9398
15360.8,13491,74619,6119.25,5319,75396,28839.2,69.4362,28.9419
9380.15,8702,70643.2,3507,3338,68854,20669.3,52.5432,28.944
10639.2,9897,70450.7,4216.5,4013,68859.3,12705,-26.2775,28.9461
9669.4,9604,65982.3,3071.25,2848,70673.3,15351,26.9431,28.9483
13532.3,12449,71239.1,6038.25,5589,70803.9,15510.9,-1.44292,28.9493
7203.3,7111,66386.6,2820.75,2659,69522.6,8502.3,-30.4195,28.9504
21874.4,20040,71535.1,10212,9272,72180.1,16101,88.8349,28.962
11815.7,10315,75070.6,9810,8715,73770.3,17375.3,-81.493,28.9641
16054.3,15500,67879.9,2390.25,2264,69190.6,9714.7,-70.8851,28.9715
12084.1,11461,69099.3,4551,4305,69280.9,6765.19,6.62575,28.9725
6509.1,6094,70000.1,2461.5,2286,70567.3,11442.7,-44.29,28.9736
7743.45,7634,66475.6,2851.5,2802,66693.8,8323.26,-104.373,28.9789
9350.25,8873,69061,3030,2921,67981.5,12186.2,6.42202,28.981
8349.9,8087,67666.5,2670,2615,66914.4,26336.3,97.9102,28.9842
13333.4,11838,73814.9,8510.25,7310,76296.5,13110.3,32.1873,28.9842
11777.3,10633,72589.1,5709,5357,69842.3,7769.94,18.628,28.9852
9936.55,9268,70263.5,6153.75,5844,69009.6,14445.9,-19.4629,28.9884
5731.05,5613,66914.3,2918.25,2697,70912.3,7690.61,-19.209,28.9916
8687.9,8564,66484.1,1534.5,1492,67402.8,10960.4,-34.8119,28.9926
12131.6,10918,72820.7,12465.8,11766,69433.6,12146.5,77.8035,28.9937
17308.8,14641,77477.8,9987.75,8645,75715.1,16698.4,-22.9876,28.9947
8321.3,7396,73735.1,4472.25,3968,73864.3,38435.1,20.0556,28.9947
10674.3,9985,70060.2,3948.75,3829,67585.6,8498.18,-97.4994,28.9947
14184.3,13041,71281.5,5959.5,5697,68555.7,14278.7,51.0634,28.9958
6451.9,6212,68066.9,2526,2368,69908.8,14565.8,70.8326,28.9979
32331.6,23009,92089.5,31632,23313,88921.8,47481.2,292.336,29
10316.1,9904,68263.2,4214.25,4052,68160.2,9757.83,-93.2467,29.0042
10242.7,9649,69568.4,3570,3429,68230.8,11642.8,127.702,29.0084
8530.6,7942,70393,3278.25,3174,67688.5,15658.7,105.192,29.0158
16316.3,12761,83794.8,16368,14205,75515.2,35070.7,-8.19801,29.0201
13358.8,11817,74086.7,8070.75,7293,72525,14999.1,55.3363,29.0201
8763.95,8124,70698.5,3626.25,3612,65794.5,11642.8,29.6624,29.0232
16407.9,14557,73869,9716.25,8717,73048.5,21106.5,36.1868,29.0253
9418.5,7736,79789.4,9816.75,8476,75902.6,12801.5,-5.6411,29.0264
15037.7,13472,73152.8,4221.75,3748,73819.8,31710.5,-104.392,29.0264
7800.65,6692,76393.2,3841.5,3472,72510.5,9175.61,70.1752,29.0285
8247.85,7537,71717,3279,3109,69119.5,13331.8,11.539,29.0285
11359.4,10672,69757.3,6687,6340,69122.9,9848.59,49.5099,29.0317
9685.65,9400,67527.5,3300.75,3324,65077.6,10440.1,34.0076,29.0327
10798.4,9381,75438.4,7400.25,6913,70155.2,20025.2,42.2474,29.0348
12240.8,11521,69630.5,6734.25,6501,67887.4,7630.03,77.1133,29.0391
9979.45,8972,72894.9,4752,4476,69577.1,13852.2,21.8394,29.0422
11554.4,9994,75768.4,6774.75,6302,70452.3,13358.9,-52.102,29.0422
8002.15,7228,72555.2,2754,2616,68993.2,11290.3,-24.5043,29.0475
12698.4,11182,74423.4,7819.5,7242,70762.1,11566.8,-138.035,29.0475
15480.4,13785,73596.2,5831.25,5465,69928.1,13580.5,-3.09038,29.0475
8476,7697,72168.8,1043.25,1025,66702.9,7106.04,20.3729,29.0486
7108.4,6394,72858.3,3410.25,3246,68852.2,13553.6,165.471,29.0486
7915.05,7132,72731.5,2986.5,2876,68054,8072.49,41.8366,29.0517
10533.3,9660,71460.4,4676.25,4392,69777.5,19978.4,-87.6108,29.056
6077.5,5457,72987.9,2280.75,2129,70207.3,12157.7,-10.7769,29.0581
12636,10640,77830.2,8987.25,8160,72180,15552.4,-31.5445,29.0644
13053.9,12221,70002.8,6388.5,6061,69077.2,20372.2,80.9344,29.0665
16196.7,15461,68654.5,4680.75,4629,66268.7,18678.9,43.158,29.0686
20455.5,18305,73235.3,9998.25,9057,72346.8,11512.3,-69.2327,29.0707
13041.6,12232,69873.6,5269.5,5080,67980.7,27672.8,-72.42,29.0707
9211.8,8604,70165.6,4233,4044,68598.9,7253.42,-1.99259,29.0729
29480.1,24507,78834.9,18753.8,15711,78228.4,24174.9,105.731,29.076
11506.3,10638,70885.2,4656,4350,70146.1,7120.58,-72.5076,29.0771
15954.9,14948,69950.5,9194.25,8496,70922.1,24798.5,137.528,29.0771
8849.75,8224,70522.5,5142.75,4816,69982.4,15164.4,87.1501,29.0792
7187.7,6867,68596.6,4097.25,3891,69009.9,19046.7,48.3042,29.0792
10941.4,10320,69482.4,7077.75,6304,73579.9,22332.2,96.3407,29.0792
14550.2,13757,69314.9,5347.5,4957,70698.8,8313.92,-46.7525,29.0813
9766.25,8677,73762.9,6683.25,6101,71790.4,8535.84,88.2592,29.0855
10292.8,10059,67058.9,6900,6623,68277,8373.94,-64.8147,29.0876
17189.9,14796,76139.3,11823.8,10060,77026,24341.4,-19.8348,29.0919
9122.75,8517,70197.1,6939.75,6389,71185.4,7037.67,75.4155,29.0919
17622.8,16877,68432,7082.25,6861,67649.4,15154.1,102.63,29.094
10596.9,10546,65852.6,5054.25,4946,66970.3,27927.3,165.79,29.094
10651.5,10360,67380.3,4363.5,3992,71634.9,9409.18,30.6064,29.094
19559.8,17992,71246.7,12344.3,11272,71770.1,24551.7,-23.2827,29.095
11586.3,11545,65770.2,4496.25,4233,69611.7,9282.52,11.6911,29.095
8595.6,8773,64210.8,3436.5,3345,67328.7,28008,26.4674,29.0961
18227.3,16788,71154.6,12022.5,10912,72205.5,17013.6,73.3206,29.0971
12225.2,12269,65302,3932.25,3929,65590.2,8844.6,37.5076,29.0982
5076.5,5164,64425.5,2270.25,2232,66659.1,8350.41,10.0062,29.0993
9185.8,8456,71192.1,9204.75,8360,72158.2,14811.2,105.223,29.1003
12851.1,12193,69073.5,4848,4629,68636.5,18619.5,-143.46,29.1014
10962.9,10213,70348,7254.75,6721,70740.6,9992.34,-27.8955,29.1024
29122.6,22239,85821.3,20247,16511,80365.1,7309.87,174.305,29.1056
10708.8,10269,68342.5,4209.75,3997,69024.3,12686.1,10.7032,29.1077
6191.9,6119,66316.8,3273,3043,70489.4,12130.7,95.8641,29.1109
11189.1,10673,68705,3850.5,3605,69999,6798.33,-66.4755,29.1119
9847.5,9565,67471.6,3574.5,3417,68556.8,14122.8,-173.391,29.1151
9196.85,9053,66577.3,5036.25,4685,70449.5,11146.6,124.281,29.1162
7120.75,6824,68385.9,2904.75,2712,70193.8,7389.45,84.0023,29.1172
6228.3,6074,67200.8,2168.25,2106,67473.1,11549.1,19.346,29.1172
22693.4,18328,81145.7,17855.3,15388,76043.8,13970.8,2.05496,29.1193
9818.25,9496,67760,4513.5,4216,70160.5,10254.4,30.5746,29.1214
10611.9,9817,70842.6,6979.5,6233,73385,19828.4,19.0348,29.1214
10116.6,9120,72697.5,6993,6160,74398.3,16271.3,-71.9915,29.1235
5075.2,5250,63354,2574.75,2406,70132.5,8016.55,-69.1013,29.1246
9448.4,9578,64649.2,4527,4478,66253.1,9364.39,72.7481,29.1341
8259.55,7989,67755.4,3198.75,3141,66740.9,16220.7,-76.2896,29.1362
12108.2,10713,74071,9181.5,7997,75243.1,11657.6,120.822,29.1373
9006.4,9201,64149.9,4084.5,3925,68199.2,17331.5,110.289,29.1383
11196.9,9653,76017.8,11400,9989,74793.3,10874.7,47.7513,29.1415
7836.4,6848,74995.1,8215.5,7424,72523,24663.8,97.9731,29.1426
12883.6,12700,66483.7,5999.25,5756,68305.6,14879.1,45.8808,29.1436
14576.9,13580,70347,10501.5,9324,73812.3,23592.7,153.053,29.1436
7449,6508,75011.9,7212,6312,74880.5,23744.1,145.308,29.1468
13563.5,13561,65548.3,2369.25,2349,66101,19600.2,48.2834,29.1468
16496.3,15751,68637.2,5906.25,5699,67919.3,8159.74,163.953,29.1542
12690.6,9761,85205.5,13251.8,11093,78289.6,13474.3,189.554,29.1573
14326,12433,75514.3,10386.8,9109,74729,19050.4,102.484,29.1573
16204.5,15279,69505.7,12676.5,11727,70842.3,26756.8,136.594,29.1595
13547.3,12617,70368.2,8795.25,7853,73399.4,16008.6,-52.2016,29.1626
13783.9,13178,68549.2,6315.75,6154,67258.5,19032.4,147.205,29.169
15856.7,13808,75259.8,5436,4756,74906.2,15777.3,5.42707,29.1721
15224.3,13129,75995.1,12141.8,10525,75603,18410.7,93.0481,29.1721
5626.4,5765,63960.4,3532.5,3457,66967.3,12580.4,37.3672,29.1732
4837.3,5044,62850.4,1589.25,1552,67109,11062.5,53.7643,29.1742
5675.15,5613,66261.6,2699.25,2633,67185,18432,17.3673,29.1774
13560.3,13486,65897.1,4578,4526,66289,9942.84,132.926,29.1774
12972.7,12796,66441,4688.25,4412,69639.4,20233.5,17.2996,29.1785
10585.9,10348,67042.7,4171.5,4012,68141.4,14223.4,111.265,29.1785
12260.9,11627,69109.3,3264,3083,69383.6,6945.98,-74.221,29.1785
8370.05,7918,69277.5,9666,8650,73233.6,15334.1,103.484,29.1795
12272.6,11581,69450,9309,8301,73494.1,22871,65.3605,29.1848
15036.4,14020,70287.4,4330.5,3940,72031.4,11578.7,60.6249,29.1848
10297.3,9472,71246.2,5846.25,5456,70223.6,19310.6,22.4943,29.189
12139.4,12052,66011.3,4359.75,4276,66819.6,12580.5,70.9072,29.1911
9137.05,8060,74293.5,6620.25,6108,71032.2,15700.9,-4.89006,29.1911
8227.7,8065,66858.1,3097.5,3073,66058.5,8110.01,-20.9448,29.1922
15312,14564,68902.1,5016,4932,66652.2,15898.2,3.70252,29.1964
20015.4,17716,74042.3,13332.8,12048,72524.5,19425.3,-92.75,29.1964
7306,6381,75036.2,3281.25,3081,69795.5,10285.7,-38.2266,29.1975
15767.7,14073,73428,2930.25,2697,71203.9,13564.1,-102.85,29.1985
17917.3,17088,68716.3,8267.25,7920,68409.4,9857.61,31.4495,29.2006
19998.5,17681,74126.2,6932.25,6213,73122.8,11416.2,65.791,29.2027
9516,9347,66720.9,3827.25,3776,66425.5,22531.8,-128.127,29.2059
8128.25,7676,69397.2,4437.75,3976,73147,22998.8,-0.00432752,29.2144
13422.5,12048,73012.7,7395,6484,74743.8,8839.82,-93.2122,29.2154
14576.9,12869,74233.6,8333.25,7637,71510.8,16361.7,-4.9149,29.2186
6064.5,5581,71213.6,4395.75,4073,70729.2,21899,92.057,29.2239
7729.8,7212,70241.3,6125.25,5676,70723.1,9027.24,131.241,29.226
8914.1,8424,69348.8,5834.25,5416,70597,21287.6,75.74,29.227
10401.9,9785,69668.1,7660.5,6777,74079.8,11724.4,93.2994,29.2281
6127.55,6142,65381.8,2635.5,2590,66687.3,13643.4,-1.37274,29.2281
7192.9,7424,63495.9,2730.75,2708,66086.6,11228.4,-28.802,29.2291
14905.1,13645,71588.4,7329.75,6749,71175.4,11865.9,96.7341,29.2313
11176.1,9848,74374.2,7717.5,6764,74774.4,22064.4,-19.7492,29.2323
17548,12512,91914.1,14745.8,10628,90927.5,34285.4,107.932,29.2323
12355.8,11125,72786.8,5375.25,4849,72648.5,25921.8,5.04582,29.2334
11672.7,10977,69689.5,6132.75,5585,71963.5,12606,-26.2738,29.2334
26480.3,21838,79467.7,8831.25,6574,88038.5,8179.69,96.0126,29.2355
10420.1,9744,70083.6,3809.25,3520,70921.3,10052.5,-173.238,29.2397
10938.8,10565,67855,4083.75,3873,69102.2,13698.4,30.4452,29.2418
5267.6,5823,59285.1,1902,1855,67196.5,10467.2,33.1466,29.245
10837.4,10392,68345.2,6331.5,5532,75007.4,29737.8,67.6824,29.246
9849.45,10076,64062.5,2853.75,2876,65029,15859.4,-96.916,29.246
11844.3,11527,67340,4645.5,4295,70884.2,8306.98,53.8678,29.2513
5198.05,5528,61624.3,2160,2040,69391.1,17319.3,-47.9509,29.2534
19500.6,19152,66729,9164.25,8900,67481.8,9130.91,93.3968,29.2545
14087.4,14112,65422,6264.75,6068,67661,10464,-116.493,29.2545
9714.9,8508,74832.6,9380.25,8456,72699.2,19329.1,150.634,29.2555
10695.1,10752,65189.2,3049.5,2836,70469.7,6356.14,28.1411,29.2555
7684.3,7749,64988.8,3206.25,2981,70488,21531.2,6.93083,29.2555
8898.5,8964,65057.1,4800.75,4612,68218.1,8864.05,-113.853,29.2566
17016.3,14881,74940.1,12519.8,10913,75185,11151.7,54.6209,29.2608
5934.5,5993,64896.3,3774,3513,70405,17377.9,4.50691,29.2629
10885.5,10925,65299.3,3922.5,3769,68205.1,18159.8,-134.842,29.264
6551.35,6464,66421.6,3996.75,3760,69662.5,8913.13,7.40503,29.2661
11493.9,11245,66986.9,4841.25,4685,67721.7,15647.7,57.0319,29.2672
9878.05,8995,71969.8,5707.5,5159,72503.7,17001.2,-29.0189,29.2703
6459.7,6440,65736.5,2826.75,2680,69124.6,10138,6.499,29.2703
5957.9,6200,62976.9,2291.25,2248,66796.9,10531.2,-68.3358,29.2703
12288.9,11760,68483.4,6173.25,5728,70630.3,24107.7,-5.206,29.2724
5595.2,5778,63462.6,2460.75,2422,66584.5,10431.1,-45.972,29.2735
12627.5,11940,69309.8,4789.5,4448,70567.6,14918.6,-12.6007,29.2735
11755.9,11461,67222.3,6316.5,5973,69304.9,12687.8,17.5832,29.2777
12223.9,11720,68353.7,5604,5420,67760.8,16796.4,43.2288,29.2819
7184.45,6792,69322.8,3335.25,3128,69878.2,9930.99,-119.053,29.2819
11984.7,10888,72137.1,4202.25,3912,70398.4,19143.6,11.3206,29.283
16407.3,14357,74895.1,11576.3,10481,72384.4,13415.2,0.355836,29.2841
14467,13730,69054.1,8643.75,8210,68998.4,17479.8,121.463,29.2851
21528,19663,71752,10165.5,9291,71704.5,22474.5,170.295,29.2851
12533.3,10497,78249.3,10354.5,9189,73848.4,18620.5,184.2,29.2872
9210.5,8258,73095.1,5880.75,5474,70405.7,16378.8,32.0645,29.2893
13102.7,12540,68476.8,4513.5,4440,66620.9,12609.7,45.1061,29.2893
13295.8,11893,73265.8,8478.75,7473,74356.1,15717.7,18.3293,29.2967
7073.95,6641,69808.5,1854.75,1809,67193.4,19821.3,5.27509,29.2999
13278.8,11888,73203.5,5216.25,4784,71457.4,9247.62,-19.2675,29.2999
14230.4,12683,73532,5818.5,5327,71582.7,21402.8,-72.1844,29.3031
14563.9,12704,75130.6,8765.25,7732,74293.8,18326.3,44.0313,29.3062
15518.1,13937,72970.8,7582.5,7009,70898.4,23048.4,96.3138,29.3073
13438.1,12484,70544.6,4846.5,4548,69837.3,15636.5,30.3724,29.3073
6084,5552,71815.8,2373,2276,68329.1,11662.9,3.86169,29.3083
9754.55,9153,69843.1,5097,4897,68212.6,8565.69,63.3181,29.3157
12366.3,11313,71637.5,3915.75,3653,70249.8,18665.2,27.6785,29.3157
13382.2,10863,80734.2,6226.5,5615,72673.2,17567.1,99.9598,29.3178
14416.3,13528,69839.6,5545.5,5512,65934.3,9374.32,-9.8123,29.3189
6277.7,5590,73598.4,1828.5,1718,69751.2,15669,-17.7889,29.3189
15614.3,14240,71860.9,9284.25,8512,71481.8,22900.8,-92.8807,29.3221
15015.6,13896,70816.5,4748.25,4588,67825,10430.6,-66.612,29.3221
8559.2,7852,71438.6,3561.75,3516,66388.8,9654.81,-81.2028,29.3231
15239.9,14173,70469.3,6132,6061,66303.7,12126.2,-38.2957,29.3263
12047.8,10772,73297.6,6137.25,5744,70022.8,23160.1,-36.9904,29.3274
20530.3,17383,77401.5,12829.5,11031,76221,44221,77.4581,29.3284
20873.4,17625,77614.9,14507.3,12957,73377.1,13116.5,128.507,29.3284
16463.8,14541,74202.2,7555.5,7149,69262.5,15077.8,-6.58665,29.3305
12975.3,10464,81264.3,6689.25,5716,76694.7,36837.9,132.776,29.3316
13564.2,12164,73079.9,5103.75,4820,69394.1,6996.14,-100.023,29.3316
13656.5,11599,77161.2,8337.75,7515,72710.9,25879.7,69.5474,29.34
12569,11965,68844.6,5667,5613,66166.5,18309.8,7.91189,29.3432
11194.3,10196,71952.7,7190.25,6768,69624.7,10523,64.9645,29.3442
15821.6,12817,80899.4,11020.5,9521,75857.5,28033.6,61.7265,29.3453
15670.2,14505,70800.6,5635.5,5401,68381.4,19536.3,59.4658,29.3453
16044.6,14468,72677.5,6240,5872,69643.2,20648.8,1.80399,29.3464
13729.3,11972,75155.6,8910,8068,72375.5,11285.1,-7.30411,29.3474
14591.2,13492,70875.2,8791.5,8132,70850.9,11076.8,178.464,29.3538
11142.3,10808,67563.1,6546,6076,70605.4,9536.26,17.7016,29.3569
12415,12072,67398.1,8055,7580,69642.8,10092.1,61.5407,29.3622
11711,11294,67956,5200.5,4814,70797.7,11092.3,100.203,29.3622
8362.25,8356,65585,5197.5,4948,68840.6,14780.4,-10.8755,29.3654
10745.1,10433,67496.8,5527.5,5301,68336.2,10530,107.104,29.3706
14524.2,13855,68701.6,5070.75,4843,68617.9,9742.1,4.79388,29.3749
8479.9,8625,64433.5,3485.25,3365,67878,11276.9,46.0162,29.3759
12831,11933,70467.8,7421.25,6525,74537.8,24506.5,-48.221,29.378
10725,10117,69474.5,7620,6981,71534.8,8669.66,48.6942,29.378
15914.6,14124,73844.5,13336.5,12136,72018.9,21567.6,-34.3505,29.378
9192.95,8832,68214.3,3828.75,3556,70562.7,9153.95,51.256,29.3801
10063.9,9813,67212,5039.25,4725,69894.7,8072.78,-51.0434,29.3812
9537.45,9672,64624.3,5241,5052,67987.8,10818.2,-145.747,29.3844
7420.4,7481,65005.1,2450.25,2425,66218.4,8637.62,-25.2646,29.3865
11272.9,11395,64834.1,4731.75,4627,67019.7,13779.4,-22.8779,29.3865
8440.25,8232,67193.9,3552.75,3404,68399.8,14486,29.5556,29.3875
12190.1,11456,69735.5,6018,5380,73307.7,8171.51,-20.9471,29.3886
9731.8,9596,66463.5,3790.5,3740,66420.9,12111.1,88.1248,29.3886
13221.6,12442,69642.7,5616,5162,71299.9,12881,-51.2241,29.3897
13939.2,12560,72732.7,10640.3,9364,74468.1,10469.9,81.3065,29.3918
6540.95,6217,68950.9,3348.75,3133,70049.1,14858.8,47.6016,29.3939
6495.45,6389,66627.9,4019.25,3765,69961.6,18173,-14.443,29.3981
9516,9228,67581.3,3711,3420,71112.3,11306.6,-21.9249,29.4013
10153.6,9803,67880.2,5438.25,4827,73834.9,18595.9,102.501,29.4034
21236.1,19721,70571.1,11171.3,10521,69586.4,9913.17,-40.7926,29.4055
10226.4,9477,70718.6,6246,5525,74088.3,25936.1,22.2453,29.4065
12574.3,11328,72745.9,8276.25,7700,70440.6,21018.6,55.1101,29.4076
7655.7,7370,68076.5,2672.25,2446,71598,26664.2,140.898,29.4087
12100.4,10456,75842.8,8170.5,7212,74246,15765.6,55.3075,29.4087
10587.2,10093,68744.9,5445,4905,72751,7815.78,-45.0137,29.4108
11871.6,11592,67116.7,4917,4716,68329.2,8066.19,-70.8231,29.4171
6201.65,6132,66280.4,5773.5,5200,72763.9,6764.55,85.7458,29.4171
18155.8,13548,87825.4,12067.5,9484,83388.4,31289.4,-108.676,29.4182
7013.5,7033,65354.3,2564.25,2397,70108.8,14724.1,43.3066,29.4213
10076.3,9728,67882.4,5313.75,4976,69984.3,9469.34,100.264,29.4234
12785.5,12688,66039.6,5602.5,5280,69538.9,12390,-0.465636,29.4266
12596.3,12108,68179.3,4293,4088,68822.4,12278.2,63.1786,29.4287
16619.2,15314,71121.6,7959.75,7154,72917.3,9513.49,92.5225,29.4298
26513.5,24968,69592.6,11554.5,10876,69624.5,6724.38,-43.2527,29.4329
18099.9,16410,72284.9,10941,9854,72765.3,13987.7,-2.24568,29.434
8886.15,8836,65908,3301.5,3124,69259.6,7709.17,126.13,29.434
14851.2,13388,72698.6,9965.25,8808,74146.5,13786.3,20.1219,29.434
14850.5,14317,67978.3,6144.75,5849,68849.8,11379.2,105.352,29.4372
9695.4,9444,67280.6,6008.25,5444,72328.6,12270.8,-9.92116,29.4403
9516.65,9557,65259.3,4360.5,4213,67830.5,28171.3,-32.8787,29.4403
14154.4,13665,67883.1,4443,4197,69377.3,13837.2,20.98,29.4414
11766.9,10521,73297.1,7326,6621,72514.2,19060.1,40.5637,29.4424
8315.45,8004,68086.1,4763.25,4528,68940.9,16121.4,42.3941,29.4435
13538.2,12544,70730.2,6293.25,5492,75097.3,17439,88.7846,29.4456
6327.75,6001,69104.4,4890,4485,71454,11124.1,-36.5381,29.4467
12678.9,12580,66051.2,4536.75,4400,67572.8,13428.3,58.8353,29.4467
14107.6,13576,68102.2,6921,6488,69909.8,10812,107.094,29.4467
13224.9,12917,67098.2,4073.25,3925,68011.3,10209.8,97.6563,29.4477
12169.3,11512,69277.9,4493.25,4220,69779.5,19348.9,-48.8872,29.4498
10759.4,10208,69076.3,4154.25,3924,69381.5,13269.4,3.80132,29.4498
11883.9,10378,75045.9,7376.25,6458,74854.4,26752,-11.3254,29.4593
9501.05,8728,71340.6,6443.25,5532,76331.3,18488.7,84.4452,29.4593
11919.7,10772,72518.5,6729,5956,74041.6,18811,-2.42694,29.4604
10065.9,9324,70750.6,5137.5,4716,71393.4,7712.72,-23.5099,29.4615
9176.05,8440,71251.4,4651.5,4344,70175.1,11934.4,-14.2085,29.4636
27428,20537,87526.2,17460,13737,83297.6,16528,86.2389,29.4646
6958.9,6703,68038,2121.75,2031,68464.3,8065.29,20.3369,29.4667
8947.25,8269,70911.5,5256,4829,71331,15159,-80.5497,29.4699
7004.4,5729,80125.7,7378.5,6353,76114.8,35843.4,105.293,29.4731
10037.9,9147,71919.4,8222.25,7759,69448.8,9039.89,123.5,29.4762
8331.7,6788,80439.9,6453.75,5588,75689.5,12583.4,-142.373,29.4794
12524.8,11189,73360.3,4509,4257,69415.5,18501.2,-65.1953,29.4794
8705.45,7700,74093.6,2963.25,2784,69755.6,8600.62,58.1568,29.4815
13241.1,11997,72332.4,4683,4345,70634.1,13172.7,-4.79505,29.4836
6570.85,5948,72398.7,1788,1660,70589.4,23888.3,-0.0377564,29.4847
12143.9,10573,75273.4,6210.75,5657,71951.2,23852.7,-23.2564,29.4857
10880.3,9513,74955.8,5523,4909,73733,20007.5,65.4681,29.4857
8721.05,7843,72873,7183.5,6435,73159,15553.3,-51.3245,29.49
17301.7,15009,75547,10597.5,9397,73908.5,6436.31,-87.1019,29.49
12916.8,11269,75118.9,4785.75,4401,71265.4,19233.1,34.5372,29.4931
24872.9,19617,83094.8,5607.75,4465,82309,16838.5,50.9672,29.4931
13449.8,11736,75106.2,5192.25,4780,71188.1,6423.13,-81.9414,29.4942
11538.1,10117,74741.9,3147.75,2897,71208.5,7098.37,-31.2268,29.4942
10871.3,9793,72751.8,3451.5,3333,67866,17764.3,109.412,29.5005
16689.4,15249,71726.4,6390,6117,68460.9,7335.5,-14.8957,29.5016
13261.9,10475,82972.3,8269.5,7215,75114.3,13325.1,-95.9608,29.5016
27619.1,20114,89989.5,14898.8,11826,82564.2,21783.1,43.0414,29.5026
8097.7,7333,72370.2,3888,3717,68551,17598.4,-40.2214,29.5026
18908.5,17313,71575.5,9569.25,9125,68726.6,7604.27,133.874,29.5069
13915.2,12944,70453.2,5273.25,4976,69450.9,7642.57,195.793,29.509
35559.5,24809,93934.9,28913.3,20317,93264.7,67894.3,190.088,29.51
27729,21481,84597.9,15372.8,11577,87023.3,17348.5,59.548,29.5111
14931.1,13258,73806.6,5257.5,4682,73591.5,7972.47,27.2204,29.5143
9066.85,7760,76572.8,5344.5,4788,73153.1,7623.02,44.4335,29.5174
12163.4,10829,73612,5038.5,4701,70241,10471.7,104.526,29.528
10344.1,9081,74651.6,5457,5037,71000.6,8426.95,45.2633,29.5301
9607,9132,68944.9,4620.75,4584,66061.4,7212.05,8.32896,29.5312
15556.4,14172,71938.1,6406.5,5800,72389,11858.2,-80.4257,29.5312
8645.65,7952,71252.7,4315.5,3828,73882.1,31527.6,-16.6649,29.5312
13069.5,11961,71609.9,8193.75,7609,70572.4,28212.9,-38.0403,29.5312
13375,12614,69490,6123.75,5874,68322.5,19490.7,-31.6925,29.5343
7608.9,7238,68894.3,3444.75,3254,69377.7,7128.24,-47.5679,29.5364
12113.4,10992,72222,6881.25,6292,71673.5,25588.3,20.5384,29.5364
10049.6,9765,67446.4,4150.5,3937,69090,10768.9,-4.70471,29.5385
25013.3,17127,95712.7,28509.8,21735,85963.4,30085.3,172.589,29.5385
10288.2,9460,71273.5,5778,5316,71231.6,27743.3,-44.9026,29.5407
14988.3,13576,72353.9,9180,8476,70979.3,7895.4,105.483,29.5407
6473.35,6113,69399.2,2238,2097,69942.6,9430.38,46.0856,29.5417
10556,9849,70240.4,5810.25,5309,71723.6,11585.6,13.3246,29.5428
12407.2,11669,69681.9,4396.5,4069,70810.8,13528.7,33.0316,29.5438
9979.45,8690,75260.4,6477,5602,75772.3,23402.4,-55.0595,29.5449
13752,12822,70289.7,4931.25,4566,70778.5,6596.95,45.3321,29.5459
6074.25,6208,64124,2282.25,2272,65831.7,10028.1,10.8031,29.547
9359.35,8908,68856.6,6167.25,5868,68878.1,6942.41,-40.6809,29.547
7042.75,6984,66087.3,2830.5,2732,67898.8,11725.2,-23.6607,29.5512
7120.1,7049,66197,2796,2729,67145,14798.9,-34.0962,29.5512
23509.2,20653,74599.3,12560.3,11113,74070.8,35589.6,314.282,29.5512
7031.7,6472,71203.6,4791.75,4232,74204.2,16834.9,48.3873,29.5523
13187.8,12456,69386.6,6750.75,6108,72432.4,19941.7,-43.7494,29.5554
12907,12516,67583.6,5189.25,4960,68565.1,8233.62,96.8706,29.5565
9883.9,9488,68270.6,4650.75,4512,67551.3,11910.4,209.392,29.5576
8855.6,8412,68992,4199.25,3964,69425.3,10246.1,58.0949,29.5586
15936.7,13572,76954.6,10459.5,9188,74605.3,16989.1,16.5615,29.5597
9924.2,8753,74305.1,6328.5,5617,73837.4,15391.9,-13.4785,29.5607
8355.75,7297,75044.9,6258.75,5509,74455.2,24147.1,61.0125,29.5607
10688.6,9609,72899.2,6819.75,6221,71843.6,9317.06,2.22985,29.5607
12184.3,11275,70821,5115.75,4815,69629.5,25704.1,52.354,29.5607
16436.5,15668,68750.7,6036,5956,66416.3,8702.63,84.8129,29.5618
8028.15,7472,70413.9,3531,3428,67505.1,9727.65,-10.6856,29.5618
13176.1,12436,69436.5,6954.75,6580,69268.5,24039.9,87.6765,29.5639
13987.3,12717,72082.6,5485.5,4873,73773.4,23063.2,-26.6668,29.5649
10228.4,9091,73735.4,5511.75,5031,71798.5,13178,-104.555,29.566
11814.4,10196,75938.5,8069.25,7584,69729.2,30953.3,26.3567,29.5671
6470.75,6613,64126.3,2808.75,2817,65344.1,6698.13,-43.2517,29.5713
20849.4,15258,89552.1,19308,14990,84414.2,34474.4,233.484,29.5734
6737.25,6664,66256.4,3322.5,3144,69256.8,22632.6,-7.73057,29.5755
8253.7,8020,67445.7,3554.25,3364,69242.4,7023.95,-38.104,29.5766
8869.25,8687,66910.9,4372.5,4239,67600,11112.2,60.6424,29.585
9391.2,9153,67241.5,4883.25,4625,69195.4,13522.7,33.8918,29.5861
13520,12648,70054.3,9539.25,8824,70848.2,7287.62,-25.2139,29.5945
11371.1,10853,68664.6,6894,6353,71116.8,32003.6,40.9373,29.5977
11384.8,10205,73112.3,8493.75,7677,72508.3,10551.9,105.383,29.5987
10888.8,11142,64046.7,3719.25,3670,66415.5,10155.9,43.4783,29.6008
6033.95,6177,64018.3,2661,2513,69395.7,12081.6,-15.934,29.604
12478.7,11496,71138.1,9664.5,8604,73613.8,26384.7,21.3684,29.6051
5324.8,5876,59388.4,2729.25,2644,67649.1,12019.3,28.7883,29.6082
6882.85,7132,63246.6,2916,2716,70361.9,8067.56,-42.4432,29.6093
10266.1,10319,65200,4853.25,4671,68093,12280.5,160.358,29.6093
12347.4,12000,67433.3,5966.25,5344,73166.9,15244.5,8.88709,29.6103
10814,10493,67541.2,10022.3,9069,72424.5,11339.6,-84.7062,29.6114
7102.55,7324,63554.4,2376,2268,68656.8,11911,33.0924,29.6125
8071.7,7581,69778,6296.25,5641,73148.6,11153,21.0809,29.6135
8201.7,8413,63890,3918,3753,68417.3,26092.9,-120.521,29.6146
8718.45,7685,74349,6299.25,5621,73443.8,20837.6,-4.22311,29.6177
6768.45,6924,64063.7,2918.25,2796,68401.4,8359.17,3.98585,29.6199
10225.8,10268,65266.7,5450.25,5176,69008.4,17034,53.5398,29.6199
7770.1,8142,62542.5,4593,4462,67460.1,27108.7,-25.9588,29.623
11161.8,11177,65446.9,5491.5,5229,68826,10813.1,84.7336,29.623
21515.6,20132,70040.2,14836.5,13316,73019.3,12214,113.061,29.623
12823.8,11167,75259.6,12329.3,10523,76785.1,15823.8,14.0253,29.6241
13473.2,12268,71974.2,9252,8124,74635.5,23028.8,106.635,29.6272
9064.9,9032,65774.7,3891.75,3708,68783.6,25015.2,66.1399,29.6294
14275.3,11489,81429.7,10615.5,9061,76779.3,14363.5,140.5,29.6378
10446.8,10064,68028.8,5035.5,4512,73139.8,16101.9,16.5949,29.6378
11622,10821,70387.2,6220.5,5685,71709.2,21477.2,96.3729,29.642
15224.3,14821,67319.3,5776.5,5461,69322.2,12469,-3.0486,29.6431
5444.4,5537,64440,3045,2897,68884.1,24415.4,36.9224,29.6441
12485.2,11944,68505.5,4112.25,3896,69173.6,11987.6,4.70949,29.6441
21470.8,18404,76456.8,12265.5,10512,76468,20446.4,117.912,29.6484
9497.15,8665,71829.8,5818.5,5373,70969.9,6914.77,38.4401,29.6547
6077.5,5404,73703.8,3874.5,3544,71647.6,15336,71.6637,29.66
11001.3,10117,71264,5208.75,4805,71042.8,14524.6,-28.0659,29.66
11263.2,10149,72730.8,13719.8,12453,72202.5,10732,95.9167,29.6621
10129.6,9249,71775.7,5100.75,4705,71048.4,9811.42,9.95127,29.6631
16212.3,14698,72288,11013,10014,72073.9,17449.3,29.4442,29.6631
5991.05,5907,66468.5,2501.25,2487,65911.5,14029.5,35.5928,29.6705
14831.7,13128,74041,9103.5,7976,74800.3,14236.1,32.145,29.6716
11945.7,11387,68751.5,8001,7259,72235,6941.67,30.6991,29.6727
12023,10712,73557,8115,7224,73619.1,7904.03,-6.31705,29.6737
10150.4,8611,77252,6534,5799,73842.4,17129.7,-121.904,29.6748
13923.6,13588,67154.9,5246.25,4944,69542.5,20109.7,27.6242,29.6843
12656.1,12096,68570.9,3488.25,3300,69274.5,25228.2,137.512,29.6843
13893.1,12725,71551.9,7057.5,6273,73731.9,6644.38,34.1503,29.6959
6121.05,5567,72058.4,3193.5,2987,70066.7,18615,-71.2196,29.6991
6091.15,5557,71835.5,2756.25,2581,69985.9,10650,-71.7803,29.7012
10599.5,9956,69772.2,3414,3184,70270.1,9835.6,-1.22964,29.7064
11662.3,10977,69627.4,5683.5,5461,68206.2,15461.1,37.2589,29.7086
7963.8,7036,74177.9,4753.5,4280,72786.3,12980,65.7322,29.7128
13305.5,12580,69315.5,5311.5,5172,67303.6,15589.5,169.694,29.7223
8221.85,7373,73081.1,3659.25,3545,67648.1,6760.08,-66.4741,29.7244
23184.2,20173,75318.5,10002.8,8621,76039.9,50439.6,100.444,29.7254
10661.3,9880,70718.5,3519,3436,67119.1,12908.9,-16.8251,29.7265
12834.9,11733,71690.8,5989.5,5441,72142.6,10106.6,147.54,29.7265
11754.6,10952,70338.7,4574.25,4492,66736,9535.81,-30.4584,29.7286
13783.9,12261,73676,4899,4625,69418.6,10409.9,-43.3912,29.736
6663.8,5540,78830.1,2469.75,2388,67779.5,18497.6,-84.1152,29.7392
11761.1,10108,76254,3828.75,3624,69238.7,6973.87,129.598,29.7392
13833.3,12598,71962.1,5222.25,5074,67450.8,8916.9,105.445,29.7413
15887.9,12964,80317.2,10901.3,9412,75905.7,16825,95.6877,29.7423
14223.9,12843,72582.8,7680.75,7423,67811.6,9069.3,-30.4408,29.7434
12935,10881,77907.2,9170.25,8469,70962.5,22601.2,116.971,29.7466
10335,7921,85508.7,12098.3,10337,76702.2,24161.3,106.592,29.7497
22605,17642,83972.6,15388.5,13214,76320.6,31522.6,195.755,29.7529
14993.5,13380,73439.3,7501.5,7040,69832.1,17722.2,-50.546,29.754
8057.4,7169,73657.4,3408.75,3381,66073.9,8367.96,-127.594,29.755
14881.7,13876,70286.1,4851,4656,68280.7,22505.7,30.9742,29.7561
12258.3,10893,73750.4,5371.5,5193,67788.7,12994.1,85.5117,29.7592
17154.8,15400,73003.7,7086,6764,68655.8,13892,-15.1421,29.7592
5960.5,5440,71806.5,1897.5,1940,64100.3,11025.4,-13.3144,29.7603
22456.8,18610,79082.9,22533,19622,75258.5,21540,98.0905,29.7614
22777.3,19209,77710.1,21371.3,19453,71998.5,21439.1,49.0743,29.7624
14310.4,12929,72538.2,9474,8865,70038.1,13933.5,-53.8436,29.7624
18545.8,15928,76307,12708,11452,72723.7,21089,92.0874,29.7645
6928.35,6336,71662.9,2975.25,2832,68851,14582.5,32.992,29.7666
12808.9,11197,74970.4,7431.75,6649,73251.2,7518.85,159.677,29.7698
10778.9,10329,68390.9,7231.5,6841,69277,6585.59,127.033,29.7719
12165.4,11925,66857.2,3162,3025,68504.1,15721.3,-176.031,29.7782
6345.95,6351,65483.9,2918.25,2879,66429.5,7659.47,-23.5079,29.7782
5961.8,5849,66799.9,2414.25,2349,67356.4,6680.95,0.60892,29.7782
11196.3,11000,66705.2,5348.25,5228,67043.4,15606.6,-132.167,29.7804
11122.8,10485,69522.5,6219.75,5637,72311.1,20868.5,-24.0043,29.7825
12676.9,12541,66246.4,4764.75,4701,66424.7,18723.4,67.2364,29.7825
12049,12036,65607.1,3597,3556,66291.6,10801.6,-9.86594,29.7846
11419.8,10648,70286.6,7461.75,7052,69343.9,24286.9,67.0273,29.7856
22074,18021,80275.3,18476.3,14993,80761.7,22445.3,303.596,29.7867
14138.1,11561,80145.1,10108.5,8653,76559.6,8893.12,13.4258,29.7888
8819.85,8281,69800.5,5298.75,4825,71970.8,10579.8,40.8824,29.7909
9432.8,9292,66529.1,5164.5,4904,69017.3,12303.3,68.3376,29.792
8473.4,7652,72570.9,5831.25,5344,71511.4,10566.3,77.0029,29.8036
11779.3,12000,64330.7,4334.25,4356,65208.8,15609.3,50.1534,29.8089
11124.1,10572,68958.5,6508.5,5996,71137.6,19340.5,32.8132,29.8099
10160.8,9697,68670.5,5187.75,4689,72506.8,6461.48,86.6172,29.8131
13706.5,13579,66151.6,4672.5,4591,66699.4,18706,-21.343,29.8131
9114.3,8853,67470.3,3310.5,3153,68809.7,13213.8,-120.037,29.8131
8069.75,8248,64119.7,2753.25,2712,66532.8,11034.1,-54.5947,29.8152
15751.4,13575,76043.2,12384.8,11075,73286.4,13168.7,-11.6749,29.8152
16868.8,15748,70200.3,8647.5,7828,72396.9,13563.3,-93.3897,29.8173
11568.7,10104,75036.3,11113.5,9704,75055.1,23674.4,28.3503,29.8194
13900.9,8729,104366,13861.5,8521,106610,9384.09,338.487,29.8205
12812.8,11777,71300,5702.25,5297,70549.9,7844.33,-27.8148,29.8215
15247,13957,71593.5,4737.75,4309,72056.9,19121.6,111.941,29.8247
13830.7,12788,70879.6,5292,4724,73415.9,24294.7,9.40697,29.8258
9522.5,9105,68541.1,6369,6005,69508.5,11497.7,-46.8721,29.8279
9460.1,8941,69340.9,4234.5,4009,69222.3,7279.32,28.9664,29.8289
13634.4,12525,71340.8,5164.5,4857,69685.1,16522.7,-101.241,29.8289
10407.1,9332,73086.5,5834.25,5376,71122.3,14510.2,-106.325,29.83
6755.45,6700,66078.4,2825.25,2776,66698.7,7210.32,28.969,29.8342
8410.35,7967,69183,4734.75,4443,69839.4,9207.16,60.714,29.8342
10258.9,9045,74331.7,5403,5045,70186.5,31806,116.625,29.8363
12590.5,11995,68789.6,5121.75,4767,70413.1,11021.5,121.706,29.8405
7794.15,7582,67369.7,3376.5,3162,69981.8,13742,-15.1364,29.8405
11409.4,10749,69562.7,4566,4297,69638.7,7142.73,3.17157,29.8416
7425.6,7126,68291.3,4116.75,3922,68790.3,11281.7,33.116,29.8427
7174.7,7305,64367,3555,3481,66929.2,12821.1,2.09816,29.8437
10997.3,10304,69945.9,6811.5,6276,71127.9,15189.3,-3.15084,29.8448
10803.6,10660,66419.1,4235.25,3860,71907.1,17397,-8.3938,29.8448
9060.35,9236,64289.6,1817.25,1780,66907.5,13844.3,-36.6403,29.8479
12840.8,12149,69267.5,5620.5,5205,70767.6,10336.5,-9.38846,29.849
10865.4,10436,68232.5,4284.75,3988,70412.6,13667,-41.7936,29.8532
10627.5,9688,71891.4,5871,5320,72323.7,22818.5,47.3024,29.8543
8380.45,7828,70161.1,5392.5,4884,72359.3,23977.1,76.4989,29.8553
10939.5,10592,67686.1,2426.25,2292,69374.7,19473.7,19.0482,29.8596
12980.5,12541,67832.7,6648.75,6269,69505.9,6434.84,37.5982,29.8627
5455.45,5398,66233.5,2400.75,2306,68228.8,7449.36,-57.9,29.8659
6388.2,6365,65774.9,2607,2569,66505.4,9830.8,-69.1695,29.8669
10193.3,9212,72517.2,7267.5,6588,72295.5,28247,38.4984,29.868
7392.45,7064,68583.2,4148.25,3788,71768.7,8459.96,116.642,29.8691
13680.5,12482,71828.9,7942.5,6962,74765.8,18164,-50.5626,29.8701
14377.3,13441,70101.5,5277,4677,73943.4,17884.1,4.48789,29.8701
35462.7,28206,82396.8,27342.8,23098,77579.6,17277.7,170.491,29.8733
16189.5,14651,72418.1,6381.75,5723,73079.6,17267.4,-2.36894,29.8765
12596.3,12262,67323,3146.25,3090,66729,6700.84,165.728,29.8775
11480.3,10357,72643.9,6078.75,5541,71896.2,16503.8,222.98,29.8775
8580,8020,70112.1,4350,4180,68201.3,19166.5,148.92,29.8817
14462.5,13476,70333.5,5143.5,4836,69703.1,8693.61,31.4933,29.8828
12739.3,11120,75079.7,9308.25,8500,71767.7,10221.3,103.676,29.886
18093.4,15989,74161.6,12609.8,11937,69229.5,8321.45,51.2873,29.887
11583,10532,72075.9,3631.5,3408,69833.9,6464.39,105.537,29.887
16312.4,14199,75290.5,8667.75,7767,73136.3,33921.6,55.4852,29.8881
19196.4,16376,76823.3,12081.8,10780,73449.9,7973.07,73.6604,29.8891
8107.45,6596,80553.3,5692.5,5092,73264.7,16076,-59.9442,29.8902
6392.75,5653,74112,3057,2833,70717.8,16858.2,12.2664,29.8912
12738.7,11372,73412.2,4431.75,4140,70154.4,19856.9,45.6937,29.8923
15367.9,14173,71061.5,6953.25,6553,69538.9,16804.6,-54.8115,29.8976
5223.4,5105,67056,2463.75,2421,66693.2,16148.8,11.4331,29.8986
13778,12636,71459.2,4519.5,4216,70253.8,6883.99,74.5613,29.8997
10143.3,9556,69563.4,4506,4272,69125.8,27837.2,68.6138,29.9007
10199.1,9695,68943.9,2997.75,2891,67955.9,10849.4,-79.5277,29.9029
6197.1,5988,67824.5,2250.75,2148,68670.9,11728.7,24.4992,29.9029
6170.45,5949,67975.6,2339.25,2265,67684.4,10803.3,130.314,29.905
10850.4,9141,77791.8,10311.8,8961,75414.7,35893.5,133.671,29.905
8512.4,7968,70013.6,4609.5,4352,69413.6,22835.6,-22.3582,29.9071
15831.4,13652,75998.1,12109.5,10772,73673.3,11435.5,51.1702,29.9092
5529.55,5216,69475.6,2782.5,2660,68554.1,6653.17,-52.71,29.9197
8993.4,7685,76693.8,5370,4853,72517.7,7761.12,-108.652,29.9219
9215.05,8885,67970.5,2840.25,2817,66076.9,14608.7,33.851,29.9229
23798.4,20845,74821.5,15301.5,13625,73599.9,26518.5,143.483,29.924
7543.25,6912,71521.2,2188.5,2084,68822.2,11784.5,-6.46288,29.9282
11168.3,9777,74862,7096.5,6501,71539.2,6426.97,59.9585,29.9314
11304.1,10344,71619.2,3882,3676,69208.6,12862.7,-109.703,29.9356
5972.85,5597,69936.9,2820,2729,67721.3,6873.5,29.8417,29.9377
12615.2,11057,74771.6,7762.5,7109,71560.5,9797.58,67.5718,29.9377
10687.9,9804,71444.9,3978.75,3772,69128.1,14656.2,57.0692,29.9388
13414,12844,68444.7,4415.25,4300,67292.5,17725.5,98.2338,29.9388
11752.6,10436,73804.3,7947,7252,71816.7,11761.8,-30.542,29.9398
6618.95,6118,70902.2,2578.5,2422,69770.7,7064.88,1.45449,29.943
9074.65,8337,71334.6,4683.75,4401,69746.5,10341.5,39.1714,29.943
11629.1,10666,71454,5099.25,4654,71805.9,14488.9,138.775,29.943
10687.9,9951,70389.5,3915,3627,70739.9,14857.6,25.2416,29.9461
10855,10217,69628.4,5015.25,4797,68517.7,22189.2,30.1261,29.9472
11967.8,11585,67701.5,9011.25,8613,68566.3,17486.2,45.7828,29.9493
9211.8,8703,69367.4,4215,3851,71730.5,7166.5,113.251,29.9535
13867.1,12718,71457.3,8700,7678,74259.3,18912.1,88.7293,29.9557
12298.6,11033,73054,7732.5,6841,74076.5,18408.4,21.6682,29.9567
9542,9080,68870.5,3174,2940,70752.1,11968.8,50.2902,29.9588
18110.9,16476,72039.3,14668.5,13640,70477.6,8736.55,181.132,29.9599
12646.4,11753,70517.7,5851.5,5369,71425.6,7932.65,-61.3581,29.9609
19880.3,17585,74090,8075.25,6993,75678.5,18499.6,34.5648,29.963
8444.8,8458,65433.7,2808,2746,67015.7,17629.1,49.2175,29.9641
8197.8,8441,63647.8,5259.75,5213,66123.7,13534.6,7.23135,29.9662
7551.7,7261,68159.8,5559,5177,70371.8,23747.3,43.8275,29.9683
6155.5,6328,63749.5,2523,2428,68100.2,17727.3,13.9538,29.9704
10336.9,9780,69268.1,4688.25,4292,71586.5,8186.28,115.792,29.9789
6796.4,6620,67282.3,2430,2252,70716,9321.49,47.8097,29.9789
10878.4,10161,70163.1,8139.75,7073,75420.1,33785.5,5.61029,29.9799
14310.4,12728,73683.7,10908.8,9528,75033.1,10475.4,-10.7137,29.981
10545.6,10440,66198.9,4995.75,4808,68095.1,18962.5,-92.7326,29.982
15815.8,14509,71438.7,5583.75,4973,73584.7,21581.2,143.669,29.9831
12112.8,10543,75293.7,8217,7211,74678.9,29549.1,118.43,29.9863
8462.35,7860,70558.3,4829.25,4448,71153.3,10913.7,110.53,29.9863
15232.7,14257,70021.3,5124,4993,67255.5,9459.92,-2.07552,29.9947
11468.6,10565,71141.1,3653.25,3425,69903.5,10745.9,27.9762,29.9968
19511.7,14548,87896.5,15875.3,12740,81664.1,11611.6,33.9636,29.9968
18657.6,16640,73482.2,7839.75,6948,73947.3,22582.5,196.091,29.9968
10677.5,10022,69822.8,2003.25,1890,69463,16407.4,39.8034,30
10412.3,9061,75310,6782.25,5989,74216.3,21849,8.63888,30
27035.4,18981,93345.7,20126.3,15653,84264.6,43155.7,36.2181,30.0011
10696.4,9830,71312.2,3611.25,3366,70311,17198.6,120.614,30.0053
13704.6,12817,70074.5,8309.25,7749,70274.2,6599.74,-130.968,30.0095
9731.15,8948,71271.9,3426,3312,67791.8,9318.86,-135.37,30.0116
11891.8,11084,70312,5545.5,5400,67301.8,26719.9,138.316,30.0137
18368.3,16057,74969.7,8168.25,7193,74421.6,17108.1,109.437,30.0137
5701.8,5405,69134.7,3719.25,3533,68990.9,14480,39.0158,30.0158
8351.2,8249,66348,4117.5,3961,68125.3,7309.82,-93.1547,30.0243
9465.95,8836,70208.3,6417,5952,70656,29066,-32.9123,30.0264
15692.9,14492,70967,7230,6876,68910,13302.6,45.9401,30.0264
13761.1,12469,72327.4,12209.3,11297,70828.1,14571.3,202.412,30.0285
14710.8,14341,67225.9,5940,5681,68523.8,14519.5,51.0543,30.0285
6497.4,6001,70957.1,4269,3925,71279.8,22829.6,-75.678,30.0296
15952.9,14216,73543.4,7308.75,6700,71490.5,8729.65,22.0319,30.0327
9306.05,8749,69708.7,4034.25,3753,70447.3,7899.37,13.4631,30.0359
18600.4,17747,68687.4,10414.5,9799,69652.5,11238,9.03766,30.0359
10533.9,10517,65641.3,4493.25,4389,67092.6,18767.1,37.1347,30.037
8692.45,8533,66760.6,3621,3473,68328.8,11240,-23.6424,30.038
15724.8,14421,71461.1,6852.75,6277,71547.2,20117.6,121.364,30.0443
8659.3,7976,71150.4,4421.25,3916,73991.6,18551.7,83.5828,30.0465
9066.85,7972,74536.5,6269.25,5584,73578.4,21758,30.1423,30.0496
9560.2,9105,68812.4,4557,4337,68860.4,15922.4,19.1816,30.0507
6399.9,5919,70860.6,2771.25,2655,68405.5,11102.2,81.2828,30.0528
12741.3,11377,73394.9,6313.5,5845,70789,6592.2,-5.40774,30.0528
11054.5,9872,73386.4,3633,3460,68812.8,13798.2,-67.5986,30.0549
9631.7,8516,74122,6486.75,5856,72594.9,16192.9,-4.90855,30.056
6125.6,5748,69841.2,2527.5,2464,67224.9,8830.01,-65.6918,30.056
12425.4,11591,70253.7,4181.25,4055,67576.4,19276.8,-29.9644,30.056
12718.5,11237,74176.6,6932.25,6501,69883.4,16736.1,-25.569,30.0612
11824.1,10447,74175.1,8879.25,8203,70938.7,16783.5,-62.5508,30.0644
14723.8,13740,70228.5,4448.25,4392,66375.4,7089.23,86.5936,30.0686
11438,10729,69867.1,5131.5,5021,66978.3,12356,82.9556,30.0697
10699.6,9565,73310.2,6227.25,5917,68972.3,17935.5,62.106,30.0707
11049.3,10272,70495.5,3671.25,3424,70268.4,7050.2,-38.105,30.0792
22773.4,19384,76995.3,14503.5,12088,78631.8,21427,50.7947,30.0824
7553,7200,68749.1,2547,2468,67633.8,14487.6,-51.2845,30.0845
8125,7545,70573.9,3449.25,3229,70006.2,10721.1,-7.28292,30.0855
12028.3,11424,69002.4,2869.5,2688,69961.1,11702.7,92.4402,30.0855
9710.35,9615,66185.9,3624.75,3579,66373.7,7396.83,-66.498,30.0855
10097.8,9231,71689.5,5100.75,4463,74900.9,21052.3,118.749,30.0855
6865.3,6837,65807.3,2946.75,2865,67406,8102.08,145.036,30.0876
7385.3,7140,67787.5,2570.25,2420,69604.9,22680.6,144.488,30.0919
11777.3,11241,68663,4595.25,4409,68304.5,20552.1,37.9276,30.094
13826.8,13528,66983.5,5551.5,5432,66977.8,10124.4,-64.0205,30.0982
12121.8,10769,73768.9,8253,7205,75068.5,27441.4,-75.8513,30.1035
12750.4,12088,69127.3,4521.75,4248,69759.3,12493.9,-67.5495,30.1035
9244.95,9105,66543.3,5736.75,5265,71408.1,26361.4,111.669,30.1067
11333.4,10425,71246.6,8240.25,7629,70786.9,9976.39,1.34507,30.1088
8743.15,8237,69563.1,2664.75,2573,67872.9,9830.89,-88.0895,30.1098
9185.8,8476,71024.1,4884,4524,70751.1,13520.2,8.95189,30.1098
6302.4,6325,65301.8,2391,2341,66935.8,13173.4,-129.495,30.1098
11667.5,10137,75430.7,6192,5549,73130.1,13094.9,90.6679,30.1119
11700.6,11349,67566.6,4962.75,4785,67970.5,6379.8,-30.3398,30.113
15487.5,14023,72380.5,5960.25,5571,70115.1,10431.2,24.548,30.113
6537.05,6142,69751.2,2813.25,2686,68640.8,10663.6,7.33924,30.114
13239.2,12553,69118.5,4777.5,4525,69193,11221.9,-40.8417,30.114
19396,15787,80517.9,13575,11947,74466.5,34821.9,15.8913,30.1172
11202.1,10166,72215.3,4770.75,4501,69463.6,12202.5,-35.7186,30.1172
11006.4,9770,73830,4399.5,4042,71332.4,22203.8,97.2055,30.1193
21748.3,18337,77728.1,16655.3,14485,75355.1,10386,187.09,30.1214
11482.3,10240,73486.4,5004,4708,69656.4,14273.8,28.7036,30.1235
6843.85,6313,71046.8,3908.25,3629,70579,23986.2,12.8586,30.1257
10065.9,9981,66093.5,4395,4345,66290.2,8934.82,-9.79578,30.1299
10350.6,10167,66719.5,4317.75,4116,68748.3,10348.5,26.2711,30.1352
16987.1,16022,69483.6,7815,7074,72400.9,20513.2,80.9291,30.1352
16636.8,15373,70923.4,5307,4845,71785.3,9889.37,64.1283,30.1373
15199.6,14501,68693.3,6026.25,5713,69129.4,11690.7,21.0606,30.1383
11261.3,11148,66201.8,5191.5,4888,69605.2,11294.8,20.2155,30.1394
10196.5,9813,68097.5,5862,5509,69735.4,12825.6,-95.942,30.1394
8507.2,8068,69103.6,7769.25,6832,74526.6,27218.8,38.5371,30.1415
11904.1,12096,64496.3,5389.5,4932,71615.2,28300.7,-1.92358,30.1415
11370.4,11197,66551.2,5925,5565,69775.5,8779.93,75.35,30.1426
11178.7,10232,71599.6,9054,8088,73363.4,28043.7,74.6261,30.1436
11139.7,10924,66830,4278.75,3980,70455.3,9466.96,39.2042,30.1447
13611,12500,71360.8,10624.5,9264,75160.5,9634.63,52.0979,30.1468
10331.8,10104,67013.2,8223,7372,73101.3,8564.48,-74.2819,30.1499
9631.7,9222,68447.5,5595,5190,70650.1,11599.2,12.4641,30.1531
13132.6,11336,75922.6,7024.5,6108,75369.6,13705.3,118.165,30.1542
13300.9,12868,67741,5616.75,5232,70355.4,9833.24,-35.6296,30.1573
11001.9,11019,65434.3,5337.75,5103,68550.8,7307.7,39.2854,30.1584
15596.7,15336,66650.3,5668.5,5452,68138.5,16400.5,-65.9764,30.1637
14002.9,13343,68777.4,5148.75,4703,71747.5,9207.26,-20.986,30.1721
9147.45,8660,69224.9,5456.25,5040,70948.6,23798.9,10.2856,30.1742
26494,22392,77541.6,29146.5,25788,74071.1,24604.2,208.915,30.1753
9544.6,9713,64399.8,4707.75,4529,68122.6,9002.82,73.6217,30.1753
6895.2,6689,67556.3,3318,3089,70394.4,14766.7,-71.075,30.1774
9831.9,10090,63859.6,3817.5,3770,66361.7,15074.2,143.053,30.1785
12158.3,11568,68879.9,7505.25,6864,71658.5,21308.4,-29.1808,30.1795
9280.7,9107,66786,3527.25,3495,66140.7,7241.43,24.6679,30.1816
17124.9,15600,71942.1,10848,9840,72249.5,14444.8,47.6171,30.1837
10337.6,9661,70125.8,7363.5,6813,70831.4,9083.08,-15.8214,30.1848
5048.55,5081,65117.5,2837.25,2665,69771.9,6997.07,-93.143,30.1859
8061.3,7797,67757.5,5187,4821,70511.4,8567,190.598,30.1869
13006.5,12780,66697.5,3789,3676,67550.6,8030.45,6.5782,30.1901
8804.9,8221,70190.7,3696.75,3273,74020.9,13572.5,-58.9901,30.1932
14409.2,13631,69277.5,5970,5595,69928.5,12226.5,35.6605,30.1943
15822.9,14793,70098.9,8731.5,7997,71555.3,9871.24,47.789,30.1964
15357.5,14321,70279.5,8566.5,7893,71128.1,16976.3,35.482,30.1975
18866.9,17396,71077.3,12096,11248,70476.8,7451.68,-14.04,30.1996
12316.8,11872,67991.7,4630.5,4532,66960.4,18188.3,-27.3435,30.1996
18958.5,16144,76961.6,12355.5,10596,76418.5,13245.9,25.3022,30.2017
6632.6,6420,67706.2,976.5,932,68665.1,7170.46,-5.42948,30.2038
5515.9,5421,66683.3,2748,2605,69133.6,15827.7,155.065,30.2059
10885.5,10164,70188.4,5566.5,5124,71195.6,15774.4,209.247,30.2059
8705.45,8473,67333.9,3065.25,2873,69921.4,6713.36,25.5477,30.207
7217.6,7061,66989.5,3936.75,3729,69187.1,20667,-26.5767,30.207
11488.1,11001,68437.8,4947,4665,69497.7,12787,5.53944,30.2091
11672.7,11308,67649.6,4947.75,4568,70984.2,31051.6,8.29304,30.2091
9525.1,9478,65861.7,4020.75,3862,68229.9,6956.67,120.139,30.2101
9328.15,8904,68657.9,3378.75,3128,70789.6,9561.89,78.7607,30.2101
19928.3,12633,103382,14183.3,9373,99169.3,9874.63,52.0889,30.2112
9412,8789,70181.5,6518.25,5777,73945,38478,-53.9061,30.2112
8070.4,8033,65841.1,3198.75,3029,69208.7,9098.03,127.798,30.2122
15503.8,13305,76366.6,11106,9337,77952.5,11345.6,40.8536,30.2144
11962.6,11585,67672.1,4287.75,4193,67016.9,12444.4,-49.4877,30.2165
11051.3,10545,68682.6,6559.5,6149,69911.1,15449.6,-31.5406,30.2175
9314.5,8798,69383.4,4450.5,4154,70213.8,6507.54,20.3954,30.2196
20267.6,17469,76035.3,11778.8,9805,78728.4,30485.5,15.1943,30.2196
12603.5,11261,73349,10101.8,9065,73031.3,30072,62.5098,30.2196
7718.75,7643,66185.5,2421,2367,67031.1,12671.3,-9.07621,30.2218
9460.1,9029,68665.1,5607,5233,70219.8,21954.1,25.8349,30.2323
19342,15012,84439.1,13128,11060,77789.9,7067.99,125.294,30.2323
9852.7,9172,70399.7,6090.75,5648,70673.4,15419.8,20.0605,30.2334
9026.55,8561,69099.9,4791,4517,69511.4,12448.2,-23.6878,30.2344
6688.5,5672,77280.9,6214.5,5592,72831.5,17348.1,10.528,30.2365
8466.9,7913,70123.4,2377.5,2265,68791.1,6571.88,-4.54698,30.2365
13005.8,10686,79763.4,9875.25,8398,77064.1,17071.3,74.1784,30.2376
33272.8,16932,128784,20552.3,12800,105228,36877.2,57.0941,30.2376
8113.95,7726,68826.8,3867.75,3578,70843.2,13950.8,97.5157,30.2397
9334.65,9111,67144.7,3408.75,3283,68046.3,16053.3,85.3967,30.2482
6037.85,5844,67709.9,3432.75,3216,69953,6437.93,63.3981,30.2492
12688,12086,68800.3,3745.5,3526,69615.7,9362.79,-51.0919,30.2672
5783.05,5612,67533.5,2131.5,2060,67810.7,7782.63,1.42752,30.2672
20406.8,15345,87153.9,7347,5621,85659.7,13428.6,126.775,30.2693
18689.4,15345,79819.6,10653.8,9061,77056,8799.42,120.069,30.2703
15003.9,12884,76319.4,11034,9700,74548.9,29180,110.703,30.2714
8408.4,7999,68890.2,3660,3483,68866.4,13905.7,45.0574,30.2746
17442.8,14001,81646.2,13667.3,11445,78261,33393.2,140.645,30.2746
10292.1,9723,69371.9,3786.75,3547,69965.7,10288.9,111.413,30.2756
10021.7,9554,68744.2,3286.5,3122,68989.1,7118.66,48.7525,30.2767
8942.7,8738,67071.3,3498.75,3414,67162.9,30349,59.9194,30.2777
20138.3,17959,73488.7,11445,10135,74006.9,17935.8,-21.3141,30.2788
13794.9,12224,73958.3,7702.5,7008,72030.7,17410.5,71.5857,30.2798
15529.1,14012,72631.9,9921,8988,72339,14688,88.888,30.2809
6511.7,6264,68127.5,2977.5,2780,70191.9,6801.47,21.2444,30.283
8622.25,8052,70177.3,4085.25,3780,70828.3,6919.96,-5.42006,30.2841
8167.9,7980,67079.1,3202.5,3192,65751.6,9195.69,108.014,30.2841
12301.3,11301,71336.6,5028.75,4645,70950.3,13494.2,51.0929,30.2851
11387.3,10233,72928.9,7158,6349,73886.7,21540.7,125.61,30.2851
14183,12702,73177.2,8157.75,7370,72540.9,20100.7,72.3446,30.2862
9406.15,8901,69255.3,2817.75,2673,69085,11832.3,-21.0847,30.2883
7555.6,7194,68830.1,2616,2426,70668.7,9897.61,37.468,30.2883
5311.15,5209,66821.2,1749,1721,66602.3,15938.2,-26.399,30.2904
18263.7,17176,69686.2,5708.25,5352,69898.3,16835.3,124.067,30.2904
12553.4,11320,72676.9,8733.75,7788,73494.5,13766.9,81.1826,30.2925
13914.5,12780,71354,6185.25,5756,70423.3,14094.4,39.8903,30.2978
22408.1,17086,85949.7,20658,16746,80845.7,46545.3,58.4508,30.3031
6034.6,5635,70183.4,1834.5,1783,67428.9,14447.1,-52.1429,30.3031
15663,13974,73457.4,6555.75,6114,70271.1,27192.4,-50.0419,30.3062
15978.3,15231,68751.5,3730.5,3711,65880.4,13175.9,108.725,30.3094
14147.9,13299,69719.3,4737,4512,68804.1,11984.2,-34.8504,30.3105
9147.45,8261,72568.4,3351.75,3201,68622.4,13878.1,-46.1016,30.3136
9516,8863,70364.5,5059.5,4875,68016.3,9215.67,-85.4863,30.3147
11833.9,10998,70517,3767.25,3682,67053.4,23344.6,123.823,30.3157
12101,10997,72115.5,3568.5,3365,69499.3,19426.2,173.85,30.3189
10864.1,10194,69844,7433.25,6850,71116.1,9800.8,-24.4483,30.3242
16588,14399,75499.1,10134.8,8924,74427.5,21314.3,-36.921,30.3274
12782.3,11537,72609.6,4858.5,4533,70241.9,11883.6,64.9134,30.3369
23996.7,18292,85974.6,9831,7168,89883.4,8707.93,75.3527,30.3379
11378.3,10529,70822,4506,4341,68027,6840.16,-118.077,30.3411
16506.1,14516,74520.8,12538.5,11488,71528.8,17944.4,188.526,30.3432
8921.25,8491,68856.8,2796.75,2703,67809,7765.29,65.0682,30.3453
20752.5,18871,72070.3,4872.75,4403,72527.9,13137.6,-15.9737,30.3453
16615.3,9577,113700,7028.25,4185,110061,13303.9,111.3,30.3474
10633.3,9777,71276.2,5498.25,5217,69069.1,13884.3,68.2782,30.3516
6477.25,6241,68016.8,2139.75,2149,65253.9,16794.6,82.7888,30.3516
9499.1,8884,70073.5,4956.75,4772,68073.3,7223.13,1.44854,30.3527
13760.5,12599,71577.8,6852,6243,71929,21480.3,-110.887,30.3569
9730.5,8892,71715.9,3755.25,3580,68744.2,6722.72,-23.4727,30.359
41550.6,27585,98715.3,38199,25637,97648.3,48350.1,260.483,30.3706
9234.55,8524,70999,1782,1676,69680.9,9854.34,16.8297,30.3706
8704.15,7988,71411.5,3842.25,3636,69253.5,10448.4,-73.4927,30.3706
12589.8,11685,70610.9,4551,4289,69539.4,19085.6,76.6827,30.3728
13375,12204,71824.6,5605.5,5228,70268.2,16986.4,66.4416,30.3728
8986.9,7850,75027.5,5979.75,5530,70866,21076.1,58.5479,30.3738
11274.9,10280,71878.6,5260.5,4936,69844.4,10277.7,-23.6063,30.3759
14445.6,13489,70183.6,5387.25,5173,68250.3,10638.6,28.8402,30.3759
5252.65,5064,67977.4,2472.75,2440,66415.6,8542.01,-20.961,30.377
16307.8,13725,77868.9,13445.3,11261,78247.8,15972.9,69.9197,30.378
12000.3,11262,69832.3,6274.5,5946,69156.7,12521.2,214.529,30.3801
11703.3,11005,69694.2,6579,6233,69174,6560.91,81.4534,30.3918
17394.6,15198,75008.3,11607,10793,70478.7,9909.35,165.608,30.3928
11564.1,9852,76925.3,8856.75,7848,73959.7,19222.2,-5.0224,30.3928
14129,12023,77015.8,8478.75,7575,73354.9,28006.7,104.727,30.3928
15618.8,13893,73677.2,11109,9941,73236,21718.9,-5.11623,30.3949
7343.7,7200,66844,3011.25,2964,66580.7,18365.4,16.5098,30.3949
8769.15,8705,66019,3036.75,3013,66052.6,12262.3,-104.521,30.4013
9471.8,8596,72213.1,6705,5952,73827.1,23295.2,-37.8555,30.4023
14207.7,12625,73751.8,10215.8,9233,72511.6,10126.4,9.93943,30.4055
11988.6,10940,71817.6,6344.25,5916,70280.1,15411.9,-47.0192,30.4065
18596.5,13444,90653.1,6666,4592,95135.7,18531.6,108.524,30.4076
17811.3,16156,72250.6,8142,7580,70395,6820.73,-29.4963,30.4087
10765.9,10068,70079.2,5481.75,5156,69676.5,13234.9,129.363,30.4087
16992.9,15799,70488.6,11613.8,10707,71086.1,9325.65,-55.3905,30.4097
10641.1,9932,70215.3,4398.75,4124,69902.1,6840.22,15.2229,30.4182
16658.2,15669,69673.4,6393.75,6097,68725.7,7917.09,88.2825,30.4182
25043.2,20667,79413.1,14543.3,11947,79777.9,35889.1,-9.94877,30.4213
6020.95,5725,68923.8,3309.75,3097,70038,11642.4,-100.198,30.4224
9711,8960,71029,6063.75,5488,72411.4,6800.69,12.6444,30.4224
9394.45,7528,81784.6,11389.5,9896,75426.7,8178.47,-23.5274,30.4234
10424,8788,77736.8,9484.5,8288,74997.1,17012.6,-129.639,30.4234
7135.7,6645,70375.5,3558,3361,69377.3,11208.2,87.2988,30.4256
12829.7,11620,72358.6,10478.3,9248,74254.2,18466.4,125.726,30.4256
13664.3,12513,71565.9,7569.75,7285,68097.6,10579.8,-57.1576,30.4256
8637.85,8214,68917.7,2855.25,2694,69458.7,11846.2,81.2548,30.4372
10150.4,9656,68891.5,4454.25,4264,68460.1,10156.3,-33.9217,30.4414
10377.3,10200,66674.9,3537,3368,68824.5,29466.8,97.7926,30.4414
15131.3,13896,71362.1,10110,9116,72682,16560.9,78.4976,30.4435
17648.1,13585,85137.2,13106.3,10321,83221.7,28591.7,149.425,30.4467
10622.3,9950,69964.1,6025.5,5466,72244.3,23961.6,144.439,30.4477
8312.85,7903,68934.7,2988,2799,69961.3,13736.5,121.604,30.4498
11319.1,10897,68074.6,4693.5,4533,67856.4,7742.94,134.729,30.4509
9271.6,8900,68272.3,3188.25,3044,68641.6,16555.5,26.8978,30.453
17089.8,15077,74285.1,7881,6965,74154.9,16218.3,32.0705,30.4541
9274.2,8910,68214.8,3154.5,3034,68138.9,21482.4,104.973,30.4572
12528.1,11521,71264.8,7877.25,7169,72010.5,8530.97,-94.9206,30.4572
9809.15,8833,72778.5,6840.75,6145,72956.1,33214.5,70.9917,30.4593
8977.8,8200,71752.3,4295.25,4044,69607.7,13805.4,42.4812,30.4604
11755.3,11292,68224.6,4839,4716,67245.3,8221.46,161.371,30.4625
11141.6,10464,69780.1,4199.25,4020,68458.2,9990.41,21.9845,30.4625
9088.3,7937,75042.3,5192.25,4689,72569.7,25367.7,30.0066,30.4636
18541.3,17189,70691.7,3399.75,3185,69954.8,21210,35.3229,30.4646
13250.9,11697,74242.2,8021.25,7205,72960.5,18505.4,-105.615,30.4646
16341,13664,78375.6,12851.3,11124,75711.9,24219.2,114.33,30.4646
10037.3,9016,72959.7,6815.25,6120,72981.1,12796,-74.4409,30.4678
12616.5,12024,68765.4,4161.75,4024,67779.4,12671.7,83.8038,30.4678
16157.7,14075,75233.5,10254.8,8863,75827.1,13263.7,-17.6985,30.4688
14824.5,13996,69415.7,4983.75,4796,68101.6,11802.6,46.8564,30.471
46019.3,28824,104632,51773.3,35388,95880.3,9936.48,387.487,30.4731
14879.1,13524,72102.9,5078.25,4752,70035.4,12784.2,-67.5604,30.4762
12427.3,10476,77743.3,8289.75,7432,73099.7,15585.9,51.8743,30.4762
13666.9,12405,72202.7,4659,4353,70142.9,15462.6,19.1989,30.4805
8482.5,7640,72763,4720.5,4556,67902.3,11590.3,-104.496,30.4826
6167.85,5525,73161.3,2109,1969,70195.8,7220.61,-102.611,30.4868
12298.6,10877,74101.7,6008.25,5597,70351.4,7715.99,35.83,30.49
5900.7,5252,73630.7,2340.75,2224,68976.3,10272.5,172.474,30.4921
13562.9,12353,71954.8,5399.25,5089,69531.4,28353.7,-17.4056,30.4942
11564.8,11100,68280.3,4444.5,4408,66078.7,13346.3,-9.10157,30.4942
6173.05,6073,66615.7,2676.75,2585,67862.1,11267.9,117.397,30.4984
11560.3,10988,68949.1,4925.25,4636,69624.9,6621.11,-108.609,30.4995
8482.5,7932,70084.4,7070.25,6412,72263.9,12392,-50.3457,30.5037
12261.6,11368,70687.6,6852,6072,73954.7,18668.5,-83.2616,30.5069
6069.05,6143,64747.1,3002.25,2975,66136.3,18925.1,50.0288,30.5069
12741.9,12212,68380,4580.25,4288,70002.6,22521.5,29.2536,30.5079
6560.45,6422,66948.9,2660.25,2550,68369.5,21742.7,60.2429,30.5143
14073.8,12944,71256.2,9685.5,8832,71869.2,7240.87,-75.9521,30.5185
13792.3,13579,66565.7,5513.25,5327,67827.4,15414.6,10.6007,30.5206
21383,16393,85485.2,13171.5,10169,84886.2,21224.7,102.402,30.5216
12257,11668,68844.5,5918.25,5572,69608.5,6334.59,43.6219,30.528
13011,11828,72091,8567.25,7600,73876.8,26992.1,-4.4544,30.5312
15127.4,14541,68179.1,4521,4297,68952.4,7241.13,46.1679,30.5449
8073.65,7821,67653.1,5271.75,4845,71308.4,14451.9,87.1769,30.5512
9096.1,8608,69252.1,4160.25,3828,71224.2,28250.7,-68.1417,30.5512
12268.1,11457,70175.6,5579.25,5041,72533.6,22382.4,-73.0812,30.5512
30750.8,23337,86355.9,37305,28333,86288.8,29350.2,271.517,30.5554
15175.5,14749,67431.3,7011,6605,69564.4,7713.62,-25.2299,30.5565
5779.8,5688,66593.7,2350.5,2232,69015.4,15455.1,46.7192,30.5565
11266.4,10919,67621.4,4800,4471,70358.5,15947.5,175.701,30.5576
11542.7,10868,69604.6,4488,4176,70432.4,25584,79.8785,30.5576
7941.7,7789,66820.8,3617.25,3549,66796.3,15308.5,-136.455,30.5597
12373.4,11108,73001.7,6695.25,6112,71789.9,9035.04,-51.0796,30.5649
12108.8,11454,69282.8,5811,5450,69877,10926.4,-58.8906,30.5649
8825.7,8044,71904.6,2465.25,2364,68342.9,10191.7,0.47698,30.5692
9549.15,9013,69434.5,2765.25,2709,66896.8,17723.9,-34.2061,30.5692
14653.6,13754,69822.5,7234.5,6862,69093.6,10140,107.119,30.5692
13973,12943,70751.6,5865.75,5663,67882.4,28293.6,-43.2033,30.5692
6526.65,6192,69077.9,2655,2624,66310.2,18048.8,34.5817,30.5713
7526.35,6785,72696.7,4251.75,3957,70417.7,18867.7,72.3909,30.5723
8704.15,8228,69328.5,1986,2004,64947.4,9947.94,63.2661,30.5744
11855.3,9856,78830.4,9297,8064,75556.6,17776.8,-12.7081,30.5797
12251.8,10293,78008.1,9378.75,8321,73866.8,21851.4,-37.8012,30.5829
5478.2,5073,70770.6,2829.75,2753,67363.1,11184.2,105.36,30.584
7605.65,6835,72925.2,3264.75,3079,69489.7,13704.8,80.325,30.5882
6463.6,6084,69625,2628,2532,68020.8,9444.45,-76.8949,30.5903
18536,12649,96037.5,16622.3,12973,83971,13754.2,98.3831,30.5903
6420.05,6032,69752.1,3179.25,3028,68809.6,16372.5,-27.2753,30.5924
13713.7,13367,67235.8,2626.5,2611,65925.1,8599.25,74.4968,30.5966
10059.4,9668,68189.2,6217.5,6036,67506.6,11221.2,57.1983,30.5987
11198.2,10284,71361.8,5766.75,5196,72734.7,10180.1,102.817,30.6019
10786.1,10725,65909.4,3543,3445,67400.3,13573.9,-40.0701,30.604
12201.8,11745,68084.9,8077.5,7637,69316.1,7195.35,-7.15041,30.6061
13289.3,11856,73458.5,11345.3,10304,72158.6,17069.6,76.7585,30.6061
8841.3,8325,69600.4,5502.75,5125,70366.5,10783.3,38.2948,30.6072
6305.65,5581,74045.3,6094.5,5497,72659.5,19026.7,62.9249,30.6082
10580.7,9944,69732.2,4647,4348,70042.7,9732.4,66.7142,30.6093
18386.5,16760,71896.2,15222.8,13720,72714.2,17906.4,87.0471,30.6125
12991.5,12393,68701.2,5220,4921,69518,23677.5,-80.8698,30.6146
9538.75,9136,68425.1,5761.5,5456,69205.6,9775.32,73.5926,30.6146
11068.8,10080,71965.1,4787.25,4356,72024.1,19932.1,69.7709,30.6146
8552.05,8410,66642.9,4836,4541,69793.5,7878.56,-87.1561,30.6177
18781.1,17467,70466.5,5419.5,5051,70317.2,8911.34,-33.8749,30.6177
15734.5,13392,76999.7,8399.25,7092,77616.1,7469.59,49.5993,30.6199
5773.95,6060,62442.5,2609.25,2536,67428.9,8545.44,63.3188,30.6209
6477.25,6665,63689.9,3813,3741,66797.3,17413.3,-51.3944,30.6241
9033.05,9064,65312.2,4854,4552,69883.9,10623.4,-49.4192,30.6251
19055.4,16664,74940.9,9497.25,8716,71410.3,25430.7,-23.3157,30.6357
25128.3,21720,75820.1,14626.5,12828,74724.2,28248.7,63.4384,30.6357
13100.8,12261,70024.5,5738.25,5377,69939,11565.1,43.4254,30.6399
10716.5,10384,67634.8,3954,3748,69138,13236.7,-43.4975,30.641
7978.75,7883,66332,4605,4475,67439.8,11114.3,-27.9377,30.641
14667.9,14179,67795.7,4963.5,4787,67952.4,24016,175.397,30.641
6061.25,6017,66018,2772.75,2657,68391,17385.5,-23.8734,30.642
18497.7,16660,72765,9393.75,8768,70213.1,18709.9,93.8969,30.6441
9120.15,8444,70783.8,4184.25,3896,70384.8,8316.95,6.56744,30.6463
35286.5,28592,80880.6,20385,16644,80266.2,26987.4,-1.87423,30.6473
15842.4,13168,78846.5,14403,12804,73720.3,16893.3,58.7051,30.6484
6158.1,5869,68764.2,2474.25,2329,69623.2,6999.52,83.1569,30.6505
5307.9,5172,67258,1854.75,1764,68907.5,12420.8,-9.06679,30.6568
14864.2,13064,74566.8,11902.5,10988,70990.4,15807,98.306,30.6642
16475.5,14981,72074.1,9023.25,8225,71896.4,17404.2,-5.81408,30.6653
15150.8,13954,71157.1,5697.75,5110,73073.9,35706.2,176.678,30.6695
8760.05,7873,72919.9,6386.25,5761,72648.7,15230.6,-4.01239,30.6705
6653.4,6268,69565.6,3264,3064,69813.8,9962.2,-26.1744,30.6727
15266.5,13116,76281.5,10736.3,9688,72627.1,32858.4,-20.1549,30.6843
23636.6,19228,80562.1,17037.8,14440,77325.9,15982.6,7.99935,30.6864
9527.05,9246,67528.1,4089.75,4026,66573.7,15342.9,230.763,30.6874
26300.9,20757,83039.9,17360.3,13861,82080.8,13817,190.401,30.6874
16097.9,14671,71910,11287.5,9903,74698.3,26746.2,57.4748,30.6874
8676.85,8601,66113.9,3018,2989,66171.9,10119.3,-3.8203,30.6895
9165.65,9116,65892.9,4144.5,4104,66182.7,8299.54,26.3481,30.6895
21661.3,18109,78391.5,16294.5,14061,75946,13047.5,92.3897,30.6917
13080.6,12889,66510.2,5920.5,5773,67210.4,19768.2,66.3371,30.6969
8481.85,8144,68254.7,2564.25,2400,70021.1,9758.78,-122.487,30.699
6073.6,6028,66031.8,2722.5,2652,67278.2,24152.5,59.2923,30.7001
12561.3,11845,69498.9,4255.5,3985,69984.6,14939.9,100.059,30.7012
12019.8,11865,66391,5964,5837,66961.9,10662.9,60.6593,30.7054
10652.2,10184,68549,4053,3768,70492.9,10572.2,-55.4373,30.7096
15432.3,13917,72671.6,12810.8,11497,73024.7,11471.3,35.6889,30.717
11077.9,10216,71065.4,6982.5,6460,70836.7,11624.4,-46.0169,30.7202
17993.3,15717,75027.6,12786.8,11909,70366.3,25081.9,93.6574,30.7223
10754.9,10156,69400.7,3427.5,3208,70020.2,8391.07,-54.4953,30.7254
17667.6,14580,79414.8,11835,9984,77686.2,36993.3,-29.7703,30.7254
9925.5,9012,72179,5333.25,4580,76314.4,17646.4,-121.063,30.7286
9263.8,8741,69455.7,4382.25,4085,70304.8,14403.5,110.399,30.7297
15226.9,14289,69837.6,7872,7345,70238.2,12029.8,-51.1921,30.7297
16617.3,14713,74018.1,15810,14265,72634,42899.8,-6.77224,30.7371
16846,13911,79363.3,8759.25,7959,72125.4,20373.1,123.934,30.7371
12807.6,11949,70245.1,4675.5,4361,70262.2,9353.62,58.1285,30.7371
9499.75,8900,69952.3,4494.75,4208,70001.9,8720.11,-51.9277,30.7381
25098.4,19152,85884.1,20832.8,17488,78070.4,31951.3,100.279,30.7381
9592.7,9321,67446.3,2996.25,2861,68634.1,11002.7,69.2465,30.7402
8992.1,8560,68844.2,3484.5,3248,70307.9,15383.6,-84.8581,30.7423
13207.3,12240,70715.4,6761.25,6160,71932.7,19244.2,-26.5232,30.7445
6100.25,6121,65313.8,3418.5,3325,67378.9,12078.5,82.9661,30.7445
11226.8,10513,69985.7,8370.75,7749,70794.4,12441.6,-34.0076,30.7455
5749.9,5796,65014.7,2502,2452,66872.4,7848.12,257.705,30.7487
5117.45,5253,63844.9,1831.5,1809,66351.1,7903.52,-71.677,30.7518
8117.2,7885,67465.9,3390.75,3229,68818.9,11892.3,-48.6069,30.7529
33415.2,25285,86608.6,29169,22529,84851.5,25648,42.0361,30.755
23353.8,17012,89967,19078.5,15796,79154.8,17587.1,130.059,30.755
6007.95,5715,68895.4,2714.25,2563,69403.5,11651.8,64.9221,30.7561
15585,14945,68342.7,5973.75,5621,69648.8,25742.5,-100.727,30.7571
6487.65,6318,67295.8,3322.5,3146,69212.8,7608.01,-26.9459,30.7571
12603.5,12344,66913.7,5318.25,5224,66718.4,7305.67,81.4254,30.7592
11590.8,10853,69991.2,4814.25,4453,70852.6,6517.33,55.6551,30.7624
5207.15,5089,67057.5,2782.5,2613,69787.2,15050,-32.3856,30.7666
11558.9,10782,70258.5,3918,3661,70136.6,12759.8,106.16,30.7687
11670.8,11288,67758.2,2981.25,2904,67279.3,12965.9,-25.4273,30.7719
11619.4,11160,68233.8,4680,4472,68584.2,11761.6,79.538,30.7751
15027.3,12489,78856,10475.3,8989,76371.8,28910.4,-19.1465,30.7761
7173.4,6933,67808.4,3084.75,2917,69304.8,12250.7,24.4796,30.7761
9912.5,9189,70696,4491,4161,70733.5,8479.38,1.40133,30.7772
7401.55,6866,70647.8,3494.25,3142,72883.3,27335.3,-81.0073,30.7793
18467.8,14749,82060.2,9365.25,8013,76595.7,13087.7,42.5081,30.7846
30550.6,22581,88666,30292.5,22885,86748.9,14934.8,276.359,30.7856
10174.4,9368,71177.7,4818.75,4508,70053.6,7878.67,-8.03609,30.7888
12052.9,11740,67283,3727.5,3708,65880.6,7108.02,5.75287,30.792
11308.7,9546,77637.4,8491.5,7598,73242.8,19867.1,165.233,30.8025
10397.4,9838,69262.5,3565.5,3486,67030.6,18013.7,33.723,30.8036
15331.5,13812,72746,8459.25,7588,73060.8,16174.9,-84.8879,30.8068
10341.5,9982,67896.3,3845.25,3838,65659.8,7916.04,65.0625,30.8089
18153.8,16448,72332.8,11201.3,10356,70885,9410.61,76.1863,30.811
12390.9,10845,74878.1,7257.75,6317,75295.9,32043.2,167.356,30.811
9042.8,8328,71161,3827.25,3640,68907.3,23729.4,16.3082,30.812
14204.4,13090,71115.6,5732.25,5298,70907.7,22168.5,35.2869,30.8152
16519.1,14816,73069.4,14348.3,13188,71301.7,11883.6,82.1134,30.8163
14328.6,13600,69047,4810.5,4708,66962.8,8923.62,-63.9754,30.8173
9695.4,8933,71129.3,5149.5,4769,70764.9,9999.29,77.0242,30.8184
26089.7,20337,84074.1,11914.5,9361,83413,11064.3,68.3842,30.8184
18152.5,13290,89514.3,19809,16410,79110.5,21745.2,56.8028,30.8194
11840.4,10290,75410.3,8625.75,7474,75635.2,18405.5,74.9883,30.8194
6117.15,5717,70123.1,2272.5,2133,69822.1,9871.87,102.829,30.8205
12842,12218,68883.3,5558.25,5438,66985.2,10445.7,120.007,30.8215
6698.9,6396,68639.6,2815.5,2620,70426.2,13549.9,138.811,30.8247
9415.9,9020,68412.5,5525.25,5016,72189.6,20065.4,10.4259,30.8258
10239.4,9617,69777.7,6172.5,5637,71761.7,19438.8,-39.4305,30.83
11550.5,11105,68165.1,5277,5045,68549.8,8631.64,72.7756,30.8363
11565.4,11128,68112.3,4460.25,4364,66981.4,10334,83.8916,30.8374
17319.9,15442,73505.8,10317,9442,71609.3,24360.8,53.2645,30.8374
12117.3,11737,67659.5,4764.75,4697,66481.3,13127.4,-37.4733,30.8384
15353.6,14157,71075.6,7901.25,7225,71670.1,16067.5,-39.3038,30.8406
7068.75,7101,65238.4,1947,1945,65603.4,10077.4,-40.7987,30.8427
15694.2,15480,66443,9471.75,9116,68093.5,16782.8,-18.6907,30.8437
7499.7,6793,72353.9,6031.5,5625,70272.1,11333.6,84.7141,30.8458
14430,13700,69028.1,5872.5,5552,69319.2,7357.79,-57.0365,30.8501
12136.8,11085,71754.4,6921,6109,74247,25580.2,-62.0213,30.8522
8861.45,7792,74530.8,7529.25,6692,73735.3,6409.3,91.7791,30.8553
10849.1,10468,67922.2,4329,4132,68660.5,18338.4,-10.1492,30.8564
9789.65,9400,68252.6,5655,5388,68783.6,17869.2,119.728,30.8585
16302,14409,74145.9,9961.5,9049,72144.6,20529.4,-85.0515,30.8596
22146.8,18389,78928.3,9120,7825,76381.9,26456.4,-37.1143,30.8617
9972.95,9586,68181.4,4049.25,3814,69578.3,19683.1,123.96,30.8648
8710,7845,72762.1,5208,4657,73290,9216.27,95.1136,30.8669
15588.3,13005,78554,15138.8,13421,73923.9,20362.3,207.355,30.8733
18775.9,17264,71275.3,7561.5,6928,71528.6,8998.03,-128.478,30.8743
12712,11706,71168.4,6928.5,6394,71014.4,9065.29,-18.4007,30.8743
11670.1,10824,70658.9,5860.5,5388,71283.2,11220,133.738,30.8743
11352.9,10378,71692.4,5840.25,5210,73463.9,12543,-44.3314,30.8765
11514.1,10716,70417,5103,4748,70436,14180.7,-40.9529,30.8775
10698.3,10053,69743.1,6387,5733,73012.1,10555.1,112.263,30.8828
7022.6,6831,67374.2,3172.5,3119,66660.1,9244.3,-24.4274,30.8828
9402.25,8438,73025.1,6034.5,5538,71411.5,15854.7,111.204,30.8849
14998.7,13837,71038.4,9072.75,8137,73072.6,28183.7,42.8008,30.8849
10274.5,9577,70309.4,7514.25,6889,71484.1,8497.86,31.5006,30.8955
6056.05,6176,64263.2,2225.25,2176,67019.3,11544.8,62.3461,30.8997
10297.9,10093,66866.8,4776,4537,68988.3,26856.4,-31.9693,30.8997
8091.2,8021,66109.6,4152,4005,67941.4,8333.85,-7.1932,30.9007
16361.8,15158,70740.7,9143.25,8374,71556.3,11611.2,93.3036,30.9029
9230,8652,69914.2,3448.5,3308,68319.5,15720.3,-84.0108,30.9039
6129.5,5841,68773,3063.75,2981,67355.2,17898,-35.9326,30.9039
7660.25,7138,70330.9,4096.5,3910,68662,11624.8,20.2031,30.905
10856.3,9488,74987.2,8250,7364,73421,30298.5,116.681,30.9092
5777.2,5409,69997.1,2662.5,2565,68027.1,6364.78,-56.9992,30.9124
7957.3,7425,70234.3,3996,3733,70153.2,21138.7,-7.79442,30.9145
9045.4,8420,70403.7,4164.75,3936,69344.8,6905.19,90.0405,30.9176
11341.2,10526,70611.5,4508.25,4238,69715.1,12250.7,185.3,30.9219
12728.9,11600,71914.2,4443.75,4144,70276.4,7759.38,162.248,30.9229
10053.5,9048,72819.4,5617.5,5064,72699.1,12071.1,118.226,30.925
10738.6,9941,70794.5,4188.75,3877,70805.8,27161.2,35.9592,30.9324
13052.6,12313,69472.8,6854.25,6297,71335.6,18057,18.2414,30.9345
14347.4,13645,68909.8,10201.5,9561,69926.3,11421.4,3.87077,30.9345
11766.9,11257,68504.8,3644.25,3565,66992.9,28872.2,-2.80506,30.9388
12944.8,12005,70666.2,4673.25,4453,68777.5,22045.6,-55.0085,30.9388
8931.65,8148,71839.1,4259.25,3952,70631.1,12648.2,15.8647,30.9419
6189.3,5857,69254.2,2589.75,2481,68408.7,10124.8,-87.2405,30.943
15687.1,14401,71388.8,5842.5,5457,70165.7,8286.54,109.769,30.943
11003.2,8767,82252.3,8139.75,7419,71902.8,23703.7,-70.5508,30.9461
14661.4,12897,74501.8,6812.25,6625,67388.3,18462.3,13.9262,30.9525
6393.4,5478,76487.4,2066.25,2038,66444.4,19229.1,55.1773,30.9567
18760.3,14832,82893.4,13178.3,11636,74222.2,24770,252.769,30.9609
12741.9,11480,72740.1,8471.25,8140,68202.9,15135,-62.4888,30.963
7198.75,6424,73439.8,2651.25,2524,68840.1,14356.7,-55.5795,30.9641
13291.2,12477,69812.6,4854.75,4809,66159.5,9247.67,-2.06754,30.9652
7130.5,6777,68954.5,2838,2761,67363.7,9297.66,9.97058,30.9683
7916.35,7140,72661.9,5500.5,5012,71923.5,10366.1,-84.6696,30.9694
28691.6,25121,74851.2,21921.8,19617,73235.7,25043,101.399,30.9725
11705.8,11012,69665.3,6793.5,6500,68495.2,18396.8,-35.9514,30.9736
9978.8,9381,69712.3,5279.25,4789,72244.9,20883.7,-43.7848,30.9768
9589.45,9371,67063.7,4254.75,4059,68696.6,10775.7,-22.765,30.9863
12414.3,10653,76371.6,10743.8,9817,71722.8,26071.2,280.24,30.9873
12157.6,11942,66719.2,5858.25,5714,67190.5,14340.1,88.0411,30.9873
6141.85,6285,64043.3,1948.5,1945,65653.9,10809.3,113.114,30.9894
29281.2,22960,83578.9,19154.3,16116,77891.1,26941.2,-5.31249,30.9905
9511.45,8893,70093.6,6722.25,6269,70274.3,8109.64,28.0752,30.9905
9441.25,9537,64878,4791.75,4661,67374.4,11373.4,129.433,31
8816.6,8492,68041.1,4393.5,4040,71270.4,20044.7,-65.2533,31
20887.1,17243,79386.3,15996.8,13391,78288.6,15800,127.546,31.0011
11824.1,10745,72118,8838,7801,74247.8,21232.7,24.142,31.0042
7917.65,7877,65874.2,3720.75,3537,68940.6,8062.21,-50.183,31.0137
5786.3,5702,66504.9,2928.75,2694,71246.7,29728.4,134.763,31.0148
16185.6,14876,71305.6,10137.8,9148,72626.5,14387.7,57.0793,31.0148
14728.3,13857,69657,6801.75,6193,71978,15145.4,10.6108,31.0169
11558.3,10540,71867.6,9137.25,8428,71051.1,8869.65,-55.3733,31.019
8186.75,8017,66923.6,3669.75,3473,69248.7,14872.8,-128.699,31.0201
18265.6,15528,77090.3,16200,14008,75791.2,22426,166.857,31.0222
15269.8,13952,71726,7833,7328,70052.3,19477.6,-45.452,31.0243
6398.6,6144,68251.7,3702.75,3492,69491.3,10998.8,44.3067,31.0243
13017.5,12103,70488.2,4581,4279,70161.4,16254.2,77.6491,31.0253
15932.8,14240,73326.7,13509,12068,73361.4,18165.9,87.8973,31.0253
5507.45,5453,66190.4,2289.75,2205,68054.9,11437.9,75.2501,31.0253
15880.8,14604,71265.7,7639.5,6924,72308.2,17340,98.2483,31.0275
7301.45,6743,70963.6,5621.25,5059,72819.6,20170,86.102,31.0275
20199.4,18265,72476.7,13302,11753,74173.4,9910.21,-5.53244,31.0285
7164.3,6417,73168.1,6104.25,5461,73255.5,11762.9,-25.3821,31.0285
9939.8,9244,70468.9,6564.75,6252,68814.4,8131.3,-69.1056,31.0285
12844,12048,69865.9,5782.5,5456,69457.8,13783,-74.478,31.0327
12492.3,11373,71986.2,8378.25,7577,72466.3,15141.3,5.45097,31.0391
10845.3,9905,71757.1,8341.5,7473,73152.5,10692.2,41.7382,31.0422
12358.4,10864,74551.1,10183.5,9024,73956.8,15306.7,27.8048,31.0475
6568.25,6370,67575.6,2707.5,2594,68403.5,10040,-32.1973,31.0496
12071.8,11196,70662.5,7311,6604,72552.1,20516.4,-144.391,31.0507
9237.15,8779,68956.1,3282,3135,68609,6939.57,-15.7408,31.0517
10760.1,9533,73971.9,6620.25,5885,73723.8,6616.21,-50.1286,31.0528
5870.15,5636,68258.7,2294.25,2148,69998.1,7838.84,171.705,31.057
13085.1,12157,70539.5,6750,6125,72223.3,8681.31,124.374,31.057
10023,9641,68132.7,4584,4413,68075.5,9782.75,29.7323,31.0581
7062.25,6908,66999.4,2673,2636,66455.9,11929.5,17.6117,31.0581
10927.8,10063,71168.1,4500.75,4203,70178.7,18688.9,75.8376,31.0634
17285.4,15776,71806.5,10332.8,9280,72970.6,20678.4,78.3429,31.0634
9850.1,9511,67872.6,3406.5,3331,67021.4,6900.04,-18.3193,31.0644
10186.8,9542,69964.6,3561.75,3362,69429.8,7607.76,56.4741,31.0718
14103,12712,72707.5,10054.5,8840,74539.8,20721.3,-66.1387,31.0729
9594.65,8942,70319.3,5850.75,5322,72047.1,16003,-3.18142,31.0729
18329.3,15430,77850.4,14392.5,12486,75542.8,25685.1,91.0547,31.0729
8544.9,7831,71510.5,6816.75,6099,73248.5,13039.8,23.5899,31.075
11566.1,10980,69034.2,6765,6112,72537.8,7336.89,111.524,31.0803
5201.95,5191,65674.2,2808.75,2631,69963.6,12436.5,89.8326,31.0824
11905.4,11489,67911.2,6158.25,5729,70446.3,13556,-59.8495,31.0834
26527.1,21194,82027.1,18609,14634,83337.4,13929.7,89.7765,31.0845
8515.65,8176,68258.5,5371.5,4884,72077.5,17862.5,47.4887,31.0845
13227.5,11376,76202.3,9054.75,8164,72686.4,10530.9,-10.7158,31.0919
16497,14052,76939,11536.5,10128,74650.1,23609.7,-32.7073,31.0971
10882.3,10401,68568.6,5385.75,5249,67243.4,21293.7,12.9598,31.1003
13852.8,13044,69599.6,6361.5,6020,69253.7,9160.44,18.5757,31.1035
13538.2,13385,66286.1,3707.25,3709,65505.1,11014.3,-42.5539,31.1056
13230.8,12797,67757.3,5559.75,5273,69099.9,10586.9,-25.3379,31.1077
14961.7,13790,71104.4,10478.3,9226,74431.2,21088,104.127,31.113
11645.4,10448,73046.8,7374,6692,72215,15224.7,199.808,31.114
13898.3,12736,71516.9,6917.25,6356,71323,17710.3,-15.2856,31.1151
11956.1,11338,69108.8,2085.75,1966,69527.8,11499.5,127.708,31.1151
17135.3,16273,69008.7,7389.75,7089,68316.4,7740.55,-113.811,31.1257
19065.8,17613,70941.7,12502.5,11225,72994.6,15955.9,39.8204,31.1288
13206,12561,68901.5,4398,4081,70626.6,6911.81,73.7002,31.1394
11541.4,10743,70406.5,4545,4435,67161.5,11092.5,-70.9369,31.151
9525.1,7913,78887.5,5859,5245,73207.9,13310.8,-24.5802,31.1531
11363.3,10342,72007.9,5337,5222,66979.3,7682.62,58.1913,31.1542
11258.6,9948,74170.4,2476.5,2348,69122.6,14835.7,72.5424,31.1552
11467.9,10434,72030.2,4834.5,4626,68489.8,10889.1,-42.5492,31.1626
7776.6,7071,72075.7,1621.5,1567,67815.3,7031.8,47.0357,31.1637
14077.7,13181,69994.4,7302.75,7001,68360.7,16841.8,28.6071,31.17
7660.9,7612,65957,2566.5,2588,64991.6,8338.46,71.9266,31.1711
8264.1,8180,66209.8,3434.25,3392,66352.3,8409.8,142.444,31.1732
13871,12297,73924.5,7795.5,6573,77724.9,25929.6,99.6455,31.1742
11188.4,10493,69879.6,4269,4141,67561.7,8965.79,32.3431,31.1763
7705.1,7397,68265.7,3062.25,3025,66343,10633.4,126.88,31.1785
5164.25,5120,66102.4,2167.5,2116,67131,7437.92,-1.99953,31.1827
18484,16492,73452,10329,9336,72506.6,8600.93,108.037,31.1848
12023,11664,67553.4,5088.75,4980,66967.1,9851.63,-76.0502,31.1859
11347.7,11144,66733.9,3378,3336,66361.1,7735.61,25.5093,31.188
10469.5,9861,69580.4,6597.75,6129,70548.2,14408.9,-52.1415,31.189
16860.3,15348,71993.7,12258.8,11488,69932.9,9571.84,183.68,31.1911
10882.3,10525,67760.8,4492.5,4281,68773.8,16086.8,160.215,31.1911
14990.9,13992,70214.9,4229.25,3884,71361.5,14688.4,66.528,31.1996
5677.1,5829,63828.2,2437.5,2390,66838.5,22622.9,-25.7902,31.207
16630.9,16168,67412.3,5028.75,4668,70600.7,9067.15,66.7392,31.207
10076.9,8701,75899.7,10676.3,9133,76610,33133.4,-8.1252,31.208
11979.5,11928,65819,4533,4332,68576.8,12502.6,-72.7099,31.2122
11692.2,9686,79110.1,9795.75,8470,75793.9,51777.8,-27.7459,31.2122
16708.3,15652,69958.6,10604.3,9936,69943.7,14297.2,72.5627,31.2154
4984.2,5273,61946.6,2259,2137,69277.4,7667.22,-17.4881,31.2154
14454.7,13775,68769.7,5766.75,5291,71428.8,21150,26.7252,31.2196
7795.45,7556,67612.8,6181.5,5616,72135.1,18317.8,20.8116,31.2218
14342.2,14072,66794.6,9378,8556,71832.2,35636.2,-8.21926,31.2302
7117.5,7249,64347.1,3839.25,3605,69794.5,11353.9,-22.7867,31.2323
8919.95,8964,65213.9,5327.25,5156,67712.7,11806.1,-4.44369,31.2323
6193.2,6345,63968.1,3142.5,3049,67545.7,11632.4,90.7228,31.2344
9887.15,9692,66855.6,4149,3884,70007.4,9752.26,62.4135,31.2355
9382.75,9048,67960.6,3706.5,3416,71109.2,7883.73,47.8637,31.2376
8476,8397,66152.6,3592.5,3485,67557.6,11584,-74.3953,31.2397
13961.3,12669,72221.3,10048.5,9065,72646.3,17822,75.0102,31.2439
13159.9,11434,75428.3,8691.75,8154,69858,7554.64,28.0961,31.2482
17635.1,15140,76336.7,8442,7776,71149,17272.9,-4.94914,31.2513
12055.5,10173,77663.7,5113.5,4717,71044.8,6669.71,27.2693,31.2534
31818.8,25448,81942.7,20454,17928,74769.8,52886.7,84.0124,31.2545
16881.8,14266,77552.6,10011,9198,71328.6,8524.16,298.96,31.2545
12188.8,10328,77343.6,5835,5336,71664.6,15122,47.5917,31.2608
14123.8,12648,73183.2,4337.25,4140,68658.5,12120.4,58.0245,31.2693
9151.35,8212,73032.5,5107.5,4804,69676.3,6644.3,8.3503,31.2703
10203,9593,69703.7,4627.5,4361,69540.9,8890.9,111.466,31.2724
12136.8,11242,70752.3,5212.5,4890,69858.2,8245.17,75.3701,31.2724
10203,9225,72484.2,7188.75,6717,70138.7,11615.3,-0.43652,31.2735
15376.4,14525,69377.5,8066.25,7689,68751.4,9658.35,126.917,31.2735
11356.1,10821,68777.1,3987.75,3813,68539.5,22633.1,-40.4106,31.2746
18067.4,16717,70830,11667,10521,72674.5,31579.1,40.9532,31.2798
7966.4,7479,69806.9,3563.25,3347,69770.3,16650,35.4943,31.2819
11628.5,11163,68268.9,5109,5019,66711.2,31379.6,129.541,31.2978
17982.3,16513,71367.1,7857.75,7221,71315,8602.99,47.8367,31.3041
13583,12834,69361,3765,3478,70943.9,11359.7,-127.707,31.3062
12370.1,11632,69694.8,5755.5,5264,71655.1,16154,-14.3671,31.3073
7969.65,7869,66374.3,3707.25,3497,69476.2,11783.7,-5.60285,31.3083
11733.8,11224,68512.7,4500.75,4220,69896,6452.56,-3.6825,31.3094
9431.5,9200,67185.1,4326.75,4260,66562.9,17087.3,168.778,31.3105
10449.4,9157,74785.6,9252.75,8145,74449.1,12132.4,-31.416,31.3126
13694.8,12837,69915.5,3822,3605,69480.9,14052.2,33.0119,31.3168
6180.2,5840,69353.7,2714.25,2532,70253.2,8060.55,-30.4029,31.3178
16679,13773,79363.6,14321.3,12205,76899.4,20176.6,25.0417,31.32
11652.5,10757,70992.1,6814.5,6081,73441.1,15771,88.8473,31.321
8000.2,7667,68384.1,3818.25,3639,68764.2,8047.73,-29.5424,31.3221
15455,14008,72306,5821.5,5500,69366.9,8270.41,16.0292,31.3316
12994.1,11076,76885.6,5817,5232,72863.7,33370.9,30.5659,31.3337
17921.1,16484,71249.7,4755,4608,67626.7,6880.19,57.3614,31.3347
19146.4,14189,88433.2,16810.5,13805,79803.9,22414.1,67.0976,31.3358
15163.8,13744,72306.3,4477.5,4128,71084.6,16081.2,-22.9644,31.339
8806.2,8328,69299.1,3654,3432,69775.2,7172.31,124.43,31.3453
11240.4,9936,74139.9,5874.75,5168,74498.4,13809.7,-17.719,31.3453
12162.8,11416,69823.2,4960.5,4652,69882.1,8033.61,-13.2019,31.3453
12384.4,10692,75909.8,7806,6816,75054.9,25366.8,-3.53332,31.3464
12886.9,11365,74312,4899.75,4353,73767.5,22435.4,-7.72316,31.3569
18165.5,15100,78840.9,11125.5,9432,77302.9,9835.25,29.7304,31.3569
11865.8,10672,72866.7,7458,6708,72863.4,14517.5,101.794,31.358
17266.6,15857,71361.8,5163,4821,70185.1,21338.4,43.0581,31.359
6189.95,6207,65356,3228.75,3179,66561.6,8672.11,-51.9259,31.3643
11844.9,11532,67314.5,4764,4572,68288.2,23281.3,37.8251,31.3759
20395,16481,81100.1,11136.8,9189,79427.4,11369.6,-21.9273,31.378
8820.5,8255,70025.5,4786.5,4411,71115,15745.6,8.00826,31.378
10777.6,9848,71722.6,6001.5,5340,73654.4,35127.4,-120.86,31.3812
6920.55,6849,66220.6,2964,2821,68858.1,7973.55,59.0403,31.3823
12037.3,11861,66510.4,2070,1941,69891.6,6657.3,-30.3502,31.3844
5825.3,5952,64140.9,3024.75,2832,69996.5,11005.1,13.3464,31.3844
10009.3,8800,74542.4,7472.25,6352,77094,22256.5,59.3636,31.3844
10829.6,10533,67381.7,4690.5,4373,70294.2,8113.55,53.0151,31.3844
10686,10216,68551.1,5700,5208,71727.2,30369.4,75.3987,31.3886
7668.7,7320,68657.9,2623.5,2536,67797.2,14846,-41.8379,31.3886
6516.25,5825,73313.1,7202.25,6097,77416.2,20878.9,39.6353,31.3907
14597,12845,74475.1,7958.25,6669,78205.4,16283.1,10.5681,31.3918
9243.65,8937,67784.7,4794,4413,71194.1,6812.02,127.884,31.3928
14471.6,13352,71031.4,6342,5704,72866.3,12968,-41.7674,31.3939
8663.2,8459,67118,5562.75,5211,69959.8,13780.3,-15.9979,31.396
8021.65,7921,66368.8,2502.75,2337,70184.1,9852.09,177.65,31.397
9468.55,8844,70164.1,4070.25,3916,68117.4,9286.01,-20.989,31.4023
11100.7,10305,70596.4,4852.5,4513,70466.1,7238.17,36.708,31.4034
11601.8,10329,73612.1,4465.5,4105,71291.4,12685.6,51.9833,31.4076
9732.45,8911,71577.4,3478.5,3247,70208.5,16783.9,-4.93076,31.4118
15005.2,12064,81513.9,9678.75,8272,76681.2,30689.5,104.627,31.4171
14311,13032,71968.1,6492,6104,69701.8,8952.43,30.6236,31.4182
12390.9,11225,72343.3,4875.75,4729,67569.7,11291.7,-85.5644,31.4213
12570.3,10560,78012.4,8340.75,7348,74390.2,21313.5,106.699,31.4256
10381.8,9622,70711,4897.5,4578,70109.8,11830.5,27.0754,31.4308
10030.8,8924,73664.1,6915,6424,70545.1,10732.1,84.7367,31.4319
9910.55,9373,69294.6,6633.75,6297,69040.7,13580.4,96.6696,31.4351
20205.9,17138,77267.7,20102.3,17858,73772,15816.2,105.186,31.4361
11715.6,10361,74104.2,7339.5,6969,69020.2,14114.5,51.0696,31.4361
13727.3,12820,70174.4,4698.75,4496,68491.4,7905.73,169.983,31.4361
9422.4,8512,72545.4,5613,4992,73688.6,19365.3,40.5522,31.4382
11529,11050,68377.2,7514.25,7102,69340.2,13085.5,41.6482,31.4414
19654.7,16445,78327.2,13388.3,11017,79641.7,16534.7,15.7186,31.4425
10235.5,9437,71081.6,5302.5,4969,69934.5,15758.4,114.648,31.4435
8024.25,7801,67411.5,5983.5,5453,71911.7,14562,88.8927,31.4456
9570.6,8908,70410.7,5610.75,5192,70821.7,20463.3,94.691,31.4467
9291.1,9062,67192.8,6181.5,5858,69155.1,13820.6,31.3006,31.4467
8052.85,7129,74028.8,6159.75,5485,73598.1,18771.2,141.195,31.4467
11852.8,11461,67776.1,4677,4437,69080.9,17347.6,96.5281,31.4477
9059.7,8764,67747.2,6483,5976,71096,13660.4,117.307,31.4541
11832.6,10874,71313.3,5253,4832,71246,12250.2,-5.62038,31.4562
15266.5,12465,80265.4,12119.3,10405,76333.2,9816.19,69.2911,31.4593
10246.6,9756,68831.6,4392.75,4040,71258.2,7256.89,28.1073,31.4604
5714.15,5837,64156.7,2661.75,2617,66656.6,12034.8,-163.852,31.4604
9228.05,8959,67504.1,3981.75,3759,69419.5,13738,-11.6963,31.4636
13464.7,13264,66527.9,4219.5,4148,66665.7,8033.71,155.358,31.4646
9272.25,9061,67063.9,3113.25,2981,68443.5,13643.1,55.3873,31.4667
11637.6,11280,67613.6,4193.25,4128,66571.9,21671.3,106.686,31.4741
10756.8,10237,68864,6076.5,5597,71150.5,28692.1,186.402,31.4773
11167.6,10649,68727.9,6663,6205,70373.3,18519.2,-37.676,31.4784
7993.7,7749,67605.5,3746.25,3633,67578.9,12642.7,63.1649,31.4794
13562.2,12360,71910.6,6643.5,6188,70360.1,21727.8,130.763,31.4794
9588.15,9229,68086.4,3862.5,3673,68917.2,9143.27,-71.7236,31.4805
12206.3,11657,68624.5,5787,5533,68544.5,11921.2,18.472,31.4805
18463.3,14055,86090.9,16333.5,12947,82678,43593.8,141.982,31.4826
13855.4,13508,67221.5,4524.75,4372,67825.7,23368,59.3218,31.4836
20460,17697,75768.2,13040.3,11397,74985.2,21227.6,227.962,31.4836
9353.5,8777,69840.6,3717.75,3497,69673,13285.2,-22.8593,31.4847
11122.1,9936,73359.6,7751.25,6628,76642.4,17251.1,228.112,31.491
8710.65,8406,67911.1,6528,5830,73382.3,9133.95,12.5567,31.4963
14691.9,14094,68316.4,6183,5962,67965.3,26443.3,-6.15378,31.4984
9258.6,8548,70984,4750.5,4576,68035.1,10817.4,88.1735,31.5016
11300.3,8205,90258.8,8259,6285,86119.6,39675.1,106.009,31.5026
11216.4,10581,69471.5,3820.5,3765,66502.1,11003.4,132.026,31.5026
14543.7,12865,74087.8,8380.5,7345,74775.3,21355.7,-38.6426,31.5037
6769.75,6049,73344.7,3961.5,3717,69846.9,20693.4,33.6223,31.5048
7814.95,6821,75085.8,3123,3009,68018.9,12317.1,20.1771,31.51
13464.1,11324,77921.5,6919.5,6056,74880.5,22404.7,27.538,31.51
15952.9,14560,71805.8,4533,4436,66969,15507.2,104.337,31.51
9663.55,7514,84284.1,8562,7758,72327.8,21230.2,27.5821,31.5121
16233.7,14272,74544.2,5252.25,4848,71000.7,7088.37,-108.626,31.5164
10684.7,9005,77760.4,6237,5725,71397,10493.2,27.9857,31.5174
10682.1,9721,72015.4,2664,2605,67020.3,10132.9,120.019,31.5174
8245.9,7032,76849.2,3671.25,3420,70350.6,18060,-8.41872,31.5206
11843.6,10496,73950.6,2408.25,2244,70332.9,19948.2,12.1503,31.5216
10747.1,9053,77799.8,7491.75,7001,70129.9,17928.4,-66.8938,31.5238
18031,16532,71478.3,7202.25,6816,69249.8,9724.99,3.07452,31.5248
9317.75,7860,77690.6,6746.25,5936,74481.5,32258.7,39.2077,31.5259
23076.9,17493,86455.8,23247.8,18017,84562.6,20469.6,216.811,31.529
8781.5,8353,68897.9,3772.5,3649,67754.1,11702.8,82.9802,31.5312
16236.3,13001,81844.9,13703.3,10825,82961.3,7803.33,139.027,31.5322
11091.6,10300,70572.7,4577.25,4168,71970.9,7229.91,-34.6717,31.5343
10483.8,9445,72744.3,6067.5,5349,74339.1,26713.9,93.596,31.5354
15302.3,14624,68575.7,5280.75,5076,68179.5,9862.6,43.4893,31.5375
7949.5,7525,69233,4165.5,3989,68435.8,8520.1,-1.1802,31.5385
12182.9,11732,68055,5576.25,5396,67725.2,27266.7,74.6553,31.5396
9374.3,8885,69145.1,3263.25,3073,69593.4,6538.91,-40.6657,31.5396
19928.3,14101,92619.3,19957.5,15285,85569.8,10069,175.922,31.5407
10927.8,9965,71868,6047.25,5609,70656.5,17719.2,-14.4259,31.5438
14164.8,11461,80996.8,9516,8545,72983.1,20049.4,48.2665,31.5438
8797.1,8524,67635.7,3569.25,3544,66002.9,11947.9,-40.869,31.5491
12097.8,11705,67735.3,4857,4813,66135.1,14687,57.068,31.5533
11779.9,10833,71264.7,5334.75,5013,69742.3,16058,20.8965,31.5533
21994,16749,86059,21645,17709,80102,17710.2,30.2944,31.5533
7348.25,7185,67025,4256.25,4165,66971.8,9096.97,-11.5219,31.5544
11685,11128,68816.6,4706.25,4536,67995.8,14732.1,2.02635,31.5565
6583.2,6653,64848.4,3365.25,3133,70394.2,7655.29,-63.0677,31.5639
11722.8,10904,70456.9,6525.75,6044,70759.7,18296.1,19.0924,31.5734
6910.15,7032,64400.4,2790,2664,68635.7,7014.74,-124.964,31.5766
11523.2,10881,69403.9,8217,7329,73476.5,15856.5,0.26409,31.5808
15485.6,14641,69316.6,9693,8721,72840.3,22484.6,58.495,31.585
8139.95,8249,64669.6,4040.25,3965,66779.8,7743.34,94.309,31.5903
5911.75,5808,66706.7,2988,2800,69936.3,10111.4,72.72,31.5913
9340.5,9317,65701.3,4458,4277,68309.4,11826.9,52.0155,31.5935
5439.85,5508,64725.1,2598,2416,70472.9,12894.8,17.5754,31.5935
15223,10628,93870.4,17124.8,12160,92293.4,32855.3,187.105,31.5945
6753.5,6825,64849.4,2775.75,2649,68671.8,8513.21,0.540061,31.5945
14536.6,13960,68242.9,6183.75,5868,69062.4,8973.51,56.4228,31.5966
