"FSC-A","FSC-H","FSC-W","SSC-A","SSC-H","SSC-W","FITC-A","PE-A","Time"
11764.5,9676,79681.4,6834.96,6444,69512.1,36132.5,38.54,0.576204
15740.8,14681,70267,6138.72,6169,65214.3,15427.4,33.62,0.578315
9159.04,8617,69658.5,2885.76,2969,63698.6,9668.88,-31.16,0.57937
12366.7,11098,73028.1,7433.28,7278,66934.3,23051.5,34.44,0.580426
13251.8,12616,68839,4495.68,4748,62053.3,24356.9,27.88,0.581481
8264.96,7812,69335.9,2414.88,2452,64543.9,12623,-46.74,0.585702
5711.36,5692,65758.9,2713.68,2664,66758.2,5294.16,6.56,0.593089
11584,11480,66129.7,5466.96,5548,64578.7,13777.9,110.7,0.596255
12615,12460,66351.5,6371.28,6492,64317.3,17321.8,63.14,0.597311
7434.88,7761,62782.2,4394.88,4417,65207.8,5927.76,15.58,0.598366
24911.4,15217,107287,8727.12,4769,119929,33099.8,144.32,0.598366
10312.3,10213,66173.3,12256.6,10193,78803.7,5659.2,111.52,0.599421
10444.2,10092,67822.9,7270.56,7228,65921.9,11554.6,31.16,0.601532
12412.8,11845,68677.5,6702.48,6593,66624.3,11502.7,17.22,0.602587
16860.8,16144,68445.8,8357.76,8304,65960.3,10977.8,-3.28,0.604698
12132.5,12316,64559.4,4759.92,4872,64028.4,14075.3,50.02,0.605753
7942.4,8049,64668,3493.44,3585,63862.2,12981.6,0,0.608919
8975.36,8429,69784,8395.92,6893,79825.2,13529.5,129.56,0.608919
16024.3,14304,73417.9,9385.2,8608,71453.1,92807.3,20.5,0.609974
6323.2,6168,67185,2993.04,2984,65734.5,6875.28,-27.06,0.61103
9775.36,9965,64288.8,3077.28,3261,61843.8,8088.48,-46.74,0.61103
7134.72,6656,70249.5,6073.2,5988,66468.5,8521.92,-18.86,0.612085
12671.4,12288,67580.6,8579.52,8512,66055.9,6168.24,7.38,0.61314
7550.08,7761,63754.9,2703.6,2801,63257.1,5446.08,-12.3,0.614196
13434.9,13032,67562,6770.88,6376,69594.8,39931.9,-19.68,0.615251
7200.64,7365,64073.5,4196.16,4305,63879.1,8357.76,-2.46,0.616306
11804.8,11600,66693,6162.48,6164,65519.8,6768.72,57.4,0.620528
7500.16,7616,64539.2,3026.16,3092,64140.5,16694.6,87.74,0.621583
16816.6,15958,69062.3,10839.6,10242,69359.9,9699.12,43.46,0.622638
11590.4,11297,67238.1,6166.08,5957,67836.2,22438.8,86.92,0.624749
6990.08,6516,70304.2,5220.72,5060,67617.6,5757.84,-11.48,0.62686
6351.36,6453,64503.8,3303.36,3253,66550.6,5199.84,12.3,0.627915
10972.2,10352,69462.1,6276.96,6244,65882,33292.1,-9.84,0.627915
14848,14724,66087.9,6905.52,7124,63526.1,18314.6,111.52,0.62897
14301.4,12484,75076.8,12047.8,11060,71389,23253.8,61.5,0.630026
7961.6,7837,66577.9,2576.88,2633,64139.2,8138.16,10.66,0.631081
13713.3,13120,68499.5,7924.32,7616,68189.1,10101.6,52.48,0.631081
12826.2,13120,64068.6,3970.08,4148,62725,12361,11.48,0.634247
5261.44,5413,63701,2646.72,2721,63746.9,7847.28,4.1,0.635302
11455.4,11516,65190.9,3749.04,3688,66620.7,19270.8,10.66,0.636357
13916.8,13262,68771.8,6833.52,6634,67507,25819.9,131.2,0.636357
10215.7,9989,67023.2,3721.68,3717,65618.5,18072,9.02,0.638468
8925.44,8960,65283.2,4962.24,4800,67751.1,16403.8,47.56,0.641634
13070.1,13140,65187.3,4824.72,4832,65437.3,16013.5,16.4,0.642689
7892.48,8189,63163,3791.52,3789,65579.6,14042.2,12.3,0.643745
9632.64,9452,66788.5,8472.24,7548,73560.8,18541.4,17.22,0.643745
6817.92,6973,64078.5,3674.16,3661,65771.6,21706.6,-45.92,0.6448
11804.2,10882,71089.6,10597,10098,68774.3,21343,28.7,0.646911
11313.9,11593,63958.3,7344.72,7257,66328.2,19478.2,54.12,0.647966
6192.64,7110,57080.3,3441.6,2802,80495.6,28440,127.1,0.649021
12167.7,12284,64915.4,7421.04,7384,65864.8,19269.4,24.6,0.655353
9446.4,8968,69032,8354.16,7820,70012.6,16771,-13.12,0.655353
18508.2,18448,65749.7,8753.04,8608,66640.2,19645.9,-5.74,0.655353
7623.68,8152,61288.7,3331.44,3500,62379.8,26174.9,-20.5,0.657464
7524.48,5393,91437.9,241632,146689,107954,17004.2,4705.98,0.659574
10190.1,10308,64786.3,4934.88,5024,64373.5,20047.7,63.96,0.659574
7409.28,7781,62405.2,2598.48,2721,62585.1,44041,21.32,0.66063
7068.8,7464,62066,3044.16,3084,64689.4,7716.24,-13.94,0.661685
8992,9052,65101.6,24729.1,23948,67673.6,10522.1,1817.94,0.66274
7314.56,7377,64981.3,2979.36,2977,65588,12114.7,-27.88,0.66274
8218.24,8384,64240.3,4280.4,4404,63696.7,9895.68,28.7,0.66274
7813.12,7624,67161.7,6486.48,6124,69415.1,5725.44,0.82,0.663796
17421.4,17105,66748.4,7824.24,7797,65765,21750.5,3.28,0.663796
9727.36,9932,64185.7,2674.08,2744,63866.1,19559.5,20.5,0.664851
12174.7,11544,69116.6,6357.6,6172,67506.8,27455,24.6,0.67857
12521.6,10848,75646.7,7850.16,7520,68413.3,54951.8,52.48,0.683847
10914.6,10737,66619.8,4217.04,4373,63198.7,6184.08,-50.84,0.683847
9735.04,9720,65637.4,2648.88,2764,62806.4,20873.5,-18.86,0.685957
10069.8,9264,71236.2,6588.72,6084,70972.8,12555.4,15.58,0.691234
10828.8,10525,67427.7,6444.72,6329,66734.3,23117,35.26,0.696511
15105.9,14516,68199.3,4680,4656,65873.8,12564.7,3.28,0.696511
7341.44,6211,77463.9,6153.84,5719,70519,17285.8,72.98,0.696511
11021.4,10338,69868.5,4057.92,3986,66718.5,6192,63.96,0.697566
10851.2,10228,69529.2,6611.76,5908,73342.6,19120.3,36.9,0.698621
18995.8,14992,83038.4,10441.4,8656,79053.9,33768,13.94,0.699677
11622.4,11361,67043.9,5436,5381,66205.9,12427.2,49.2,0.699677
16769.3,15763,69719.7,9223.2,8855,68261.1,6189.12,63.14,0.701787
15561,14373,70952.7,11314.1,10677,69446.4,12239.3,-8.2,0.701787
8178.56,7708,69536.9,3682.08,3564,67707.3,15375.6,-33.62,0.706008
11162.2,10721,68233.2,4708.8,4485,68806.2,10451.5,23.78,0.706008
6639.36,6457,67386.9,2671.2,2717,64431.3,13562.6,55.76,0.707064
15252.5,14384,69492.9,8804.88,8516,67759.1,17285,27.06,0.709174
9073.92,8657,68692.2,10383.8,10113,67291.1,5534.64,828.2,0.715506
14695,13980,68888,4723.2,4732,65414.1,10363,-8.2,0.715506
12625.9,12183,67918.6,6212.16,6359,64022.7,30876.5,56.58,0.716562
14787.8,13754,70462.1,7185.6,6910,68149.9,14439.6,9.02,0.716562
7571.2,7209,68828.7,3471.84,3577,63609.3,17530.6,19.68,0.719728
7404.16,6640,73078.2,3121.92,3156,64828.3,8462.16,0.82,0.72606
13573.8,10912,81522.2,10968.5,10212,70390.8,69091.9,28.7,0.727115
10993.3,9816,73396,3703.68,3820,63540.4,10399.7,-4.1,0.733447
7358.72,6405,75294.5,2627.28,2693,63936.7,5575.68,-18.04,0.733447
12716.2,11868,70219.6,3574.08,3851,60823.4,24314.4,13.94,0.735557
14589.4,12322,77595.6,9740.88,9010,70852.2,17797.7,45.1,0.744
9055.36,8100,73265.7,5919.84,5792,66982.5,9725.04,51.66,0.745055
19327.4,18425,68745.6,8712.72,8845,64555.9,19428.5,104.96,0.746111
12748.8,12372,67532,14112,8260,111967,14749.2,201.72,0.748221
14844.2,14865,65444.1,5354.64,4533,77414.9,11767,73.8,0.748221
13797.8,13540,66783.6,6827.04,6864,65183.1,28464.5,19.68,0.749277
9234.56,9641,62773.2,4499.28,4589,64254.7,9532.8,45.92,0.749277
10081.9,9295,71084.3,7589.52,7515,66185.9,44694.7,33.62,0.750332
32763.5,20933,102574,224409,158725,92656.2,40688.6,46017.6,0.751387
15102.7,14300,69214.8,11189.5,10392,70565.5,47876.4,43.46,0.752443
13500.8,13901,63649.3,6517.44,6509,65621,7709.04,-11.48,0.753498
14433.9,15417,61357,6711.12,6841,64291.8,23186.2,12.3,0.754553
20539.5,17206,78233.1,17192.2,15170,74271.9,25431.8,87.74,0.754553
18211.8,16428,72652.3,19379.5,16536,76805.5,14411.5,72.98,0.756664
8433.92,10145,54482.5,6143.04,6161,65345,33190.6,73.8,0.758774
14553,15101,63157.6,8448.48,7849,70541.4,59629,26.24,0.758774
10592,11597,59856.6,8296.56,7821,69521,9104.4,58.22,0.764051
5712,7061,53015.4,3003.12,2945,66829.4,8988.48,56.58,0.764051
16405.8,17312,62105.4,11769.1,11460,67303.8,33894.7,-22.14,0.765106
10177.3,11636,57320.2,5099.04,5168,64661.5,11957.8,8.2,0.767217
13277.4,13594,64009.9,13677.1,13066,68601.2,18496.1,88.56,0.770383
12197.8,13470,59346.1,11998.8,11962,65737.6,19185.8,76.26,0.771438
16604.8,17654,61641.1,5107.68,4962,67460.1,22788,18.86,0.772494
6432.64,7665,54999.3,5666.4,5669,65505.9,11674.8,19.68,0.772494
13725.4,14635,61463,11196,10719,68452.4,49099.7,36.9,0.773549
9809.92,11545,55686.7,3988.8,4089,63930.1,32022,77.08,0.776715
15673.6,16536,62118.1,12077.3,11820,66962.5,60045.1,64.78,0.77777
13813.8,14784,61235,12070.8,11364,69612.1,32096.9,15.58,0.779881
12432,13776,59142.2,6423.12,6096,69052.8,16410.2,-43.46,0.779881
16057,16793,62663.6,8066.88,7565,69883.8,26568.7,51.66,0.781991
17425.9,17220,66319.7,14575.7,14000,68230.8,8154,50.84,0.783047
10128,10245,64787.6,11194.6,10673,68738.6,23872.3,96.76,0.786213
8700.8,10128,56300.9,4954.32,5204,62391.7,8583.84,-4.1,0.787268
7816.32,8828,58025.6,3964.32,3964,65541.3,14752.1,77.9,0.787268
9450.88,10497,59004.8,4970.88,4897,66524.7,6024.96,-4.92,0.788323
13159.7,14117,61091.8,4316.4,4389,64451.9,6892.56,13.94,0.788323
31899.5,29540,70770.7,23623.2,21872,70783.2,19578.2,171.38,0.788323
11964.2,12689,61792.4,3926.88,3841,67001.3,8812.8,18.04,0.788323
11532.2,12061,62662.4,7536.96,7341,67285.4,11983.7,24.6,0.789379
15946.2,15945,65541.1,13669.2,13293,67390.7,17592.5,29.52,0.790434
10516.5,10566,65228.9,3370.32,3414,64697.5,6741.36,50.84,0.797821
12949.1,12705,66795.2,5927.04,5909,65736.1,6125.04,63.14,0.797821
7246.08,7524,63115.3,3202.56,3344,62764,11980.8,5.74,0.802043
11836.2,11997,64657.4,4072.32,4185,63771.5,8069.04,21.32,0.803098
14773.1,14881,65060.9,6193.44,6453,62899.9,12646.1,42.64,0.804153
6883.84,7153,63069.9,2935.44,3073,62602.3,9668.16,-21.32,0.804153
14470.4,12173,77904.6,80347,72749,72380.6,21620.9,3307.06,0.807319
9779.84,9135,70162.2,6444,6079,69471,31579.9,14.76,0.807319
7664,7749,64817.1,2587.68,2629,64506,16385,-9.84,0.80943
11641,11777,64779,5790.24,5681,66796.2,13158.7,86.92,0.81154
10487,10209,67320.9,7376.4,7109,68001.1,25708.3,66.42,0.812596
18852.5,18401,67144,14854.3,14721,66129.5,9767.52,135.3,0.814706
11551.4,11339,66763.4,7065.36,6975,66385,10159.9,-6.56,0.815762
8997.76,9422,62585.1,3911.76,3946,64967.3,17762.4,-118.08,0.815762
17648.6,17396,66487.8,8727.12,8772,65200.7,31482.7,18.86,0.816817
12455,11824,69033.6,8566.56,8304,67608.2,23391.4,8.2,0.821038
9310.72,9440,64638.5,5183.28,5188,65476.4,19508.4,-0.82,0.821038
11298.6,11433,64765.4,4335.84,4361,65157.9,6855.12,18.04,0.821038
6977.92,7357,62159.2,3613.68,3641,65044.3,7478.64,18.04,0.821038
14076.8,14036,65726.5,6279.12,6212,66244.1,7135.2,24.6,0.822094
13391.4,13920,63047.1,6847.2,7044,63705,11869.2,20.5,0.824204
11629.4,11140,68415.4,6927.84,6880,65991.7,15655.7,-64.78,0.824204
13238.4,13422,64639.5,6313.68,6302,65657.5,15058.1,68.88,0.82526
10596.5,10972,63293,3704.4,3768,64429.8,17612.6,30.34,0.82526
12356.5,11663,69432.8,7839.36,7579,67787.4,29526.5,-6.56,0.82737
10310.4,10133,66683.4,5360.4,5093,68976.9,14236.6,18.04,0.828426
13299.8,12473,69880.4,12942,11949,70982.3,18007.9,36.9,0.828426
9093.12,8774,67919.6,6077.52,5874,67806.7,13570.6,26.24,0.830536
13749.8,12584,71607.1,9812.16,9208,69836,37229.8,-29.52,0.840034
11299.8,10549,70200.6,8336.16,7249,75364.7,15617.5,27.88,0.840034
12428.2,12614,64570.5,4482.72,4694,62586.2,14860.8,47.56,0.841089
12597.1,11197,73730.9,9601.2,9049,69535.2,39398.4,41.82,0.8432
15600.6,15688,65171.1,5706.72,5816,64304.6,7824.96,32.8,0.8432
12519,12180,67360.3,5147.28,5076,66456.3,8107.2,4.1,0.846366
5651.84,5581,66367.9,2567.52,2605,64593.1,15913.4,68.06,0.847421
10094.1,9887,66908.6,5201.28,5243,65014.5,29272.3,-11.48,0.848477
24104.3,12177,129728,19397.5,10309,123313,53919.4,125.46,0.848477
11315.8,10948,67737.9,6866.64,6976,64508.6,9732.96,93.48,0.849532
12865.3,12704,66368,5148,5236,64434.6,5603.04,-17.22,0.850587
11936.6,11637,67223.5,5622.48,5633,65413.6,16878.2,-32.8,0.850587
5948.16,5909,65970.3,2817.36,2869,64356.4,8154.72,50.02,0.851642
13418.9,13433,65467.1,6426.72,6537,64430.4,20718,30.34,0.851642
14079.4,14193,65011.3,7604.64,7893,63141.7,7142.4,107.42,0.852698
13265.3,12748,68195.3,5715.36,5612,66743,27850.3,-30.34,0.853753
11699.2,10408,73666.3,8451.36,7976,69441.9,14364,-31.98,0.853753
11013.8,10839,66592.7,6904.08,6839,66159.6,22675.7,100.04,0.854809
14425.6,14232,66427.5,9988.56,10024,65304.3,19998,-13.12,0.855864
9367.04,9140,67163.9,7732.08,7476,67780.9,14774.4,33.62,0.855864
9826.56,9141,70451.1,8966.88,8789,66862.4,35300.2,46.74,0.855864
9210.88,9182,65742.1,4135.68,4202,64501.6,25677.4,33.62,0.856919
13085.4,12725,67392.3,6718.32,6757,65160.8,17458.6,40.18,0.856919
16785.3,16240,67736.5,8317.44,7028,77560,7099.92,138.58,0.85903
11914.9,11113,70264.9,8652.96,8317,68183.3,12504.2,46.74,0.860085
6694.4,6636,66112.7,4688.64,4764,64499.3,17102.2,27.88,0.86114
11898.9,11954,65233.8,5448.24,5686,62795.6,15569.3,38.54,0.86114
9268.48,9568,63484.4,3109.68,3268,62361.1,7979.76,0,0.863251
9809.92,9829,65408.8,4056.48,4097,64887.8,35329,123.82,0.866417
13173.1,13018,66316.9,8956.8,9018,65091.3,23158.8,34.44,0.867472
11050.9,10988,65911,7722.72,7672,65969.3,16932.2,-59.86,0.867472
8647.04,8833,64156.3,2939.76,3041,63354.2,18903.6,35.26,0.871694
12717.4,12717,65538.3,8548.56,8397,66718.9,7711.92,-47.56,0.871694
14641.9,14081,68146.6,6408.72,6065,69250.1,17509,53.3,0.871694
7455.36,7828,62416.3,2985.84,3172,61689.8,10269.4,-1.64,0.871694
11508.5,11801,63911.5,4001.76,4073,64389.7,6350.4,35.26,0.873804
10800.6,10605,66745,7644.24,7533,66503.8,13201.2,70.52,0.87486
12122.2,12360,64275.3,5412.24,5608,63248.3,11016.7,18.86,0.87486
7255.68,7452,63809.5,3178.8,3244,64218.8,6626.16,25.42,0.87697
5290.88,5332,65030.6,2914.56,2832,67446.5,5561.28,39.36,0.878025
9537.92,9862,63382.4,5090.4,5090,65541.2,17320.3,43.46,0.879081
7260.16,7584,62737.6,3515.76,3620,63648.9,28604.2,0.82,0.880136
25016.3,22472,72956.1,18467.3,17304,69941.7,22363.9,25333.1,0.880136
15735.7,14912,69155.9,15719.8,14996,68699,24128.6,20.5,0.881191
15895,13612,76527.9,11394,10044,74344.6,17079.8,63.14,0.882247
10330.2,10272,65907.6,3890.88,3920,65049.2,12078,16.4,0.884357
7851.52,7893,65191.6,4489.2,4577,64278.8,10234.1,13.12,0.886468
13196.8,12912,66981.5,8006.4,8144,64428.7,22855.7,21.32,0.887523
23067.5,19292,78361.7,67388.4,55052,80221.7,46832.4,6460.78,0.891745
15409.3,15364,65729.1,9387.36,9460,65032.8,7616.16,-12.3,0.894911
8382.72,8692,63204.1,5099.04,5076,65833.5,23354.6,45.1,0.897021
14111.4,12702,72807.6,143634,123229,76387.6,17900.6,6965.08,0.898077
9813.12,10201,63044.1,5284.8,5305,65286.5,20131.2,-9.02,0.900187
16999,15449,72111.4,11466,10617,70776.7,46022.4,-45.1,0.900187
7183.36,6824,68987.2,6572.88,6216,69298.6,15536.9,50.02,0.901243
11553.9,11797,64185.6,3858.48,3985,63455.3,6216.48,77.08,0.902298
9331.2,9369,65271.6,5836.32,5917,64642.4,6088.32,-33.62,0.904408
10291.2,10473,64398.4,6328.8,6441,64394.4,23971.7,81.18,0.90863
8499.2,8805,63259.9,3206.16,3285,63963.1,8467.2,85.28,0.913906
12305.9,12313,65498.3,4194.72,4221,65128,9324,33.62,0.913906
18686.7,18609,65809.7,7499.52,7297,67354.9,36200.9,-15.58,0.916017
9708.8,9424,67516.5,6433.92,5972,70605.1,24201.4,-12.3,0.917072
8810.24,8984,64268.5,3007.44,3000,65698.5,23515.2,59.86,0.918128
18652.8,18304,66784.9,8016.48,8052,65246.9,5889.6,13.12,0.921294
28372.5,22376,83098.8,17891.3,15260,76836.4,50493.6,91.02,0.925515
10300.2,10133,66617.1,4452.48,4497,64887.2,12078,68.88,0.92657
11635.8,11627,65585.8,3443.04,3551,63543.5,9461.52,31.98,0.927626
11578.2,10740,70651,8046,6512,80974,4931.28,94.3,0.929736
7276.16,7333,65028,3201.84,3189,65799.9,7984.8,50.84,0.930791
7713.28,7417,68153.9,5810.4,5629,67648,16873.2,60.68,0.931847
7617.92,7644,65312.4,3167.28,3228,64303.2,5779.44,49.2,0.931847
6224.64,6357,64171.5,2892.24,3057,62003.9,6525.36,-9.02,0.932902
12917.8,12452,67987.3,4803.84,4720,66700.1,51057.4,10.66,0.932902
9875.2,9556,67725.1,3188.16,3172,65869.9,42183.4,18.86,0.935013
14230.4,13944,66882.1,5445.36,5432,65697.2,10869.8,-4.1,0.935013
13378.6,13128,66786.8,9119.52,8920,67001.9,21743.3,77.9,0.938179
10531.8,9216,74893.1,9072,8512,69847.6,35209.4,68.88,0.941345
9949.44,9887,65949.9,4543.92,4559,65319.2,9181.44,29.52,0.9424
10527.4,10481,65825.9,5983.2,6129,63977,10129.7,18.86,0.946621
12394.9,11910,68204.1,8259.84,7830,69133.7,17709.1,4.92,0.946621
11864.3,11008,70634.1,9370.8,9040,67934.2,38856.2,69.7,0.947677
13737,13345,67460.9,5476.32,5461,65719.9,20872.1,95.94,0.947677
12736.6,11809,70684.1,5429.52,5093,69866.3,33266.2,51.66,0.948732
8369.92,8361,65605.9,3227.76,3321,63696,5694.48,18.04,0.948732
10714.2,10421,67380.1,4717.44,4725,65431.1,12085.2,-56.58,0.948732
11073.9,10892,66630.6,8411.76,8284,66546.7,21278.2,45.1,0.949787
12457,12176,67048.2,4485.6,4496,65384.4,21071.5,35.26,0.955064
8341.76,7829,69828.3,6721.2,6437,68429.5,11258.6,-3.28,0.956119
12297,12486,64543.8,5646.96,5974,61948.3,13499.3,31.16,0.956119
5283.2,5549,62396.8,2528.64,2685,61719.5,12134.9,-3.28,0.959285
12489,11708,69907.5,7250.4,7036,67533,8241.12,25.42,0.96034
13142.4,13171,65393.7,4814.64,4919,64145.6,11515,-8.2,0.961396
12183,12189,65504,5536.08,5753,63064.9,13973,23.78,0.961396
9330.56,9313,65659.6,3017.52,3073,64352.8,23742.7,52.48,0.961396
8597.12,8522,66113.7,3798,3898,63854.7,12348,31.16,0.967728
19893.8,17876,72933.4,14747.8,14180,68160,26231,72.98,0.967728
18915.2,13041,95056.1,24810.5,20337,79951.8,7709.04,231.24,0.967728
11323.5,10957,67728.2,4948.56,5033,64436.5,7989.12,13.12,0.968783
11792,11668,66232.5,3375.36,3508,63058,12866.4,-25.42,0.969838
16220.2,15196,69952.9,13554.7,13036,68143.8,18453.6,44.28,0.971949
13582.7,12828,69391.7,6397.2,6328,66252.7,28944,-27.06,0.973004
13330.6,12972,67347.5,10350.7,10364,65452,7858.08,82,0.973004
10970.9,10509,68416.4,3702.96,3645,66578.1,16543.4,59.04,0.973004
8926.72,7701,75967,7881.12,7489,68967.4,17811.4,45.92,0.97406
15051.5,14988,65813.8,6175.44,6392,63315.7,6310.8,31.98,0.97406
12260.5,11789,68157,4246.56,4173,66691.2,7837.2,84.46,0.975115
7476.48,7497,65356.6,3339.36,3453,63379.2,6410.16,45.92,0.97617
18224,15888,75171.7,10897.9,9796,72907.9,29581.9,-6.56,0.977225
8963.2,8990,65340.6,3034.8,3178,62583,9086.4,27.88,0.977225
11753,11861,64939,4583.52,4469,67215.4,15868.8,15.58,0.979336
8527.36,8833,63268.3,5065.2,5137,64620,9249.12,46.74,0.985668
16687.4,12189,89722.1,13257.4,9337,93052.8,28511.3,80.36,0.986723
5249.92,5726,60087.1,2048.4,2110,63622.7,12025.4,48.38,0.988834
21751,22564,63174.8,9248.4,8960,67645.4,30255.1,55.76,0.988834
7398.4,7809,62090.1,3568.32,3701,63186.5,12329.3,-9.02,0.994111
8424.32,8765,62988.7,3362.4,3501,62941.5,19285.9,27.88,1.00255
6860.16,6917,64997.5,2811.6,2801,65784,24504.5,12.3,1.00572
16508.8,13986,77357.4,14281.2,12838,72903.3,28530,12.3,1.00783
12398.7,12084,67242.8,5257.44,5220,66006.1,14181.1,26.24,1.00994
6372.48,6425,65000.3,998.64,1065,61452.5,39492,-9.02,1.01311
10972.8,10248,70171.1,6060.24,5740,69192.3,22190.4,102.5,1.01416
14708.5,14609,65982.3,7179.84,7493,62797,11311.9,0,1.01416
13217.9,12336,70221.3,10231.2,9952,67374.6,43951,78.72,1.01522
27173.1,19965,89197,27826.6,22029,82783.7,52683.8,119.72,1.01627
12501.8,12088,67779.2,5472.72,5468,65592.6,11198.9,65.6,1.01733
15834.2,15013,69120.9,9388.8,9221,66728.6,11110.3,104.96,1.01733
21068.2,18601,74228.4,18558,17069,71253,28186.6,50.84,1.02155
13065,12901,66368.9,10342.1,10293,65848.5,12631,37.72,1.02366
9424,9641,64060.9,6358.32,6541,63705.7,9076.32,-9.84,1.02366
10874.9,11329,62909,7066.08,6481,71452.3,17349.1,37.72,1.02683
15608.3,15449,66211.8,12477.6,12253,66737.3,12188.2,13.12,1.02683
7635.84,8268,60525.2,1869.84,1948,62906.5,11795,11.48,1.02894
7087.36,7720,60165.4,3385.44,3484,63682,14778.7,74.62,1.02894
11964.2,11681,67124.7,7671.6,7109,70722.5,25975.4,3.28,1.03105
7857.92,8563,60139.7,3744.72,3795,64667.7,14326.6,6.56,1.03316
36037.8,32041,73710.9,24024.2,21533,73118.1,51575.8,159.08,1.03527
12138.2,12904,61646.9,6237.36,6428,63592.4,8905.68,32.8,1.03738
10768,10801,65335.8,6362.64,6117,68167.7,8686.08,22.96,1.04054
15049.6,15036,65595.3,8131.68,8364,63715.7,7799.04,18.86,1.04266
15276.2,13144,76166.9,11134.1,10344,70541.7,51272.6,12.3,1.04266
18167,15026,79235.7,13785.1,12082,74774.2,10906.6,91.02,1.04371
13084.2,12389,69213.3,4744.8,4705,66090.4,10715.8,-33.62,1.04477
13077.8,12260,69907.4,7344.72,7124,67566.5,6785.28,80.36,1.04477
14483.2,13932,68128.8,4675.68,4696,65252.4,17890.6,-21.32,1.04582
14325.8,13872,67679.7,5248.8,5360,64176.4,9353.52,19.68,1.04582
9372.16,8912,68919.9,4533.12,4436,66970.8,5668.56,67.24,1.05215
9019.52,8496,69574.3,6067.44,6116,65015.7,7813.44,-48.38,1.05321
9392.64,9204,66879.2,5500.8,5604,64329.1,19353.6,9.84,1.05532
11850.2,10669,72792,6809.04,6457,69109.1,45283.7,57.4,1.05532
9844.48,9981,64639.6,2611.44,2777,61628.9,14415.1,81.18,1.05637
10087,9285,71197,7097.76,6981,66632.1,12412.1,102.5,1.05637
9582.72,9596,65445.3,3673.44,3852,62498.1,10676.9,-18.04,1.05637
10715.5,10284,68285.9,8794.8,8476,68001,8946.72,13.94,1.05743
9591.68,9628,65288.8,4389.12,4504,63864.4,10623.6,107.42,1.05849
14348.8,13601,69139.3,14460.5,13893,68212.9,20319.8,105.78,1.0606
13154.6,13668,63074.1,4224.24,4404,62861,27470.9,30.34,1.06271
9353.6,9185,66739,7517.52,7073,69654.8,17375.8,22.14,1.06271
10762.2,11209,62923.9,6639.12,6889,63158.9,5358.96,-14.76,1.06798
11508.5,11171,67515.9,7122.96,6631,70398.2,11007.4,9.02,1.07115
15627.5,13240,77353.9,9100.8,8440,70667.1,26443.4,31.98,1.07643
8863.36,8444,68790.8,5144.4,4104,82150,18964.8,31.16,1.08065
6080,6120,65107.7,2977.92,3064,63694.8,7081.92,13.12,1.08487
5999.36,6408,61356.8,3006.72,3180,61964.9,20119.7,-47.56,1.08803
9684.48,9956,63748.7,4854.24,4868,65350.8,7317.36,-70.52,1.08909
15319,15368,65327.2,8349.12,8536,64101.2,47764.1,30.34,1.0912
12879.4,13809,61124,5929.92,6021,64544.6,10563.1,100.04,1.09753
13231.4,13976,62044.2,5598,5708,64273,10235.5,8.2,1.09753
13601.3,13254,67253.2,14857.9,13682,71168.6,45860.4,68.06,1.09964
6609.92,7307,59283.9,2587.68,2651,63970.7,21723.1,-71.34,1.09964
13995.5,14747,62196.4,6249.6,6431,63687.4,29731,39.36,1.10175
5774.72,6485,58358.1,2849.76,2897,64467.3,30428.6,7.38,1.10492
20266.2,15292,86853.8,22739.8,16204,91969.5,60873.1,216.48,1.10597
7879.04,8432,61238.2,2898.72,2880,65962,32624.6,40.18,1.10597
26012.8,22884,74496.4,19471.7,17376,73440.2,53326.8,120.54,1.10703
10429.4,10257,66637.8,7487.28,6113,80269.3,51590.2,31.16,1.10809
10995.2,6972,103354,12846.2,6844,123012,7574.4,536.28,1.1102
10839.7,10599,67024.2,8975.52,8691,67681.5,11018.2,20.5,1.1102
13879,14273,63727.1,6274.8,6453,63726.2,7222.32,40.18,1.11336
7225.6,7852,60307.8,2974.32,3116,62556.2,11155.7,-57.4,1.11442
12324.5,12028,67151.4,10426.3,10236,66754.5,16732.8,29.52,1.11547
20697.6,19184,70706.7,14379.8,13216,71307.3,20167.9,117.26,1.11653
10655.4,11188,62415.9,4375.44,4512,63552.5,10015.9,36.9,1.11864
6978.56,7353,62198.7,2833.92,2905,63932.5,8349.12,-39.36,1.12075
10707.2,11092,63262.4,3728.16,3760,64981,4900.32,33.62,1.12075
9172.48,9162,65611,5535.36,5518,65742.2,9665.28,-45.92,1.12075
8777.6,8712,66029.5,5694.48,5564,67072.9,13845.6,20.5,1.1218
19964.2,17288,75680.9,11845.4,10632,73015.7,18585.4,82,1.12286
13710.1,14120,63633.4,6984,7192,63640.6,6314.4,50.84,1.12603
10125.4,10117,65590.7,6307.92,6241,66238.7,20316.2,32.8,1.12708
16607.4,16391,66401.1,7911.36,7948,65233.9,9026.64,7.38,1.13025
6824.96,7104,62961.8,3679.2,3664,65807.9,12955,-59.86,1.1313
8700.8,9021,63209.8,8421.12,8349,66102.1,9038.88,-19.68,1.13236
12458.9,12445,65609.1,7742.16,7405,68520,16943,153.34,1.13974
7459.2,7473,65415,4178.16,3957,69198.9,5672.16,37.72,1.14608
13909.1,13089,69642.3,7525.44,7377,66854.7,53300.9,24.6,1.14819
13893.8,13819,65890.5,6116.4,6063,66113.2,12286.1,45.92,1.14819
9287.04,9101,66875.7,6469.92,6509,65142.5,9056.88,-50.84,1.1503
9479.68,9536,65148.9,5522.4,5332,67876.2,20978.6,-41,1.15135
12742.4,12464,66999.8,6583.68,6432,67081.5,24889.7,106.6,1.15135
6945.92,7485,60816,2851.2,2985,62598.4,20839,41.82,1.15135
22294.4,18426,79294.8,14602.3,12846,74496.2,131995,105.78,1.15557
16311,14033,76174.8,9282.24,8693,69978.3,33665.8,156.62,1.15663
15729.9,15731,65531.5,9640.8,9459,66795.6,17063.3,91.84,1.1598
5993.6,6349,61867.5,2938.32,3017,63826.9,24217.2,61.5,1.16085
11894.4,11809,66009.9,6804,6821,65372.7,10908,-2.46,1.16402
31565.4,20982,98592.7,27132.5,20194,88053.6,53573,150.88,1.16507
16330.2,16190,66103.7,9336.24,8778,69703.8,9570.24,14.76,1.16507
9886.08,9780,66246.9,5229.36,4964,69039.4,12862.1,21.32,1.16507
13617.3,13893,64235.4,8778.96,8929,64434.8,5649.12,81.18,1.16824
9527.04,10025,62280.7,4378.32,4557,62966.3,13142.9,3.28,1.16929
7436.16,7705,63249.3,3489.12,3549,64430.3,18284.4,-43.46,1.17035
9461.76,8921,69508.6,7886.88,7497,68944.2,7290.72,24.6,1.17668
8743.04,8723,65686.6,3122.64,3203,63891.8,7223.04,-13.12,1.17985
13521.9,12940,68483.2,8688.96,8312,68508.1,5854.32,0,1.17985
7365.12,7526,64135.1,2551.68,2710,61707.3,7665.12,27.88,1.18196
8999.04,8598,68592.8,6582.24,6406,67339,21498.5,18.04,1.18196
19410.6,16844,75521.9,13842.7,12444,72902.3,9054.72,17.22,1.18407
8455.04,8081,68569.4,6067.44,5909,67293.2,14581.4,-10.66,1.18618
17521.9,16380,70104.8,11757.6,10984,70151.7,28359.4,88.56,1.18723
11253.1,10480,70370.7,7017.12,6548,70231.2,16198.6,58.22,1.18829
10858.9,10384,68533.1,6760.8,6048,73259.9,12056.4,17.22,1.1904
9336.32,9380,65230.8,5914.08,5856,66186,12433.7,8.2,1.1904
16921,15661,70808.5,10977.1,10633,67657,5000.4,171.38,1.19251
10383.4,10045,67743.5,5580,5389,67858.8,10451.5,22.14,1.19357
8565.76,8345,67269.7,2599.92,2637,64614.5,25027.2,64.78,1.1999
12234.9,11986,66896.8,8294.4,8278,65665.8,9655.2,77.9,1.20623
19074.6,17831,70106.6,14194.8,13667,68066.9,14499.4,13.12,1.2094
7546.24,7321,67552.3,2394.72,2457,63874.8,5927.04,-16.4,1.21045
8452.48,8085,68514.8,3638.88,3649,65354.2,7931.52,-18.04,1.21151
5772.16,5660,66834.7,2329.92,2396,63728.6,7107.12,29.52,1.21256
12730.2,12261,68044.1,9502.56,9249,67332.7,19604.2,73.8,1.21362
8520.96,8024,69594.9,4588.56,4568,65831,7367.04,0,1.21467
7920,7709,67329.8,2896.56,2985,63594.3,6424.56,0.82,1.21678
8316.8,8205,66429,2976.48,3113,62661.9,20923.2,14.76,1.21678
12096,11410,69476.2,5688.72,5570,66932.9,10146.2,63.96,1.21784
9572.48,8789,71378.1,6076.08,5857,67987.4,8151.84,70.52,1.21784
12410.9,12431,65429.9,3569.76,3740,62552.9,7643.52,38.54,1.21995
13395.2,12832,68412.4,7340.4,7168,67112.2,10059.1,57.4,1.22206
14332.2,13741,68355.5,6067.44,6169,64457.1,9785.52,-2.46,1.22417
10614.4,9061,76771.4,17604,14389,80179,17259.1,1921.26,1.22523
7712.64,7328,68975.9,2378.88,2420,64422.4,7059.6,31.16,1.22523
26055,19645,86920,20135.5,16045,82243.8,6402.96,99.22,1.22628
8333.44,8165,66888,3329.28,3393,64305.2,8725.68,41.82,1.23367
23951.4,13581,115579,10501.9,6253,110068,57053.5,36.08,1.24
10320,9765,69260.8,7693.92,7249,69558.4,36753.8,69.7,1.24106
7493.12,7576,64819,1817.28,1944,61264,21666.2,19.68,1.24211
12114.6,11997,66178.2,4877.28,4889,65378.9,13058.6,-16.4,1.24317
12844.8,12216,68909.4,8816.4,8360,69113.8,16213,36.9,1.24317
23100.8,17510,86461.1,27858.2,22210,82202.5,22672.8,30.34,1.24633
15450.9,14608,69317.4,6770.88,6500,68267.1,15725.5,33.62,1.24633
7587.2,7756,64109.7,2997.36,3144,62479.3,12276,21.32,1.24739
12579.8,12278,67147.1,4386.24,4486,64078.6,15302.2,18.04,1.2495
11597.4,11551,65799.5,6015.6,5967,66069.8,20522.2,-33.62,1.25161
10396.2,10301,66141.4,5126.4,5225,64299.3,25608.2,3.28,1.25266
24588.8,21286,75704.8,23497.9,22006,69979.1,43877.5,107.42,1.25477
9758.08,9297,68786.2,6226.56,6065,67281.8,5275.44,10.66,1.26005
12220.2,11749,68164.1,6238.8,6246,65460.5,11468.9,0,1.26533
9272.96,9213,65962.5,5006.88,5021,65351.7,12816.7,104.14,1.26638
10506.2,10358,66473.9,4423.68,4386,66099,47974.3,66.42,1.26955
10482.6,8857,77564.1,7585.2,7037,70641.4,24000.5,3.28,1.2706
11378.6,10195,73144.2,9620.64,8823,71460.8,31483.4,63.14,1.27166
14215,14064,66239.8,6336.72,6256,66381.6,18904.3,79.54,1.27166
18025,16849,70110,13559,12705,69941.4,21303.4,-15.58,1.27588
12643.2,12565,65943.9,7975.44,7637,68440.3,12979.4,32.8,1.27799
12174.7,12436,64159.1,5703.12,5764,64843.8,8396.64,17.22,1.27905
11874.6,11723,66383.3,8914.32,8923,65472.3,22271.8,63.96,1.27905
11393.3,11713,63747.1,5905.44,6069,63769.8,13088.9,-33.62,1.27905
5995.52,6232,63049.2,3072.96,3100,64964.4,16994.2,-42.64,1.28432
6224,6517,62589.6,2863.44,2913,64421,6695.28,-83.64,1.28643
7063.04,7464,62015.5,3090.24,3224,62817,29586.2,4.1,1.28749
11889.3,10837,71899.6,9959.04,9701,67279.2,20918.2,52.48,1.28749
12340.5,11945,67705.8,7306.56,6909,69307.1,23798.2,-10.66,1.28854
12068.5,10756,73532.9,9029.52,8624,68617.7,13523.8,-10.66,1.2896
10560.6,9418,73487.2,7797.6,7486,68263.9,16498.8,65.6,1.29277
9076.48,9201,64649.1,3556.08,3681,63311.9,18799.9,-39.36,1.29277
11968.6,11856,66158.6,4845.6,4900,64808.4,7404.48,33.62,1.29488
7254.4,7536,63087.1,3314.88,3460,62787.3,19211,39.36,1.29488
11879,11879,65536.2,4410.72,4499,64250,14986.8,-4.92,1.29699
7391.36,7299,66365.3,3031.92,3063,64871,13387,24.6,1.2991
8207.36,8268,65055.3,2686.32,2776,63418.8,7716.24,-0.82,1.2991
13056.6,12781,66949.4,7066.8,6985,66303.5,24640.6,27.06,1.30226
11559.7,11851,63925,4163.76,4319,63180.4,10200.2,-76.26,1.31704
12497.3,12805,63961.1,4156.56,4293,63453.1,9253.44,41.82,1.3202
12960,13300,63860.6,4173.12,4308,63484.1,16064.6,-5.74,1.3202
9148.8,9209,65107.6,5556.96,5481,66444.3,20038.3,69.7,1.3202
8995.2,9268,63607,3963.6,4016,64680.9,6279.84,18.86,1.3202
9023.36,9140,64699.7,3481.2,3108,73405.4,13809.6,18.86,1.32126
12617,11932,69298.1,8434.8,8092,68312.3,21603.6,47.56,1.32126
12465.9,12765,64000.5,6182.64,6089,66543.9,6181.2,-12.3,1.32231
20849.3,20837,65574.6,12921.1,13269,63817.8,9933.12,76.26,1.32443
12110.1,12284,64608.1,4476.24,4520,64901.5,9592.56,-13.94,1.32548
10312.3,9870,68473,7095.6,6746,68932.3,12859.9,88.56,1.3297
11269.8,12048,61302.7,5286.96,5472,63319.9,23209.2,-6.56,1.33181
12173.4,13005,61345.5,5250.96,5565,61837.7,47091.6,-3.28,1.33287
9720.32,10184,62552.1,5880.96,6008,64150.2,21294.7,-2.46,1.33392
11861.1,11726,66291.2,9429.84,9034,68407.6,17894.9,3.28,1.33392
10516.5,10577,65161,6599.52,6561,65920.8,8059.68,127.1,1.33498
8295.04,8205,66255.2,5049.36,4905,67464.8,25657.9,22.14,1.33603
7269.12,7568,62947.8,1990.08,2048,63682.6,9979.92,-35.26,1.33603
11449,11148,67305.3,16393,13852,77557.7,13392.7,12842,1.33709
16871,16753,65997.8,9555.12,9557,65523.1,5268.96,-25.42,1.3392
9281.28,8756,69467.6,7137.36,6720,69606.3,23224.3,1.64,1.34131
9648,9505,66522,6436.08,6181,68240.6,14204.2,-2.46,1.34131
21971.2,16973,84835,23142.2,17917,84648.6,84471.1,-4.1,1.34342
9587.2,9629,65251.5,3955.68,3945,65713.4,22991,-61.5,1.34342
10697,11112,63088.2,4311.36,4380,64509,26505.4,-16.4,1.34764
12218.2,12235,65446.2,5477.76,5215,68838.1,8357.76,-59.86,1.34975
8316.8,8852,61573.6,3000.96,2932,67077.4,6149.52,36.9,1.34975
6837.12,7133,62817.5,3487.68,3513,65063.7,18185.8,-11.48,1.34975
10112.6,10284,64444,5418.72,5324,66702,24403.7,-36.9,1.35186
10105.6,10507,63032.3,5150.16,5247,64326.5,6490.8,72.98,1.35714
13731.8,13629,66030.5,6105.6,6073,65887.8,10537.9,-24.6,1.35714
10689.9,10927,64114.1,5484.24,5439,66081.1,4908.96,-35.26,1.35925
12924.2,12581,67323.6,9702.72,9457,67238.8,18141.1,-5.74,1.36558
10706.6,10577,66338.8,4119.12,4101,65825.6,9144.72,28.7,1.36769
8647.04,7949,71291,7548.48,7149,69198.1,18922.3,8.2,1.36875
9384.32,9280,66272.7,3356.64,3348,65705.1,11433.6,12.3,1.37086
12643.2,12729,65094.3,6161.04,6233,64779.4,8140.32,-31.98,1.37191
8909.44,9017,64754.2,2319.84,2361,64393.5,14988.2,18.86,1.37191
13614.7,13952,63951.7,6122.16,6384,62848,16276.3,27.88,1.37297
13962.2,13689,66844.1,7315.92,7197,66618.9,22345.9,39.36,1.37403
9351.04,8352,73375.2,8346.24,7732,70742.3,18591.8,64.78,1.37403
18077.4,16236,72968.9,9894.96,7916,81919.7,39264.5,68.06,1.37614
7637.12,8133,61540.2,3542.4,3729,62256.6,8210.88,34.44,1.37825
8891.52,8297,70232,5428.08,5325,66804.6,26701.9,66.42,1.37825
13260.2,13352,65085.2,7576.56,7512,66099.2,14990.4,77.9,1.3793
9436.16,9352,66125.8,7311.6,7016,68297.2,19229,77.08,1.38774
9324.16,9604,63626.4,3535.2,3648,63509.6,8578.8,8.2,1.39091
11874.6,9997,77844.5,8632.08,7817,72369.5,51665.8,36.9,1.39091
10159.4,10248,64969.1,6288.48,6104,67516.7,10483.2,88.56,1.39302
8957.44,9213,63718.1,3113.28,3193,63899.8,12235.7,11.48,1.39513
6963.2,6956,65603.8,2779.92,2844,64059.4,8804.16,73.8,1.39724
7567.36,7536,65808.7,3623.04,3776,62881.2,6251.76,85.28,1.40041
11737.6,11256,68340,4305.6,4312,65438.7,18938.2,-18.04,1.40146
12796.2,11872,70637.6,9780.48,9476,67641.8,9794.16,69.7,1.40463
6879.36,6773,66565.1,3458.88,3525,64306.7,9928.8,17.22,1.40569
16364.2,16188,66249.2,6816.96,7064,63244.1,10656,85.28,1.40991
10613.8,10033,69329.6,6384.24,6225,67212.5,18098.6,31.98,1.41202
13735.7,13172,68340.5,6022.08,6000,65777.2,12976.6,20.5,1.41624
10725.8,10681,65810.6,3086.64,3261,62031.9,16819.2,21.32,1.41729
14659.2,14288,67238.6,6789.6,7044,63169.1,10197.4,49.2,1.41835
18353.3,17903,67184.3,9712.08,9819,64822.4,13117.7,50.02,1.4194
7985.92,7870,66501.3,4960.8,5034,64583,6521.76,19.68,1.42257
13940.5,13049,70013.3,8272.8,7917,68481.3,25154.6,37.72,1.42257
11383,11396,65461.5,6287.04,5952,69225,15739.2,88.56,1.42363
8145.28,7932,67298.2,3404.16,3484,64034.2,24251.8,31.98,1.42468
15333.1,12783,78610,13329.4,12367,70635.8,22021.9,23.78,1.42574
10458.2,8956,76528.7,7771.68,7272,70039.2,44935.9,62.32,1.42574
9823.36,9525,67588.8,1770.48,1845,62889,5002.56,-8.2,1.42679
9491.84,8874,70098.9,5917.68,5690,68158.4,18797.8,0,1.42785
12254.1,11918,67384.1,4907.52,4926,65290.1,22347.4,1.64,1.42996
10519,10269,67131.7,6365.52,6457,64607.5,17925.1,27.88,1.43101
10028.2,9686,67851.1,3846.24,3862,65268.6,7178.4,86.92,1.43418
13163.5,11937,72269.8,10220.4,9797,68368.3,50135.8,35.26,1.43734
21212.2,20445,67995.1,11296.8,11357,65188.6,9975.6,108.24,1.4384
8968.32,9210,63816.3,2776.32,2826,64383.9,18185,78.72,1.44051
10126.7,10472,63375.2,3900.96,4088,62537.5,12186,45.1,1.44157
10148.5,10645,62479.2,3705.12,3813,63681.8,15790.3,22.14,1.44368
16744.3,16548,66313.5,6024.24,5956,66286.9,22248,21.32,1.44368
17913.6,17516,67023.6,11740.3,11388,67563.5,21424.3,47.56,1.44684
17561.6,13199,87197.3,15935,12956,80605,38361.6,135.3,1.44895
4656.64,5008,60938,1922.4,2016,62493.3,26955.4,-0.82,1.45001
7981.44,8017,65245.3,3022.56,3089,64126.4,9819.36,-49.2,1.45106
9852.8,9004,71714,8216.64,7880,68335.8,24382.1,32.8,1.45212
10332.2,10277,65887.8,5171.76,5189,65318.3,10964.9,-9.02,1.45317
12786.6,12680,66086.7,5019.84,4872,67524.7,14257.4,64.78,1.45529
7777.92,7725,65985,3918.24,4009,64052.3,17987,-41.82,1.45634
11375.4,11173,66723,6170.4,6197,65254.7,8209.44,60.68,1.4574
12430.1,12277,66353.2,5806.08,5937,64090.8,5343.12,22.14,1.45845
6586.24,6661,64800.5,2149.92,2293,61446.7,9907.2,38.54,1.45845
10815.4,10520,67376,6456.24,6172,68554.1,9429.84,-13.94,1.45951
13066.2,12692,67468.4,5677.2,5684,65457.6,12204,-55.76,1.46056
5926.4,6016,64559.9,2315.52,2404,63123.9,5664.96,-24.6,1.46162
6960,6957,65564.3,3032.64,3117,63762.3,20666.9,-15.58,1.46162
6340.48,6321,65738,2685.6,2741,64211.4,6299.28,-50.84,1.46162
13532.8,13128,67556.8,5590.08,5548,66033.1,6728.4,-15.58,1.46267
13673.6,12437,72052.2,10353.6,9573,70879.9,57785,63.14,1.46478
8565.76,8240,68126.9,6089.76,5760,69287.9,22949.3,49.2,1.46689
6347.52,6305,65978,2846.88,2437,76558.5,5770.8,63.96,1.46795
11980.2,11008,71323.8,11027.5,10640,67922.9,55082.2,20.5,1.47006
22487,19665,74940.8,17960.4,16341,72030.6,28307.5,121.36,1.47006
9499.52,9564,65094.2,4415.76,4536,63798.8,8434.8,21.32,1.47006
8693.12,8398,67839,3037.68,2974,66939.3,16763,32.8,1.47217
6988.8,6736,67995.5,2504.16,2548,64408.4,19747.4,-2.46,1.47323
9066.24,9004,65989,2774.88,2904,62622.1,11913.1,22.14,1.47534
12700.8,12556,66291.8,7416,7352,66106.5,9225.36,-28.7,1.47534
21385.6,16697,83938.8,13309.2,11257,77483.5,31360.3,72.98,1.47534
7633.28,7724,64766.3,2699.28,2860,61853.2,18743.8,11.48,1.47745
24699.5,12913,125355,9974.88,6113,106938,15843.6,91.84,1.48061
21980.2,11785,122231,20557.4,14493,92958.8,27515.5,21.32,1.48272
21264,20804,66985.1,8319.6,8260,66008.9,12579.8,32.8,1.48272
14779.5,13632,71052.7,8796.24,8356,68988.8,20097.4,17.22,1.48483
9414.4,8981,68698.6,3341.52,3393,64541.7,6206.4,-42.64,1.48483
14012.8,12457,73721,8956.08,8521,68882.3,16618.3,83.64,1.48694
6581.12,6299,68471.2,3173.04,3291,63187,4790.88,31.16,1.488
12337.3,12140,66601,4379.76,4552,63056.2,12080.2,13.12,1.48906
12597.1,10684,77271.1,8862.48,8236,70521.1,14508.7,55.76,1.48906
9987.84,9760,67065.9,3033.36,3168,62750.7,26509.7,18.86,1.49011
13733.1,12005,74969.9,7737.12,7265,69794.9,12617.3,-45.92,1.49117
12467.8,11534,70842.1,6729.84,6477,68094.3,38529.4,10.66,1.49222
16674.6,16536,66085.2,5886.72,6220,62024.5,12715.2,196.8,1.49222
9958.4,9752,66923.1,4039.92,3628,72976.9,8444.88,51.66,1.49328
12448,11898,68565.5,7418.16,7194,67578.1,8815.68,-3.28,1.49328
16125.4,15567,67887,6117.12,6011,66693,10900.1,105.78,1.50066
16540.2,16330,66379.4,8454.24,8538,64893.1,27270.7,59.04,1.50066
11258.2,11412,64653,5377.68,5488,64218.6,27712.8,10.66,1.50277
19465.6,18809,67823.8,11414.2,11581,64591.9,6351.12,50.84,1.50277
11786.9,11724,65887.5,4086.72,4076,65708.4,15432.5,25.42,1.50594
15526.4,15785,64462.3,4325.76,4445,63778,22019,35.26,1.507
5596.8,5725,64068.5,3405.6,3417,65317.4,25124.4,18.04,1.50911
8890.24,9208,63274.4,4237.92,4328,64172,17180.6,-5.74,1.51544
5661.44,5820,63750.5,2571.12,2184,77152.4,6041.52,-9.84,1.51649
13062.4,13233,64691.1,6695.28,6801,64517.3,8604.72,12.3,1.51755
14425,14076,67160.7,11803.7,11548,66987,26383.7,9.02,1.51966
8218.24,8408,64056.9,6082.56,6044,65954.1,24189.1,111.52,1.51966
17178.9,15537,72461.5,13091.8,12309,69703.6,14594.4,13.94,1.51966
10450.6,10125,67643.2,7454.16,7017,69618.9,10485.4,1.64,1.52071
11340.8,11189,66425.1,4586.4,4581,65613.3,16023.6,9.02,1.52494
10067.8,10356,63712.4,3232.8,3380,62681.9,10253.5,-36.9,1.52494
9312,9297,65641.7,5155.92,5253,64324.8,5315.76,-49.2,1.52599
10650.2,10120,68969.8,89346.2,79724,73445.8,52007.8,7664.54,1.5281
12163.8,12068,66056.5,8701.92,8308,68643.4,9332.64,79.54,1.53127
12558.1,12748,64559.6,5066.64,5208,63757.2,13092.5,48.38,1.53654
15431,15368,65804.8,9732.24,9704,65726.7,13297,102.5,1.53866
13298.6,12804,68067.4,6523.92,6116,69907.1,13456.8,27.88,1.53971
11418.9,11485,65158.7,4866.48,4941,64547.6,5788.8,23.78,1.53971
7904,7396,70037.4,6286.32,5908,69732.6,7050.24,4.1,1.54499
20530.6,19704,68285.1,11931.1,11868,65884.6,23381.3,16.4,1.54499
12202.2,12524,63852.3,5783.76,5980,63385.4,6991.2,-19.68,1.55132
8195.2,8401,63930.6,3193.92,3233,64743.8,23574.2,3.28,1.55343
11799.7,11348,68144.5,7016.4,6512,70612.2,11256.5,36.9,1.55343
10700.2,10733,65335.5,4980.96,4973,65640.9,8608.32,84.46,1.55343
14534.4,14552,65456.7,5211.36,5224,65377.4,11961.4,37.72,1.55449
9161.6,8753,68595.3,8674.56,8149,69762.7,7086.24,15.58,1.5566
19517.4,18629,68661.5,11689.2,11473,66771,7097.04,43.46,1.56082
11326.7,10841,68472.3,9457.2,8989,68949.5,69037.9,46.74,1.56926
8322.56,7711,70733.7,6312.96,5967,69335.7,14032.1,-46.74,1.57137
13783,13161,68633.5,8290.08,6361,85410.9,21085.9,-10.66,1.57348
6227.84,6373,64043.3,2499.84,2561,63970.9,11416.3,-42.64,1.57559
9660.16,9812,64521.8,3690,3808,63505.2,8602.56,47.56,1.57559
10971.5,10913,65887.4,6063.12,5905,67290.9,19878.5,17.22,1.57665
12265.6,11980,67098.4,6960.24,6876,66338.9,16894.8,-6.56,1.57981
15193.6,14713,67676.7,7185.6,7165,65724.4,12034.8,37.72,1.58087
11657,11519,66320.9,9569.52,9195,68205.3,18918,65.6,1.58403
8871.68,8940,65035.2,4037.76,4072,64984.9,8259.12,25.42,1.58403
11499.5,11772,64019.1,3998.88,4252,61634.7,16925,-34.44,1.58826
9047.04,9016,65761.6,3730.32,3864,63268.7,30829.7,0,1.59037
14879.4,14216,68594.1,8553.6,8188,68462.2,25114.3,110.7,1.59142
6914.56,7007,64671.4,3085.92,2991,67615.8,9726.48,-12.3,1.59142
9303.68,9216,66159.5,4070.16,4052,65829.7,18897.8,44.28,1.59459
11356.2,11659,63833.7,3682.08,3611,66826,12283.9,-14.76,1.59881
14332.8,14335,65525.9,6626.16,6475,67066,11267.3,41.82,1.59881
5222.4,5757,59450.3,2101.68,2253,61134.4,5728.32,-46.74,1.59986
9831.68,9514,67724.3,7021.44,7006,65680.4,52837.9,49.2,1.60409
11605.8,11087,68602.4,10679.8,9803,71397.4,44267.8,146.78,1.60514
15212.8,14569,68432,8766,8473,67802.3,20240.6,36.9,1.60725
10544,10626,65030.3,6287.76,6358,64812,7386.48,35.26,1.60725
14970.9,13864,70768.3,11808,11244,68823.3,21603.6,77.9,1.60831
11767,11510,66999.5,8644.32,8198,69104,5085.36,18.04,1.60831
9339.52,9584,63864.2,4515.84,4084,72465.8,22394.9,86.1,1.60831
12645.1,11356,72975.6,7279.2,6828,69866.7,24462.7,25.42,1.61042
12307.8,12016,67127.7,6746.4,6548,67521.7,20111,24.6,1.61042
13282.6,13167,66111.2,8173.44,8079,66302.1,23450.4,77.08,1.61147
7396.48,7418,65345.9,4552.56,4538,65746.3,10658.9,46.74,1.61569
10049.3,10306,63903.5,3760.56,3878,63551.3,18882.7,41,1.62097
11319.7,11593,63990.9,5105.52,5293,63214.7,18461.5,26.24,1.62097
9518.08,6977,89404.8,175453,140421,81885.9,24205,5129.92,1.62203
12519,10877,75429.6,7458.48,7001,69818.5,47363.8,29.52,1.62203
6900.48,6989,64705.9,2651.76,2749,63217.8,16968.2,1.64,1.62519
9121.92,9441,63321.1,3826.8,3861,64955.5,7441.2,-32.8,1.62836
14198.4,13661,68114.1,8537.04,8045,69544.3,8654.4,22.14,1.62941
11978.2,12497,62815.5,1698.48,1825,60992.7,7691.76,54.94,1.62941
11456.6,11292,66491.5,5693.04,5532,67443.8,5685.84,68.06,1.63047
12099.2,11836,66993.3,7156.08,7100,66053.6,13345.2,26.24,1.63152
11914.9,12016,64984.5,7466.4,6212,78769.8,8455.68,79.54,1.63363
9415.68,9116,67690.4,5783.04,5640,67198.1,15186.2,66.42,1.63574
6776.96,6824,65084.2,2988.72,3048,64261.4,15898.3,-1.64,1.63574
12725.8,12332,67628.6,5783.76,5708,66405.8,7631.28,17.22,1.63574
9370.88,9537,64394.5,3944.16,4069,63525.3,20242.1,-37.72,1.63997
13294.1,13097,66522.2,5301.36,5321,65294.1,28344.2,-4.92,1.64313
10870.4,10536,67616,9782.64,9368,68436.7,10914.5,68.88,1.64313
10030.1,10297,63837.2,6841.44,6841,65540.2,16246.8,-19.68,1.64524
14474.2,14595,64993.8,6932.88,7095,64038.5,33838.6,77.08,1.6463
12030.1,12089,65216.6,4870.8,4841,65939.4,9776.88,68.06,1.65157
11013.8,11114,64944.9,5424.48,5198,68391.5,5001.12,63.14,1.65157
13946.9,13943,65554.2,6559.92,6503,66109.6,7143.12,39.36,1.65369
7125.76,7381,63269.7,2639.52,2693,64234.5,10626.5,-5.74,1.65685
7917.44,8241,62962.9,2893.68,3009,63024.3,7246.8,27.88,1.66002
6385.92,6436,65026.1,3249.36,3328,63987.4,6393.6,22.14,1.66318
15752.3,13865,74456.8,13195.4,12285,70392.9,17392.3,94.3,1.66424
12345.6,11875,68133.2,11260.8,10739,68720.4,21944.2,35.26,1.66424
7287.04,7068,67567,3404.88,3448,64716.4,8438.4,-14.76,1.66635
10866.6,10384,68581.6,4200.48,4144,66429.2,7079.76,53.3,1.66846
10880,10244,69604.8,5151.6,4992,67631.3,10296,13.94,1.67163
6172.8,5839,69282.5,2034,2155,61856.3,6710.4,36.9,1.67374
9889.28,9525,68042.4,4590,4725,63663.5,11008.1,-51.66,1.67479
7751.04,6873,73908.4,5548.32,5277,68905.6,14515.2,85.28,1.67585
12211.8,11570,69171.6,7250.4,7254,65503.5,10776.2,74.62,1.6769
12035.8,11376,69337.3,5353.92,5428,64641.6,6122.16,27.88,1.67796
7361.28,6933,69584.4,1763.28,1829,63181.2,7337.52,-13.94,1.67901
11189.8,10755,68185.2,4272.48,4408,63521.2,25485.1,23.78,1.68007
13178.9,12496,69117.4,6581.52,6676,64608.5,11559.6,-12.3,1.68007
11719.7,11085,69288.3,6643.44,6733,64664.3,9639.36,-58.22,1.68112
24595.8,20620,78172.3,21147.1,18296,75748.7,20353,103.32,1.68429
12726.4,11177,74620.9,8573.04,8141,69014,11095.9,67.24,1.68746
13379.2,12722,68921.5,7824.96,8034,63830.8,13206.2,140.22,1.68746
10081.3,9626,68635.7,5465.52,5274,67915.9,12120.5,-24.6,1.69062
27392,25396,70686.8,7745.76,7456,68082.9,16902,123,1.69168
8747.52,8774,65338.2,2461.68,2562,62969.8,10451.5,67.24,1.6959
8010.24,8028,65391,3470.4,3564,63814.9,20976.5,13.94,1.6959
10300.2,10164,66413.9,5964.48,5968,65497.3,8874.72,79.54,1.69906
10611.8,10513,66152.1,5364,5221,67331,14670,93.48,1.70012
9457.28,9610,64494.5,5479.2,5614,63962.4,11160,-73.8,1.7054
17479,10528,108806,7688.16,4448,113276,7256.88,72.16,1.70645
12810.2,12797,65603.8,4593.6,4649,64755,16007,-21.32,1.70751
12829.4,12912,65117,6087.6,6164,64723.7,14535.4,-46.74,1.70856
7168.64,7424,63281.8,2208.96,2244,64512.7,6927.12,-14.76,1.71278
9656.96,9755,64877.3,4450.32,4475,65174.6,10978.6,47.56,1.71278
6392.96,6621,63278.8,2145.6,2185,64354.3,23527.4,-0.82,1.71384
8995.84,9389,62791.7,2760.48,2781,65052.4,14737.7,-20.5,1.71489
13921.9,12861,70942.1,14493.6,13769,68984.9,34605.4,62.32,1.71489
13531.5,13788,64316.9,3296.88,3464,62374.2,10717.2,-40.18,1.71489
9032.96,9157,64648.3,6363.36,6309,66100.7,12917.5,18.04,1.71595
15898.2,14681,70969.8,16182.7,14541,72935.2,40383.4,66.42,1.71595
12389.1,12361,65685.1,4617.36,4621,65484.4,17340.5,-28.7,1.71806
11441.9,10429,71901.2,9276.48,9261,65645.5,16838.6,90.2,1.72439
8279.04,8221,65998.7,3015.36,3101,63726.1,5581.44,76.26,1.72439
12976,12437,68376.2,9205.92,8981,67177.3,30458.9,-2.46,1.72439
9576.96,8764,71615.2,7904.16,7676,67484,9197.28,-11.48,1.72545
9084.16,8176,72815.5,5478.48,5012,71635.6,21140.6,33.62,1.72861
5923.84,5877,66058.3,2579.04,2741,61663.6,9236.88,36.08,1.73178
9989.12,9577,68356.2,4410,4461,64786.8,12544.6,31.16,1.73283
10821.8,9745,72777.3,8159.04,7729,69182.4,13020.5,49.2,1.73389
9671.68,9713,65257.2,4472.64,4689,62512,25416,-9.02,1.736
11094.4,10816,67222.9,7866.72,8000,64444.2,7719.12,14.76,1.73706
11334.4,11227,66162.9,5436.72,5563,64048.3,17732.2,17.22,1.73811
7008.64,7208,63723.4,2726.64,2904,61533.4,6312.24,22.96,1.74022
14698.2,13795,69827,8665.2,8195,69296.2,15500.9,78.72,1.74022
11098.9,10783,67455.8,5610.24,5631,65294.4,36210.2,45.1,1.74128
24809.6,22752,71462.8,19640.9,18916,68047.4,15182.6,143.5,1.74233
8128,7169,74302.8,6193.44,5825,69681.3,13615.2,69.7,1.74339
15821.4,14849,69827.9,8772.48,8661,66379.6,12639.6,-9.02,1.74444
23473.9,18740,82091.1,14771.5,13012,74398,18154.8,57.4,1.74655
6699.52,6909,63549,2066.4,2237,60538,5225.04,-16.4,1.74866
6919.04,7004,64741,3237.84,3420,62045.4,9003.6,27.06,1.74972
11253.8,10921,67532.9,9124.56,9001,66435.6,28739.5,29.52,1.74972
12481.9,11870,68914.5,8316.72,7870,69256,18884.9,-9.02,1.75183
14947.8,15509,63164.7,3031.2,2997,66283.9,17570.9,-20.5,1.76027
6792.32,7122,62502.3,2904.48,2930,64965.2,8590.32,-23.78,1.76133
29576.3,23943,80955.3,21188.9,18291,75919,26447,151.7,1.76238
9599.36,9898,63558.7,5399.28,5326,66437.7,30801.6,67.24,1.76238
10084.5,10493,62984.5,5902.56,5997,64503.9,6271.92,13.94,1.76344
6853.76,6977,64378.4,3958.56,3109,83444.3,7855.2,63.96,1.76344
10100.5,10793,61331,3517.2,3709,62147,5124.24,95.94,1.76871
8820.48,8980,64371.8,77030.6,70324,71786,6567.12,1070.1,1.76977
13906.6,13820,65946.5,5906.88,5948,65082.9,23595.8,-22.14,1.77294
15409.3,14952,67540.3,5281.2,5148,67231.7,28824.5,36.08,1.77927
7061.12,7133,64875.6,3107.52,3149,64672.7,7585.2,58.22,1.77927
22851.2,18989,78865.5,17300.9,15821,71666.2,39524.4,82.82,1.78243
10682.2,10988,63712.3,4623.84,4764,63607.9,18314.6,-4.1,1.78243
13817,13667,66255.1,5298.48,5299,65529.6,22524.5,22.96,1.78349
7308.16,7505,63817.1,3697.2,3409,71076.5,5902.56,109.06,1.7856
21403.5,19353,72479.8,17863.2,16573,70638,13816.1,113.98,1.78771
12080.6,12077,65555.8,8012.16,7977,65824.9,14946.5,54.94,1.78877
11308.2,10804,68594.2,7834.32,7552,67986,12865,50.84,1.80037
16891.5,16549,66892.4,9157.68,9249,64888.9,23755,-22.14,1.80037
7395.2,7273,66637.1,3621.6,3565,66576.5,31235.8,-16.4,1.80143
10125.4,10252,64727,5255.28,5464,63032.6,5650.56,7.38,1.80249
12378.9,11999,67610.8,7550.64,7483,66128.4,20449.4,49.2,1.80249
12843.5,12257,68672,6116.4,5937,67516.3,10574.6,32.8,1.80671
14273.3,13504,69269.4,8074.8,7716,68583.5,4967.28,12.3,1.80776
11379.8,9979,74735.9,8113.68,7307,72771.1,18499,63.96,1.80776
11351.7,10097,73679.7,7155.36,6977,67211.4,21596.4,50.02,1.81093
9956.48,9384,69534.1,3001.68,2700,72858.6,7688.88,45.92,1.81515
10139.5,9746,68182.2,3862.08,4070,62188,6149.52,-24.6,1.8162
15021.4,14018,70227.2,6140.88,6166,65269,16326.7,12.3,1.82043
13529,12940,68518.9,5366.88,5512,63810.6,17956.8,70.52,1.8257
8555.52,8291,67626.9,2757.6,2887,62598.6,14250.2,34.44,1.82676
33235.2,24260,89781.6,30087.4,24048,81994.6,82882.1,104.96,1.82676
17955.2,16344,71996.6,8221.68,7900,68204.6,24253.2,4.1,1.82992
9986.56,9808,66729.1,3245.76,3412,62342.9,11366.6,-18.86,1.82992
12645.8,11644,71174.2,6455.52,6076,69629.5,6867.36,23.78,1.82992
7491.2,7321,67059.6,2121.84,2237,62162.2,12271.7,-54.94,1.83098
13139.2,12763,67467.7,5730.48,5983,62770,18395.3,21.32,1.83309
15909.1,15610,66791.8,5649.12,5818,63633.7,18401,11.48,1.8352
12649.6,12510,66267.3,6238.08,6457,63314.1,8043.84,-0.82,1.83837
9804.8,9709,66182.7,3505.68,3657,62824.2,9729.36,-8.2,1.83942
9522.56,9252,67452.5,4568.4,4672,64082.8,16834.3,7.38,1.84259
6778.24,6424,69149.9,2592,2620,64835.6,4851.36,40.18,1.8447
12127.4,11211,70892.8,8154.72,7851,68071.3,7182,59.04,1.84681
13375.4,12964,67615.5,7690.32,7600,66314.9,8617.68,33.62,1.84681
8519.04,8281,67419.9,3095.28,3165,64092.3,4931.28,40.18,1.84997
10594.6,10213,67984.4,7498.08,7509,65440.7,16144.6,57.4,1.84997
10766.7,10568,66768.3,5962.32,6040,64693.2,17988.5,2.46,1.85103
10099.2,9912,66773.7,4378.32,4492,63877.5,8220.96,53.3,1.85103
9644.8,9241,68399.7,7109.28,6845,68066.3,15008.4,39.36,1.85314
14523.5,14220,66934.8,5940,5864,66385.4,20389.7,-14.76,1.85525
8006.4,8409,62398.3,2704.32,2889,61346.6,25358.4,-6.56,1.85631
10649.6,10968,63633.5,4949.28,5100,63599.2,7396.56,10.66,1.85842
12560,12085,68111.9,8269.2,7973,67970.7,20136.2,62.32,1.86475
7445.12,7712,63268.1,3295.44,3312,65208.3,4837.68,20.5,1.86791
13078.4,13350,64202.7,4589.28,4658,64569.1,11137.7,-44.28,1.87319
9480.32,9451,65739.3,3903.12,3867,66148.1,19378.1,-11.48,1.87425
9115.52,9201,64927.1,3561.12,3621,64452.2,9670.32,9.84,1.87636
12258.6,12036,66747.8,7205.76,7124,66288.1,6171.84,11.48,1.87847
23855.4,18612,83998.8,13387.7,11012,79674.5,17555.8,558.42,1.88058
13599.4,12835,69438.9,8390.16,8087,67992.8,9866.16,36.9,1.88058
8379.52,8135,67505.9,3946.32,3875,66742.2,45675.4,27.88,1.88163
8273.92,8252,65710.1,2563.2,2652,63341.6,10531.4,-21.32,1.88902
11603.2,11125,68353,6955.2,6757,67458.3,21623.8,82.82,1.89219
11661.4,11362,67263.2,4795.2,4834,65010,31610.9,42.64,1.89324
10407.7,10072,67720.2,4399.92,4504,64021.6,19035.4,-29.52,1.8943
36727.7,33769,71278,22851.4,21853,68530,68490.7,200.9,1.89641
9223.68,8752,69068,5366.16,5440,64646.4,11055.6,32.8,1.89852
34252.8,21160,106087,18505.4,12008,100997,16248.2,95.94,1.90169
14716.8,13458,71665.9,9233.28,9190,65844.6,7733.52,36.08,1.90169
10026.9,8916,73701.4,6282.72,6196,66453.3,17749.4,59.86,1.90169
6623.36,6166,70397.1,2537.28,2610,63710,12434.4,41,1.90274
8989.44,8864,66463.4,3224.88,3456,61153.3,11489,4.92,1.90485
6830.08,6480,69076.6,3198.24,3220,65093.1,7004.16,31.16,1.90591
18649,16949,72109.2,10216.1,9729,68817,23125.7,129.56,1.90591
14324.5,13569,69184.8,5434.56,5605,63543.2,19485.4,43.46,1.90802
10225.3,9700,69084.9,4399.92,4500,64078.5,6391.44,-45.1,1.91013
33024.6,26226,82525.1,24669.4,20658,78261.8,15641.3,174.66,1.91118
18073,17134,69127.4,7579.44,7722,64326.1,16157.5,37.72,1.91329
8638.08,8504,66569.3,3976.56,4156,62706.4,22762.8,77.08,1.91329
10257.3,10177,66053,4389.84,4613,62365.6,6240.24,8.2,1.9154
13856,13797,65816.3,8249.04,8209,65855.7,12883.7,17.22,1.91857
10207.4,10545,63437.6,4381.2,4641,61867.3,12394.1,53.3,1.91963
13035.5,12373,69045.2,8967.6,8929,65819.3,42790.3,28.7,1.92068
8321.92,8368,65175.1,7105.68,6480,71863.9,14883.1,42.64,1.92174
10294.4,10563,63869.5,4140.72,4243,63956.2,5238.72,-22.96,1.92279
22945.3,17437,86238.6,134234,110829,79375.9,29749.7,34929.5,1.92279
9954.56,10601,61539.7,3992.4,4221,61986.7,5922.72,-63.14,1.92279
8559.36,9065,61880.4,3369.6,3481,63438.7,7930.08,34.44,1.92807
15177.6,15789,62998.2,7763.04,7869,64653.5,16853.8,8.2,1.92912
12903.7,13785,61346.1,5710.32,6045,61907.6,11459.5,46.74,1.92912
18678.4,16845,72668.9,10939.7,10237,70034.5,10671.8,-31.98,1.92912
11269.1,12234,60367.3,3798,4090,60857.1,26434.8,50.84,1.93123
18154.9,18515,64261.3,8863.92,8707,66717.1,43711.9,47.56,1.93123
9153.92,9302,64492.7,4802.4,4630,67976.3,12772.1,54.12,1.93229
8536.96,9133,61259,5227.92,4157,82419.3,8185.68,127.1,1.93334
9728.64,10252,62190.4,4929.84,4984,64823.8,17085.6,27.06,1.93651
7093.12,7253,64091.4,5816.16,5601,68053.5,12958.6,4.92,1.94073
4341.76,5089,55913.1,2629.44,2641,65249.1,6218.64,41.82,1.94601
9169.28,10320,58228.5,3326.4,3508,62143.4,13006.1,-26.24,1.94601
10996.5,11388,63282.9,5655.6,5644,65670.7,7668,-22.96,1.94917
12089.6,12505,63359,6181.92,6009,67421.9,14670.7,25.42,1.94917
7085.44,8132,57101.7,2556.72,2724,61511.5,14387,-12.3,1.95129
19615.4,19700,65254.4,11599.9,11408,66638.5,12726,38.54,1.95234
5635.84,6288,58738.9,2341.44,2400,63936.9,18213.1,50.02,1.9534
10178.6,10304,64738.2,5445.36,5220,68365.3,8262,43.46,1.95551
12208.6,12658,63209.5,5412.96,5334,66506.2,8868.96,101.68,1.95762
9919.36,10276,63261.5,7344,7108,67711.9,22961.5,27.06,1.95867
20355.2,20896,63839.9,12619.4,12692,65161.3,7046.64,60.68,1.96078
8910.72,9673,60371.4,4224.96,4269,64859.9,24440.4,36.08,1.96184
6032,6768,58409.2,2190.24,2276,63066.6,36703.4,40.18,1.96289
9407.36,10332,59671,3313.44,3464,62687.5,9923.04,-3.28,1.965
15854.1,15900,65346.7,10559.5,10344,66901.5,29504.9,146.78,1.965
19135.4,18602,67415.1,12488.4,11898,68788,16370.6,60.68,1.97239
10467.8,11297,60725.9,4151.52,4149,65575.8,9913.68,-57.4,1.97345
12992.6,13301,64016.7,6259.68,6117,67064.6,6722.64,-0.82,1.97767
16865.9,15472,71440.3,15536.9,14132,72051,24284.2,20.5,1.97978
11087.4,11325,64160.8,7153.92,7001,66967.5,29062.1,-37.72,1.98083
12337.3,12180,66382.3,6747.12,6480,68237.5,37795.7,3.28,1.984
20710.4,19560,69390.4,16742.9,15816,69376.7,30363.8,36.9,1.984
15482.9,13425,75581.8,12394.8,11317,71777.5,70399.4,87.74,1.98717
10953,11473,62565.4,3615.12,3745,63263.2,6882.48,69.7,1.98822
8991.36,9346,63049.2,2795.76,2918,62790.6,8389.44,77.9,1.98928
8119.68,8469,62832.8,3462.48,3525,64373.6,5216.4,36.08,1.98928
10037.8,9520,69100.3,7183.44,6804,69190.8,22274.6,-15.58,1.99033
9820.16,9900,65007.5,5191.2,5308,64093.9,8438.4,10.66,1.99244
9157.76,9525,63009.2,3000.96,3157,62296.8,6050.88,14.76,1.99455
12778.9,11787,71050.9,7653.6,7231,69366.1,26980.6,28.7,1.99455
6856.96,7141,62929.2,2799.36,2865,64034.5,6150.96,50.02,1.99877
15061.8,13049,75644.7,13339.4,12009,72796.5,34546.3,31.98,1.99877
30849.9,21124,95710.1,24940.8,19024,85918.9,67065.8,157.44,1.99983
9741.44,9996,63867,3258.72,3432,62227.1,21848.4,23.78,2.00194
24465.9,21671,73988.2,14983.9,13223,74263.5,36198.7,1.64,2.00194
12808.3,12905,65045,6199.2,5977,67972.4,15418.1,19.68,2.00405
5134.72,5260,63975.1,2066.4,2140,63282.1,6363.36,18.04,2.00616
9888,10025,64640.4,4181.04,4365,62774,14891.8,63.96,2.00616
22684.8,21906,67865.9,8434.08,8002,69074.7,22347.4,82.82,2.00827
30068.5,24456,80576.1,15995.5,13308,78770.9,26685.4,46.74,2.00933
6475.52,6600,64299.9,3000.24,3116,63101.3,6536.88,69.7,2.01144
10904.3,11128,64218.7,3655.44,3800,63042.9,8712.72,41,2.01144
7218.56,7374,64154.5,2673.36,2782,62976.8,5473.44,38.54,2.0146
7438.72,7333,66480.8,3186.72,3109,67174.3,7505.28,-22.96,2.01883
8287.36,8168,66493.7,3007.44,3112,63334.1,8539.2,63.14,2.0241
14583.7,12416,76977.8,12538.8,11332,72515.3,32089,103.32,2.02516
11251.2,10374,71077.6,5998.32,5777,68046.7,15773,76.26,2.02621
22114.6,18332,79058.5,52211.5,38572,88710.3,34038,10914.2,2.02832
5655.68,5496,67440.1,2600.64,2604,65451.4,9306.72,-43.46,2.02938
10752,9966,70704.7,6300,6142,67221.9,17804.2,44.28,2.03149
9445.76,9306,66520.2,2180.88,2270,62963.1,12906.7,7.38,2.03149
12017.9,11165,70542.4,5914.08,5805,66767.5,7824.96,-31.98,2.03571
12128,11791,67409.1,5815.44,5919,64389.4,27898.6,28.7,2.03677
15215.4,13237,75330.8,12692.9,11941,69662.6,19648.8,48.38,2.03677
9528.96,8807,70908.4,7135.92,7123,65654.9,24222.2,32.8,2.03888
12711,12195,68309.2,5812.56,5831,65328.8,11065,-4.92,2.03993
13777.9,12792,70587.1,6019.92,5244,75232.9,30143.5,9.84,2.0431
5571.2,5483,66590.2,3075.12,3179,63394.5,15579.4,76.26,2.04626
13632.6,12345,72371.7,8188.56,7801,68791.9,37887.8,18.04,2.04626
10458.9,8972,76396.9,6811.2,6444,69270.5,24900.5,77.08,2.05154
13066.2,12968,66032.5,4713.84,4920,62789.9,22772.9,-33.62,2.0526
8375.68,8148,67367.3,4006.08,4084,64285.6,6083.28,3.28,2.05576
9925.12,9757,66665.2,5659.92,5673,65384.9,11357.3,49.2,2.06209
14334.7,14069,66773.8,4767.84,4785,65301,12657.6,44.28,2.06526
12290.6,12396,64978.6,7745.76,7832,64814.4,6318,-7.38,2.06631
9281.92,9513,63944.1,4757.04,4909,63507.3,8259.84,72.16,2.06737
9802.24,9930,64692.8,7727.76,7514,67400.4,13279,11.48,2.06948
13139.8,12456,69134,9677.52,9484,66873.3,31920.5,-11.48,2.06948
11159.7,11368,64335,5137.2,5340,63047.1,25946.6,-33.62,2.07054
5438.72,5808,61369.1,2558.16,2624,63891.6,18746.6,-4.92,2.07265
7200,6641,71052.4,5986.08,5681,69055.4,24009.1,26.24,2.07265
8268.8,8544,63425.1,4160.88,4308,63297.9,40055,91.02,2.07265
14371.2,13252,71070.9,12938.4,11872,71422.8,39244.3,84.46,2.07581
17943.7,17501,67193.7,9600.48,9453,66558.5,44233.9,87.74,2.08214
22419.2,21627,67936.6,15017.8,15243,64567.6,10965.6,65.6,2.08426
13007.4,11137,76542.2,11047.7,10081,71820.3,35895.6,31.16,2.08848
11838.1,12048,64394.1,6339.6,6548,63450.2,8963.28,14.76,2.08848
9780.48,9620,66629.3,5544.72,5236,69400.1,11263,70.52,2.08953
15626.9,13589,75364.1,10612.1,9729,71484.6,12469.7,50.84,2.09059
18643.8,16645,73406,14236.6,13249,70421,33394.3,79.54,2.09164
14577.9,13885,68806.5,12237.8,11613,69062.2,38059.2,100.86,2.09375
12918.4,12565,67379.3,5918.4,5653,68612.8,19786.3,49.2,2.09481
11887.4,11776,66155.7,9297.36,9156,66547.8,5916.96,-3.28,2.09481
20239.4,18024,73591.1,12343,11256,71864.6,39222,29.52,2.10114
12517.8,12129,67636.6,7920,7845,66162.5,11863.4,23.78,2.10325
6778.88,6921,64190.2,2432.16,2569,62045.2,5759.28,-36.9,2.10536
13685.1,13987,64121.5,4812.48,5027,62739.3,7609.68,-25.42,2.10642
8596.48,8877,63465,4201.2,3513,78374.6,10584.7,4.1,2.10747
11469.4,11765,63889.6,6485.76,6581,64587.6,14992.6,19.68,2.10853
10762.9,10708,65871.9,4480.56,4580,64113.1,4963.68,0.82,2.11275
11404.2,11248,66445.9,4483.44,4544,64662.6,22256.6,9.02,2.11275
8560.64,8828,63551.2,2923.92,3016,63535.2,14769.4,-35.26,2.1138
9886.72,10164,63748.1,5436,5616,63435.5,9133.92,14.76,2.11591
6406.4,6396,65642.6,3587.76,3608,65168.4,7868.16,-6.56,2.11697
10222.1,9715,68956.7,7405.92,7143,67948.3,18669.6,86.1,2.11908
11978.9,11541,68022.5,5763.6,5685,66442.1,11376.7,-41.82,2.12014
19675.5,17885,72097,16919.3,16249,68239.4,26802.7,94.3,2.1233
18355.8,18060,66609.5,7496.64,7580,64815.3,21140.6,-1.64,2.12647
9168.64,8649,69473.5,8698.32,8605,66246.7,25326,16.4,2.12963
11887.4,10598,73509.1,9113.04,8758,68192.8,22083.8,96.76,2.13069
12814.7,12553,66902.4,4654.8,4665,65392.7,12939.8,28.7,2.13174
10416.6,10091,67650.9,4772.88,4655,67195.6,23964.5,29.52,2.1328
6648.96,6609,65932.3,25664.4,24721,68037,74047,1859.76,2.13491
10768.6,10493,67257.6,5200.56,5245,64980.7,8976.96,13.94,2.14019
7772.16,7537,67580.8,3030.48,3089,64294.4,17390.2,-41.82,2.14652
22380.8,20845,70364.5,13433.8,12861,68454.6,11648.9,26.24,2.14969
5924.48,5833,66563.8,2270.16,2297,64770.2,5609.52,41.82,2.15074
6192,5928,68454.6,2140.56,2200,63765.3,7862.4,27.06,2.15391
12810.9,12336,68058.8,4829.04,4868,65011.5,6880.32,83.64,2.15496
11532.2,11288,66953.5,4419.36,4476,64706.7,12291.8,16.4,2.15813
4942.08,5041,64250,2022.48,2197,60330.1,7788.24,27.06,2.16024
7808.64,7728,66219.9,3102.48,3088,65843.3,14785.2,-22.14,2.16446
14113.9,13746,67290.1,6091.2,6118,65248.9,15011.3,12.3,2.16446
9731.84,9612,66353.1,4574.88,4508,66508.3,15107,11.48,2.16551
6594.56,6409,67433.5,5236.56,5177,66290,15975.4,0,2.16763
14060.8,13907,66260.8,4104.72,4099,65627.5,19039,-42.64,2.16868
11134.7,11856,61549,4148.64,4272,63643.6,14919.8,9.02,2.1729
11200.6,11184,65633.5,5609.52,5220,70426.3,10942.6,31.98,2.17396
6007.68,6245,63045.5,2458.8,2481,64949.6,9762.48,5.74,2.17396
9631.36,9457,66744.3,7562.16,7141,69401.2,5998.32,-31.16,2.17501
11618.6,12057,63152.9,5192.64,5277,64488.3,14985.4,9.84,2.17712
19950.1,18464,70810.7,15310.8,14628,68595.1,46936.1,101.68,2.17923
10618.9,10347,67258,8619.84,7999,70622.6,22335.8,121.36,2.18134
22741.1,18905,78834.3,18729.4,16621,73849.2,26475.8,31.98,2.18346
16919,15204,72928.6,20999.5,20116,68414.4,26511.1,78.72,2.18451
11093.1,11514,63140.4,3842.64,3978,63306,28039.7,1.64,2.18768
10866.6,10311,69067.1,8097.84,7363,72076.6,26115.8,41.82,2.18873
8474.24,8312,66815.2,3716.64,3784,64369.4,17903.5,4.92,2.19295
15956.5,14879,70281.9,11398.3,10811,69096.3,7521.84,74.62,2.19506
10318.7,10305,65623.3,4596.48,4753,63377.8,8583.84,-9.84,2.20245
5575.04,5444,67113.5,2628,2628,65536,6546.96,-25.42,2.20245
12711.7,11836,70384.6,6822.72,6392,69952.1,13470.5,4.92,2.20667
7270.4,7329,65012,3105.36,3237,62870.8,12728.2,-53.3,2.20773
13680.6,13309,67366,5284.8,5305,65286.5,5690.88,19.68,2.20984
8951.04,8364,70135.8,5489.28,5308,67774.2,31625.3,46.74,2.21195
9776,9930,64519.6,3983.04,4062,64262.1,6096.96,0.82,2.21511
6290.56,6828,60377.6,2638.08,2796,61834.5,10394.6,37.72,2.21723
8976,9288,63334.5,5655.6,5628,65857.4,19175.8,-10.66,2.21828
10641.9,11186,62348.4,3772.08,3926,62966.6,12246.5,67.24,2.21934
25246.7,22981,71997.3,11749,10885,70737.7,31449.6,160.72,2.22356
13833,14452,62728.8,6119.28,6192,64766.3,30639.6,18.86,2.22356
8421.76,9121,60511.8,2764.8,2865,63244,16503.1,-28.7,2.22356
11345.9,10768,69053.3,8141.76,4432,120392,26097.8,345.22,2.22883
10913.3,11340,63069.9,6961.68,6776,67331.9,9501.84,6.56,2.232
14103.7,14005,65997.8,7932.96,7813,66542.2,14345.3,77.08,2.232
7356.16,7804,61775.2,5703.84,5468,68362.6,17165.5,43.46,2.23306
11029.1,11547,62596.7,3412.08,3455,64721.9,23168.9,-15.58,2.23517
10453.8,10008,68455,10883.5,10184,70037.5,30533,89.38,2.23622
12576,12774,64520.2,5231.52,5302,64664.8,13636.8,127.92,2.23833
10990.7,11465,62824.9,6445.44,6537,64618.1,6924.96,59.04,2.23939
16271.4,15976,66747.6,8471.52,8460,65625.2,21621.6,31.98,2.24255
15041.3,14713,66998.3,4108.32,4093,65781.3,24390.7,85.28,2.24255
5327.36,5229,66768.8,2360.88,2425,63803.2,6909.12,-72.98,2.24361
10501.8,10336,66587,2882.88,2964,63742.4,10764.7,-28.7,2.24572
11590.4,11449,66345.4,4164.48,4173,65402.2,13365.4,13.94,2.24572
13969.9,13685,66900.5,6475.68,6465,65644.3,16077.6,-0.82,2.24677
43483.5,33220,85783.8,33822,26676,83091.9,98475.1,83.64,2.24783
12413.4,12792,63596.6,4420.08,4664,62108.6,9924.48,54.12,2.24783
13802.9,12924,69992.7,7428.24,6904,70512.3,8195.04,34.44,2.24889
9102.08,9065,65804.1,2760.48,2809,64404,20589.8,7.38,2.24889
6570.88,6538,65865.6,2575.44,2570,65674.7,6726.24,-37.72,2.25416
12165.8,12181,65454,7346.88,7205,66826.5,38470.3,69.7,2.25416
7797.76,7949,64289.1,2955.6,2957,65505,18719.3,-27.88,2.26049
10357.1,10648,63745.7,6222.96,6280,64940.8,4872.24,16.4,2.26049
9677.44,9416,67355.6,5124.24,4892,68647.2,15451.2,33.62,2.26366
9708.8,9771,65118.8,4540.32,4475,66492.6,24231.6,47.56,2.26366
10803.8,10700,66172,11549.5,10936,69212.6,10958.4,37.72,2.26683
7703.04,8628,58510.2,3531.6,3796,60971.3,14647,34.44,2.26788
15607.7,15536,65838.4,5911.92,5920,65446.6,22502.9,81.18,2.26999
10116.5,10297,64387.1,6736.32,6665,66237.3,8046.72,-60.68,2.27421
9344,9249,66209.1,6640.56,6561,66330.7,34241.8,32.8,2.27527
10714.2,11220,62581.9,6131.52,6372,63062.7,5833.44,42.64,2.27843
8378.88,8388,65464.7,5584.32,5396,67823.2,23029.2,-18.04,2.28054
10676.5,11084,63126.5,5721.84,5692,65879.6,8336.16,41.82,2.28477
5838.72,6556,58365.8,2384.64,2536,61624.5,25428.2,-15.58,2.28582
10138.2,10638,62457.2,6242.4,6074,67353,13180.3,9.84,2.28793
7155.2,8168,57409.8,2961.36,3128,62044.7,30080.9,47.56,2.29215
7619.2,7400,67477.3,8753.76,8460,67811.6,11680.6,80.36,2.29321
10655.4,11147,62645.5,5286.96,5275,65684.6,18459.4,26.24,2.29321
5757.44,6525,57826.8,3068.64,3085,65188.5,7166.88,37.72,2.29426
8051.2,8748,60315.9,3796.56,3996,62265.1,13083.8,-16.4,2.29532
11630.1,11541,66041.8,6384.96,6389,65494.6,10120.3,69.7,2.29954
8773.76,9100,63186.5,3642.48,3708,64378,11165,10.66,2.3006
10642.6,10532,66224,9722.88,9360,68076.8,14125.7,55.76,2.30271
9787.52,9684,66236.6,6956.64,6996,65167.3,14333.8,9.84,2.30904
12881.3,12833,65782.6,6332.4,6529,63562.6,19380.2,-11.48,2.31115
15418.2,14689,68789.6,7588.8,7573,65672.7,7988.4,-6.56,2.31431
12001.9,11764,66861.4,5042.16,5200,63546.7,4827.6,40.18,2.31643
11866.2,11545,67359.5,5433.84,5369,66327.5,9509.76,41.82,2.31748
11561,11476,66021.2,4174.56,4416,61952.9,7757.28,-4.1,2.31748
16550.4,15948,68011.5,7596,7564,65813.3,35573,21.32,2.31748
7018.24,6688,68772,2964.96,3028,64171.6,20581.2,-10.66,2.31748
14172.8,13756,67521.7,7593.84,7548,65934,11306.2,2.46,2.32276
9684.48,9276,68422,4190.4,4220,65076.3,7038,33.62,2.32909
14017.9,13464,68232.2,5667.84,5420,68532.8,14820.5,-13.12,2.3312
11741.4,10584,72702.9,7637.04,7228,69244.8,17032.3,22.14,2.33437
11120,10816,67378,6040.08,5988,66106,11437.2,54.94,2.33542
11419.5,11064,67641.9,4803.84,4920,63988.7,19116.7,36.9,2.33753
10343.7,10132,66905.2,5289.12,5216,66454.7,18542.2,59.04,2.33859
11267.8,11044,66864.3,9894.24,8768,73954,10973.5,25.42,2.33964
5247.36,5176,66439.5,1850.4,1944,62380.6,8056.08,22.96,2.34386
11513.6,11360,66422.1,4232.16,4400,63036.1,18740.2,-13.94,2.34386
8601.6,7572,74447.2,5169.6,4832,70114.8,26682.5,17.22,2.34386
10392.3,10221,66634.5,3839.76,4025,62519.9,5135.04,38.54,2.34492
10215.7,9592,69797.2,9411.84,9256,66639.4,24796.8,41,2.34597
15186.6,14524,68525.6,7394.4,6952,69706.5,7380.72,41.82,2.34809
9970.56,9576,68236.3,5922,5980,64900.4,7638.48,64.78,2.34809
10939.5,10605,67603.2,3715.2,3901,62414.6,20839,30.34,2.3502
20832.6,17861,76439.6,15674.4,14565,70527.8,30127.7,8.2,2.35125
10842.2,9048,78532,7416,7192,67577.2,26414.6,34.44,2.35231
15079,14528,68021.8,3990.96,4240,61686.7,20675.5,45.1,2.35231
19466.2,16332,78112.9,11841.8,10780,71991.4,46874.9,110.7,2.35336
12012.2,10176,77361.3,10648.1,10432,66893.5,23723.3,10.66,2.35864
11390.7,10177,73351.9,6360.48,6037,69047.6,11085.1,69.7,2.35969
10881.3,10210,69844.8,4479.12,4470,65669.7,9658.8,36.08,2.3618
8998.4,8592,68635.8,2944.8,3024,63819.6,12913.9,53.3,2.36286
12471,11242,72700.8,6181.92,6094,66481.5,26394.5,35.26,2.36391
17006.1,16528,67431.7,7045.92,7008,65890.6,25770.2,37.72,2.36814
17215.4,16402,68785.9,7470.72,7590,64506.1,13805.3,-8.2,2.36814
12219.5,11505,69606.1,7614,7505,66487.8,9244.08,77.08,2.36814
13210.9,11415,75846.5,10966.3,10387,69191.2,29569,66.42,2.37025
9416.96,8341,73989.9,6163.2,5825,69341,16326.7,100.86,2.3713
6680.96,6180,70848.5,2355.84,2420,63798.5,9005.76,13.12,2.37236
8044.8,7705,68426.2,2898.72,2989,63556.6,27607.7,39.36,2.37341
15093.8,14564,67919.9,5930.64,6084,63884,11191,71.34,2.37447
11041.3,10680,67752.9,5219.28,5272,64880.6,9299.52,75.44,2.37552
14845.4,13968,69652.8,6400.8,6336,66206.3,26730.7,6.56,2.38291
14580.5,13902,68734.4,7171.92,7166,65590.1,10486.8,4.92,2.38397
11028.5,9852,73362,8029.44,7708,68269,12465.4,74.62,2.38608
12689.9,11581,71811.3,8650.8,8233,68861.8,4851.36,130.38,2.38713
9134.72,9182,65198.5,3934.8,4078,63234.7,19928.2,10.66,2.38924
11916.8,11933,65447,7264.8,7085,67199.1,13946.4,30.34,2.39135
24103,20050,78783.9,18812.2,16422,75074.5,8441.28,146.78,2.39663
11214.7,11387,64544.5,5735.52,5679,66188.3,47802.2,-22.14,2.39769
12009.6,12821,61388.4,5225.04,5265,65038.6,6577.92,84.46,2.39874
7285.12,7989,59761.9,4158.72,4129,66007.7,16120.1,-30.34,2.40402
12652.2,13093,63329.4,6847.92,6721,66773.6,13509.4,41.82,2.40507
9271.68,9665,62869,6394.32,6081,68912.7,19604.9,8.2,2.40507
7981.44,8695,60157.8,3770.64,3763,65669.1,12686.4,-10.66,2.40613
6932.48,7841,57942.5,3129.84,3169,64726.2,18946.1,71.34,2.40613
5870.08,6856,56111.7,3698.64,3820,63453.9,15451.2,3.28,2.40718
11221.1,11860,62005.7,6598.8,6372,67868.6,30685.7,-10.66,2.40824
9742.72,10669,59846.2,6180.48,6141,65957.3,29077.2,36.08,2.40929
6540.8,7676,55843.9,2779.92,2856,63790.2,8573.76,66.42,2.4114
7434.88,7505,64923.7,8448.48,7797,71011.9,15319.4,23.78,2.41563
8485.12,8328,66772.4,4501.44,4220,69906.7,27746.6,27.06,2.41985
8288,8781,61856.6,3646.8,3661,65281.8,21955.7,127.92,2.41985
10743.7,11032,63823.2,5686.56,5596,66596.6,6233.04,19.68,2.42196
7901.44,8544,60607.3,3691.44,3748,64547,9683.28,15.58,2.42407
12103.7,12673,62591.9,5196.96,5089,66926.3,17536.3,15.58,2.42512
8755.84,9045,63440.9,3178.08,3249,64105.5,16035.1,5.74,2.43146
10265.6,9709,69293.1,7022.16,6829,67389.7,26547.8,108.24,2.43146
18743,17760,69163.5,14280.5,14224,65796.2,10363.7,33.62,2.43357
7955.84,8428,61864.5,3867.84,3976,63753.2,7607.52,-28.7,2.43462
18718.1,17545,69917.8,9715.68,9005,70708.1,41773.7,0.82,2.43462
10337.3,10382,65253.7,8688.24,8174,69659,7115.04,-18.86,2.43779
13708.8,13601,66055.4,5593.68,5409,67773.6,18597.6,42.64,2.43884
14517.1,13652,69689,11411.3,10784,69348.1,18055.4,0,2.43884
14298.9,14036,66763.4,8217.36,8100,66485.5,6631.2,-11.48,2.4399
13468.8,14023,62946,4581.36,4787,62720.7,16377.8,86.92,2.4399
35408,28681,80907.2,30954.2,27001,75131.2,44708.4,182.04,2.44412
13019.5,12904,66122.7,4294.8,4396,64027.3,17751.6,24.6,2.45151
9063.04,8976,66171.5,3981.6,4148,62907,11009.5,40.18,2.45467
16940.8,16523,67193.1,5572.8,5695,64129.8,12450.2,40.18,2.45678
8862.08,8517,68191.3,4332.24,4389,64688.5,13855.7,-14.76,2.45995
7208.96,6888,68589.8,2716.56,2748,64786.2,8362.8,29.52,2.45995
11443.2,11375,65928.9,4093.92,4239,63293,12615.8,86.92,2.46206
9765.12,9544,67054.4,3646.08,3688,64791.1,13997.5,-25.42,2.46311
7742.08,7861,64544.6,2476.8,2565,63282.5,31215.6,36.9,2.46311
9773.44,8805,72744.1,8763.12,8229,69789.8,9614.88,109.88,2.46311
5776,5543,68290.8,2816.64,2756,66978,8136.72,20.5,2.46628
23031.7,20496,73643.8,22207,21184,68700.7,24247.4,113.16,2.46734
9676.16,9301,68179.4,5652,5841,63415.4,7097.04,12.3,2.46734
7317.12,7286,65815.9,2355.12,2450,62998,12044.9,18.86,2.46839
11946.9,11958,65475.1,5138.64,5026,67004.8,17314.6,116.44,2.47156
11035.5,11811,61233.1,4479.84,4608,63713.3,8400.24,73.8,2.47367
13063,13633,62796.1,3882.24,4037,63023.7,15300.7,98.4,2.47683
15117.4,15033,65904.1,8395.2,8425,65304.2,21979.4,78.72,2.47789
13415,13672,64304.3,5112,5112,65536,17889.8,-51.66,2.48106
21167.4,19557,70932.4,15340.3,14305,70279.1,18084.2,93.48,2.48211
9424.64,9327,66222.1,7381.44,7087,68258.8,5731.2,41,2.48211
14048,13984,65835.9,6264,6228,65914.8,15044.4,66.42,2.48317
8321.92,8828,61779,2994.48,3164,62024.7,15763,-34.44,2.48528
13399,13617,64487,8544.24,8337,67165.1,7333.92,17.22,2.49055
65024.6,48937,87080.4,56077.9,41165,89277.9,63422.6,476.42,2.49266
9515.52,9836,63400.7,3440.16,3484,64711.4,13313.5,-22.96,2.49266
12970.2,13344,63700.4,7895.52,8116,63755.6,27656.6,117.26,2.49266
5969.28,6505,60138.8,2257.92,2285,64759.3,7768.8,-85.28,2.49477
11365.8,10846,68676.6,11891.5,11262,69199.3,15650.6,123.82,2.49477
11472.6,10924,68827.4,6873.12,6616,68083,11905.2,61.5,2.499
14923.5,14348,68164.7,7054.56,7032,65746.3,11073.6,-26.24,2.50533
7183.36,7143,65906.3,3327.12,3415,63849.5,14191.9,9.02,2.50638
7627.52,7697,64944.4,3155.76,3249,63655.2,15549.1,-22.14,2.50955
10371.2,9921,68509.9,6030.72,5797,68178.3,15275.5,100.86,2.50955
9213.44,9561,63153.6,3717.36,3897,62515,71602.6,2.46,2.5106
12206.7,12077,66239.9,6390.72,6505,64384.7,10592.6,33.62,2.51166
11959,11755,66673.6,5782.32,5951,63678.4,9447.84,15.58,2.51377
16475.5,15368,70259,5434.56,5032,70778.9,10802.9,91.84,2.51377
11930.2,10701,73064.2,5766.48,5241,72106.9,22621,12.3,2.51377
27033,23081,76757.2,14893.2,13529,72144.3,31671.4,53.3,2.51483
13340.2,11798,74102.5,9422.64,8901,69376.7,8034.48,45.92,2.51905
14146.6,13628,68029.7,5220.72,5272,64898.5,9416.88,9.84,2.52327
12369.3,11817,68598.9,4554.72,4585,65103.2,8423.28,22.96,2.52538
8751.36,8491,67545.5,3342.96,3375,64913.9,13867.9,-86.92,2.52854
9701.12,8832,71985.1,5877.36,5472,70390.9,25089.8,82,2.5296
10245.1,9876,67985.4,6946.56,7040,64666.2,5647.68,11.48,2.5296
15867.5,13752,75617.6,9939.6,8920,73027.1,94487.8,95.94,2.53488
9016.32,9056,65248.8,3829.68,3860,65021.2,9164.88,14.76,2.53488
17599.4,17312,66623.8,13135,12560,68536.1,34416.7,88.56,2.53699
16160,15248,69455.8,7081.92,6496,71447.2,79112.2,84.46,2.5391
11253.8,10599,69584.5,10502.6,9891,69588.6,28121.8,119.72,2.54015
9278.72,8420,72219.7,5487.12,5172,69529,15645.6,59.04,2.54543
14713.6,13720,70282.1,6516,6072,70328.2,34570.1,86.92,2.54649
9173.12,8411,71474.2,4476.96,4383,66940.9,5639.76,-6.56,2.5486
24793,18484,87904.7,21505,17696,79642.2,68593,185.32,2.55071
13475.2,12328,71634.5,7487.28,7032,69779.1,24339.6,-60.68,2.55176
13241.6,12941,67058.3,8143.2,8221,64915.8,24602.4,54.12,2.55176
20543.4,19356,69556.2,8865.36,8888,65369.1,25380,9.84,2.55387
12529.3,11905,68972.6,6012.72,5857,67278.4,9736.56,-48.38,2.55387
20745.6,18860,72088.2,10250.6,9852,68187.8,34455.6,116.44,2.55493
14211.2,13488,69049.9,8780.4,8500,67697.9,14389.2,22.14,2.55704
19107.2,16384,76428.8,16065.4,14308,73585.4,11882.2,34.44,2.55809
8003.84,7789,67343.6,6428.16,6317,66689.2,18265,-20.5,2.55809
12085.1,12299,64396.3,4496.4,4699,62710.4,13417.2,36.9,2.55915
10187.5,9517,70153.3,7542.72,7129,69339.3,12368.9,19.68,2.5602
5733.76,6008,62544.6,2542.32,2652,62825.6,7755.84,27.06,2.5602
13330.6,13105,66664,6358.32,6289,66258.4,15038.6,53.3,2.56443
5883.52,6168,62513.4,1882.08,1948,63318.3,13998.2,-37.72,2.56548
12984.3,12648,67278.6,5864.4,5612,68483.5,11234.9,-12.3,2.56759
8771.2,9181,62610.8,4090.32,4169,64299.2,9185.76,-55.76,2.56865
15416.3,15058,67095.5,7999.92,7122,73614.5,25170.5,32.8,2.56865
12719.4,11693,71288.5,8478.72,7997,69483.7,66857,22.96,2.5697
10879.4,10712,66559.9,9460.08,9432,65731.1,26321,51.66,2.5792
6715.52,6843,64315.1,2682,2699,65123.2,16839.4,20.5,2.58237
7648,7772,64490.4,2814.48,2872,64223.5,19759,50.84,2.58237
13342.7,13124,66628.2,8703.36,8708,65501.1,22185.4,15.58,2.59292
15644.8,14626,70101,9613.44,8914,70678.3,29762.6,77.9,2.59397
9928.96,10345,62900.4,3560.4,3737,62439,8284.32,-75.44,2.59503
11469.4,11367,66126.6,6646.32,6515,66857,30993.1,18.86,2.59714
9998.72,9913,66102.7,4969.44,4921,66181.1,11443.7,6.56,2.5982
6424.96,6740,62472.7,3481.2,3172,71924.3,6261.12,5.74,2.5982
9937.28,10088,64556.9,3940.56,3996,64626.8,12163,28.7,2.59925
11246.1,10870,67803.4,7630.56,7266,68824.2,15444,7.38,2.60347
10751.4,11049,63770.6,6694.56,6685,65629.7,7173.36,65.6,2.60664
10862.1,10884,65404,2382.48,2388,65384.5,19280.9,18.04,2.6098
7607.68,8035,62050.6,2835.36,2887,64363.8,35192.9,-20.5,2.61086
10065.3,9677,68165.6,8146.08,7865,67878.1,10653.8,26.24,2.61086
13897,14209,64096.8,3749.76,3845,63912.7,8442,36.08,2.61191
11364.5,11164,66712.9,7836.48,7580,67753.5,21870,-35.26,2.61297
9881.6,9925,65249.4,6179.04,6021,67256.2,7522.56,67.24,2.61825
6785.92,7233,61485.1,2967.84,3061,63541.4,6170.4,20.5,2.62352
9546.24,9461,66126.5,6199.92,6117,66424.4,24453.4,7.38,2.62774
11366.4,11148,66819.9,4931.28,4892,66062.2,12274.6,46.74,2.6383
8923.52,8300,70459.3,6434.64,5992,70377.3,58287.6,38.54,2.63935
12094.1,12037,65846.8,6033.6,5701,69359.4,11180.9,36.9,2.64041
11056.6,10764,67317.7,8034.48,8012,65719.9,21583.4,-45.92,2.64146
15228.2,14675,68006.3,4333.68,4355,65215.2,6235.2,0.82,2.64252
14708.5,14293,67441.1,9569.52,7333,85524.1,16516.8,169.74,2.64357
14044.2,13208,69684.9,7408.08,6904,70321,9545.04,20.5,2.64568
9808,10005,64245.6,4565.52,4581,65314.5,14512.3,-41,2.64568
8295.04,8093,67172.1,8437.68,8217,67296.1,16628.4,48.38,2.64885
5017.6,5197,63273.7,2542.32,2365,70449.7,8177.76,45.92,2.64885
15165.4,14208,69952.3,10799.3,10020,70632.9,9324,18.04,2.64885
8269.44,8292,65357.7,3605.04,3604,65554.9,5068.8,7.38,2.65202
22542.7,17657,83669.9,17973.4,15177,77611,19698.5,130.38,2.65518
6121.6,6232,64375,2417.76,2524,62777.5,14424.5,-15.58,2.65624
9620.48,8308,75889.2,7776.72,7120,71580.8,27290.2,18.86,2.66046
28037.8,25542,71939.6,18256.3,17238,69407.5,30471.1,109.06,2.66468
14526.1,13789,69039.2,11545.2,11133,67962.5,12402.7,81.18,2.66468
10677.1,10372,67463.9,6678,6708,65242.9,6975.36,27.88,2.66574
9265.92,9170,66221.5,4058.64,4146,64155.1,6794.64,54.94,2.66679
8000,7876,66567.8,3038.4,3104,64151,9015.12,-9.84,2.66785
11833,11772,65875.4,4839.12,5032,63024,10669,66.42,2.67312
13804.2,13289,68076.6,7454.88,7229,67583.8,31912.6,31.16,2.67523
12842.2,12868,65404.8,3651.12,3808,62836.1,18656.6,122.18,2.6784
19636.5,16037,80245.5,23333.8,21873,69912.7,44769.6,165.64,2.67946
13047.7,11869,72044.2,9434.88,9101,67940.3,10448.6,13.12,2.68262
11041.3,10657,67899.1,6644.88,6433,67694.5,45453.6,-8.2,2.68262
11226.2,9936,74046.2,8922.96,8580,68155.6,30459.6,48.38,2.68684
14633,14239,67349.2,6033.6,6251,63256.8,8784.72,-10.66,2.69212
7930.24,7648,67954.5,3275.28,3332,64420.4,24063.1,40.18,2.69317
6286.08,6385,64520.7,2813.76,2945,62615.5,8457.84,-8.2,2.69529
9440,9061,68277.2,8076.96,7653,69166.6,27273.6,-5.74,2.69845
10807,10864,65192.4,7585.2,7620,65236.7,9626.4,130.38,2.70056
12254.1,12549,63995.8,4175.28,4225,64764.8,16352.6,4.92,2.70162
9118.08,9473,63080.6,3654,3633,65914.8,17753.8,4.92,2.70478
13674.2,13992,64047.7,5716.08,5592,66990.2,14016.2,-50.02,2.70478
7525.76,8042,61329,4020.48,4046,65122.6,53294.4,18.86,2.70689
7859.84,8605,59860.8,4155.84,4009,67936.4,34148.2,-22.96,2.709
6984.32,7395,61896.5,2609.28,2643,64699.9,8900.64,13.12,2.71323
5580.16,5764,63445.8,2636.64,2704,63903.4,15895.4,65.6,2.71639
8172.16,8364,64032.8,2602.8,2664,64030.4,5204.16,6.56,2.72061
14364.8,14472,65050.6,5428.08,5448,65296.4,24876.7,-65.6,2.72272
13219.2,12961,66841.6,7150.32,7141,65621.5,20158.6,-34.44,2.72378
10476.2,10666,64369.6,3313.44,3482,62363.5,18977,22.14,2.72483
28825.6,22231,84976.6,23581.4,18771,82330.9,102550,112.34,2.72906
11215.4,10989,66886,5451.84,5053,70708.9,9807.12,77.08,2.73011
7947.52,7977,65293.8,3933.36,3401,75794.4,29481.1,34.44,2.7375
8892.8,8981,64892.4,2943.36,3045,63348.5,10782.7,7.38,2.74277
12221.4,11756,68130.7,4662.72,4616,66199.3,19638.7,27.06,2.74383
18045.4,17565,67328.5,7657.2,6713,74753.8,24680.9,-11.48,2.75122
11802.9,11578,66808.9,6495.84,6638,64132.5,6775.92,5.74,2.75227
15538.6,14321,71107.8,8766,8145,70532.7,35192.2,40.18,2.75438
13130.2,12583,68386.2,5747.76,5571,67615.4,14611.7,-55.76,2.75544
12417.3,11765,69169.5,6521.04,5621,76029.7,13805.3,-11.48,2.75649
12831.4,12864,65369.7,7548.48,7636,64784.9,12877.9,5.74,2.7586
6457.6,6716,63014.5,2261.52,2396,61857.7,6694.56,-20.5,2.75966
7456.64,7877,62038.6,3219.84,3397,62118.2,5934.24,8.2,2.76177
12585.6,12016,68642.6,10982.2,10164,70811.4,16529.8,-10.66,2.76494
13135.4,13171,65358.7,5319.36,5351,65148.5,10555.2,9.84,2.76494
9934.72,10381,62718.6,5813.28,6045,63023.8,12623.8,-46.74,2.76916
14415.4,14452,65369.8,5565.6,5716,63811.6,14878.1,-21.32,2.77232
15017.6,14600,67410.5,7765.2,7720,65919.7,5768.64,9.02,2.77232
11786.2,12204,63292.6,4130.64,4332,62489.8,19992.2,-22.96,2.77232
10248.3,10260,65461.4,4655.52,4692,65026.5,7565.76,-0.82,2.77338
5386.24,5785,61018.6,2122.56,2269,61306.3,24390.7,59.04,2.77443
13531.5,13313,66611.7,6035.04,5973,66216.7,19866.2,79.54,2.77443
8979.84,9101,64663.5,3371.04,3449,64054.6,5152.32,6.56,2.77971
7923.2,7545,68821,6710.4,6393,68789.7,11304,4.1,2.77971
6696.32,7020,62514.3,2126.16,2284,61007,8398.08,44.28,2.77971
10254.1,10072,66720.8,5236.56,5160,66508.4,9968.4,2.46,2.78182
12767.4,12225,68443.5,7456.32,7349,66493.1,11103.8,54.12,2.78288
9355.52,8508,72064.3,6587.28,6136,70355.9,14461.2,-22.14,2.7871
7334.4,6980,68863.5,2254.32,2256,65487.2,8930.88,52.48,2.7871
12309.8,10986,73432.8,10280.9,9406,71631.7,12127,100.04,2.78815
8926.08,8604,67989.3,4318.56,4380,64616.7,7335.36,-39.36,2.79026
10628.5,10309,67567,3745.44,3797,64646.1,19437.1,-28.7,2.79343
6988.8,6641,68968.2,2335.68,2353,65053.6,14303.5,40.18,2.79343
12590.1,12133,68004.9,4411.44,4465,64749.9,30458.2,-5.74,2.79448
10903.7,10146,70430.1,7776,7366,69183.8,18169.2,69.7,2.79765
17056.6,14781,75625.7,10804.3,9981,70942,40266,79.54,2.79765
10476.8,9933,69123.9,4795.92,4713,66689,14636.9,44.28,2.79871
13038.1,12164,70245.3,6978.96,6832,66945.7,13540.3,62.32,2.79871
27191,19771,90131.6,23896.8,19071,82119.5,48867.8,150.06,2.80082
12042.9,11676,67595.3,5703.12,5868,63694.6,5874.48,-8.2,2.80187
7842.56,7204,71345.1,3106.08,3060,66522.9,6968.16,77.9,2.80293
8787.2,8525,67551.7,3481.2,3661,62317.4,10813,-3.28,2.80504
11588.5,10952,69344.6,5167.44,5160,65630.5,7862.4,5.74,2.81031
7123.2,6913,67528.7,2296.08,2421,62154.4,8946,37.72,2.81031
11902.1,11298,69040.1,4534.56,4626,64240.6,17109.4,21.32,2.81137
9319.04,8276,73795.6,7515.36,7248,67953.5,15068.9,29.52,2.81137
19822.7,17213,75472.1,13194.7,11993,72102.8,29711.5,23370.8,2.81243
19194.9,16509,76198.2,14498.6,13113,72461.1,33366.2,-1.64,2.81348
12909.4,12093,69960.6,7942.32,7561,68841.1,16672.3,26.24,2.81348
18940.8,15376,80730,32410.1,27988,75890.6,11146.3,136.94,2.81454
16268.8,16037,66483.3,5109.12,5317,62973.7,10841,29.52,2.81454
12225.3,11072,72362.4,7786.08,7376,69179.6,10049.8,35.26,2.82087
11991.7,11910,65985.4,4908.24,4994,64410.6,14098.3,25.42,2.82298
12941.4,11906,71235.5,8116.56,7510,70829.2,50644.8,11.48,2.82614
12963.8,12345,68821.2,6230.16,6141,66487.5,7084.08,-41,2.8272
13305.6,13169,66215.8,5582.16,5649,64760.6,22470.5,-5.74,2.82826
12572.2,12349,66720.3,3868.56,3885,65258.7,8538.48,-18.04,2.82826
11267.8,10920,67623.6,5427.36,5384,66063.8,11165,-30.34,2.82931
11070.7,11235,64577.7,4873.68,4951,64512.5,7130.16,19.68,2.82931
5529.6,5546,65342.2,2563.92,2606,64477.8,10329.8,-60.68,2.83037
13036.8,12772,66894.8,5615.28,5600,65714.8,6253.2,-30.34,2.83142
13974.4,14172,64622.2,6778.8,6760,65718.3,12670.6,-4.1,2.83353
10581.1,10349,67005.9,7103.52,6889,67576.8,34956,45.1,2.83881
11121.9,10788,67564.5,5577.12,5220,70019.6,38725.9,68.88,2.83881
11838.7,12312,63016.8,3331.44,3368,64824.6,8210.16,52.48,2.83986
11466.2,11708,64182.7,4554.72,4524,65981,12339.4,26.24,2.84197
9134.72,9468,63229.1,3903.84,3928,65132.9,21276.7,52.48,2.84303
5261.44,5615,61409.4,2417.04,2399,66028.8,17774.6,-3.28,2.84408
14629.1,13375,71681,9819.36,9307,69143.8,9797.76,59.04,2.84408
10585.6,10184,68120.4,9007.92,8620,68485.3,15986.9,4.1,2.84725
6400.64,6757,62079.7,2990.88,3029,64711.2,30329.3,46.74,2.84831
17108.5,15368,72958.2,11246.4,10364,71115.8,32407.2,1.64,2.85147
13344,12893,67828.5,11543.8,10841,69784.3,11842.6,-24.6,2.85358
7006.72,7465,61512.7,3523.68,3565,64776.4,20152.8,-14.76,2.85991
13616.6,13900,64200,5196.24,5164,65945.2,19373.8,13.94,2.86097
22688,17944,82862.3,24782.4,20392,79645.9,34384.3,139.4,2.86203
13606.4,12408,71865.6,5457.6,5016,71305.7,76171.7,59.86,2.87258
9278.72,9332,65161.8,5143.68,5024,67097.2,17683.9,31.16,2.87258
15580.2,14924,68417.4,10180.8,9656,69097.9,18483.1,39.36,2.87363
11930.2,12078,64734.2,4661.28,4698,65023.8,21985.9,34.44,2.87469
8956.16,8753,67057.1,7241.04,6945,68329.6,16647.8,52.48,2.87574
6684.16,7165,61137.9,2871.36,2985,63041,14893.2,-25.42,2.87574
18410.9,17065,70704.7,12627.4,12237,67626.6,6133.68,63.14,2.8768
16421.1,16459,65385.2,5791.68,5951,63781.5,16598.9,-0.82,2.87891
7073.28,7096,65326.2,2950.56,2956,65415.4,12098.9,19.68,2.87891
17365.1,16800,67740.5,8334.72,8244,66257.2,18958.3,83.64,2.88208
17967.4,17437,67529.3,8350.56,8233,66471.8,26599.7,200.08,2.88419
124246,56704,143598,262143,184532,93099.3,7310.88,37212.4,2.88419
11372.2,11687,63770.5,4448.16,4531,64337.8,7004.16,-16.4,2.88524
11989.8,11778,66714.3,9452.88,9366,66143.9,6328.8,60.68,2.88841
6126.08,6234,64401.5,2606.4,2730,62568.9,5586.48,-50.84,2.89263
11742.7,10888,70680.7,7424.64,7064,68881.8,7267.68,36.9,2.89369
5078.4,5269,63165.3,1890,2017,61409.5,11333.5,-38.54,2.89474
8870.4,8513,68287.4,6575.04,6321,68169.9,7181.28,-105.78,2.89474
5905.92,5852,66139.9,2242.8,2300,63906.2,4934.88,12.3,2.89791
14480,13864,68447.9,7008.48,6856,66993.5,6105.6,68.88,2.90002
13070.1,13000,65889.3,7280.64,7192,66343.7,6692.4,16.4,2.90002
8265.6,8255,65620.1,3561.12,3563,65501.4,16274.2,13.94,2.90107
11888,11315,68854.8,8505.36,8227,67753.4,10766.9,1.64,2.90213
13721.6,13277,67730.6,5887.44,5817,66329.6,22469.8,68.06,2.90318
9429.12,9193,67219.3,4457.52,4445,65720.6,17875.4,39.36,2.90846
9469.44,9281,66866.6,3391.2,3381,65733.7,15149.5,22.14,2.90846
10809,10256,69069.4,5870.88,5636,68267.2,13883,76.26,2.91057
10014.1,9800,66967.6,2865.6,2972,63189.8,6702.48,-37.72,2.91268
8284.16,7001,77547.6,6335.28,6045,68683,46939.7,12.3,2.9169
22694.4,21264,69944.5,15903.4,15652,66588.5,8635.68,105.78,2.92007
10809,10196,69475.9,6881.04,6612,68202.6,29320.6,63.96,2.92007
14835.8,14965,64970.4,4072.32,4257,62692.9,22655.5,13.94,2.92534
11783.7,11512,67082.6,5657.04,5480,67653.3,8919.36,132.02,2.92851
11363.2,11246,66219,4811.04,4874,64689.4,32493.6,13.12,2.93062
9809.28,9501,67662.5,9468,9273,66914.1,8218.08,-2.46,2.93062
14119.7,13517,68458,5217.12,5213,65587.8,20481.1,-13.12,2.93273
14131.8,13140,70482.8,6626.16,6116,71002.6,18919.4,77.08,2.93273
6721.92,5655,77900.6,9074.16,5331,111552,8303.76,399.34,2.93484
11550.1,11656,64940.5,6715.44,6824,64493.4,10106.6,50.84,2.9359
20736,20812,65296.7,10737.4,11016,63878.3,22267.4,82,2.93801
6965.12,6741,67714.9,2198.88,2245,64189.7,15624.7,-17.22,2.93801
9628.8,9468,66649,3389.04,3432,64715.7,30278.2,-54.12,2.94223
9207.68,9012,66959,4119.84,3952,68319.3,24326.6,95.12,2.94856
10545.9,10373,66628.5,3659.04,3713,64583.6,19815.8,-8.2,2.94962
9418.88,9896,62376.3,4427.28,4508,64362.5,10716.5,-55.76,2.95278
12880.6,12804,65928.3,7925.76,8084,64253.2,19413.4,-94.3,2.95278
8599.04,8650,65149.9,3746.88,3582,68552.6,13024.1,-41.82,2.95384
9861.12,10171,63539.3,5923.44,5963,65101.2,11095.9,69.7,2.95911
7568.64,8236,60225.6,2787.12,2924,62468.1,7357.68,-9.02,2.95911
11404.8,11197,66752.3,9213.12,9085,66460.2,24755,80.36,2.95911
8021.76,8362,62869.4,3515.04,3514,65555.4,24154.6,16.4,2.96017
9059.84,9694,61248.8,3179.52,3358,62052.7,13315,10.66,2.96228
6271.36,6528,62959.5,1614.24,1620,65303,7455.6,70.52,2.96334
10122.9,9029,73475.8,10262.2,9713,69241.3,22963.7,144.32,2.97389
11637.1,11541,66081.8,4464,4481,65287.4,23171.8,27.06,2.97494
11253.8,11173,66009.7,5935.68,5877,66190.4,14546.2,-4.92,2.976
14297.6,14453,64831.4,5509.44,5189,69583.1,16020.7,26.24,2.97811
7868.8,7881,65434.5,2865.6,2973,63168.5,11950.6,-13.94,2.97811
11715.2,11036,69569.4,6523.92,6284,68038.1,18277.9,9.02,2.9855
5750.4,5740,65654.7,2155.68,2264,62400.5,8077.68,8.2,2.9855
14015.4,13496,68058,4542.48,4568,65169.9,13052.2,60.68,2.98866
5907.84,5744,67405.3,2558.88,2500,67079.5,6894.72,-8.2,2.98972
9712,9701,65610.3,3700.08,3813,63595.2,8006.4,3.28,2.99289
10714.9,10392,67572.2,4371.84,4364,65653.7,9123.84,109.06,2.99605
10114.6,10013,66200.7,6592.32,6617,65291.6,7430.4,7.38,2.99922
8625.28,8792,64293.3,3173.04,3320,62635,8826.48,18.86,3.00133
10943.4,10905,65766.5,4271.76,4265,65639.9,15192,25.42,3.00133
7680.64,7682,65524.4,3155.76,3206,64509,5590.8,-37.72,3.00133
11159.7,11221,65177.9,6153.84,6245,64579.4,6809.76,145.14,3.00133
7822.08,8109,63217.1,3180.96,3389,61513,9751.68,34.44,3.00449
7381.12,7598,63665.3,2013.12,2046,64482.8,7907.04,20.5,3.01083
9546.24,9892,63245.3,4101.84,4132,65057.6,27265,-25.42,3.01188
6531.84,6743,63483.7,3162.96,3175,65287.5,5692.32,-76.26,3.01188
13284.5,12729,68395.9,11540.9,10761,70285.6,13890.2,56.58,3.01294
12108.2,11024,71981.2,8925.12,8276,70676.3,28190.2,123,3.01505
5884.16,6178,62419,2849.04,2918,63987.2,9788.4,-5.74,3.01505
11221.8,10593,69426,5798.88,5557,68388.6,18419.8,-8.2,3.01716
12508.2,11205,73158,30895.2,13109,154455,14608.8,1179.16,3.02138
10566.4,10557,65594.4,6195.6,6249,64976,10255,59.04,3.02138
8340.48,8617,63432.9,3505.68,3625,63378.8,9961.2,60.68,3.02138
8986.24,9405,62618,3219.84,3417,61754.6,17238.2,-78.72,3.02138
16122.9,15737,67143,7266.24,7229,65873.6,17758.8,13.94,3.02454
23496.3,19539,78809.3,18711.4,16279,75328.2,36378.7,107.42,3.0256
12722.6,11812,70588,10359.4,9728,69789.4,30759.8,-59.86,3.0256
18454.4,17748,68144.5,8773.92,8580,67017.2,7673.76,92.66,3.02666
15017.6,13988,70359.8,5662.8,5284,70234.2,38754,14.76,3.02982
12177.9,11665,68417.7,7734.96,7541,67221.6,23999.8,-50.02,3.03088
11317.8,10696,69345.6,9414.72,8732,70660,32848.6,36.08,3.03404
9960.32,9877,66088.8,6629.76,6341,68520.4,6878.88,51.66,3.03404
7074.56,7361,62985.8,3465.36,3505,64794.8,11232.7,-11.48,3.03826
10266.9,9906,67923.5,5344.56,5026,69689.8,26342.6,71.34,3.04037
10135.7,10433,63668.4,3559.68,3557,65585.4,14266.8,-31.98,3.04248
13759.4,13640,66109.5,8753.04,8780,65334.8,7974.72,83.64,3.04354
8537.6,8728,64106.3,3502.8,3564,64410.6,6656.4,-48.38,3.0446
9884.8,9868,65647.6,4063.68,3992,66712.8,12990.2,-5.74,3.04565
10073.6,10057,65644.2,5463.36,5437,65853.7,8436.24,31.98,3.04671
6888.32,6845,65950.8,2417.04,2073,76412.5,11619.4,36.08,3.04776
14492.2,14195,66907.9,6891.12,6711,67295,14680.8,19.68,3.04882
11295.4,11789,62791.8,4728.96,4873,63598.8,11037.6,45.92,3.04882
13385.6,13881,63197.1,5726.16,5821,64468.2,5842.8,70.52,3.04987
13102.7,12724,67486.6,8073.36,7872,67212.4,36489.6,41.82,3.04987
5228.16,5662,60514.4,1843.2,1950,61946.6,8201.52,10.66,3.05093
13600,13639,65348.6,6341.04,6275,66225.7,8885.52,59.86,3.05304
9553.28,9832,63678.2,4340.16,4492,63320.7,8183.52,53.3,3.05304
10316.2,8293,81524.2,114101,96997,77092,56671.9,5040.54,3.0562
13413.1,13724,64051.5,4844.16,5064,62690.9,6739.2,-58.22,3.05726
7728,7912,64011.9,3096.72,3160,64223.6,24345.4,46.74,3.05726
9032.96,9237,64088.3,4363.92,4437,64456.6,7846.56,51.66,3.05726
13356.2,13174,66442.2,7740,7650,66307,22577,12.3,3.05937
5614.08,5641,65223.2,3257.28,3293,64825.1,5024.88,9.02,3.0657
10575.4,10901,63578.3,3306.96,3349,64713.3,24355.4,32.8,3.0657
10177.3,9065,73577.3,8218.08,7897,68200.6,20905.9,0.82,3.06781
12654.1,12780,64890.3,4242.96,4440,62627.6,7605.36,49.2,3.07203
13950.1,13108,69746.1,9439.2,8900,69506.5,21976.6,82,3.07309
28580.5,20884,89688.3,17874.7,14644,79994.4,29814.5,92.66,3.07414
11788.8,11541,66943.1,7430.4,7189,67736.6,35687.5,0,3.07626
10224.6,10565,63424.7,5422.32,5457,65119.5,20190.2,66.42,3.07731
9887.36,9854,65757.9,9060.48,5578,106452,6327.36,214.02,3.07837
11433,11222,66768,6156.72,6070,66472.3,12022.6,38.54,3.07942
14636.2,14436,66444.7,4558.32,4592,65055.3,19840.3,-64.78,3.08364
15678.1,14547,70631.7,10971.4,10199,70499,25378.6,123.82,3.08364
23445.1,22060,69650.9,14327.3,13512,69490.3,30034.8,116.44,3.0847
11737.6,11684,65836.6,4626.72,4672,64900.8,10607,-17.22,3.0847
11993,10937,71863.5,5841.36,5465,70049.3,28399.7,-19.68,3.0847
5380.48,5561,63408.6,2523.6,2637,62717.7,4782.96,17.22,3.08681
7882.88,8061,64087.9,6014.88,5945,66306.3,12027.6,58.22,3.08892
8346.88,7477,73160.5,7570.08,7269,68250.5,16320.2,-9.84,3.08892
16324.5,15983,66936.2,6942.24,6571,69238.6,23566.3,59.86,3.09103
12183.7,12345,64679.6,5531.76,5609,64633.5,17339.8,-36.9,3.09209
7992.32,8225,63682,2998.08,3105,63279.3,7721.28,3.28,3.09314
22978.6,22008,68426.2,15562.1,15724,64861.1,8125.2,93.48,3.09314
14814.1,13420,72343.9,8502.48,8076,68996.9,48329.3,0.82,3.09631
11217.3,11204,65613.7,4465.44,4576,63952.6,4957.92,-8.2,3.10053
7692.16,7792,64696.3,2323.44,2420,62921.1,16467.1,57.4,3.10053
9639.68,7869,80282.9,24248.9,10953,145090,8297.28,924.96,3.10475
22718.1,19292,77174.6,16902.7,15420,71837.7,24308.6,64.78,3.1058
43284.5,30335,93512.2,43025.8,28203,99980,80689,240.26,3.10897
12778.9,12380,67647.6,7680.24,7768,64795.6,8328.24,22.14,3.11003
36071,32344,73087.8,12616.6,11544,71625,18833,2560.86,3.11319
9436.8,9460,65375.3,3867.84,4084,62067.3,8334,78.72,3.1153
17854.7,15988,73187.8,12240.7,11828,67822.8,35962.6,45.92,3.11636
10761,10437,67570.2,4694.4,4837,63603.9,5796,-5.74,3.11952
13007.4,12777,66717.6,3727.44,3933,62110.7,8005.68,-64.78,3.11952
9437.44,8749,70692.9,7205.76,7037,67107.7,8524.8,-20.5,3.12374
15196.8,14792,67329.5,5029.92,5276,62479.3,23407.9,50.84,3.12691
17809.3,17460,66847,13446,13568,64946.7,7516.8,300.12,3.13008
10256.6,10136,66316,3379.68,3592,61662.2,6686.64,103.32,3.13008
9062.4,8997,66012.4,2920.32,3077,62198.9,20710.8,51.66,3.13113
18438.4,17133,70529.3,9085.68,8537,69748.1,68354.6,200.9,3.13535
21449,15344,91611,23632.6,17508,88461.5,127514,187.78,3.13957
10314.9,9859,68566.4,7271.28,7111,67013.2,21870,63.96,3.14274
7720.32,7948,63658.6,2718.72,2088,85332.4,18018.7,4.1,3.1438
10126.7,10041,66095.5,5472,5469,65572,9458.64,-51.66,3.1438
9094.4,8904,66937.4,8202.24,8120,66199.8,11433.6,-20.5,3.1438
16695.7,14401,75978.6,13549.7,12565,70671.9,55964.2,102.5,3.14485
11731.8,11565,66481.4,5055.12,5081,65202.2,19586.2,17.22,3.14591
31189.1,24060,84954.7,22694.4,19032,78147.3,11887.2,125.46,3.14696
7894.4,7822,66142.6,3823.2,3806,65832.2,7488.72,70.52,3.14696
7546.24,7756,63763.6,2750.4,2924,61645.1,7318.8,36.9,3.14696
11216.6,11024,66681.2,4872.24,5024,63556.4,6775.92,16.4,3.14802
26532.5,11357,153107,262143,154681,111066,10597,10528.8,3.15224
9953.28,10026,65060.7,3306.24,3433,63116.2,6863.04,-42.64,3.15435
12382.1,12283,66064.6,3157.92,3247,63738.1,19563.8,-24.6,3.15435
5736.96,5926,63445.4,1802.16,1938,60942.4,20291,-27.06,3.15646
21028.5,20226,68136.2,9429.12,9494,65088.1,7252.56,47.56,3.15857
18262.4,17381,68859.4,7670.88,7585,66278,12287.5,142.68,3.15963
10177.9,9947,67057.4,3018.24,3080,64221.9,21821.8,51.66,3.16385
7130.88,6904,67689.7,2787.12,2844,64225.3,26156.2,-16.4,3.16807
9252.48,8729,69466.2,3171.6,3177,65424.6,13259.5,29.52,3.1744
7244.16,7304,64999.1,2421.36,2620,60567.3,17901.4,99.22,3.1744
14223.4,13462,69242.5,5569.92,5538,65913.8,10713.6,12.3,3.17546
9944.32,9580,68028.3,3510,3560,64615.6,7676.64,36.08,3.17651
15354.9,13873,72536.4,8981.28,8513,69141,47042.6,162.36,3.17651
13418.9,11601,75805.5,10122.5,9329,71110.2,22555.4,36.9,3.17651
13655.7,12221,73229.6,8457.12,7849,70613.6,28694.9,46.74,3.17757
12746.2,12176,68605.3,4700.88,4656,66167.7,15511,56.58,3.18073
11623.7,10944,69606.1,5669.28,5348,69473.1,4987.44,100.86,3.18179
19420.8,19072,66734.6,9479.52,9376,66259.6,21193.9,98.4,3.18812
11145,11086,65884.5,5433.84,5038,70685.2,15288.5,-14.76,3.18812
9235.2,8202,73791.5,8618.4,7770,72691.8,18938.9,2.46,3.18917
11629.4,11000,69286.1,8291.52,7928,68541,26253.4,16.4,3.18917
23899.5,18836,83153.5,16092,13556,77796.2,10262.2,132.84,3.19234
16208.6,14063,75535,5755.68,5087,74150.6,41464.8,-37.72,3.19445
22236.2,18105,80489.9,15352.6,13421,74968,14911.9,117.26,3.19867
20019.8,19263,68110.9,12949.9,11823,71782.6,32353.2,496.1,3.20289
6252.8,6408,63948.7,3499.92,3320,69087.6,11119.7,36.08,3.20395
6442.24,6451,65447,2373.84,2391,65065.7,22551.1,33.62,3.20395
11012.5,10700,67449.9,5931.36,5976,65046.5,11170.1,1.64,3.20395
9389.44,9668,63647.7,4405.68,4244,68032.7,10926,69.7,3.205
15665.9,15718,65318.9,4440.96,4342,67029.7,20633.8,13.12,3.20606
9129.6,9248,64697,3969.36,3956,65757.3,17131,23.78,3.20606
12387.8,12824,63307,1640.88,1772,60686.6,32549,0,3.20711
20418.6,19528,68524.7,9105.84,8636,69101.5,39183.1,18.86,3.20817
9082.24,8955,66467.2,6732.72,6427,68653.4,11399.8,9.84,3.21028
10087,10078,65594.8,7557.84,7098,69781.7,10260,-21.32,3.21134
9208.96,9752,61886.6,3389.04,3548,62599.8,5044.32,18.04,3.21239
29177.6,16085,118880,21024,14965,92070.1,58655.5,143.5,3.21239
12132.5,12376,64246.5,4478.4,4476,65571.2,15349.7,42.64,3.2145
9212.8,9768,61811,4807.44,4888,64455.9,5013.36,35.26,3.21978
11469.4,11868,63335.1,5451.84,5528,64633.1,5909.04,54.12,3.21978
10632.3,10524,66210.5,6506.64,6188,68910.7,22001.8,-70.52,3.21978
23252.5,23285,65444.5,9352.8,9265,66157.1,22507.2,24826.3,3.22083
6169.6,6351,63664.1,5919.12,5695,68115.1,13819.7,-21.32,3.22083
9052.8,9408,63061.7,5769.36,4948,76414.9,7747.2,74.62,3.22611
8458.24,8936,62032.1,3271.68,3388,63286,30202.6,5.74,3.22717
9074.56,8899,66828.9,8058.96,7607,69429.7,26406,89.38,3.22928
18287.4,16814,71278.7,13417.9,12334,71295.4,24031.4,41.82,3.22928
8188.16,8522,62968.7,4025.52,4094,64439.8,6732.72,-45.92,3.23139
27671.7,22104,82043.6,24871,19832,82187.5,29476.1,132.02,3.23244
9251.84,9940,60998.9,3671.28,3812,63116.7,10266.5,33.62,3.23455
9607.68,9929,63415.1,3891.6,3945,64648.9,23520.2,18.86,3.23983
10217.6,10501,63767.3,4276.8,4325,64805.6,11013.1,9.02,3.23983
6366.72,6840,61001.4,2599.92,2664,63959.6,5607.36,-23.78,3.24405
10963.8,11276,63721.7,4515.12,4520,65465.2,12579.1,-4.92,3.24405
5291.52,5788,59914.5,2116.8,2200,63057.6,6513.84,-50.84,3.24511
7689.6,7821,64434.9,2636.64,2665,64838.6,5415.84,-39.36,3.24616
12988.2,12453,68352.4,7005.6,6513,70492.7,14456.9,-68.88,3.24722
11375.4,11112,67089.2,4472.64,4392,66739.3,48638.9,63.14,3.25038
14665,14156,67892.3,5330.16,5212,67021.8,31744.1,7.38,3.25144
7560.32,7393,67019.2,5240.88,5173,66396,17466.5,15.58,3.25144
9448.96,9505,65149.6,3898.08,3985,64106.5,12070.8,-31.16,3.25355
12838.4,12393,67891.3,7038,6989,65995.5,7729.2,16.4,3.2546
14757.8,12368,78199,11052,9812,73818.2,23941.4,16.4,3.25671
10168.3,10221,65198.2,2921.76,3097,61827.7,11664,-24.6,3.25777
8455.04,7731,71673.7,5031.36,4723,69814.8,20039.8,1.64,3.26094
8781.44,8414,68398,3129.12,3118,65769.7,12782.9,131.2,3.26199
14471,14329,66185.6,5996.88,6009,65403.8,42695.3,17.22,3.26516
5722.24,5769,65004.8,2704.32,2777,63820.8,9585.36,32.8,3.26727
11935.4,11584,67523.8,5741.28,5536,67966.1,23443.9,-13.12,3.26832
10634.2,10197,68346.1,6604.56,6437,67242,9956.16,59.86,3.26938
17139.8,16193,69368,5733.36,5665,66326.8,32797.4,90.2,3.27043
9246.72,8872,68304,4964.4,3256,99922.3,10210.3,13.12,3.27254
9916.16,9593,67743.7,4945.68,4713,68771.5,7591.68,1667.06,3.27466
14007,13160,69754.2,6436.08,6316,66782,10077.8,-59.86,3.27782
9640.32,8988,70292.4,4838.4,4924,64396.7,8429.04,104.14,3.27993
16379.5,14796,72549.9,15312.2,14700,68265.5,19175,-4.1,3.2831
13564.8,12740,69778.9,4721.76,4740,65283.8,6324.48,-27.06,3.28415
14921.6,14145,69134.1,7045.92,6917,66757.5,9905.76,26.24,3.28732
15763.2,14076,73391.4,5937.84,5724,67984.3,23431.7,37.72,3.28732
13646.7,13509,66204.1,5739.12,5797,64881.7,5595.12,-9.02,3.29365
5835.52,5996,63782,2192.4,2252,63801.6,8440.56,-76.26,3.29471
8343.04,8729,62638.3,4497.84,4605,64011,7487.28,65.6,3.29893
6472.96,6972,60845.1,2717.28,2776,64149.7,20193.8,50.02,3.30209
7866.24,8177,63045.4,3386.16,3457,64193.1,10524.2,43.46,3.30526
5922.56,6513,59594.8,2584.08,2673,63355.9,7957.44,-2.46,3.30737
7044.48,7461,61877.4,2355.12,2389,64606.6,21697.2,31.16,3.30737
15054.7,12558,78565.5,12675.6,10938,75947,20862,78.72,3.30737
9859.84,10812,59764.6,5555.52,5516,66005.5,18062.6,-25.42,3.30948
8510.72,9486,58798.1,3569.76,2506,93355.1,9445.68,51.66,3.31159
9254.4,9936,61040.3,4619.52,4548,66566.6,9807.12,53.3,3.31265
12774.4,13125,63785.4,3668.4,3701,64958.7,4886.64,40.18,3.31581
9209.6,8744,69025.7,5255.28,5048,68227,31734,44.28,3.31792
12682.2,12448,66769.2,5478.48,5380,66735.6,13119.1,26.24,3.32214
10659.2,11026,63355.8,2226.24,2306,63269.2,10777,68.88,3.32426
15849.6,15953,65111.2,7022.16,7041,65360.6,10238.4,78.72,3.32426
23731.8,21385,72728.1,17654.4,16637,69543.7,22117,114.8,3.32426
5548.16,5920,61419.6,3662.64,3696,64944.5,17881.2,-36.08,3.32637
5125.76,5437,61784.4,2414.16,2505,63159.4,26021.5,-50.84,3.32848
10958.7,11243,63878.9,4961.52,4559,71322.3,16394.4,45.1,3.32848
9415.68,8764,70409.2,6462.72,6188,68445.5,18207.4,34.44,3.32953
15565.4,15365,66390.9,6487.92,6577,64648.4,6029.28,17.22,3.32953
11444.5,11673,64253,4436.64,4521,64313.1,4932,63.96,3.33586
15597.4,15105,67672.5,11014.6,10469,68951.2,13522.3,150.06,3.33692
11713.9,12036,63782.3,4519.44,4708,62911.2,15954.5,39.36,3.33903
13526.4,13080,67772.6,7529.76,7112,69385.6,35315.3,52.48,3.34009
8665.6,7556,75160,11991.6,7344,107010,25339.7,203.36,3.3422
12361,11800,68651.5,7056,7020,65872.1,7683.12,13.12,3.34536
11609.6,11645,65336.8,7125.84,7261,64316.1,7298.64,-0.82,3.34536
6203.52,6233,65226,2829.6,2953,62797.4,7136.64,49.2,3.36225
8746.88,8142,70404.8,6596.64,6554,65962.4,6653.52,54.12,3.36647
8887.68,8521,68356.2,3281.76,3065,70170.8,6356.16,32.8,3.36752
40542.7,27573,96362.7,27381.6,21173,84753.3,19675.4,178.76,3.36858
7890.56,7909,65383.2,3951.36,2817,91926.3,9006.48,118.08,3.37174
10343,9993,67831.6,5442.48,5561,64139.3,25423.2,84.46,3.37386
7575.04,7309,67921.4,3426.48,3513,63921.9,16182,72.16,3.37702
10258.6,9717,69188.5,5739.12,5573,67489.5,14094,8.2,3.37913
11918.7,11781,66302.1,5138.64,5013,67178.5,19695.6,60.68,3.38019
12047.4,11489,68721,6326.64,6069,68318.1,14415.1,-29.52,3.3823
10367.4,9577,70944.5,5703.84,5421,68955.3,13135,91.02,3.3823
8597.76,8365,67359.6,3109.68,3165,64390.5,29427.8,-31.16,3.3823
10583.7,10291,67399.9,4169.52,4224,64690.7,11744.6,20.5,3.38652
12818.6,12477,67330.1,6312.24,6233,66369.2,19639.4,86.1,3.38652
10747.5,10233,68831.2,7590.96,4957,100359,21929,176.3,3.38863
20753.3,14781,92015.9,139256,109677,83210.5,22014,3163.56,3.38969
7477.12,7643,64113.6,2744.64,2939,61202,7158.96,19.68,3.39496
9421.44,9356,65994.4,4248.72,4408,63167.9,8645.04,-91.84,3.39496
5729.92,5681,66100.3,2391.84,2449,64006.4,5690.16,22.14,3.39602
13326.1,13124,66545.1,4703.04,4772,64588.9,14187.6,97.58,3.39707
15545,15312,66533.1,5869.44,6032,63769.8,22060.8,29.52,3.39707
8698.88,8604,66258.7,3791.52,3848,64574.1,11324.2,6.56,3.39813
9656.96,9633,65699,4654.8,3925,77721.5,30813.1,-20.5,3.39813
6383.36,6314,66255.9,2693.52,2782,63451.7,24187,-44.28,3.39813
9269.76,9232,65804,4132.08,4304,62918.2,16657.9,4.92,3.39918
13062.4,12149,70463.2,9270,9153,66373.7,10898.6,-4.1,3.40129
10882.6,11065,64455.4,4222.8,4413,62711.4,19299.6,86.92,3.40446
27311.4,22656,79002.4,23284.8,20196,75559.2,38198.2,210.74,3.40763
14956.2,14946,65580.5,5980.32,5682,68976.8,5054.4,50.84,3.40974
5147.52,5520,61113.7,2149.2,2228,63218.1,31468.3,-17.22,3.40974
26643.2,20255,86205.3,22366.1,17887,81946.9,72894.2,59.86,3.41185
4257.28,5108,54621.2,2151.36,2340,60252.8,19080.7,-31.98,3.41185
6539.52,7136,60058,5817.6,5760,66191.4,10640.2,56.58,3.4129
12009.6,12877,61121.5,5974.56,6089,64304.3,7511.76,-8.2,3.41501
15660.2,10808,94957.8,38731.7,22892,110882,23591.5,1825.32,3.41712
14978.6,13706,71620.8,14238,12794,72932.8,25970.4,41.82,3.41712
8405.12,8929,61690.9,4953.6,4085,79471,11189.5,-40.18,3.42451
5333.12,5872,59521.7,2100.24,2180,63138.2,14371.9,26.24,3.42557
11403.5,11925,62670.1,5518.08,5605,64519.7,6559.92,14.76,3.42662
9945.6,10547,61799.1,4456.8,4631,63070.8,6212.88,39.36,3.42768
7776,8033,63439.3,4143.6,4133,65704.1,10568.2,41.82,3.42873
7966.72,8576,60880,4219.2,4292,64424.4,10281.6,31.98,3.42979
12234.2,12641,63427.2,4331.52,4241,66934.8,11800.1,-3.28,3.42979
8175.36,8912,60119,3648.96,3860,61952.9,13362.5,-5.74,3.43295
9621.12,9877,63838.2,5880.24,5893,65394.1,19232.6,-48.38,3.43823
15052.2,15057,65514.9,7920,7893,65760.2,15171.8,-34.44,3.43929
10186.2,10223,65300.3,5833.44,5563,68722,5525.28,61.5,3.44034
5387.52,5410,65263.7,2357.28,2390,64638.8,14324.4,-37.72,3.4414
14433.9,13744,68825.8,6969.6,6820,66973.6,28805.8,45.92,3.44351
10505,10184,67601.4,6989.04,6668,68691.3,10532.9,-10.66,3.44667
11288.3,10797,68518.2,4973.76,4809,67781.3,23546.9,-2.46,3.44878
13308.2,12925,67478.8,5436,5481,64997.9,6475.68,67.24,3.45195
8602.88,8221,68580.3,6898.32,6729,67185.1,7346.16,47.56,3.45406
13260.2,11499,75573.3,10220.4,9547,70158.6,32616.7,9.02,3.45406
17602.6,15901,72549,7856.64,7213,71384,41022.7,86.92,3.45617
17004.8,15856,70284.2,14171,13620,68187.5,19861.9,109.88,3.45723
13630.1,12842,69557.8,7138.08,7150,65426.7,10225.4,21.32,3.45934
8532.48,8252,67763.5,2475.36,2488,65203.1,32048.6,-20.5,3.45934
17787.5,14076,82816.4,19471.7,16024,79636.6,40180.3,44.28,3.46356
9157.12,8361,71776.2,6438.24,6009,70217.4,11513.5,39.36,3.46461
9448.32,9281,66717.5,8712,8645,66043.9,16277.8,-9.02,3.46461
7399.68,7621,63632.8,2813.04,2945,62599.5,9327.6,19.68,3.46567
11305.6,11388,65061.8,6513.84,6492,65756.5,10633,41,3.46989
10258.6,10268,65475.7,3785.04,3848,64463.7,18691.9,-27.06,3.472
26684.8,19075,91681,25000.6,18275,89654.5,15986.9,66.42,3.47306
5348.48,5677,61743.5,2396.16,2489,63091.5,4858.56,23.78,3.47411
6276.48,6417,64100.9,2478.24,2549,63716.7,7655.76,77.08,3.48255
6156.8,6090,66254.9,3137.76,3114,66036,10118.9,26.24,3.48572
12780.8,12652,66203.2,5918.4,5688,68190.6,14224.3,54.94,3.48783
32354.6,25778,82255.7,20646,17378,77860.3,58192.6,84.46,3.48994
11718.4,11172,68741.2,5780.16,5712,66318,17489.5,27.06,3.48994
14636.8,14452,66374,5298.48,5472,63457.8,31932.7,-9.02,3.48994
14008.3,13694,67040.3,6314.4,6452,64138.3,17822.9,-16.4,3.491
9945.6,9449,68980.3,5297.04,5245,66186.2,12921.8,-4.92,3.491
10809.6,10436,67882.1,6096.24,6020,66366,9923.04,31.98,3.49205
11930.9,9993,78245,6619.68,3833,113182,10789.9,241.9,3.49311
15246.7,13261,75349.4,13171.7,11961,72169.5,31454.6,34.44,3.49416
12018.6,11649,67615.1,5130.72,4641,72451.4,5048.64,14.76,3.49522
9606.4,9318,67564.4,3606.48,3650,64754.6,12044.2,10.66,3.49522
8611.84,8604,65595.7,2990.16,3068,63873.3,8387.28,-22.96,3.49838
9688.32,8917,71204.9,6811.92,6565,68000.9,32865.1,56.58,3.49944
14121.6,13835,66893.6,8531.28,8539,65476.8,21093.1,-36.08,3.5026
11260.8,11112,66413.6,4050,4220,62895.9,11347.2,-21.32,3.50366
6822.4,6904,64761.4,2504.16,2588,63412.9,7144.56,45.92,3.50788
7936,7496,69382.8,6289.2,5932,69482.3,14105.5,34.44,3.50894
10528,10332,66779.2,6079.68,6040,65966.5,7956.72,54.94,3.50894
9496.96,9440,65931.4,4728.24,4640,66782.3,7319.52,30.34,3.5121
8052.48,8310,63505.1,3192.48,3254,64297,17794.8,34.44,3.51527
14866.6,15105,64501.5,5590.08,5781,63371.6,30269.5,25.42,3.51527
10570.9,10612,65282.1,6876.72,6628,67995.3,8370,35.26,3.51632
10771.2,11033,63980.9,4276.08,4425,63330.4,29317.7,-61.5,3.51738
6803.2,6953,64124,2872.08,2937,64087.4,5259.6,16.4,3.51738
9407.36,9598,64234.3,3150,3274,63053.9,16670.2,65.6,3.51949
9243.52,8616,70309.1,6153.84,5964,67622.1,35228.9,19.68,3.5216
8841.6,8649,66995.4,6253.2,6105,67126.9,8948.88,59.86,3.5216
10394.2,10365,65720.9,4855.68,4905,64877,21503.5,57.4,3.5216
14583,13981,68358.1,9957.6,9497,68714.5,23808.2,28.7,3.52371
5845.12,5689,67334.5,2656.08,2745,63413.1,16174.1,-18.86,3.52582
14433.3,13140,71986.3,13653.4,12480,71697.6,23243.8,84.46,3.52582
11965.4,11832,66275.1,7094.88,7048,65971.9,21674.2,-40.18,3.52688
8688.64,8858,64283,2648.88,2686,64630.3,17308.1,-8.2,3.52793
12780.8,12780,65540.1,4329.36,4424,64134,10457.3,1.64,3.53321
10339.2,10413,65071.5,5425.92,5497,64688.6,12081.6,-34.44,3.53426
8346.24,8413,65015.9,3476.88,3565,63916.1,8154,25.42,3.53637
12468.5,11929,68499.8,6097.68,6093,65586.3,24453.4,38.54,3.53637
13173.1,12668,68149.2,12056.4,11996,65866,34380.7,19.68,3.53743
10666.9,10333,67653.6,16233.1,15837,67175.2,5901.84,1142.26,3.53849
12030.1,11168,70594.9,9984.24,9536,68616.5,13564.1,-63.96,3.53954
13269.1,13196,65899.1,5250.24,5404,63671.3,6174.72,36.9,3.5406
17451.5,16564,69047.5,6535.44,6516,65731.5,5793.12,16.4,3.54376
6849.28,6765,66352.5,2560.32,2717,61756.8,29509.2,26.24,3.54482
7406.72,7273,66740.9,3273.12,3369,63670.9,9428.4,23.78,3.54904
20728.3,19436,69893.6,14641.2,14524,66064.8,6961.68,72.98,3.54904
12500.5,11837,69209.4,9069.12,7197,82583.6,21493.4,344.4,3.55115
12008.3,11039,71290.6,6130.8,5871,68436.1,34361.3,22.96,3.55326
6768,6512,68112.4,3123.36,3172,64531.1,8043.12,57.4,3.55643
7064.96,6816,67929.8,2836.08,2436,76299.4,9586.08,-31.16,3.55643
12980.5,12773,66600.5,5536.08,5701,63640.2,5032.8,3.28,3.55643
7128.32,6941,67304.6,3247.92,3181,66914.7,6756.48,87.74,3.55854
28176,24350,75833.4,18389.5,16618,72522.3,55643,66.42,3.55959
10483.8,10540,65186.8,4494.24,4652,63313.5,7512.48,25.42,3.56065
8720.64,8854,64548.9,4776.48,4946,63289.8,9174.96,-2.46,3.5617
11212.2,9580,76701.5,7500.96,6988,70346.7,22570.6,69.7,3.56487
12940.8,11908,71220,9912.24,9008,72114.6,25189.9,64.78,3.57331
7390.72,7704,62871,3001.68,3084,63786.7,14770.8,-13.94,3.57437
16303.4,16332,65421.1,6820.56,6972,64112.5,47788.6,48.38,3.57542
13581.4,13273,67058.9,8222.4,8025,67148.1,18925.2,63.96,3.57542
13660.2,12933,69220.8,10744.6,10481,67184,6911.28,46.74,3.57542
33721.6,26910,82124.8,160781,117502,89674.6,9820.8,2976.6,3.57859
14650.2,14693,65345.3,7704.72,7717,65431.7,11916.7,20.5,3.57859
5839.36,6361,60161.7,2694.24,2873,61458.3,13450.3,38.54,3.5807
6028.8,6633,59566.3,2804.4,3001,61242.6,20000.9,19.68,3.58386
12371.2,11856,68383.9,8603.28,8244,68392.1,20409.8,86.92,3.59231
9974.4,10060,64978.4,7019.28,7016,65566.6,5932.08,15.58,3.59442
9908.48,9137,71069.5,8799.84,8165,70631.5,7078.32,117.26,3.59653
6199.04,6705,60590.7,2216.16,2305,63010.1,9984.96,26.24,3.60814
11200,10840,67712.5,7548.48,7036,70309.4,13862.2,41,3.61869
11015,10497,68770.3,7344.72,7173,67104.9,22870.1,-40.18,3.61974
6494.08,6693,63588.2,2900.16,2849,66712.9,13841.3,28.7,3.61974
9383.68,9504,64706.3,3551.76,3556,65457.9,12847.7,73.8,3.62186
10239.4,10448,64227.3,5076.72,4848,68627.9,19425.6,27.88,3.62819
15454.1,14045,72111,16076.2,15177,69418.7,40552.6,167.28,3.62819
10203.5,10174,65726.1,6104.16,6030,66342,5533.2,13.12,3.62819
17285.8,14852,76275.2,13358.9,12388,70672.2,95687.3,113.98,3.62924
9299.2,9163,66510.1,5844.24,5711,67065,8862.48,82.82,3.6303
15904.6,14297,72905.3,12232.8,11449,70022.6,17228.9,17.22,3.63135
8759.68,9292,61781.6,3315.6,3388,64135.5,8761.68,-11.48,3.63135
6739.2,7407,59627.4,4314.24,4143,68244.8,21255.1,47.56,3.63557
15154.6,13044,76139.9,19774.8,17888,72448.6,10810.1,-7.38,3.63663
20097.9,19705,66842.8,13575.6,13261,67090.8,21988.1,54.94,3.63769
7893.12,8397,61603.4,3383.28,3341,66365.4,26767.4,21.32,3.63769
9280,9412,64616.9,10907.3,9380,76206.8,11436.5,134.48,3.63874
12517.1,12763,64273.4,5861.52,5231,73435.4,15819.8,-15.58,3.6398
13903.4,14409,63236.2,5416.56,5597,63423.2,6774.48,9.84,3.64929
6224,6725,60653.7,3029.76,3057,64952,12913.2,12.3,3.64929
7890.56,8313,62205.7,3247.2,3273,65019.4,15163.2,39.36,3.65352
9467.52,8805,70467.2,33939.4,31313,71032.8,36653.8,1650.66,3.65352
11609.6,12057,63104.1,6099.12,6109,65430,11410.6,37.72,3.65563
9936.64,9917,65665.8,6883.2,6493,69474.4,25182,8.2,3.65563
12522.2,13160,62360,4757.76,4872,63999.3,5515.92,-70.52,3.65668
12744.3,12721,65656.1,6078.24,5985,66557,12531.6,98.4,3.65774
14865.3,14486,67251.9,8036.64,7350,71658.4,12687.1,51.66,3.65879
8989.44,9329,63150.6,5291.28,5297,65465.2,10777,13.94,3.6609
8388.48,7617,72173.8,10321.9,9269,72980.6,13263.1,48.38,3.66723
11595.5,11831,64231.6,5966.64,5911,66152.9,13574.2,-21.32,3.66723
11072,11256,64464.7,6455.52,6380,66311.7,13762.1,1.64,3.66829
13510.4,14052,63010.1,5646.24,5684,65100.6,7405.92,13.94,3.66829
8775.04,7988,71993.1,7939.44,7472,69635.9,14737,-42.64,3.67146
9690.88,9473,67043.3,4232.88,4177,66412.8,6645.6,-13.12,3.67251
18131.2,17605,67494.8,10686.2,9809,71397,6737.04,26.24,3.67462
7613.44,7721,64623,2735.28,2797,64089.9,6035.76,68.88,3.67673
7874.56,8060,64028.2,3531.6,3704,62485.7,7996.32,-5.74,3.67673
7772.16,7584,67162,5997.6,5876,66892.2,11699.3,0,3.67673
8733.44,8381,68291.9,3761.28,3741,65891.3,17079.1,70.52,3.67673
7677.44,7800,64506.2,2531.52,2584,64205,19349.3,24.6,3.67884
8502.4,8494,65600.8,4255.2,4430,62950.1,13670.6,-37.72,3.68306
9326.08,9037,67632.4,4486.32,4493,65438.6,15186.2,52.48,3.68306
9795.84,9945,64553.1,3453.12,3597,62914.6,18936,86.92,3.68412
14019.8,13324,68958.6,10182.2,9944,67106.1,20575.4,82.82,3.68517
13888.6,13117,69391.3,7082.64,5837,79521.7,43425.4,18.04,3.68623
14818.6,12633,76874,8642.88,7789,72720.5,40894.6,-2.46,3.68623
10874.9,10520,67746.8,5488.56,5532,65021.4,8202.24,5.74,3.68623
12435.8,11777,69202.3,5936.4,5829,66743.5,10522.1,-35.26,3.68728
24803.2,20084,80935.2,17077.7,14692,76177.7,18308.9,113.16,3.69256
10103,9569,69193.5,5247.36,3573,96247.1,6276.96,118.9,3.69256
9199.36,8957,67309.3,2841.12,2877,64718.7,21255.8,-37.72,3.69362
7623.68,7539,66272.1,2496.96,2567,63747.9,15742.8,14.76,3.69573
13903.4,11956,76210.3,16363.4,15008,71454.9,29612.2,100.04,3.69573
8510.72,8144,68487.1,4113.36,3392,79473.2,9495.36,50.84,3.69889
7174.4,6777,69379,2609.28,2605,65643.7,14510.9,104.96,3.69889
14692.5,14035,68606.1,6838.56,6743,66464.8,15428.9,75.44,3.701
7128.96,6555,71274.4,3924.72,3771,68207.5,23115.6,28.7,3.70206
18780.2,17261,71303.9,7732.8,7529,67310,4844.88,8.2,3.70417
16965.1,15781,70453.5,7929.36,7857,66139.6,26150.4,-9.02,3.70417
6328.96,6045,68614.5,2687.04,2845,61897.3,17612.6,-17.22,3.70628
13870.7,13220,68761.8,4450.32,4320,67513,12476.9,-13.12,3.7105
12855.7,12316,68407.8,6863.76,6956,64667,21376.8,23.78,3.71156
7305.6,6744,70993.4,2712.24,2728,65157.4,16824.2,-28.7,3.71367
9587.2,9220,68146.1,4633.2,4756,63843.9,9493.2,60.68,3.71472
7927.68,8024,64749.3,3299.76,3404,63529.1,19616.4,-64.78,3.71683
23577,22317,69236,9460.08,9213,67293.6,11529.4,68.88,3.71789
13422.7,13478,65267.2,5647.68,5846,63312.8,25071.1,-0.82,3.71789
23721,18516,83958.6,19067.8,15604,80083.6,27691.9,54.94,3.71789
28291.8,22609,82008.7,19003,16209,76832.5,51495.1,202.54,3.71789
16651.5,15943,68448.5,7474.32,7319,66926.8,9693.36,-29.52,3.71894
13369,12333,71041,11804.4,11401,67854.9,36090,64.78,3.71894
9799.04,9180,69955.3,6551.28,6412,66959.6,7403.76,-52.48,3.72317
13515.5,13032,67967.6,6735.6,6424,68714.9,49392.7,66.42,3.72528
7948.16,8201,63515.5,3668.4,3741,64264.2,12262.3,27.06,3.72528
10837.1,10648,66700,5559.12,5576,65337.6,4959.36,-26.24,3.72528
8904.32,9228,63237.3,4505.76,4712,62667.6,5700.24,8.2,3.72528
9821.44,9657,66652,6475.68,6441,65888.9,35205.1,33.62,3.7295
5628.8,5859,62961.1,2730.96,2755,64964.1,4923.36,-46.74,3.73055
9384.32,9446,65108.1,4997.52,5074,64548.2,9016.56,77.9,3.73477
8065.28,8296,63713.4,3237.84,3260,65090.5,19401.1,-35.26,3.73689
10416.6,10196,66954.2,4113.36,4132,65240.4,8103.6,50.84,3.73794
13459.8,13685,64457.7,5474.88,5653,63471,22154.4,-22.96,3.73794
11203.2,11253,65246,3096.72,3089,65699.8,20207.5,-22.14,3.739
14223.4,13869,67210.5,4350.96,4413,64614.7,22865.8,3.28,3.74005
12853.8,12493,67428.5,5135.04,5177,65004.8,8936.64,36.9,3.74216
8111.36,7945,66908.3,3265.2,3357,63743.9,17604.7,22.96,3.74216
7728,7628,66395.1,2772,2744,66204.7,7709.04,70.52,3.74322
5214.08,5451,62687.6,2604.24,2635,64771,7304.4,31.16,3.74427
13150.7,13068,65950.8,4123.44,4268,63316.3,7348.32,77.08,3.74427
11513,11936,63213.3,5739.12,5940,63319.7,6878.16,-31.98,3.74533
10138.9,9948,66793.5,4465.44,4328,67617.2,20725.2,127.1,3.74849
7593.6,8032,61958.9,3211.2,3332,63160,7807.68,-41,3.75271
5194.88,5292,64333.3,1934.64,1980,64034.6,10649.5,102.5,3.75377
11111.7,10375,70189.4,9228.96,8899,67966,12276.7,49.2,3.75483
13102.1,13049,65802.6,5960.88,5833,66972.8,57836.9,83.64,3.75799
16627.2,14152,76998.3,14799.6,13448,72122.7,46697.8,85.28,3.75905
14279,13626,68676.9,6771.6,6510,68169.5,7145.28,27.88,3.7601
20936.3,18148,75605.2,9928.08,8900,73106.4,66628.8,40.18,3.76327
12069.1,11949,66194.8,6728.4,6525,67578.9,9032.4,82,3.76538
18112,18104,65565,8514,8508,65582.2,14811.1,40.18,3.76643
23907.2,18877,82999.5,21266.6,17661,78915.7,17179.2,133.66,3.76643
9265.92,8929,68008.9,5101.92,4945,67615.7,20728.1,17.22,3.77066
25326.7,16017,103628,14252.4,9985,93544.8,24706.8,141.04,3.77382
22998.4,18904,79730.4,17169.1,14716,76460.7,36732.2,161.54,3.77699
9545.6,10153,61615.3,2912.4,2941,64898.7,22106.9,-3.28,3.77804
6924.16,7453,60885.8,1733.04,1817,62507.7,27605.5,68.88,3.7791
11488.6,11868,63441.1,5184,5324,63812.7,9824.4,27.06,3.78121
10455,10170,67372.8,8181.36,7646,70124.7,34482.2,27.06,3.78121
10109.4,9809,67543.3,9603.36,9185,68521,10914.5,48.38,3.78543
7932.8,8338,62351.2,3177.36,3298,63138.7,18041,-13.12,3.78648
8087.04,7358,72029.4,6586.56,6222,69375.9,8513.28,22.14,3.78648
29988.5,23068,85197,27172.1,22684,78502.4,70891.2,75.44,3.7886
9853.44,9645,66952.3,4533.84,4521,65722.1,17675.3,13.94,3.78965
9116.16,9044,66058.9,3300.48,3424,63171.8,9051.12,22.96,3.79071
11657,11669,65468.4,5261.76,5381,64083.8,12224.9,-12.3,3.79071
12105,12317,64407.8,6973.2,7065,64684.4,8286.48,-26.24,3.79493
9264.64,9452,64236.9,5337.36,5464,64017.1,12570.5,42.64,3.79493
9015.68,8922,66224.1,3546,3614,64302.9,12515.8,42.64,3.79598
8819.2,8551,67591.5,5791.68,5431,69888.3,11201,-18.04,3.79704
14533.8,13761,69216.2,14731.9,11985,80556.6,13019,78.72,3.79915
6558.72,6829,62942.2,2277.36,2333,63973,20180.2,-26.24,3.79915
5022.08,5281,62322.9,2370.24,2453,63324.9,9311.04,31.98,3.79915
8779.52,8452,68075.5,8289.36,7856,69151.2,8789.76,-13.12,3.80126
7635.2,8203,60999.7,2600.64,2779,61329.8,26427.6,-42.64,3.80337
13034.2,13522,63172,4428,4630,62676.8,15845.8,50.02,3.80654
13541.8,13320,66627.1,8043.84,8008,65829.3,7449.12,122.18,3.80654
9043.2,8993,65901.8,8035.92,7493,70284.5,12302.6,6.56,3.80759
11401.6,11730,63701.2,6628.32,6818,63712.8,8015.04,13.12,3.80865
10157.4,9661,68903.6,8273.52,7817,69363.4,18681.8,54.12,3.8097
12331.5,12360,65385,4996.08,5036,65016.5,14397.8,-54.94,3.81076
8614.4,9045,62416.1,4284.72,4449,63116.1,12781.4,22.96,3.81181
11279.4,11652,63440.1,3901.68,4032,63417.8,12001.7,-13.12,3.81287
7946.88,7972,65329.5,7026.48,6624,69518,17305.2,68.06,3.81814
10464,10129,67703.5,8578.08,8197,68582.8,19013,24.6,3.8192
14231,14724,63341.9,3978,3988,65371.7,18444.2,10.66,3.82342
11426.6,11808,63419,4252.32,4352,64034.9,13648.3,31.98,3.82448
12940.8,13537,62649.6,7085.52,7253,64022.7,11381.8,29.52,3.82764
8922.88,8873,65904.4,6647.76,6313,69011.2,9502.56,64.78,3.82764
8369.92,8906,61591.2,3115.44,3262,62591.5,8054.64,-9.84,3.82975
9499.52,9885,62980.3,4226.4,4361,63513.3,16842.2,42.64,3.83081
12969,13424,63314.5,7707.6,4836,104451,16719.1,60.68,3.83081
34376.3,26041,86513.1,31389.1,25625,80277.8,68479.2,240.26,3.83081
18312.3,13721,87465.7,19651.7,15533,82913.3,5004.72,130.38,3.83503
13018.9,12645,67473.7,6235.92,6197,65947.6,9732.24,16.4,3.83714
8767.36,9021,63693.3,6653.52,6697,65110.5,10306.8,59.04,3.83714
40887.7,25680,104346,37172.2,23284,104626,29356.6,243.54,3.84031
15593.6,15649,65304,6691.68,6785,64634.6,13009.7,71.34,3.84136
9507.84,9264,67261,5670.72,5424,68517,16747.2,24.6,3.84136
14237.4,14373,64917.9,7003.44,6981,65746.7,20076.5,53.3,3.84453
8328.32,8233,66294.8,4281.12,4349,64513.1,6685.92,-7.38,3.84558
6998.4,7117,64443.9,2615.04,2649,64695.8,11800.8,38.54,3.84664
5143.04,5225,64508,2322.72,2365,64364.4,7112.16,-75.44,3.8498
6561.92,6476,66405.5,2571.12,2460,68496.3,5178.96,5.74,3.85297
12649.6,12360,67071.5,6117.12,6216,64493.5,6542.64,-28.7,3.85297
13706.2,13283,67624.2,5839.2,5827,65673.2,27542.9,8.2,3.85403
16448,15749,68444.7,9028.8,8513,69506.8,15521.8,-42.64,3.85508
13945.6,13304,68696.5,8292.24,7916,68650.9,27119.5,27.06,3.85508
11288.3,10732,68933.2,6450.48,6136,68894.8,29125.4,73.8,3.86141
5596.16,5732,63982.9,2499.12,2548,64278.8,11332.8,4.1,3.86247
15593.6,14112,72416.5,13363.2,12416,70535.7,13065.8,14.76,3.86352
10718.1,10980,63972.7,5880.96,6016,64064.9,40261.7,99.22,3.86352
8740.48,9077,63106.3,3193.2,3317,63090,14044.3,-11.48,3.86563
9624.32,9720,64890.9,4190.4,4284,64104.1,18040.3,20.5,3.86774
33010.6,26803,80714.1,74440.1,60019,81282.7,17316.7,4335.34,3.86986
4979.84,5098,64017,2239.2,2270,64646.8,7804.08,68.88,3.87197
10519,10176,67745.3,9514.08,9252,67392.4,52782.5,-13.94,3.87197
11683.8,11273,67924.4,6546.96,6253,68616.9,8889.12,13.12,3.87408
5658.24,5641,65736.3,2391.12,2457,63778.8,7524.72,0,3.87408
15032.3,13345,73822.3,10771.2,10149,69553.8,24019.9,80.36,3.8783
9196.16,9184,65622.8,5225.76,5312,64472,15711.1,6.56,3.88041
6733.44,6818,64723.2,3233.52,2646,80087.7,21300.5,86.92,3.88252
13715.2,13484,66659.7,6237.36,6264,65257.3,13366.8,22.96,3.8878
5221.12,5164,66260.9,2369.52,2396,64811.7,8283.6,81.18,3.8878
12539.5,12180,67470.4,6035.04,6068,65180,6165.36,-24.6,3.8878
12925.4,12733,66526.5,7029.36,7017,65651.4,49694.4,82.82,3.89096
11102.7,10897,66773.2,4420.8,4465,64887.3,9217.44,-23.78,3.89307
15648.6,13956,73484.5,10748.9,9712,72532.8,52765.2,123,3.89413
17815.7,15389,75870.3,17488.8,16265,70467,26863.9,31.98,3.89518
11333.8,11613,63960.2,5988.24,6189,63410.1,4934.88,34.44,3.89624
7625.6,7828,63841.5,3458.88,3604,62897.1,22003.2,15.58,3.89729
15651.8,13669,75042.7,139540,119157,76746.8,5388.48,1439.1,3.89729
14729.6,14701,65663.5,6688.8,6697,65455.8,27329.8,-9.84,3.8994
15799.7,16069,64437.6,4039.2,4129,64110.7,14888.9,-22.14,3.8994
11706.2,11776,65147.8,6752.16,6740,65654.2,6819.84,50.02,3.90257
11105.9,11348,64138,4020.48,4000,65871.6,12284.6,51.66,3.90363
23347.2,15780,96963.4,30233.5,23616,83900.1,14158.1,149.24,3.90574
7830.4,7741,66292.9,5027.04,4861,67774.6,40903.2,58.22,3.90679
9371.52,8813,69689.3,5243.76,5017,68498.1,23030.6,14.76,3.90679
13116.2,13176,65238.4,5638.32,5560,66459.2,32162.4,47.56,3.90785
9017.6,7777,75990.4,7087.68,6517,71274.9,15505.9,38.54,3.90785
11493.8,11824,63705.6,4858.56,4868,65408.9,12439.4,34.44,3.90785
7875.84,7685,67163.4,7371.36,6945,69559.3,16987,72.98,3.91101
7569.28,7812,63499.8,2633.04,2676,64483.9,11476.8,29.52,3.91101
9790.72,10171,63085.7,2432.16,2559,62287.6,18323.3,44.28,3.91523
8680.96,9108,62463.3,3168.72,3188,65139.7,11543,57.4,3.91523
16297.6,15616,68396.5,8649.36,8608,65850.9,7299.36,132.02,3.91523
14635.5,14461,66326.9,5518.08,5453,66318.2,13415.8,14.76,3.91629
19811.2,18709,69396.9,11914.6,11409,68440.1,8928.72,-13.12,3.92157
9962.88,10304,63366.4,4232.88,4304,64453.1,17172,19.68,3.92157
6025.6,6132,64398.8,2988,3088,63413.7,12553.2,-13.94,3.92473
13273.6,12620,68930.2,5721.84,5320,70486.2,25245.4,66.42,3.92579
10542.1,10648,64884.1,10268.6,9816,68558,12583.4,37.72,3.92684
11134.1,10777,67707.4,7283.52,6841,69775.3,10996.6,29.52,3.92684
15953.9,15425,67783.2,9358.56,8805,69656.2,19348.6,7.38,3.9279
11708.2,11069,69320.3,4969.44,4745,68635.9,26370.7,89.38,3.9374
10548.5,9360,73857.4,6382.8,5940,70421.4,32412.2,109.06,3.93845
12848,12094,69621.8,6511.68,6126,69662,12389.8,24.6,3.94056
25646.7,20377,82484.3,12894.5,10349,81655.5,44281.4,61.5,3.94373
11477.8,10433,72098.8,7999.92,7889,66457.4,11345,46.74,3.949
10383.4,9978,68198.4,4741.92,4746,65479.7,14155.9,-37.72,3.949
16042.2,14801,71032,9424.08,9045,68282.6,26729.3,65.6,3.949
10471.7,10108,67894,4135.68,4204,64471,10222.6,13.94,3.949
11907.2,11076,70454.2,5066.64,5092,65209.6,26492.4,10.66,3.95217
13301.8,13121,66438.8,5218.56,5365,63747.2,15083.3,33.62,3.95534
12910.7,12573,67296.4,4788.72,4829,64989.3,13120.6,1.64,3.95639
8223.36,7993,67424.8,2672.64,2717,64466,20588.4,77.08,3.95745
8631.04,8156,69353.1,6825.6,6632,67449.1,16419.6,45.1,3.9585
12080.6,11933,66346.8,5111.28,5293,63286,7780.32,31.98,3.95956
8957.44,9048,64880.1,3441.6,3196,70572.2,13921.2,12.3,3.96167
31520.6,23344,88491.1,26285,20960,82185.9,26382.2,41,3.96167
12432.6,12037,67690.1,6302.16,6309,65464.9,6557.76,-9.84,3.96272
12197.1,11273,70908.4,6545.52,6329,67778,22358.2,114.8,3.96694
9547.52,9301,67273,4283.28,4261,65878.7,5785.92,19.68,3.97117
11163.5,11249,65038,5040.72,4993,66162.4,9653.76,61.5,3.97328
7916.16,8006,64800.6,4194.72,4278,64260.2,10951.2,55.76,3.97433
9632,9898,63774.8,5340.24,5466,64028.2,7601.04,-8.2,3.97433
8219.52,7588,70990.3,7621.92,7056,70792.3,6901.2,9.02,3.97644
15244.8,14529,68764.8,9168.48,8949,67143.3,18167.8,41,3.97855
12651.5,11604,71452.1,7904.16,7348,70496.3,38531.5,31.98,3.98066
9298.56,9164,66498.3,4620.24,4636,65313.2,17244.7,-100.04,3.98277
12820.5,12521,67103.5,4328.64,4301,65957.2,32729,35.26,3.98489
10960.6,10341,69463,5365.44,4341,81002,10951.2,17.22,3.987
21313.3,18249,76540.5,9157.68,8169,73467.7,31631,6.56,3.98805
8858.88,8540,67983.1,4919.76,4888,65961.8,5457.6,-13.94,3.98911
8947.2,9127,64245,2648.88,2695,64414.5,14131.4,-51.66,3.99016
9809.92,10095,63685.3,4745.52,4923,63173.4,18113.8,64.78,3.99122
9973.12,9824,66530.8,4551.84,4420,67490.8,8943.12,-16.4,3.99333
12522.9,12199,67276,5906.16,5911,65482.3,17315.3,-11.48,3.99333
10462.1,9933,69026.8,7351.2,7145,67427.3,8797.68,-0.82,3.99755
12185,11916,67015.2,5289.84,5244,66108.9,10732.3,51.66,3.9986
13052.2,11996,71306,6358.32,5976,69728.7,33714.7,71.34,4.00071
5383.04,5499,64154,2797.2,2987,61371.7,7539.12,82.82,4.00177
11084.8,10969,66227.9,5275.44,5293,65318.6,5384.88,45.92,4.00283
7684.48,7277,69205.7,7928.64,7517,69124.8,9506.16,-15.58,4.00494
11431.7,11322,66170.9,4990.32,5050,64761.5,12074.4,57.4,4.00599
12759.7,12604,66345.5,9135.36,9164,65331.2,25217.3,159.9,4.00705
11026.6,11155,64781.4,4425.12,4647,62406.9,13096.1,140.22,4.01127
11456,10856,69158.1,7133.04,7116,65692.9,11263,-18.04,4.01127
13941.8,13765,66377.6,6353.28,6513,63928.8,22404.2,14.76,4.01232
12010.2,11888,66209.9,4322.88,4480,63237.6,16792.6,53.3,4.01232
17326.7,16644,68224.2,6500.88,6532,65223.8,33775.2,24.6,4.01338
10878.7,10976,64955.2,4103.28,4272,62947.7,8421.12,86.92,4.01338
17373.4,15856,71807.9,7824.96,7344,69828,31495,25.42,4.01549
10456.3,10841,63210.5,5963.04,6121,63844.8,13039.2,-54.94,4.01549
15842.6,11824,87809.4,5179.68,3684,92143.2,23212.1,63.96,4.01654
12715.5,12025,69299.3,9326.88,9357,65325,9232.56,82,4.0176
8373.76,8129,67509.3,5916.96,5585,69431.3,10657.4,56.58,4.0176
9192.96,9311,64705.2,5212.8,5403,63229,37447.2,72.16,4.01971
9038.08,9237,64124.7,3257.28,3461,61678.4,4987.44,15.58,4.01971
13532.2,13369,66335.8,3301.2,3389,63838.1,8349.84,-45.1,4.02077
9606.4,9330,67477.5,6091.92,6118,65256.6,13821.8,-6.56,4.02182
6320.64,6692,61899.2,2240.64,2400,61184.4,9286.56,5.74,4.02499
11187.2,11693,62701.1,4917.6,5193,62060.4,20126.2,-17.22,4.02499
15875.8,15329,67873.9,12612.2,12193,67789.4,15604.6,31.98,4.02815
11070.7,10633,68233.9,4615.2,4589,65910.2,8038.8,-4.1,4.03026
6371.84,6755,61818.6,2044.08,2211,60588.3,19481.8,-11.48,4.03026
11283.8,10832,68269.7,6321.6,6080,68140.2,19142.6,-24.6,4.03026
12449.3,12313,66261.4,5376.96,5373,65584.3,5117.04,27.88,4.03132
8471.68,8632,64318.8,3461.04,3592,63146.6,28579.7,-25.42,4.03554
14681,13197,72905.3,8881.92,8301,70122.3,69579.4,82.82,4.03871
10885.1,10496,67965.6,4743.36,4820,64494,8470.8,2.46,4.04082
14568.3,13469,70884.9,8673.84,8489,66963,34904.2,14.76,4.04398
12965.8,12332,68904,2195.28,2184,65874.5,11061.4,487.9,4.05031
12968.3,11804,72000.3,4234.32,4124,67289.1,6130.08,-27.06,4.05031
14721.9,14054,68650.6,6244.56,6530,62671.3,12315.6,-3.28,4.05137
20477.4,16252,82575,13137.1,12524,68744.4,31080.2,17.22,4.05137
13209,12001,72132.5,8163.36,8197,65267,5765.04,-22.14,4.05243
8342.4,7532,72587.3,4096.8,4200,63925.7,6441.84,39.36,4.05243
11844.5,11234,69097.4,6534,6230,68733.9,11510.6,112.34,4.05348
13726.7,12712,70767.3,6282,6188,66531.5,34024.3,72.98,4.05348
15248.6,14836,67358.8,5269.68,5408,63859.8,7139.52,-15.58,4.05559
12426.2,13199,61699.1,7268.4,7260,65611.8,15328.8,4.1,4.06192
17036.2,11449,97517.8,25931.5,20573,82605.8,10755.4,159.9,4.06298
12509.4,12681,64649.4,7372.8,7241,66728.9,27347,48.38,4.06931
18281,16468,72750.8,16654.3,15636,69804.1,10105.9,122.18,4.06931
12750.1,12758,65495.3,5163.84,5106,66278.4,15462.7,9.84,4.06931
5759.36,5481,68864.3,2176.56,2281,62535.3,16184.9,13.12,4.07881
12519,11941,68708.5,3603.6,3621,65221.1,37825.2,16.4,4.07986
8340.48,7776,70293.4,3347.28,3328,65915.7,7264.8,15.58,4.08303
16930.6,15468,71732.7,10682.6,10044,69703.1,8189.28,41.82,4.08303
14014.7,12748,72048.1,5311.44,5276,65976.2,5572.08,90.2,4.08408
15689,15152,67858.5,4952.16,5188,62556.8,10190.9,22.14,4.08514
10282.2,9665,69721.4,3360.24,3365,65443.3,7613.28,-32.8,4.08725
6494.08,6109,69667,2709.36,2829,62764.4,12829,19.68,4.08725
7086.72,7001,66338.4,2993.76,3097,63351.3,13327.9,13.12,4.09147
13557.1,12360,71883.5,7384.32,6876,70380.9,61120.1,0.82,4.09147
6545.92,6564,65355.5,2311.2,2468,61372.3,11079.4,-31.16,4.09464
7524.48,7885,62539.5,4497.84,3145,93726.7,10044,247.64,4.09675
10021.8,9597,68436.6,6973.92,6893,66305.4,33393.6,1.64,4.0978
9877.76,9592,67488.4,9352.8,9016,67984.2,16468.6,44.28,4.09886
22849.9,22366,66954,6978.24,6890,66375.3,24204.2,-10.66,4.09992
20973.4,18461,74455.1,15190.6,13629,73044.9,8238.24,76.26,4.10097
9580.8,9773,64247.1,5005.44,4969,66016.6,11258.6,36.9,4.10414
12582.4,12924,63803.8,5451.12,5640,63341.2,14216.4,-2.46,4.10519
8936.96,9092,64418.5,3036.24,3072,64773.1,20018.2,31.98,4.10836
8709.12,7796,73212,6504.48,5940,71763.9,23109.1,7.38,4.11258
10606.1,10380,66963.4,3809.52,3832,65151.5,20293.2,39.36,4.11469
13456,13170,66959.2,4888.08,5014,63890.2,17700.5,2.46,4.1168
17810.6,13936,83756.7,19188.7,17088,73592.7,24783.1,14.76,4.11891
7340.16,6896,69757.1,2897.28,2912,65204.7,7184.16,-17.22,4.11891
19728,17304,74716.5,13546.8,12620,70348.9,68719.7,88.56,4.11997
19590.4,18392,69806.3,6112.8,6092,65759.8,16860.2,-50.84,4.11997
12762.9,10968,76260.8,9773.28,9244,69288.4,46342.8,22.96,4.12102
12240,11617,69050.6,7765.92,7825,65041.2,7703.28,68.06,4.12313
14384,13589,69370.1,4725.36,4801,64503.5,21688.6,-38.54,4.12735
8765.44,8484,67710,3828.96,3904,64276.3,12092.4,-61.5,4.12841
11665.3,10229,74738.1,6935.04,6529,69611.7,19337,17.22,4.13369
16004.5,14561,72032.8,6162.48,6005,67254.7,20009.5,13.12,4.13369
18554.9,16241,74873,9308.16,8645,70563.3,28975,-1.64,4.1358
15092.5,14096,70168.9,5758.56,5744,65702.1,9731.52,-33.62,4.13791
8377.6,8049,68211.5,3011.04,3109,63471.1,7206.48,35.26,4.13896
10441.6,9777,69990.9,3312.72,3329,65215.5,17262.7,78.72,4.14002
7066.24,6597,70197.5,3005.28,3109,63349.6,17094.2,33.62,4.14107
11186.6,10992,66696,3606.48,3716,63604.5,11426.4,-16.4,4.14107
13664,13257,67548,9180,8121,74082.1,10181.5,133.66,4.14318
17080.3,16411,68208.9,6258.96,6335,64749.4,27666,-22.96,4.1474
9152.64,8681,69096.6,2900.88,3021,62930.2,19981.4,50.02,4.14846
8109.44,6427,82691.8,66131.3,62991,68803.2,6389.28,837.22,4.15374
15363.8,13417,75045.4,8786.16,8557,67291.1,29035.4,-2.46,4.15374
8009.6,7334,71573.1,2686.32,2850,61772.2,19211.8,-2.46,4.15479
10763.5,9755,72311.4,8434.8,8031,68831.2,17181.4,18.04,4.1569
29694.1,23757,81914,22488.5,18829,78273.1,48327.8,130.38,4.16007
10521,10021,68805.7,3682.8,3729,64724.1,24391.4,-41,4.16007
6852.48,7096,63286.9,2517.12,2604,63349.5,7381.44,-47.56,4.16746
11865,12128,64114.6,4890.24,5072,63187.5,6304.32,-24.6,4.16851
9678.72,10383,61090.7,3254.4,3311,64415.7,15299.3,40.18,4.17273
7939.84,8520,61073.4,3258,3224,66227.1,10696.3,-1.64,4.17273
9798.4,9312,68959.2,7226.64,6820,69443.6,21355.9,29.52,4.17273
7703.04,8847,57061.9,3140.64,3355,61348.7,6206.4,9.84,4.17906
9511.04,10115,61622.9,7557.84,7507,65979.8,13343,10.66,4.18117
17894.4,18500,63390.7,10945.4,10368,69186,21797.3,117.26,4.18117
11732.5,12481,61605.6,8743.68,8465,67693.5,31780.8,18.04,4.18434
17657,16493,70161.1,16435.4,15401,69937.9,16376.4,98.4,4.18645
10935,11017,65048.5,7346.88,7101,67805.3,13689.4,22.14,4.18856
10564.5,11388,60796.8,6940.08,6764,67242,14657.8,109.06,4.18962
10771.8,11275,62611.4,10103.8,9887,66972.8,30503.5,35.26,4.18962
11713.3,11780,65164.8,7530.48,7024,70261.6,41971,105.78,4.19067
11219.2,11869,61948.1,6503.76,6413,66463.5,28801.4,17.22,4.19173
5406.08,6349,55802.9,3370.32,3385,65251.8,6566.4,-44.28,4.197
7204.48,8181,57713.3,3658.32,3681,65132.2,6985.44,5.74,4.19806
7040,7530,61271.4,7182,6861,68602.2,8233.92,24.6,4.20123
11446.4,11495,65258.9,9609.84,9363,67263.8,14022,-64.78,4.20123
12198.4,11889,67241.5,6612.48,6229,69570.6,24645.6,31.98,4.20228
11402.9,12014,62202.4,5949.36,5914,65927.9,5209.92,20.5,4.20439
6749.44,7297,60618.2,3093.84,2673,75854.1,5440.32,3.28,4.20439
10351.4,10793,62854.3,4639.68,4633,65630.5,11009.5,25.42,4.2065
26868.5,25709,68491.7,14620.3,13821,69326.2,45352.8,68.88,4.2065
9770.24,9072,70580.1,8936.64,8244,71042.2,13988.9,21.32,4.2065
8994.56,9362,62963.8,4547.52,4482,66494,13125.6,-13.12,4.20756
11290.2,12169,60803.5,5800.32,5101,74520.6,29049.8,139.4,4.21072
9207.68,9660,62467.3,5831.28,5644,67710.6,12567.6,41,4.21283
13900.8,14321,63613.1,4060.08,3989,66703.8,40071.6,18.86,4.21283
10983.7,11307,63662,4708.08,4623,66742.1,13107.6,31.98,4.21283
11843.2,12388,62653.9,6451.92,6612,63949.3,6369.84,29.52,4.21494
8839.04,9192,63019.5,3186.72,3276,63750,7080.48,-13.94,4.21494
11777.9,12149,63534.3,5841.36,5813,65855.7,10543.7,-30.34,4.21494
14174.1,14593,63654.7,8427.6,8481,65123.4,7364.16,49.2,4.216
8130.56,8473,62887.3,4037.04,4093,64640,21299.8,37.72,4.21706
13421.4,13712,64147.3,4564.08,4560,65594.6,28140.5,76.26,4.21706
8911.36,9422,61984.2,3394.08,3470,64102.1,17306.6,19.68,4.21811
24871.7,19907,81880.3,19028.2,15907,78395,38324.2,112.34,4.22339
7456.64,7980,61237.9,3016.08,3208,61615.3,11235.6,40.18,4.22339
9175.04,9015,66699.4,8673.84,8355,68037,11731.7,76.26,4.22444
9320.96,9916,61603.3,4671.36,4924,62173.5,12222.7,27.06,4.2255
14231.7,14253,65438,6269.76,6345,64758.9,11422.8,32.8,4.22866
13973.1,14121,64849.7,6441.12,6285,67163.9,17563.7,52.48,4.22972
17923.8,16609,70724.1,8980.56,8133,72365.7,16700.4,92.66,4.23077
13729.9,14049,64047.6,5146.56,5297,63674.7,5582.16,0.82,4.23394
14412.2,14441,65405.1,7212.96,7037,67174.7,33512.4,11.48,4.23394
12924.2,12869,65816.9,4689.36,4721,65096.8,9963.36,12.3,4.235
11089.9,11401,63747.8,3589.92,3753,62688.3,16399.4,-65.6,4.235
31411.8,25200,81690.7,21446.6,18244,77040.5,34375,155.8,4.23605
14049.9,13653,67441.3,8925.12,8853,66069.9,26511.8,0.82,4.23922
7535.36,7560,65322.4,2681.28,2796,62847.1,14954.4,35.26,4.23922
15265.9,14854,67353.4,5167.44,5269,64272.8,13734.7,-42.64,4.24344
9585.92,8333,75389.8,9249.84,8701,69669.9,15464.2,95.12,4.24449
11825.9,10997,70475.9,8102.16,7825,67857.3,16951,57.4,4.24555
10839,10418,68184.6,3350.88,3334,65867.8,46931.8,-4.92,4.24871
14906.2,14009,69733.4,9834.48,9597,67157.7,18897.1,80.36,4.25083
10615,9701,71710.9,8459.28,8001,69289.8,8199.36,49.2,4.25294
15850.9,14301,72638.5,7763.76,7193,70736.3,29103.1,-14.76,4.25294
13070.1,11941,71732.8,9908.64,9473,68549.8,5140.08,-0.82,4.25399
9665.28,9580,66119.4,3870,4088,62041.2,7573.68,-18.04,4.25399
8563.84,8207,68385.5,2552.4,2655,63003.4,11646,29.52,4.25399
9635.84,9629,65582.6,5070.96,5321,62456.4,9654.48,6.56,4.25821
8763.52,8610,66704.5,3334.32,3414,64006.4,8446.32,-43.46,4.2656
6316.16,6112,67725.1,2275.92,2336,63850.5,14757.1,59.86,4.26771
9351.04,9080,67492.3,4293.36,4364,64475.2,17506.1,101.68,4.26771
11502.1,11087,67989.6,8953.2,8555,68586.4,13218.5,18.04,4.26877
12601.6,11704,70562.1,7182.72,6956,67672,38049.1,66.42,4.26982
7313.28,7392,64838.1,2666.88,2804,62331.2,6470.64,-15.58,4.26982
10245.1,10045,66841.6,4906.8,4921,65346.9,10201.7,19.68,4.27088
11977.6,11392,68904.8,3721.68,3600,67751.1,29151.4,18.86,4.2751
11987.8,12017,65377,4205.52,4177,65983.5,5416.56,45.92,4.2751
13087.4,13093,65507.8,5321.52,5329,65444,7597.44,-69.7,4.27721
12420.5,12456,65349.1,9231.12,9180,65900.9,18037.4,34.44,4.27826
12890.2,12920,65385,5487.12,5548,64816.9,30514.3,95.12,4.28143
5397.12,5527,63996,2563.92,2599,64651.4,9987.84,-11.48,4.28354
6372.48,6562,63643.2,2186.64,2294,62468.9,6473.52,13.94,4.2846
9760.64,8772,72922.2,41289.1,34964,77391.7,100855,8104.88,4.28671
7999.36,7945,65984.4,2993.76,3065,64012.7,20195.3,32.8,4.28671
8999.04,9330,63211.3,2841.84,3042,61223.8,8733.6,-22.96,4.29093
13456.6,13164,66992.9,6687.36,6536,67053.7,26014.3,-31.16,4.29198
11808,11245,68817.2,7243.92,7085,67006,10885,16.4,4.29198
11884.2,11741,66335.1,5896.8,5773,66941.4,11627.3,31.98,4.29304
13632.6,13736,65042.9,5770.8,5964,63413,15058.8,-15.58,4.29515
8730.88,9213,62106.5,3450.24,3533,64000.8,32179,65.6,4.29831
9050.24,9141,64885.3,5610.96,5573,65982.4,14745.6,-56.58,4.29937
8243.84,7841,68903,6688.8,6453,67930.8,49884.5,-77.9,4.30254
11356.8,11641,63936,6161.76,6237,64745.4,14819.8,11.48,4.30781
8708.48,8929,63917.4,6760.8,6549,67655.5,11718,83.64,4.30887
8024.96,8569,61375.2,4806.72,4909,64170.5,15296.4,30.34,4.30887
14992,14269,68856.7,8483.04,7801,71265.8,20282.4,-40.18,4.30992
13593,13724,64910.2,5780.16,5628,67307.9,21677,41,4.31203
4443.52,5027,57929.3,2530.8,2547,65119.2,15494.4,46.74,4.31309
10499.8,10884,63222.9,3943.44,3888,66470.5,8025.84,19.68,4.3152
5314.56,5792,60133.8,2919.6,2548,75093.8,12348,-7.38,4.31731
7390.08,7429,65192.7,3022.56,3025,65483.1,20350.8,68.88,4.32259
12857,13036,64635.9,6384.96,6472,64654.6,16497.4,20.5,4.32364
12228.5,12469,64271.8,3772.08,3921,63046.9,9742.32,-22.96,4.3247
12730.2,11300,73830.9,8881.92,8292,70198.4,18935.3,14.76,4.32575
7342.08,7293,65977,2193.12,2297,62572.2,22850.6,27.88,4.32681
12103,11444,69310.1,7236,7092,66866.7,35786.2,3.28,4.32681
15001,14425,68152.7,8496.72,8413,66188.2,8074.8,16.4,4.32681
15118.7,15117,65543.5,5891.76,6057,63748.1,20926.8,1.64,4.32786
8854.4,7783,74557.6,5483.52,5187,69282.4,7539.12,86.1,4.32786
13889.3,12812,71046.5,8085.6,7976,66436.5,7916.4,21.32,4.32997
7127.04,6759,69104.6,3039.12,3139,63450.7,8985.6,33.62,4.33103
8135.68,7756,68744.2,3122.64,3244,63084.3,34151,25.42,4.33103
6557.44,6325,67944.4,2298.24,2421,62212.9,9811.44,44.28,4.33209
14219.5,13309,70019.6,8093.52,7693,68948,7280.64,20.5,4.3342
13651.8,12812,69832,9848.16,9448,68311.7,17994.2,31.16,4.33736
7111.68,6540,71264.7,2458.08,2488,64747.9,18913.7,24.6,4.33842
7066.88,6689,69238.3,2506.32,2609,62956.8,8064.72,26.24,4.33842
9631.36,8276,76268.8,7057.44,6756,68460.1,10495.4,59.86,4.33947
12268.8,11684,68816.2,3711.6,3856,63081.8,13034.9,24.6,4.34053
15344.6,13624,73812.9,7243.92,6828,69528.1,17671,-1.64,4.34158
9567.36,8952,70040.9,4874.4,4808,66441.1,15499.4,62.32,4.34264
14826.2,14000,69403.8,5235.84,5284,64938.7,34462.8,0.82,4.34369
17731.2,15474,75095.8,10268.6,9414,71485.6,38622.2,478.06,4.3458
10876.8,9692,73547.5,7935.12,7432,69972.6,11102.4,-43.46,4.35108
12071,10981,72041.5,10805,10353,68397.5,12754.8,138.58,4.35108
10263.7,9577,70235,6179.76,6122,66154.3,11005.9,-36.9,4.35319
11864.3,10940,71073.1,8404.56,7880,69898.6,20351.5,74.62,4.35425
13357.4,13321,65715.3,5039.28,4669,70733.4,9296.64,109.88,4.3553
12423,11866,68612.5,4590,4506,66757.7,11474.6,-16.4,4.3553
10720.6,10712,65588.9,4407.84,4584,63017.5,8911.44,-26.24,4.35636
7713.92,7876,64187.3,2800.08,2996,61250.3,10525.7,130.38,4.36058
8360.32,8225,66614.2,6201.36,6145,66137.1,7539.12,27.06,4.36374
9030.4,8998,65772,3953.52,4006,64677.5,9959.04,9.84,4.36374
5380.48,5491,64216.9,2107.44,2247,61465.6,18218.9,-18.04,4.36374
6848,6917,64882.3,2661.12,2709,64377.7,6743.52,88.56,4.36691
10025.6,10144,64771.1,5195.52,5220,65228.7,9542.16,22.14,4.36797
10564.5,10577,65458.4,4212,4085,67573.5,16359.8,26.24,4.36902
12517.8,12785,64166.1,4479.84,4661,62988.8,10562.4,-11.48,4.37008
14171.5,13677,67905.6,7809.12,7593,67401.4,23730.5,67.24,4.37113
12412.8,12188,66744.8,5110.56,4524,74033.1,36416.2,68.06,4.37113
10439,10313,66336.9,3526.56,3581,64539.7,22964.4,36.08,4.37219
15201.3,14112,70594.6,11857,11120,69879.3,45688.3,59.04,4.37746
5900.8,6268,61696.7,2908.8,2760,69069.3,9232.56,25.42,4.38169
11197.4,10049,73025.7,12809.5,7653,109694,34966.8,245.18,4.38485
18069.8,18397,64370.3,10070.6,10297,64095.3,31680,71.34,4.38802
10229.1,10560,63482.5,4786.56,4752,66012.6,5490,656.82,4.38907
9879.04,10021,64607.6,5389.2,5249,67286.5,13477.7,-45.92,4.39013
7966.72,7744,67420.8,7818.48,7364,69580.7,12084.5,59.86,4.39118
6755.84,7101,62350.5,2698.56,2493,70939.8,15639.1,45.1,4.39329
15900.2,15281,68191.4,4604.4,4373,69003.9,20674.8,12.3,4.39435
10700.8,11156,62861.9,4451.04,4608,63303.7,7407.36,7.38,4.39646
10679,10405,67262,9509.76,8961,69549.3,11355.8,77.9,4.39751
13561.6,13469,65986.6,8130.96,7913,67341.2,7282.08,34.44,4.39857
6090.88,6446,61925.5,3200.4,2958,70906.5,18736.6,99.22,4.39963
16222.7,16184,65692.8,7110,7048,66112.5,12016.1,35.26,4.40279
7157.12,7696,60947.1,2785.68,2932,62265.5,23566.3,-5.74,4.40596
5229.44,5584,61374.7,2203.92,2288,63127.7,7271.28,30.34,4.40701
11324.8,10449,71029,6770.88,6241,71100.2,30244.3,106.6,4.40701
7361.92,7641,63142.4,2906.64,3005,63390.9,8102.16,51.66,4.40912
10588.2,10293,67415.3,6566.4,6245,68908.8,19316.9,18.86,4.41018
10222.1,10289,65109.8,4801.68,4629,67980.8,8129.52,22.14,4.41123
13159.7,13270,64991.2,5497.2,5538,65053.2,16062.5,-45.92,4.41123
4618.24,5063,59779,2307.6,2451,61701.7,8569.44,50.84,4.4144
7420.16,7664,63450.9,2493.36,2608,62655.2,9321.84,8.2,4.41546
10955.5,10844,66210,5206.32,5176,65919.9,12413.5,0.82,4.42073
10079.4,9997,66075.9,5440.32,5385,66209.3,12914.6,-57.4,4.42179
21213.4,20271,68582.9,14530.3,14107,67502.6,24237.4,71.34,4.42179
17278.1,15792,71703.2,14821.9,13892,69922.9,36686.2,-6.56,4.42179
5511.04,5613,64345.5,2802.96,2905,63234,15167.5,82.82,4.42179
12112,12053,65856.8,5641.92,5633,65639.8,20036.9,47.56,4.42284
12861.4,12783,65938.1,5574.96,5643,64745.8,16393,38.54,4.42601
13512.3,13320,66482.2,4858.56,4808,66225.2,35714.2,-61.5,4.42706
5496.32,5605,64265.3,1830.24,1909,62832.2,9288.72,-36.08,4.43023
9879.68,9565,67692.1,7221.6,7245,65324.3,26179.2,77.08,4.43128
17774.7,15856,73466.5,13406.4,12532,70108.7,38383.2,25.42,4.43445
10667.5,10613,65872.7,7833.6,7505,68405.4,13539.6,-6.56,4.43973
8051.84,8116,65017.9,2184.48,2224,64371.4,18090,-12.3,4.44078
7267.84,7111,66981.5,4507.92,4483,65900.3,8822.16,9.84,4.44184
5841.28,5972,64101.5,2732.4,2852,62787.7,9697.68,2.46,4.44395
7729.28,7888,64217.3,3303.36,3444,62859.8,17640.7,76.26,4.445
12110.1,11554,68690.2,7036.56,6658,69262.2,14210.6,-22.96,4.445
13729.9,13628,66026.1,5582.16,5688,64316.5,22195.4,38.54,4.44606
9602.56,9149,68784.9,8712.72,8425,67774.1,12737.5,60.68,4.44606
14752.6,14017,68975.5,6873.12,6741,66820.5,51439,45.92,4.44923
11852.8,11901,65270.6,7981.2,8141,64249.6,10175.8,4.92,4.44923
7432.96,7296,66766.2,5723.28,5584,67170.7,15067.4,89.38,4.44923
21238.4,18249,76271.6,13307.8,12057,72334.5,45850.3,90.2,4.44923
11516.8,11632,64886.9,4757.76,4960,62863.8,11975.8,-11.48,4.45028
11431.7,11140,67251.9,7833.6,7764,66123.5,8723.52,9.02,4.45239
11096.3,10772,67509.1,5924.88,6020,64500.5,19245.6,-16.4,4.45345
10100.5,10020,66062.4,2678.4,2804,62600.4,16352.6,1.64,4.45556
6694.4,6516,67330.3,2617.2,2708,63338.6,11518.6,14.76,4.45767
13277.4,12560,69279.5,6742.8,6676,66191.8,9947.52,3.28,4.46506
17562.9,16568,69471.3,13178.9,13196,65451,13546.1,41.82,4.46506
16444.8,15474,69647.6,12937.7,12434,68190.8,25501,-29.52,4.46506
18067.2,17430,67931.8,11519.3,11730,64358.7,14665.7,-28.7,4.46611
5367.68,5219,67403,1974.24,2035,63579.3,20450.9,-1.64,4.46928
11754.9,10905,70643.5,7490.88,7405,66296.1,16218.7,-75.44,4.4735
9730.56,9181,69458.9,5751.36,5565,67730.7,13151.5,50.02,4.483
15304.3,14773,67893,7588.08,7681,64743.2,8254.08,90.2,4.483
7249.92,7249,65544.3,2219.76,2293,63442.7,19406.2,44.28,4.48511
29909.8,24597,79691.3,25965.4,21877,77783.3,28517,124.64,4.48722
13485.4,12417,71175.1,8591.76,8081,69678.2,19376.6,46.74,4.48933
9793.92,9584,66971.4,4212,4320,63897.6,14058,41.82,4.49038
15226.9,12873,77519.5,138443,121261,74822.1,55371.6,7744.9,4.49038
11321.6,10968,67648.8,7225.2,7368,64265.8,26257,22.96,4.49249
11464.3,10716,70112.5,7820.64,7480,68520.5,27277.2,45.92,4.49355
10547.2,10281,67232.9,5102.64,5197,64346.1,18778.3,-3.28,4.49566
11758.7,11113,69344,6140.88,5833,68995.2,19034.6,-4.1,4.49777
8384,8206,66957.6,2909.52,2954,64549.2,9275.76,-41.82,4.49883
10183,10027,66555.9,4721.76,4859,63685,25656.5,36.08,4.5041
9509.12,9385,66402.8,3675.6,3821,63042.2,6871.68,-12.3,4.5041
13561.6,12988,68430.3,5257.44,5272,65355,5976,102.5,4.50516
11161,11012,66422.5,4106.16,4132,65126.2,12120.5,34.44,4.50516
15871.4,15397,67555.1,7961.04,8117,64276.8,8463.6,32.8,4.50516
8679.68,8533,66662.5,3844.08,4001,62965.7,6576.48,-27.06,4.50727
11040.6,10336,70003.8,7564.32,7412,66882.8,15937.2,-1.64,4.50727
8510.72,8241,67680.9,3069.36,3169,63475.4,16172.6,-44.28,4.50727
6444.16,6245,67626,2309.76,2405,62940.7,10000.8,-9.02,4.50832
11621.1,11141,68360.3,5359.68,5569,63072.7,7302.96,8.2,4.51254
10190.1,9548,69943.1,7698.96,7580,66564.5,41001.1,37.72,4.51571
11129,10976,66449.3,4563.36,4580,65297.9,22362.5,-18.86,4.51782
7321.6,7136,67240.5,5856.48,5572,68882,9178.56,42.64,4.52204
7587.2,7978,62325.7,3200.4,3310,63366,7642.8,-4.92,4.52521
9643.52,9789,64562,4078.8,4105,65117.7,10895,45.92,4.52521
9729.28,10116,63030.7,3895.2,3856,66202.2,12099.6,32.8,4.52837
7635.84,7638,65517.5,6252.48,6166,66455.2,11206.8,15.58,4.53049
9470.08,9493,65377.8,2491.2,2529,64556.5,7045.2,13.12,4.53365
6865.28,5953,75579.2,17955.4,11285,104273,5451.12,1371.04,4.53471
7108.48,7132,65319.9,2445.84,2620,61179.6,8030.16,13.12,4.5442
9269.76,8157,74476.3,7783.92,7421,68741,16567.9,53.3,4.54737
14624.6,14617,65570.3,4601.52,4781,63075.8,9022.32,4.1,4.54948
10494.7,10244,67140,5263.92,5360,64361.2,9050.4,59.86,4.55265
5908.48,6312,61346.3,2633.04,2792,61804.8,14837,42.64,4.55792
14316.2,14269,65752.6,6091.92,6137,65054.6,4889.52,150.06,4.56109
24341.1,24491,65134.9,14697.4,14511,66377.7,11564.6,31.16,4.56214
9072.64,9520,62456.4,4347.36,4352,65466.1,5945.76,10.66,4.5632
14766.1,15538,62280.2,6130.08,6134,65494.1,7275.6,143.5,4.56426
12599,13095,63053.9,6153.12,6263,64386.2,33745.7,1.64,4.56426
5310.72,5980,58201.2,2764.8,2796,64804.7,9493.92,34.44,4.56531
29832.3,23807,82122.5,28523.5,23595,79225.2,32739.8,147.6,4.56637
9445.76,10393,59562.9,3728.16,3753,65102.2,25177.7,-19.68,4.56953
8749.44,8689,65991.9,7231.68,6865,69036.5,36442.1,191.06,4.56953
13613.4,14200,62828.9,10434.2,10140,67437.7,18599.8,153.34,4.57059
11905.3,12061,64689.9,10128.2,9753,68057.5,5714.64,70.52,4.57059
4912.64,5504,58494.7,2728.8,2736,65363.5,12489.1,31.16,4.57164
10116.5,10897,60841.8,4936.32,5025,64379.4,13947.1,32.8,4.57164
7813.76,8524,60075.4,3155.76,3228,64069.4,6978.24,31.16,4.57164
13217.3,13499,64168.3,8143.2,8017,66567.6,10933.9,27.88,4.5727
8939.52,9464,61904.1,7981.2,7628,68570.5,8526.24,65.6,4.57375
11013.1,11583,62311.6,3911.76,3931,65215.2,10959.8,9.02,4.57586
12694.4,12942,64282.2,5750.64,5738,65680.4,36603.4,22.96,4.58114
8032,8456,62249.9,4941.36,4888,66251.4,6724.8,32.8,4.58114
12958.1,12169,69785.6,9096.48,8105,73553,14718.2,42.64,4.58325
10172.2,9889,67412.5,8170.56,7957,67295,6314.4,26.24,4.58536
15456,15148,66868.5,11018.9,10828,66691.3,27388.1,86.1,4.58536
12638.7,12993,63749,9084.24,6949,85673.4,25407.4,141.04,4.58536
10318.1,11024,61339.4,5394.96,5488,64424.9,15917.8,26.24,4.58642
10544,10507,65766.8,8245.44,7771,69537.1,24997.7,24.6,4.58958
11134.7,10812,67492.1,7194.96,6616,71271,12583.4,16.4,4.58958
12361,12524,64682.8,7781.76,6872,74212.1,34742.2,66.42,4.59697
9744.64,10456,61077.3,5241.6,5192,66162.1,6460.56,19.68,4.59697
25653.8,25380,66242.9,20776.3,19684,69172.8,18814.3,48.38,4.59803
16206.1,14931,71132.7,14351,12855,73163,23743.4,43.46,4.59908
10485.1,11077,62034.2,8921.52,8421,69431.3,14927.8,77.9,4.59908
10149.1,10541,63099.6,4750.56,4573,68080.6,28649.5,70.52,4.6033
9300.48,10077,60485.9,4491.36,4553,64648.8,7601.04,53.3,4.6033
7729.28,8197,61796.5,6006.96,5877,66985.2,30029,6.56,4.60858
5457.28,6360,56234,2367.36,2520,61566.4,5403.6,17.22,4.60858
9700.48,10366,61328.4,3930.48,4074,63227.3,43361.3,84.46,4.60858
10266.9,10589,63542.4,4739.76,4809,64592.4,11247.8,63.14,4.61597
13925.1,14180,64358,3995.28,4148,63123.1,35247.6,-23.78,4.61702
13091.2,13427,63897,5682.24,5923,62872.1,6254.64,16.4,4.61808
12181.1,11864,67287.8,8082.72,7948,66646.9,23866.6,-1.64,4.62019
15102.7,15369,64400.5,4684.32,4813,63783.8,8467.2,-55.76,4.6223
12308.5,10389,77644.5,11031.8,10021,72146.8,50702.4,177.94,4.62441
11278.1,10941,67555.1,5352.48,5197,67496.7,6921.36,44.28,4.62546
10458.2,10045,68232.1,6705.36,6345,69258.1,9203.76,54.12,4.62546
11328.6,10419,71257.7,8188.56,7859,68284.2,24962.4,82.82,4.62863
13391.4,13348,65748.9,8023.68,8080,65079.2,6564.24,49.2,4.6318
12569.6,12417,66341.4,5201.28,5345,63773.8,12786.5,5.74,4.63285
8549.76,8636,64881.5,3672,3772,63798.6,11245.7,-15.58,4.63391
6067.2,6333,62785.4,2229.12,2333,62617.9,9036.72,63.14,4.63602
13148.8,13206,65252.1,5127.12,5170,64992.4,7364.16,-5.74,4.64024
8364.8,8527,64289.4,2096.64,2175,63174.9,10215.4,-18.04,4.64129
8980.48,9193,64021,3703.68,3593,67554.8,7835.04,84.46,4.6434
14377.6,13841,68076.8,6653.52,6341,68766,12535.9,54.12,4.64446
31095,15448,131916,15913.4,10620,98201.8,19898.6,52.48,4.64446
9459.2,9291,66722.4,2900.16,2891,65743.6,29649.6,21.32,4.64657
12359,11984,67587,6441.12,6096,69246.3,8779.68,-35.26,4.64763
9412.48,9580,64390,4651.92,4792,63620.3,12759.8,78.72,4.64868
11973.8,11601,67641.8,7107.12,6949,67027.2,26087,9.84,4.64974
13312,13025,66980.1,7749.36,7489,67814.4,21025.4,0.82,4.64974
12664.3,12648,65620.6,4758.48,4248,73411.4,10551.6,79.54,4.64974
10594.6,10553,65794.1,5207.04,5065,67373.9,16105.7,29.52,4.65185
9886.72,9675,66970.1,4281.12,4347,64542.8,8755.2,-59.04,4.6529
6933.76,6928,65590.5,2636.64,2692,64188.3,9070.56,-9.02,4.6529
11753.6,10549,73019.6,8202.96,7749,69375.3,32191.2,8.2,4.6529
7994.88,7924,66122.2,3542.4,3572,64992.9,7759.44,-78.72,4.65501
15897.6,15757,66120.8,5968.08,6125,63857,12108.2,102.5,4.66135
4977.92,5480,59531.6,2718,2716,65584.3,8483.04,-13.94,4.67084
17093.8,15255,73435.4,16763,13639,80547.2,36669.6,52.48,4.67295
8624,8972,62994,3867.84,3992,63497.7,8940.96,5.74,4.67401
5102.08,5383,62115.9,2184.48,2275,62928.4,10036.1,-2.46,4.67506
8986.24,9552,61654.3,5268.96,4772,72361,6123.6,9.84,4.68245
10845.4,10637,66820.2,8220.24,7993,67399.2,12039.8,50.02,4.68245
9166.08,8552,70241.8,4797.36,4584,68586.3,7403.76,-17.22,4.68773
7521.92,7953,61983.7,3124.8,3281,62416,13552.6,-24.6,4.68773
6456.32,6742,62759,2713.68,2786,63834.8,10704.2,-60.68,4.68878
7979.52,8063,64857.5,4127.04,4159,65032.4,17234.6,-15.58,4.68878
8490.88,8939,62250.6,3034.8,3135,63441.4,15748.6,-19.68,4.69406
9194.24,10033,60057.2,3584.16,3733,62923,23696.6,54.94,4.70039
5015.68,5336,61601.9,2608.56,2072,82507,9014.4,82.82,4.70145
16094.1,15408,68454.2,16829.3,16480,66925,34236,54.94,4.70567
12912,13397,63163.5,4784.4,4673,67098.3,13162.3,-36.08,4.70567
14547.8,14520,65661.7,10017.4,8508,77162.4,7133.04,-2.46,4.70778
12905,12696,66614.6,6835.68,6204,72208.8,15642,57.4,4.71306
8791.68,9340,61688.6,2773.44,2908,62503.5,8973.36,-7.38,4.71622
6586.88,6452,66906,6264.72,5920,69352.1,12378.2,-17.22,4.71939
8047.36,8802,59917.3,3432.96,3654,61571.6,17195.8,41.82,4.71939
10439,10112,67655.5,8500.32,7984,69774.2,13161.6,95.94,4.71939
15632.6,15702,65246.5,8729.28,8738,65470.6,5915.52,43.46,4.72255
6864,6423,70035.7,4152.96,3971,68539,26228.2,9.02,4.72466
9784.32,9313,68852.7,8297.28,8117,66991.6,10196.6,48.38,4.72677
17806.1,17628,66198.1,6961.68,7020,64991.6,8881.2,54.94,4.72783
11178.2,11288,64898.8,5699.52,5928,63010.1,8871.12,-17.22,4.731
9847.04,9716,66419.9,4338,4336,65566.2,10675.4,20.5,4.73205
11444.5,10341,72529.3,6920.64,6369,71212.3,22824,17.22,4.73522
10524.8,10085,68394,4955.76,4885,66485.3,17023.7,6.56,4.73522
11229.4,11141,66056.2,3962.16,4069,63815.2,20577.6,18.86,4.73627
23340.2,20836,73412.4,22809.6,21060,70980.5,10468.1,135.3,4.73733
12668.2,12089,68675.7,6400.08,6361,65938.6,26293,-18.04,4.73944
8789.76,8400,68576.9,4078.8,4148,64442.7,36265.7,-7.38,4.74155
7961.6,7404,70471.6,2324.88,2412,63168.9,16296.5,-9.84,4.74155
15242.2,14260,70050.2,9255.6,8928,67940.8,25873.2,91.02,4.74155
9410.56,8702,70872.3,5531.76,5422,66862.7,7114.32,60.68,4.74155
14801.9,13385,72473.6,9376.56,9149,67166.1,12949.2,19.68,4.74366
9792,8994,71350.7,8543.52,8114,69005.2,24603.8,-18.04,4.75316
13339.5,13488,64814.6,7478.64,7568,64762.2,6554.16,26.24,4.75527
10204.8,10080,66347.4,3470.4,3492,65130.6,5830.56,4.92,4.75738
11829.1,11868,65321.3,6455.52,6456,65531.1,11671.2,15.58,4.75949
12679,11708,70971.4,10035.4,9752,67440.3,28885,-27.06,4.7616
15273,15040,66551.1,5211.36,5252,65028.9,10260.7,-44.28,4.76371
12103.7,11840,66995.5,5587.2,5776,63393.8,17005.7,-18.86,4.76371
14464,13734,69019.4,5569.2,5574,65479.6,22919,65.6,4.76477
11206.4,10343,71006.7,6883.2,6515,69239.8,21682.1,-22.96,4.76582
13001.6,12448,68450.6,6967.44,6884,66330.4,5782.32,59.04,4.76688
15236.5,14110,70768.1,6095.52,6062,65898.4,20484.7,-6.56,4.76793
13968.6,13520,67710.7,4774.32,4912,63699.1,30946.3,22.14,4.76793
11718.4,11165,68784.3,4976.64,5113,63788.2,10031.8,-22.14,4.76899
8766.72,7856,73133.4,4696.56,4816,63910.7,24901.9,-0.82,4.7711
13630.1,12121,73695.3,7102.8,6861,67845.7,14549,39.36,4.7711
10917.1,9525,75114.4,8192.16,8293,64739.1,5511.6,43.46,4.77215
17802.2,14813,78761.1,15994.8,14701,71303.7,19865.5,24.6,4.77532
16229.8,14349,74126,9621.36,9245,68203.9,31111.2,61.5,4.77743
13549.4,11831,75055,7589.52,7351,67662.5,28272.2,31.98,4.77848
16810.2,14521,75867.8,8974.8,8445,69647.4,21434.4,55.76,4.78271
12567.7,11848,69516.8,9753.84,9404,67974,38617.2,65.6,4.78587
8138.88,8061,66169.2,3784.32,3289,75405.7,8193.6,122.18,4.78587
8881.28,8689,66986.3,4443.12,4481,64982,4911.84,56.58,4.78904
11183.4,11560,63400.8,5692.32,5772,64631.3,9670.32,50.02,4.79537
12855,13531,62262.1,6467.04,6635,63877,19322.6,-27.06,4.79748
14551,15029,63451.8,5346,5461,64155.9,19676.9,38.54,4.79748
9617.28,9351,67402.2,7249.68,6919,68668.2,12992.4,49.2,4.79959
5192.32,5881,57861.6,3390.48,2797,79441.7,7298.64,136.94,4.79959
7144.96,7916,59152.6,3659.76,3624,66182.7,10285.9,90.2,4.79959
13443.2,14049,62710.1,5716.8,5893,63576.5,18707,41,4.8017
18362.2,16456,73127.6,18026.6,16444,71843.5,39100.3,88.56,4.80592
11648.6,12282,62156.4,7231.68,7502,63174.5,9000,6.56,4.80698
6480.64,7000,60673.6,3090.24,3164,64008.2,26464.3,-15.58,4.80803
9669.76,10416,60840.8,5008.32,4964,66121.1,15649.2,45.92,4.80909
11628.2,12105,62954.4,5375.52,5437,64794.9,5305.68,-36.9,4.81226
9561.6,10273,60997.7,5410.8,5509,64367.8,25023.6,9.02,4.81331
13501.4,13972,63328.8,8547.84,8548,65534.8,14935.7,-23.78,4.81437
9365.12,9685,63371.5,6387.12,6257,66898.9,16850.2,101.68,4.81753
7437.44,7820,62329.9,3036.24,3048,65283.1,14200.6,5.74,4.81753
14131.8,12901,71788.6,8151.12,7569,70576.3,26141.8,44.28,4.81753
13479.7,13433,65763.7,7298.64,7421,64455.4,16788.2,48.38,4.8207
7033.6,7393,62350.1,2424.96,2545,62444.9,4960.8,18.04,4.82386
13273,13078,66513,4942.8,4950,65440.7,14914.8,-35.26,4.82386
14620.8,14364,66707.7,6986.88,6984,65563,7634.16,-9.84,4.82386
8798.72,9124,63199.6,4385.52,4560,63028.4,10206,27.06,4.82492
12177.9,12291,64933.1,4631.04,4791,63347.9,14896.1,22.96,4.82597
12608.6,10967,75346,7758.72,7207,70553,34396.6,203.36,4.82808
9386.24,9333,65909.9,4072.32,4133,64573.8,31833.4,32.8,4.8302
15666.6,15348,66896.3,6615.36,6756,64171.7,11820.2,53.3,4.83336
12928.6,12549,67518.6,6761.52,6033,73449.9,15838.6,18.04,4.83442
11962.9,11489,68239.1,6132.24,6049,66437.8,14819.8,-13.94,4.83864
7014.4,6765,67952.1,2763.36,2397,75552.6,4982.4,47.56,4.83969
14505.6,14068,67574.6,8190,8048,66692.3,21317.8,43.46,4.83969
17332.5,16350,69474.1,10761.1,10602,66519.6,10602,22.14,4.84075
12496,12305,66553.3,4592.16,4817,62477,7412.4,89.38,4.84286
6205.44,6109,66570.6,2361.6,2333,66339.4,4779.36,-20.5,4.84497
13524.5,13400,66144.8,12150,12252,64990.4,15274.1,39.36,4.85025
8465.92,7609,72916.6,7688.88,7113,70841.9,24266.2,99.22,4.8513
13127,12867,66860.5,3971.52,3955,65809.8,5395.68,26.24,4.85236
11841.3,12096,64155.9,6089.04,6292,63422,13235,-4.92,4.85447
4819.84,5172,61073.7,2214.72,2384,60882.5,20357.3,32.8,4.85658
41641,24665,110642,82694.9,52809,102624,49544.6,10938.8,4.8608
11337.6,11538,64397.7,7375.68,7330,65944.4,10887.1,22.96,4.86186
10839,10884,65265.3,6691.68,6512,67344.3,12047.8,86.92,4.86186
10850.6,10850,65539.4,4590,4566,65880.5,11750.4,54.94,4.86291
11233.3,9672,76115,8737.92,8024,71366.9,32715.4,40.18,4.86291
6627.2,6884,63091.3,2833.92,2944,63085.5,24489.4,-19.68,4.86291
14864.6,14621,66628.1,8062.56,7901,66876.1,28809.4,134.48,4.86397
6778.24,6802,65307.1,3919.68,3958,64901.5,10108.1,10.66,4.86397
13773.4,13621,66269.5,6139.44,6049,66515.9,9838.8,9.02,4.86819
6451.84,6674,63354.5,2712.96,2790,63726.4,5924.16,50.02,4.86819
10602.9,10163,68372.6,7130.88,6752,69213.5,21038.4,-9.84,4.87135
5978.88,6124,63983,2103.84,2088,66033.2,7010.64,77.08,4.87346
12820.5,11641,72176.2,9138.24,8457,70815.1,16485.8,132.02,4.87557
8009.6,7752,67713.8,4579.2,4664,64344.4,11161.4,68.06,4.87663
23962.2,20888,75181.4,16128,14892,70975.3,50724.7,80.36,4.87769
10873.6,10365,68751.8,6407.28,6409,65518.4,27696.2,43.46,4.88085
8155.52,7921,67476.4,2509.92,2625,62662.9,16826.4,12.3,4.88296
8334.72,8125,67227.6,3227.76,3389,62418,11529.4,-2.46,4.88507
6903.04,6657,67958.2,2136.24,2209,63377.4,10303.9,-30.34,4.88613
13738.9,13201,68206.3,6255.36,6033,67951.5,10786.3,2.46,4.88613
13893.8,12733,71510.4,10738.8,10201,68991.1,28800,46.74,4.88929
11853.4,11545,67286.9,3813.84,3917,63810,22009,-36.08,4.8914
14178.6,13679,67929.4,8777.52,8783,65495.1,23493.6,121.36,4.89668
12753.3,12262,68161.7,7323.12,7106,67538.4,5198.4,3.28,4.89668
9428.48,9651,64025,4287.6,4439,63300.8,33634.1,13.94,4.89668
9280,9256,65705.9,2764.08,2860,63338,15336,-65.6,4.90196
11735,11568,66482.3,5764.32,5764,65539.6,14531,21.32,4.90196
8846.08,8320,69679.9,6199.92,5952,68265.8,14752.8,100.86,4.90196
10445.4,9728,70369.3,5937.12,5668,68647.7,45881.3,-14.76,4.90512
8585.6,8513,66094.9,3810.96,3861,64686.6,14922,51.66,4.90829
13729.9,13441,66944.7,6341.04,6277,66204.6,17965.4,-19.68,4.90829
7680.64,7711,65278,2635.92,2655,65065,5658.48,-45.1,4.90934
9271.04,9176,66214.8,4359.6,4328,66014.5,9430.56,71.34,4.9104
6944.64,7125,63877,2877.84,2625,71848.4,9660.96,31.16,4.91146
9701.76,10024,63429.2,2841.12,2888,64472.2,21241.4,-18.04,4.91462
9508.48,9656,64534.8,2987.28,2972,65872.9,44723.5,-50.02,4.91568
8693.12,8771,64954.1,3537.36,3575,64846,14310,-18.04,4.91779
15249.9,13996,71407.5,8200.08,7400,72621.7,13553.3,-40.18,4.91779
9011.2,8923,66183.8,5179.68,5035,67419.2,11332.8,72.98,4.91884
11931.5,11657,67079.4,6839.28,6665,67249.7,5418,32.8,4.9199
10538.2,10514,65687.1,5109.84,4742,70619.7,20967.1,79.54,4.92201
9240.96,9404,64399.8,4404.24,4508,64027.6,7438.32,68.06,4.92306
7416.32,7583,64095.5,2538,2559,64998.2,31830.5,83.64,4.92412
8764.8,8973,64015.4,4448.88,4541,64206.5,14672.2,57.4,4.92623
9921.92,9840,66081.6,4852.8,4900,64904.7,12672.7,31.16,4.92729
14289.9,13949,67137.7,6780.24,6281,70745.1,10244.9,27.88,4.9294
13194.9,12738,67886.6,11194.6,10406,70502.3,14412.2,84.46,4.93151
12271.4,12673,63459,4838.4,4949,64071.4,8213.04,-8.2,4.93256
25681.3,21217,79325.5,15140.2,13249,74890.6,60580.1,86.92,4.93256
20377,15794,84552.6,6920.64,5126,88480.5,28021,6.56,4.93467
14976.6,14773,66439.4,8154,7781,68677.6,6564.24,63.14,4.93784
10304,9941,67929.1,7608.96,7141,69830.7,8977.68,36.08,4.93889
11444.5,11592,64702,5268.24,5064,68179.2,12173,48.38,4.93889
10122.9,10692,62047.6,5177.52,5360,63304.8,6325.92,0.82,4.93995
11386.9,7764,96116.8,5079.6,2964,112313,28345.7,34.44,4.941
13222.4,13098,66158.4,10095.1,9726,68023.2,40565.5,101.68,4.94417
11161,11832,61819.2,4204.8,4444,62008.5,18101.5,1.64,4.94523
13645.4,13972,64004.3,8177.04,8244,65003.7,25155.4,6.56,4.94628
16769.3,15816,69486.1,11713,11468,66935.9,13234.3,4.92,4.94839
11968,12517,62661.6,3832.56,3941,63732.7,7907.04,50.84,4.94839
19012.5,17488,71249,15317.3,13824,72615.3,26603.3,71.34,4.94945
12142.7,12235,65041.7,5527.44,5567,65070.3,7403.76,28.7,4.9505
10323.2,9569,70701.4,8204.4,7717,69675.2,34157.5,-40.18,4.9505
13050.9,13564,63056.8,5460.48,5180,69084.6,12197.5,-4.1,4.95367
12133.1,12208,65134,5344.56,5296,66136.9,21254.4,92.66,4.95578
8264.96,8769,61769,4083.12,4053,66023,11943.4,54.94,4.96
12430.7,12433,65524,7847.28,7781,66094.3,12409.9,85.28,4.96317
5786.88,6136,61807.2,2598.48,2732,62333.1,8691.12,-72.98,4.96317
8666.88,8840,64252.6,5160.24,5180,65286,13358.9,-37.72,4.96422
5974.4,6244,62706.3,2178.72,2208,64666.9,17700.5,-107.42,4.96528
7655.04,7988,62804.3,2764.8,2900,62480.7,7398.72,-60.68,4.96528
10572.8,10357,66901.5,5431.68,5381,66153.2,9263.52,100.86,4.96739
12759,12868,64981.1,4638.96,4676,65016.9,8958.24,-28.7,4.9695
10961.9,10297,69767.9,5004.72,4893,67032.4,15085.4,-37.72,4.9695
12666.2,12677,65480.4,5092.56,5205,64120.3,17496.7,4.1,4.9695
10178.6,10045,66407.4,4152.24,4317,63034.8,4829.76,-17.22,4.97372
12954.2,12611,67319.7,4017.6,3943,66775.9,42817,60.68,4.97583
8990.72,8719,67578.4,1926.72,2011,62789.4,20837.5,0.82,4.97583
11246.7,10476,70357.5,4683.6,4648,66038,21845.5,24.6,4.97689
11550.1,11132,67997.3,4193.28,4156,66123.9,40871.5,154.98,4.97794
19771.5,19296,67151,4654.08,4800,63543.7,34773.8,13.94,4.97794
23995.5,13604,115596,18367.2,13732,87657.5,34299.4,157.44,4.979
10987.5,10293,69958,3956.4,3925,66060.3,11972.9,60.68,4.98005
5405.44,5048,70176.5,2509.2,2536,64843.4,12462.5,30.34,4.98427
7594.88,7381,67435,2701.44,2821,62758.5,6379.2,30.34,4.98533
13350.4,12501,69988.9,5391.36,5205,67882.5,13847.8,45.92,4.98744
7411.84,6989,69501,2502.72,2665,61545.3,8316.72,51.66,4.98744
11511.7,10117,74570.5,9158.4,8741,68665.5,7604.64,50.02,4.98849
17536.6,14412,79744.7,13305.6,11368,76706.2,71649.4,101.68,4.9906
6389.76,6054,69170.7,2554.56,2614,64045.8,10975,54.94,4.99271
12728.3,11452,72840,8122.32,7916,67244.1,47130.5,142.68,4.99694
11112.3,10720,67934.4,3558.96,3780,61703.7,8980.56,55.76,5.0001
9836.8,9812,65701.6,3340.08,3296,66412.5,29434.3,84.46,5.00116
34956.2,31649,72384.2,22997.5,20709,72778.3,48008.9,95.94,5.00116
10127.4,8731,76017.3,9178.56,8635,69661.4,44498.2,27.88,5.00221
10702.7,10134,69213.9,3260.16,3298,64784.1,12119,-29.52,5.00749
11870.1,11228,69283.7,4435.2,4584,63408.7,8902.8,81.18,5.00749
14590.1,13664,69977.7,6189.12,6212,65294.6,23778,-18.86,5.00854
15984.6,14389,72803.5,9220.32,8821,68502.8,23909,10.66,5.01065
14978.6,13617,72088.9,4623.12,4609,65736.8,40407.1,-45.92,5.01171
11187.8,8804,83281,10131.8,9300,71397.9,13461.8,49.2,5.01488
8862.08,8362,69455.3,3343.68,3566,61450.2,5559.84,-17.22,5.01593
12830.7,11974,70225,4194.72,4278,64260.2,7302.24,22.14,5.01699
10688,9869,70974.6,3504.96,3577,64216.1,10676.2,-42.64,5.01804
17049,16052,69606.3,5852.16,5972,64220.9,24489.4,76.26,5.01804
11137.3,10168,71783.3,4559.04,4540,65810.9,18550.1,-9.02,5.02015
9510.4,8869,70275.5,3090.24,3169,63907.2,12903.8,86.92,5.02332
10428.2,9436,72426.9,3987.36,3948,66189.4,8552.16,37.72,5.02332
13960.3,12869,71093.6,8947.44,8577,68366.5,24716.2,17.22,5.02648
11245.4,10693,68921.8,2306.88,2357,64142.4,13297,56.58,5.02648
10589.4,10180,68171.9,5760.72,5728,65910.4,8264.88,20.5,5.02754
13479,12000,73613.5,8458.56,7796,71105.7,53755.2,0,5.0286
17902.1,16980,69094.9,10409.8,10148,67226.5,10369.4,126.28,5.03387
7717.76,7577,66753.5,3342.24,3385,64708.1,8084.16,16.4,5.03598
12241.3,11036,72693.4,11446.6,11112,67509.2,31308.5,89.38,5.03598
8040.32,8027,65644.8,2982.24,3003,65082.9,15613.2,-75.44,5.03704
11087.4,11275,64445.3,3933.36,4091,63010.7,8964,110.7,5.03704
13150.1,12601,68391.7,7970.4,7517,69488.9,18555.8,-2.46,5.03704
10591.4,10474,66270.3,6217.2,6058,67258.2,15397.2,-5.74,5.03809
17655,15809,73188.7,12647.5,11809,70189.5,50574.2,31.98,5.03809
16227.8,14417,73767.6,15320.2,14081,71303.3,24038.6,-33.62,5.0402
15625,15512,66013.2,5006.88,5048,65002.2,8733.6,50.02,5.04126
8844.8,8260,70175.9,6624,6420,67618.5,15203.5,-25.42,5.04126
6524.8,6904,61936.5,2864.88,3000,62584.3,14838.5,53.3,5.04126
17226.2,17241,65479.9,9529.92,9481,65874.2,24552,-22.96,5.04443
12534.4,12829,64031.1,4908.24,4937,65154.2,6442.56,63.96,5.04654
11809.3,11820,65476.6,4986.72,5004,65309.7,7123.68,18.86,5.04759
7946.24,7909,65844.6,5061.6,5013,66171.4,11117.5,33.62,5.0497
10418.6,10965,62270,3450.96,3637,62183.7,10842.5,36.08,5.05181
10186.2,10419,64071.9,4599.36,4711,63982.9,5396.4,19.68,5.05181
5013.12,5040,65186.5,2237.04,2320,63192.5,9074.88,19.68,5.05814
6974.08,6968,65593.2,2571.84,2764,60979.8,6365.52,-36.9,5.06026
17863,17280,67747.2,6517.44,6576,64952.4,13404.2,-25.42,5.06131
6572.8,6557,65693.9,1319.76,1469,58878,9487.44,48.38,5.06342
11519.4,11091,68067.1,4266,4339,64433.4,6652.08,-18.86,5.06448
14924.8,14484,67530.5,6814.08,6948,64272.8,5160.96,-25.42,5.06659
8753.92,8645,66361.7,4451.04,4097,71199.3,10856.2,4.92,5.06975
8930.56,8740,66964.9,3152.88,2884,71646,7120.08,58.22,5.07081
14643.2,14465,66343.4,5567.04,5665,64402.7,12967.2,-12.3,5.07081
7141.12,7012,66742.8,2809.44,2868,64197.9,10058.4,21.32,5.07292
9243.52,9145,66242,3173.04,3197,65044.8,8994.96,52.48,5.07292
13146.2,12836,67120,4555.44,4644,64286.2,8284.32,-0.82,5.07503
17944.3,17041,69010,10856.2,10033,70912.9,38063.5,72.16,5.0782
8497.92,8509,65450.7,3677.04,3709,64971.3,58293.4,-34.44,5.07925
10023,10344,63502.5,4445.28,4684,62196,7586.64,-81.18,5.07925
11393.3,10989,67947,5988.96,5945,66020.6,11418.5,-97.58,5.07925
10974.1,11389,63148.4,4761.36,4909,63565,7992,34.44,5.08242
5780.48,6269,60429,3421.44,3005,74618.1,11908.1,-18.04,5.08347
10106.2,10772,61485.6,3322.8,3508,62076.1,7982.64,-12.3,5.08347
8848.64,9076,63894.3,6255.36,6224,65866.2,8143.2,79.54,5.08453
9822.72,10760,59827.3,3789.36,4056,61227.7,5744.88,-44.28,5.08558
10405.8,10947,62295.8,4793.76,4839,64923.3,6524.64,-60.68,5.08664
11852.8,12324,63030.3,6448.32,6644,63605.8,11779.9,3.28,5.08664
11264,11160,66146.7,11194.6,10684,68667.8,20605,91.02,5.08664
9391.36,9685,63549,5093.28,4961,67283.5,5304.24,102.5,5.08664
8954.88,9244,63486.3,4323.6,4152,68244.6,6405.84,-25.42,5.08769
5966.08,6627,59000,2902.32,2919,65161.5,10607,21.32,5.0898
6611.2,7602,56994.4,3243.6,3302,64376.9,7614,-37.72,5.09191
10233.6,10651,62967.7,5284.08,5071,68289.8,7785.36,74.62,5.09297
5651.84,6481,57151.5,2808.72,2789,65999.4,5153.76,-86.92,5.10141
12969,13883,61221.2,6426.72,6392,65892,16740.7,26.24,5.10458
7727.36,8525,59404.1,6184.08,6169,65696.2,23508,72.98,5.10458
13995.5,14597,62835.5,6577.2,6497,66345,35917.9,18.86,5.10563
24867.8,20220,80600.3,16658.6,14248,76624.1,104152,68.06,5.10774
9050.88,9725,60993.2,3829.68,3833,65479.2,29444.4,28.7,5.10774
6502.4,7216,59055.1,4764.24,4752,65704.8,17852.4,-57.4,5.1088
7325.44,7844,61203.5,3648.24,3632,65829,5176.8,-14.76,5.10986
9368.96,10196,60220.1,6890.4,6964,64843.4,5005.44,-61.5,5.10986
8736.64,9208,62181.2,4060.08,4076,65280,11522.2,36.9,5.11302
4573.44,5080,59001,2134.08,2236,62548.8,36360.7,-13.12,5.11302
9892.48,9784,66262.6,6382.8,6120,68350.2,9918.72,-57.4,5.11513
6550.4,6800,63130.4,2847.6,2928,63736.4,6288.48,-1.64,5.11513
7422.08,7233,67249.2,4706.64,4453,69268.9,15359.8,4.92,5.11619
10688.6,10804,64836.2,3135.6,3220,63818.2,12780,-50.02,5.11619
9279.36,8436,72087.7,5276.88,4912,70404.3,36965.5,2.46,5.11724
9656.32,9891,63981,7033.68,6999,65860.7,11165,-13.94,5.12252
12103,11124,71303.9,10474.6,9572,71715.5,27622.8,-4.92,5.12252
11167.4,10873,67310.2,7335.36,7197,66795.9,21528,-38.54,5.12674
5715.84,5755,65090.1,1941.84,1951,65228.3,12217,22.14,5.1278
6408.96,6582,63813.1,2916.72,2982,64101.3,9637.2,-46.74,5.12991
13554.6,13265,66966.6,8032.32,7637,68928.4,9087.12,24.6,5.13307
9771.52,9608,66651.4,7279.2,6796,70195.7,10817.3,103.32,5.13835
4857.6,5105,62360,2327.76,2277,66997,4926.24,-60.68,5.14046
8727.68,8929,64058.4,6529.68,6529,65542.8,11808.7,-6.56,5.14257
16745.6,14197,77300.8,10021.7,9057,72516.4,8883.36,24.6,5.14363
10732.8,10685,65829.2,6808.32,6681,66784.9,10607.8,54.94,5.14468
11342.1,11199,66373.3,6309.36,6075,68064.2,24543.4,82,5.1489
26033.9,18236,93559.9,37051.2,30936,78490.7,28219.7,5491.54,5.15101
13313.9,13084,66687.6,5068.08,5016,66216.5,8094.24,52.48,5.15207
10924.8,10440,68579.3,6207.12,5960,68253.3,22330.1,8.2,5.15418
11274.9,11190,66033.1,7280.64,7138,66845.6,13749.8,73.8,5.15418
9564.16,8565,73181.2,7117.92,6629,70369.6,10407.6,63.14,5.15523
14530.6,14189,67113.6,6570.72,6617,65077.6,16424.6,13.94,5.15629
9522.56,9610,64939.7,3205.44,3342,62858.1,8412.48,-5.74,5.15734
13568,13204,67342.7,5716.08,5616,66703.9,15230.9,9.02,5.15734
12180.5,12396,64396.6,7028.64,6828,67461.8,13847,109.06,5.15734
14814.1,13239,73333,8556.48,7747,72383.8,47697.1,59.04,5.15946
8094.72,8382,63289.9,4541.04,3898,76347.3,27824.4,41,5.16051
11133.4,10720,68063.5,7474.32,7124,68758.7,27288.7,-13.12,5.16262
10130.6,10109,65675.8,6111.36,6077,65906.6,12780,-9.84,5.16579
11172.5,10524,69574.3,7686.72,7320,68819.2,14662.8,-18.86,5.17212
11192.3,11104,66057.3,3615.12,3764,62943.8,28378.8,48.38,5.17212
11211.5,10940,67162.5,4605.84,4680,64497.5,19328.4,-12.3,5.17212
8168.96,8176,65479.6,3142.8,3332,61814.7,11182.3,-27.88,5.17634
13783,13932,64835.3,4480.56,4636,63338.7,13551.8,21.32,5.17634
11969.9,11612,67556,5935.68,5896,65977.1,14364.7,-13.12,5.1774
10607.4,10683,65072,3525.12,3611,63977.4,7809.12,-76.26,5.18056
6178.56,6491,62381.5,3069.36,3183,63196.2,6460.56,1.64,5.18795
12130.6,12008,66204.9,7827.12,7768,66034.8,15357.6,81.18,5.189
6102.4,6297,63510.7,2954.16,2857,67764.7,5773.68,-33.62,5.189
6014.08,6169,63890.2,1621.44,1661,63975.1,12127,47.56,5.19006
9584,9868,63649.9,5480.64,5260,68285,7333.92,127.92,5.19428
13357.4,13557,64571.3,8082,7665,69101.4,16809.8,84.46,5.19534
9479.68,9813,63309.9,6599.52,6401,67568.5,10614.2,58.22,5.19534
9911.68,10233,63478.1,3929.04,3945,65270.9,33051.6,17.22,5.19956
8888.32,8529,68297,4731.12,4513,68703.5,12475.4,20.5,5.19956
17076.5,16700,67013.4,10530,10012,68926.7,14583.6,13.12,5.20061
8098.56,8873,59816,3584.16,3449,68104.2,22762.8,52.48,5.20378
11196.8,10609,69167.1,6784.56,6353,69987.9,47547.4,35.26,5.20378
9767.04,10356,61808.9,4705.92,4752,64900.5,10302.5,22.14,5.20378
11349.8,11893,62542.5,8326.8,8453,64557.6,39423.6,-0.82,5.20589
11385.6,11704,63753.1,6282,6220,66189.3,7089.84,11.48,5.21011
7493.12,8096,60655.8,2913.12,2996,63723,22114.1,14.76,5.21222
11329.9,11408,65087.4,11002.3,10628,67844.2,14782.3,-70.52,5.21328
6790.4,7056,63069.1,2583.36,2672,63361.9,6412.32,-9.84,5.2175
9254.4,9484,63949.4,4988.16,5036,64913.4,6464.88,4.1,5.21855
13199.4,13749,62916.1,6272.64,5973,68823.7,14902.6,115.62,5.21961
9702.4,10004,63560.2,6726.24,6656,66227.6,24601,60.68,5.21961
12805.1,13247,63349.9,4537.44,4731,62854.7,21448.8,1.64,5.22066
9477.76,6841,90795.9,26143.9,10317,166072,7501.68,864.28,5.22277
9112.32,9171,65116.7,3024.72,2487,79705.7,6119.28,35.26,5.22594
15314.6,14021,71582.3,12042,10981,71868.2,16801.2,72.16,5.22911
17824.6,16209,72068.3,11741.8,10865,70824.5,105810,6.56,5.22911
11529,11316,66769.3,5355.36,5300,66220.5,9453.6,74.62,5.23227
13607.7,13366,66721,6812.64,6870,64988.8,6024.24,114.8,5.23438
18583.7,17264,70545.7,8095.68,7424,71465.3,26672.4,14.76,5.23438
16614.4,15996,68069.6,11447.3,11116,67489.1,11040.5,28.7,5.23438
6974.72,7028,65039.2,3139.92,3300,62356.9,13111.9,-39.36,5.23544
8929.28,9020,64876.9,3183.12,3340,62457.8,9501.84,-3.28,5.23649
12674.6,11893,69842.8,9735.84,9585,66567.4,6908.4,-9.02,5.23649
14550.4,12680,75203.1,10804.3,10184,69527.9,9833.04,71.34,5.23755
12723.8,12452,66966.7,7030.8,6848,67285.4,15979,31.98,5.2386
12800,11656,71968.2,9583.92,8668,72461,7002.72,149.24,5.2386
10715.5,10271,68372.3,5841.36,5615,68178,25749.4,86.1,5.23966
11831,10368,74783.9,6505.2,5860,72751.7,11000.9,11.48,5.24072
8124.16,7866,67686.9,5353.92,5418,64760.9,5173.2,-20.5,5.24283
5768.96,5689,66457.1,1965.6,2045,62991.5,6562.08,-82,5.24388
14012.2,13901,66060.1,5781.6,6041,62721.9,22486.3,35.26,5.24705
9233.92,8952,67599.9,5706,5592,66872,15835,27.88,5.2481
10592,10336,67159.2,3770.64,3888,63557.8,9853.92,22.96,5.2481
11399,11085,67392.6,4457.52,4541,64331.2,15426.7,7.38,5.25338
8819.2,8577,67386.6,4410,4549,63533.5,11561.8,-1.64,5.25443
6837.12,5887,76113,15410.2,12667,79728.4,12070.8,4067.2,5.25866
7843.84,7612,67532,2966.4,3064,63448.4,13600.8,82,5.25971
10775.7,9801,72053.4,6451.92,6205,68143.9,37532.2,71.34,5.25971
8187.52,7933,67638.6,3483.36,3593,63536.2,9281.52,26.24,5.26182
15133.4,14552,68154.6,9493.2,9084,68488.2,8076.96,20.5,5.26288
6787.84,6629,67106.3,1859.76,1969,61900.1,5515.92,37.72,5.26393
12092.8,11385,69610.3,4916.88,4781,67398.6,18593.3,-22.14,5.26499
8016,8041,65332.2,3697.2,3881,62432.3,9369.36,9.84,5.2671
15605.8,13952,73304.1,12330,10820,74682,31865.8,67.24,5.27237
9567.36,9008,69605.5,8506.8,8384,66495.9,22114.8,18.04,5.27237
9938.56,9204,70766.4,7178.4,7040,66824.4,12114.7,41.82,5.27343
5838.72,5964,64159.3,2206.08,2360,61261.7,10664.6,27.88,5.27554
10392.3,10365,65708.7,4079.52,4105,65129.2,5014.8,-59.86,5.2766
10809,11089,63881,4132.8,4421,61263.8,31789.4,-48.38,5.2766
9434.24,9164,67468.6,5761.44,5752,65643.6,6861.6,54.12,5.2766
8716.16,8428,67776.7,3888.72,3916,65079.5,18497.5,-21.32,5.27765
12044.8,11623,67914.3,4374.72,4375,65531.8,8898.48,53.3,5.27871
11443.8,11581,64759.8,6531.84,6553,65324.4,10394.6,54.94,5.27976
10280.3,9148,73647.9,7773.84,7400,68846.8,18741.6,-9.84,5.28187
5496.96,5730,62870.6,2003.76,2130,61651.8,18383.8,9.84,5.28187
17046.4,15381,72632,9827.28,9345,68918.2,42409.4,32.8,5.2882
16449.3,15797,68242.1,5929.92,6053,64203.4,15096.2,65.6,5.28926
11481,10497,71679.2,4767.12,4401,70988,7567.2,4.92,5.28926
11593,10333,73527.2,5010.48,4985,65871,43504.6,-20.5,5.29031
24766.7,19930,81440.6,15988.3,13770,76093.7,9992.88,55.76,5.29454
7477.76,6813,71930.5,2630.88,2749,62720,19054.8,17.22,5.29665
12501.1,10856,75467.3,8380.8,7932,69244.1,15572.9,45.1,5.29665
9042.56,7955,74495.7,2380.32,2387,65352.6,31968.7,30.34,5.2977
22795.5,21184,70521.5,11123.3,11088,65744.5,7266.24,14.76,5.30192
12478.1,11328,72189.6,6839.28,6624,67665.9,15097,6.56,5.30298
16929.3,15732,70523.6,6817.68,6868,65055.8,50104.8,59.04,5.30403
14668.2,13371,71893.9,6886.8,6687,67494.1,31792.3,47.56,5.30403
17460.5,13300,86036.9,9735.12,7332,87015.9,33169,102.5,5.30509
9317.76,8596,71038.7,2982.96,3044,64221.8,14557.7,91.02,5.30826
9568,6820,91942.6,155515,111600,91324.6,5576.4,1934.38,5.30826
9925.12,9408,69138.3,3291.12,3424,62992.7,7786.08,4.1,5.30931
11892.5,11621,67067,3044.88,3285,60745.6,18434.9,-9.02,5.31037
7909.76,7457,69515.1,2253.6,2321,63632.9,10363,-9.02,5.31142
16445.4,13964,77181.9,15425.3,14360,70397.7,35223.1,2.46,5.31142
17487.4,15503,73924.5,12240,11631,68967.5,15932.2,-27.06,5.31142
7329.92,6688,71826.2,2203.2,2256,64002.2,15444.7,15.58,5.31248
8362.24,7301,75062,8390.16,7857,69983.1,18311,-0.82,5.31353
6693.12,6124,71626.4,2271.6,2328,63948.3,16649.3,18.04,5.31353
9864.96,9348,69160.3,4698.72,4692,65629.9,23140.1,-6.56,5.31459
20129.3,19028,69329,14893.9,15008,65037.8,16732.8,-15.58,5.31459
17304.3,16653,68099.2,7068.24,6925,66891.6,13569.1,62.32,5.3167
14959.4,14669,66833.2,6685.2,6729,65109.4,7893.36,110.7,5.31881
9733.12,8820,72320.8,5347.44,5108,68608,9048.96,-24.6,5.31881
10959.4,10468,68612.2,4718.88,4624,66880.7,15968.9,-29.52,5.31986
18387.8,14893,80914.9,17500.3,14701,78015.2,43304.4,-4.92,5.31986
12394.2,12003,67672.2,5270.4,5335,64742.4,20469.6,-14.76,5.32409
10444.8,10261,66709.9,4250.16,4369,63753.4,8341.2,34.44,5.32831
6887.68,6861,65790.8,2835.36,2909,63877,11334.2,13.12,5.32936
13907.8,13332,68366.6,6055.2,6036,65744.5,30959.3,79.54,5.33253
9256.32,9376,64699.5,2978.64,3188,61232.2,15884.6,17.22,5.33358
15135.4,14020,70749.7,9109.44,8368,71342.8,20947,53.3,5.33464
10623.4,9641,72213.7,7836.48,7277,70574.6,25263.4,114.8,5.33464
10156.2,10072,66083.6,6238.8,6152,66460.7,7527.6,27.88,5.33569
34195.2,21765,102964,220689,152213,95018.8,6204.24,3619.48,5.3378
12526.7,12332,66570.8,5601.6,5596,65601.6,18104.4,29.52,5.33991
10587.5,10580,65582.6,5253.84,5184,66418.9,21152.2,-73.8,5.34097
11882.9,11992,64939.7,4568.4,4664,64192.7,16113.6,7.38,5.34625
8919.04,9332,62635.9,4484.88,4500,65315.8,23650.6,69.7,5.34941
17165.4,17004,66158.2,9732.96,9672,65949.1,31023.4,7.38,5.35152
12739.2,13008,64181.8,5058,5092,65098.4,12562.6,13.12,5.35363
10220.2,9568,70003,10259.3,9568,70270.9,8501.04,23.78,5.3568
9986.56,9285,70487.8,7359.84,7345,65668.4,39613,36.08,5.36102
8818.56,8992,64271.9,2398.32,2496,62971.3,18753.1,17.22,5.36102
12561.9,12405,66365,5069.52,5189,64027,8536.32,9.02,5.36208
6201.6,6294,64573.9,2248.56,2306,63903.6,14570.6,59.86,5.36208
24958.1,12647,129331,11602.1,5971,127341,19511.3,6.56,5.36313
5378.56,5549,63523,1851.84,1949,62269,16731.4,66.42,5.36419
7378.56,7649,63218.9,3427.92,3505,64094.8,9931.68,-31.16,5.36419
16377,15697,68374.9,13346.6,10369,84355.8,7115.76,22.14,5.36524
12945.3,10468,81045.3,11684.2,10164,75337.8,10782,31.16,5.36735
8009.6,7767,67583,2804.4,2839,64737.3,11464.6,108.24,5.36841
15068.2,13052,75659.4,13348.8,12092,72347.6,23076,103.32,5.36841
7390.72,7197,67300,2833.92,2873,64644.5,4765.68,-25.42,5.36841
13179.5,12200,70797.8,9769.68,9288,68934.7,20985.8,63.96,5.36946
9266.56,8912,68143.3,3386.16,3428,64736.1,6220.8,31.16,5.36946
13096.3,12580,68225.8,4821.12,4932,64062.6,30288.2,-37.72,5.37369
9497.6,8940,69623.6,6028.56,5928,66647.7,11576.9,77.08,5.37369
6540.8,6171,69463.3,2290.32,2363,63520.3,24303.6,-13.94,5.37474
6545.92,6575,65246.1,3147.84,3263,63223.1,6460.56,59.04,5.3758
6956.16,6771,67328.1,2411.28,2531,62436.1,8704.08,31.98,5.3758
11936,11464,68234.3,5689.44,5804,64242.4,8121.6,27.06,5.37791
13681.9,12838,69844.1,5773.68,5682,66593.4,10128.2,44.28,5.37896
8737.92,8940,64054.6,3359.52,3512,62690.6,4824.72,13.94,5.38318
8431.36,8225,67180.3,2849.76,2869,65096.5,22615.9,86.1,5.38424
14391,14164,66586.5,5781.6,5764,65736.1,15314.4,18.86,5.38635
20181.8,17224,76790.1,12073.7,11020,71802.3,13719.6,100.86,5.38635
14985,14332,68521.8,9624.96,9576,65871.1,6010.56,63.14,5.38951
5763.2,5557,67967.8,2364.48,2321,66763.7,5557.68,109.88,5.39268
10156.8,10672,62372.2,4902.48,4944,64985.6,8934.48,45.92,5.39479
11994.2,12385,63468.3,4472.64,4245,69050.4,5715.36,102.5,5.39479
7079.68,7744,59914,3398.4,3380,65892.8,12590.6,-41.82,5.39479
22791,19973,74782.6,19298.2,17589,71904.3,26640.7,108.24,5.3969
15134.1,13365,74210.8,11003,10037,71843.7,10141.2,78.72,5.39901
10010.2,10141,64691,3902.4,4057,63038.6,8966.16,16.4,5.39901
9991.68,9996,65507.7,3631.68,3628,65602.5,31286.9,7.38,5.40007
16202.9,12162,87310.6,16436.9,13426,80232.9,36751,68.06,5.40218
12992.6,12468,68293.7,10280.9,10100,66709.7,22383.4,63.14,5.40746
10732.8,10300,68289.8,9328.32,6444,94869.8,10824.5,253.38,5.40851
11701.1,11189,68535.6,7326,7285,65904.8,7097.76,39.36,5.41273
5457.92,5693,62829.8,2661.84,2777,62818.3,14815.4,-18.86,5.41379
9685.12,9261,68537.3,7330.32,6969,68933.8,25543.4,8.2,5.41379
9437.44,9285,66612,4362.48,4453,64203.8,10462.3,14.76,5.41695
10243.2,10268,65377.7,3990.96,4088,63980.3,18012.2,78.72,5.42117
10855.7,10705,66458.5,4801.68,4885,64418.2,15337.4,-19.68,5.42751
15731.2,14675,70252.8,8979.12,8679,67802.2,14749.2,224.68,5.42962
12401.9,12145,66922.4,7543.44,7621,64869,15251.8,56.58,5.42962
11892.5,11869,65665.6,4878,4921,64963.3,11954.9,-49.2,5.43067
12679,12595,65973.3,8883.36,8759,66466.5,6130.08,18.04,5.43067
7434.88,7700,63279.5,3139.92,3200,64305.6,12268.8,-0.82,5.43067
12104.3,12461,63660.1,6426.72,6589,63921.9,12409.2,13.12,5.43384
11069.4,9793,74078.1,76229.3,72085,69303.8,45758.2,7216,5.43595
20915.2,20364,67309.9,14958,14648,66923,19399.7,36.9,5.43806
16762.9,15117,72671.3,8645.04,7977,71024.4,24139.4,46.74,5.43912
5324.16,5654,61712.8,2743.92,2838,63363.5,5514.48,5.74,5.44017
6074.88,6314,63054.1,2493.36,2522,64791.8,6576.48,47.56,5.44439
5911.04,6388,60642.8,2108.88,2244,61589.8,14084.6,54.94,5.44545
8410.88,8748,63010.4,3637.44,3772,63198.1,6935.04,-63.96,5.4465
14623.4,14421,66455.6,8567.28,8453,66422,16140.2,109.88,5.44756
10236.2,9886,67857.3,5978.16,5818,67340.1,12148.6,41,5.45178
10666.2,9988,69986.3,7958.88,7888,66124.9,45732.2,53.3,5.45389
7953.92,7944,65617.8,3733.2,3756,65138.2,15658.6,-30.34,5.45389
12090.2,11810,67091.1,8863.2,8610,67463.3,13791.6,5.74,5.45706
11589.8,11224,67671.6,7274.88,7224,65997.6,16699.7,22.96,5.45706
18628.5,17029,71691.6,12802.3,12181,68878.8,20783.5,-18.04,5.46128
21209.6,19401,71645.4,13821.8,13145,68910.5,36741.6,31.98,5.46233
14634.2,14524,66033.4,5112.72,5304,63172.6,15086.9,18.04,5.46233
7895.04,7784,66470.9,2684.88,2780,63293.6,10231.9,36.08,5.46233
10597.1,10365,67003.7,4582.8,4525,66373.1,14986.1,-20.5,5.46339
12454.4,12093,67494.6,5187.6,5181,65619.5,11726.6,15.58,5.46444
12891.5,12380,68243.8,5616.72,5656,65080.9,9637.2,76.26,5.47077
12448.6,12116,67335.3,5257.44,5264,65454.3,4837.68,-9.02,5.47077
14652.8,14656,65521.7,4098.96,4288,62646.8,18415.4,17.22,5.47183
8741.76,8545,67045.1,3674.16,3825,62951.6,8641.44,-57.4,5.47183
11115.5,10920,66709.4,4757.04,4904,63572.1,59235.8,-74.62,5.47183
8192,7993,67167.6,2938.32,3005,64081.8,18998.6,35.26,5.47288
11948.2,11924,65668.8,2837.52,3028,61413.4,15008.4,-56.58,5.47922
11198.7,10761,68201.8,3384,3469,63930.2,27458.6,13.12,5.48238
10861.4,10368,68655,7410.96,7376,65846.6,10964.9,-44.28,5.48344
10944,9905,72410.5,8738.64,8353,68561.7,16400.2,17.22,5.48555
8133.76,7913,67364.4,6153.84,5993,67294.9,12678.5,-25.42,5.4866
7176.96,7023,66972.7,2598.48,2635,64627.7,12477.6,-2.46,5.48977
9904.64,9026,71915.6,7347.6,6850,70296.7,15033.6,119.72,5.48977
6692.48,6650,65954.6,2558.88,2670,62808.5,21111.8,32.8,5.49294
11594.2,11361,66881.4,4430.16,4577,63433.5,16045.9,-1.64,5.49505
7370.24,7121,67829.8,3427.2,3409,65885.9,6174.72,41,5.49927
12925.4,12825,66049.3,7488,7341,66848.3,15441.1,-13.12,5.50138
12007.7,11715,67173.3,5207.04,5095,66977.1,35736.5,18.86,5.50243
13603.8,13261,67230.3,6447.6,6265,67446.1,16582.3,58.22,5.50243
6568.32,6800,63303.1,3264.48,3396,62997.9,25968.2,46.74,5.50243
9694.72,9701,65493.6,4204.8,4257,64732.4,7822.08,-1.64,5.50243
4964.48,5040,64554,2214,2240,64775.3,7889.76,-8.2,5.5056
32134.4,22884,92027.6,103157,70580,95785.1,184739,12514,5.5056
11065.6,10624,68260.1,5293.44,5316,65257.9,4921.92,98.4,5.50771
6035.2,5788,68335,3182.4,3080,67714.9,6092.64,2.46,5.50982
15141.1,13821,71795.7,8071.2,7513,70405.2,33197,3.28,5.50982
8092.8,8272,64116.3,2836.08,2964,62707.6,21067.2,-24.6,5.50982
8888.96,8897,65476.8,3709.44,3749,64844.5,9662.4,62.32,5.51299
8579.84,7547,74504.9,7563.6,6907,71766.1,15711.1,154.98,5.51299
15914.2,16301,63981.1,4243.68,4329,64244.4,25045.9,94.3,5.5151
12836.5,12319,68289,9299.52,9163,66512.4,17527,10.66,5.51615
12467.2,12453,65610.7,4776.48,4885,64080.1,31847.8,-18.04,5.51721
10275.8,11029,61060.6,3702.96,3845,63115,6389.28,15.58,5.52037
10252.2,10243,65594.6,6512.4,5811,73446.3,19614.2,216.48,5.52143
16174.7,15901,66664.1,7654.32,7581,66169.8,5321.52,259.94,5.52248
15161.6,13495,73629.5,11090.9,10131,71745.3,11417,144.32,5.5246
7631.36,7704,64918.1,2836.08,2860,64987.9,15281.3,20.5,5.52565
11858.6,11021,70516.5,9699.84,9165,69360.5,10604.2,58.22,5.52565
9184.64,8668,69442.1,7428.96,7192,67695.3,39952.8,47.56,5.53093
14413.4,14296,66074.4,6999.84,7116,64466.2,5140.8,4.92,5.53093
7937.92,7461,69725.2,5909.76,5601,69148.7,20059.9,13.12,5.53515
11309.4,11300,65590.7,4130.64,4212,64270.1,7187.04,29.52,5.53515
6611.2,6845,63297.5,3127.68,3277,62549.8,14053,-77.9,5.5362
28930.6,22678,83605,24494.4,21058,76230.6,22965.1,68.06,5.53831
5095.68,5312,62867.2,2453.76,2544,63211.3,10265,17.22,5.53937
14851.8,14769,65903.6,6084,6209,64216.6,9628.56,-8.2,5.53937
8476.8,8420,65978.1,2784.24,2880,63356.9,9337.68,-83.64,5.54043
8805.76,8672,66546.8,4800.24,4704,66876.8,13901.8,44.28,5.54148
13194.2,11999,72064.1,9645.84,8767,72105.6,14379.8,32.8,5.54148
7056,7419,62329.4,2654.64,2863,60766.5,9823.68,-34.44,5.5457
15740.2,15996,64487.8,7189.92,7368,63952,10433.5,13.94,5.54676
6472.96,6891,61560.3,2656.8,2779,62654.2,7010.64,56.58,5.54781
7400.96,8092,59939.4,2859.84,3032,61814.8,5420.16,-22.96,5.54781
9503.36,9641,64600.4,6423.12,6393,65844.8,45554.4,30.34,5.54781
8641.28,8576,66034.9,6536.88,6224,68830.5,12014.6,59.04,5.55309
12188.8,11881,67233.8,9501.84,8749,71175.3,22708.8,-33.62,5.55309
10771.8,10365,68108.4,10111,9629,68816.3,10328.4,26.24,5.55414
10132.5,10912,60854.3,3775.68,3860,64104.4,12276.7,-22.14,5.5552
12960,13237,64164.6,7827.84,7649,67068.3,19836,5.74,5.5552
13540.5,12969,68423.8,10566.7,10077,68720.9,22276.8,109.88,5.55731
19111.7,18544,67542.2,13033.4,12532,68158.3,23677.9,62.32,5.55731
14050.6,13564,67886.9,12180.2,11820,67533.4,14085.4,88.56,5.55837
7565.44,7993,62030.4,2077.92,2121,64204.9,7771.68,137.76,5.55837
5152,5608,60207.1,2864.16,2908,64548,7385.76,80.36,5.56153
9387.52,9570,64286.4,2666.88,2738,63833.7,38194.6,50.84,5.56892
10222.1,9832,68136.1,5132.16,4760,70659.9,15731.3,-35.26,5.56892
12595.2,12900,63987.5,5928.48,5476,70951.2,16698.2,-19.68,5.56997
11473.3,11912,63122.3,5604.48,5756,63810.8,15608.2,-6.56,5.57631
6792.32,7281,61137.4,3060,2945,68095.1,23019.1,112.34,5.57736
10706.6,11133,63025.7,4273.2,4441,63059.8,11250,-9.02,5.57842
11856,12016,64663.4,5699.52,5748,64983.3,12525.1,82,5.57947
6022.4,6412,61554,2126.16,2188,63683.7,16956.7,11.48,5.58053
16594.6,15257,71281.5,12271,11065,72678.7,34969,-6.56,5.58264
9811.2,10382,61932.8,5822.64,5882,64874.6,5396.4,-27.06,5.58897
10425,10377,65838.9,4775.04,4697,66624.9,15039.4,-72.98,5.59108
16103.7,15925,66271.3,7430.4,7313,66588.1,12241.4,-3.28,5.59319
8120.96,8257,64456.3,5286.24,5217,66405.8,41755,-40.18,5.5953
10420.5,10277,66451,7038,6933,66528.5,5894.64,22.96,5.5953
14825.6,15177,64018.6,5689.44,5549,67194.7,10459.4,31.98,5.59636
18345.6,16712,71942.2,10396.1,9692,70296.9,26429.8,-37.72,5.59741
14647.7,14259,67322.4,11072.9,10583,68569.6,12476.2,148.42,5.60163
12859.5,11768,71614.7,7705.44,7068,71446.5,33878.9,9.84,5.60163
14298.9,13421,69822.8,9586.8,8953,70175.4,27154.8,101.68,5.60269
11107.8,10562,68922.9,62938.1,46466,88768.4,5293.44,3413.66,5.60586
8316.16,8468,64360.9,3378.96,3380,65515.8,26475.8,69.7,5.60586
9178.24,9641,62390.3,3489.12,3689,61985.1,18978.5,-69.7,5.60691
14245.1,14037,66507.7,6073.92,6021,66112,12296.9,35.26,5.60797
12135.7,12408,64097.7,5497.92,5260,68500.3,24793.9,55.76,5.60902
28784.6,23297,80973.1,18784.8,15893,77460.6,37900.1,50.02,5.61008
9818.88,9980,64478,11020.3,6588,109628,10558.1,95.94,5.61113
14522.2,14509,65595.8,5694.48,5769,64689.5,11622.2,23.78,5.61219
14328.3,13932,67400.3,5542.56,5592,64956.6,14528.9,25.42,5.6143
10411.5,9221,73997.3,9439.2,8549,72360.2,33593,36.9,5.61852
14610.6,13573,70545.8,9013.68,8561,69001.4,19998,22.14,5.61957
7432.32,7445,65424.4,3326.4,3381,64477.7,6197.04,25.42,5.62063
21721,18817,75649.9,13622.4,12485,71506.4,43552.8,44.28,5.62063
9463.68,9272,66890.8,3431.52,3356,67010.8,14960.9,-36.9,5.62274
10153.6,9882,67337.2,3741.12,3610,67916.4,24703.9,87.74,5.6238
11013.1,10652,67757.8,6390,5944,70453.4,11976.5,41.82,5.62696
11479.7,10909,68964.4,4418.64,4281,67643.1,36284.4,54.12,5.62696
8510.08,8018,69558.1,3949.2,3798,68145,7684.56,65.6,5.62696
10535.7,9489,72764.9,9673.92,8885,71355.1,24718.3,-11.48,5.62802
7692.16,7651,65888.6,3137.04,3255,63161,6562.8,6.56,5.62907
10177.9,8530,78197,9005.76,8322,70920.6,17060.4,4.92,5.62907
14212.5,13537,68806.2,4234.32,4229,65618.5,7871.04,-19.68,5.63118
13793.3,13081,69104.5,8156.16,7849,68100.7,14298.5,24.6,5.63118
7178.24,7058,66652.5,3046.32,3190,62584.2,16378.6,-13.12,5.63224
11805.4,11500,67276.6,3687.12,3820,63256.3,9707.04,-32.8,5.63224
12752.6,12304,67925.6,6814.8,6740,66263.3,16429,1.64,5.63329
9706.24,9213,69044.6,5466.24,5497,65169.3,6871.68,25.42,5.63435
11182.7,10693,68537.4,4435.2,4497,64635.4,26506.1,-24.6,5.63435
11493.8,10644,70768,4670.64,4356,70269.8,18364.3,-28.7,5.63857
27601.9,20504,88222.8,20155,16856,78362.3,79740,199.26,5.63857
17020.8,15668,71194.5,9545.76,9072,68958.4,17568,22.96,5.64174
11834.9,11009,70452.4,6688.8,6533,67098.9,16297.9,-26.24,5.64279
13192.3,12073,71612,8355.6,7865,69624,31405.7,43.46,5.64385
8128,7496,71061.5,5803.92,5404,70386,23968.8,54.12,5.64385
11361.9,10819,68824.7,9133.92,8663,69098.5,11434.3,-17.22,5.6449
6870.4,6836,65865.8,3284.64,3300,65231,5261.76,18.86,5.64912
22531.8,17057,86571.3,17541.4,14101,81525.5,25181.3,102.5,5.65018
13034.9,12681,67364.9,4482,4509,65143.6,7721.28,34.44,5.65334
7189.76,6896,68327.7,3242.88,3316,64090.9,22404.2,27.88,5.6544
16250.9,16068,66281.9,6402.96,6528,64280.7,15554.2,-22.14,5.65862
14407.7,14296,66048,6035.76,6220,63594.8,7503.84,-117.26,5.65862
21655,16784,84555.8,17817.1,15328,76178.4,6399.36,24.6,5.66495
11846.4,10360,74938.8,8204.4,7548,71235.2,67807.4,28.7,5.66495
13418.9,13090,67182.6,8632.8,8450,66953.8,6508.08,-62.32,5.66601
12991.4,13036,65311.6,7485.12,7516,65266.7,17494.6,19.68,5.66601
9020.8,8725,67757.8,3606.48,3601,65635.7,17825.8,-45.92,5.67129
7626.24,7488,66745.9,3350.88,3360,65358.1,8042.4,-38.54,5.67129
14830.1,13981,69516.1,11169.4,11117,65844.7,29350.8,89.38,5.67129
5082.24,5444,61181.1,2602.8,2580,66115.2,22111.9,4.92,5.67234
8968.32,9008,65247.3,3313.44,3344,64937.1,13817.5,23.78,5.6734
11447.7,11733,63942.3,3730.32,3889,62862,22663.4,71.34,5.67762
4979.2,5248,62179.3,2082.24,2148,63529.6,19212.5,-50.02,5.67973
15384.3,15601,64625.8,6036.48,6277,63024.8,5384.88,-78.72,5.68184
10638.1,10820,64434.1,4503.6,4660,63336.5,21276.7,86.1,5.685
11383.7,10825,68918.3,7643.52,7337,68273.9,45016.6,59.04,5.68606
10894.1,11024,64763.6,3343.68,3440,63701,21576.2,59.04,5.68606
9937.28,9028,72136.6,6340.32,5908,70331.6,16786.8,31.98,5.68606
9694.72,8970,70830.9,9888.48,9482,68345.4,10679,-1.64,5.68923
9129.6,9320,64197.1,3644.64,3660,65261,20857,-80.36,5.68923
12905,11744,72014.6,9649.44,8980,70421.6,15009.8,79.54,5.68923
10177.9,9693,68814.6,10946.2,10237,70076,17443.4,13.12,5.69028
9494.4,9388,66278.8,5443.92,5292,67417.4,11690.6,-47.56,5.69028
5678.08,5796,64202.7,2209.68,2260,64076.8,6792.48,-9.84,5.69134
7670.4,7947,63255,3000.24,3115,63121.6,5971.68,128.74,5.69239
14329,11065,84867.9,177225,157625,73685.2,23859.4,8804.34,5.69239
11991,12186,64487.5,10260.7,8925,75344.1,22595,140.22,5.69767
11151.4,11116,65744.5,6990.48,6828,67095.5,13877.3,32.8,5.69767
8542.72,8883,63025.5,3165.84,3271,63429.1,5710.32,-13.94,5.69872
22139.5,18191,79761.2,16913.5,14815,74819.1,27354.2,71.34,5.69872
15806.1,14977,69163.9,9150.48,8833,67891.5,23188.3,97.58,5.69978
11654.4,11518,66312.1,4050.72,4030,65873,16501,0,5.69978
9888,10205,63500.2,2743.92,2877,62504.5,7751.52,-22.14,5.70083
11907.8,11691,66751.5,6331.68,6267,66212.4,15660,56.58,5.70083
14647.7,14841,64682.3,5713.92,5869,63804.3,17375,9.84,5.70189
9742.08,9884,64595,3623.04,3676,64591.8,11172.2,41,5.70189
12356.5,11561,70045.3,6601.68,6077,71194.3,16854.5,32.8,5.70717
13863,13233,68656.3,9603.36,9253,68017.5,18763.9,38.54,5.70822
10316.2,10365,65227.2,4525.2,4681,63354.7,10481,4.92,5.70822
10273.3,10284,65467.7,2420.64,2476,64070.7,21904.6,59.86,5.70928
6633.6,6757,64339.1,2949.84,2993,64590.9,10644.5,0,5.71033
9286.4,9013,67524,3779.28,3745,66135.9,17944.6,0,5.71139
15897.6,14511,71798.3,9735.12,9099,70117.7,42529,49.2,5.71666
18718.1,17677,69395.7,5791.68,5661,67048.9,14462.6,50.84,5.71772
11413.8,11356,65869.3,4153.68,4316,63071.3,11821,-1.64,5.71772
17083.5,15428,72568.4,12088.8,11620,68180,9468,34.44,5.71772
11496.3,11225,67120.1,7462.08,7405,66041.2,6652.08,63.14,5.71877
11959.7,11773,66575.2,4348.8,4521,63039.8,14442.5,19.68,5.72088
9891.84,9620,67387.9,3374.64,3364,65743.3,21987.4,8.2,5.72194
7652.48,7600,65988.5,2722.32,2784,64084,10403.3,32.8,5.723
18885.8,15945,77622.9,11146.3,9901,73778.9,21957.1,-25.42,5.72511
10956.2,10439,68782.7,7961.76,7719,67597.1,16964.6,118.9,5.72827
12353.3,11044,73305.4,7748.64,7268,69870,24907.7,-13.94,5.72827
7510.4,7565,65063,3193.2,3437,60887.3,6975.36,0.82,5.72827
11397.1,10989,67969.9,5402.88,5273,67150.2,20317,14.76,5.73038
14424.3,13989,67575.4,5559.12,5221,69780.2,12906.7,9.84,5.73355
7906.56,7624,67964.9,2386.8,2424,64530.3,7704.72,104.14,5.73355
5768.32,5896,64116.8,2111.04,2216,62431.9,7706.16,-4.92,5.73566
6879.36,6716,67130.1,2293.2,2316,64890.8,6660.72,16.4,5.73566
11878.4,11093,70176,6621.84,6257,69357.4,8877.6,27.06,5.73883
11429.1,11028,67919.7,5021.28,4864,67655.1,29107.4,82,5.73883
10426.2,9588,71265.5,8500.32,7888,70623.4,41259.6,49.2,5.74094
5599.36,5707,64299.9,2400.48,2495,63053.3,5904.72,-44.28,5.74199
13562.2,13160,67539.1,5559.12,5352,68072.2,15526.1,-5.74,5.74305
11946.2,10867,72044.6,7379.28,6791,71213.1,16746.5,50.02,5.74305
12153.6,11681,68187.5,6738.48,6609,66820,9299.52,-21.32,5.7441
10057,10177,64763,4134.24,4225,64128.2,9634.32,-46.74,5.74516
12366.1,11996,67557.8,9479.52,9288,66887.4,5363.28,79.54,5.74727
7564.8,7581,65396,2199.6,2333,61788.7,8051.04,-22.96,5.74727
16137.6,12860,82239,12326.4,10876,74275.7,48742.6,118.9,5.74727
11434.9,11116,67416,7061.76,6840,67660.8,6305.76,13.94,5.74727
6472.32,6393,66349.1,2577.6,2585,65348.4,6774.48,-18.86,5.74938
12889.6,12665,66698.2,6806.88,6665,66931.1,12336.5,89.38,5.75043
9827.2,9947,64746.7,2810.88,2939,62679.1,15568.6,-62.32,5.7536
11677.4,11204,68305.3,8663.76,8628,65807.6,16788.2,9.02,5.7536
5671.68,5617,66174,2355.12,2401,64283.7,5572.08,-114.8,5.75466
13946.2,13232,69073.5,7392.96,7168,67592.8,31385.5,121.36,5.75466
12209.3,11997,66695.6,5165.28,4893,69182.9,24803.3,-4.92,5.75888
8501.12,8717,63913,3031.2,3117,63732,12993.8,7.38,5.75888
5950.72,6313,61775.1,2339.28,2461,62294.6,13523.8,-18.86,5.75993
13911,13512,67471.4,9923.76,9628,67549.2,12926.2,72.16,5.75993
7992.96,8016,65347.6,3224.88,3268,64671.3,18398.9,7.38,5.7631
10507.5,10692,64405.2,2495.52,2548,64186.2,16161.1,18.86,5.76521
11608.3,11247,67641.4,9226.08,8875,68128.5,8488.8,26.24,5.76521
10200.3,10461,63902.9,4476.96,4521,64897.6,9784.08,12.3,5.76732
13007.4,13112,65013,6564.24,6456,66634.8,11267.3,-8.2,5.77365
7743.36,7096,71514.8,6369.84,5944,70231.1,15286.3,41,5.77471
12515.8,12158,67464.9,6994.8,6650,68934,29110.3,68.06,5.77471
13369.6,12836,68260.4,8249.76,8020,67413.5,15955.2,77.08,5.77787
10848,10095,70424.4,7719.84,7403,68340.9,21416.4,-42.64,5.77893
10815.4,10954,64706.5,4136.4,4174,64945.7,16004.9,104.14,5.77893
10279.7,10405,64746.7,4101.12,4257,63136.3,5582.16,25.42,5.77998
13228.2,12613,68732.3,7842.96,7477,68743.6,7412.4,-65.6,5.78315
17618.6,15832,72931.4,11729.5,11032,69679.6,29170.8,54.12,5.78526
11609.6,11269,67516.8,5700.96,5537,67476.6,23508,68.06,5.78631
11690.2,11432,67016.4,9064.08,8204,72406.6,11902.3,3065.16,5.78843
6041.6,6169,64182.6,3332.16,3469,62950.8,30011.8,-18.04,5.78948
6382.72,6409,65267.3,2908.8,2925,65173,9791.28,50.84,5.79159
9308.16,8928,68326.6,4137.84,3984,68066.6,8008.56,9.02,5.79265
10581.1,10551,65723.1,4378.32,4323,66374.7,12836.2,11.48,5.79265
13340.2,12577,69512.7,11802.2,10865,71189.3,38229.8,24.6,5.7937
6856.32,7240,62063,2509.92,2584,63657.2,17948.2,2.46,5.7937
13900.8,13504,67461.7,5047.92,4996,66217.1,8232.48,104.96,5.79476
10263.7,8644,77815.9,8171.28,7472,71669.3,30273.8,31.98,5.79581
10607.4,9149,75982.5,8236.08,7817,69049.5,22050,41.82,5.79687
10889,10636,67094.7,6069.6,5852,67972.9,12142.8,-18.04,5.79687
18896,18121,68338.9,11660.4,11581,65985.3,7757.28,-18.86,5.79898
12181.1,12092,66019,4199.76,4284,64247.3,17357,-68.06,5.80109
14117.1,13494,68562.3,9705.6,9542,66659.6,13712.4,134.48,5.80214
7623.68,7589,65835.5,2795.04,2881,63580.6,12477.6,45.92,5.8032
12582.4,11756,70142.9,10103,9116,72632,21200.4,83.64,5.80953
14668.8,13721,70063,8257.68,7917,68356.1,6183.36,26.24,5.81164
13264.6,12645,68747.4,5325.12,4961,70346.1,8408.88,58.22,5.81164
9357.44,8744,70133.7,7402.32,7100,68326.5,28651,35.26,5.8127
14653.4,14640,65596.2,7092.72,6976,66632.5,23237.3,-48.38,5.81375
18602.9,17539,69511.3,9090.72,8547,69705.1,21914.6,-16.4,5.81586
12229.8,10648,75271.4,14577.1,11884,80387.6,40325,3689.18,5.81692
8623.36,8965,63038.5,3811.68,3829,65239.6,5127.12,-18.86,5.81797
15397.1,13744,73418.6,16753.7,15392,71333.8,41565.6,48.38,5.82114
13061.1,12517,68384.9,5669.28,5553,66908.3,5186.16,-42.64,5.8222
5695.36,5584,66843,2422.08,2516,63089.6,6012.72,56.58,5.82431
13404.2,13552,64821.1,4543.92,4692,63467.7,20182.3,-43.46,5.82642
9367.04,8924,68789.6,7130.16,6604,70757.5,12977.3,6.56,5.82853
10195.8,10337,64641.1,3473.28,3521,64647.8,20977.9,32.8,5.82853
9627.52,9684,65153.8,3740.4,3728,65754,20959.2,-14.76,5.82853
11472,10980,68472.6,5832.72,5796,65951.2,20952,18.04,5.8338
8472.32,8628,64353.5,3513.6,3652,63052.4,12442.3,-27.06,5.83486
9398.4,8680,70960.1,8667.36,7740,73388.1,12466.8,-13.12,5.83486
8663.04,8640,65710.8,3647.52,3732,64052.5,18892.8,25.42,5.83486
8932.48,8611,67982.7,3494.88,3507,65309.5,21744.7,-39.36,5.83592
24906.2,12372,131931,181342,98080,121171,8080.56,1684.28,5.83908
21809.3,17972,79528.9,19892.9,17572,74191.9,37771.2,44.28,5.84647
8522.88,8709,64135.4,3736.8,3841,63758.1,6225.12,18.86,5.84752
9132.8,9116,65656.8,4162.32,4220,64640.2,9182.16,-54.94,5.84752
8504.96,8345,66792.2,5398.56,3597,98359.8,9290.16,332.1,5.84752
15633.3,15308,66928.6,7873.2,7948,64919.2,10524.2,64.78,5.84858
12936.3,12112,69996.3,6096.24,5700,70091.8,22309.9,74.62,5.85174
12081.9,12254,64615.7,4476.96,4650,63097.2,12157.9,-27.88,5.85174
13374.7,12684,69104.8,7813.44,7596,67412,25236.7,107.42,5.8528
13615.4,12520,71269.7,10098.7,9340,70859.7,29072.2,59.86,5.85386
7239.04,7692,61676.8,3306.96,3548,61083.7,9286.56,9.02,5.85491
6496,6732,63238.5,2559.6,2648,63348.2,27463.7,96.76,5.85808
11270.4,10626,69510.3,7395.12,7138,67896.7,7516.8,25.42,5.85808
13848.3,12960,70028,7634.16,7280,68724.2,59425.2,23.78,5.85913
6536.96,6709,63855.4,2905.92,2949,64578.6,15488.6,-4.1,5.8623
14928,14953,65426.4,6117.84,6073,66019.9,21632.4,105.78,5.8623
10221.4,10004,66960.4,7426.08,6980,69724.3,14872.3,15.58,5.86863
11337.6,10220,72702.6,9215.28,8568,70487,13263.8,-16.4,5.87496
9548.16,9688,64590,3623.04,3452,68783.2,15279.8,38.54,5.87602
9365.12,9036,67923,4518,4348,68098.4,25508.2,-4.92,5.87707
7287.68,7889,60540.7,3211.92,3265,64470.6,8345.52,-2.46,5.87918
11905.3,11469,68029,7333.92,6873,69931,18622.1,-59.04,5.88024
12811.5,12471,67325.5,7531.2,7283,67769.4,26874,48.38,5.88235
11237.1,11025,66796.9,3769.92,3765,65621.6,9532.08,22.14,5.88657
24872.3,20424,79809.7,94853.5,81512,76262.6,59698.1,5351.32,5.88763
17207.7,16168,69750.3,11286,10920,67732.5,23729,89.38,5.88868
13653.8,13174,67922.6,6740.64,6386,69175.5,11297.5,-10.66,5.89079
9137.92,8964,66807.5,4021.92,4004,65829.3,13093.2,-45.92,5.8929
13694.1,12392,72422.1,13614.5,12728,70100.5,13875.1,92.66,5.89501
9313.92,9264,65889.1,3231.36,3200,66178.3,11458.8,105.78,5.89923
14105.6,13462,68669.2,7448.4,7110,68655.2,26742.2,100.04,5.90029
10137,10239,64882.9,2758.32,2907,62184.1,17970.5,-33.62,5.9024
11377.9,10700,69688.2,6459.12,6220,68055.5,60778.1,61.5,5.9024
9836.8,9979,64602.1,4746.96,4939,62987.8,10564.6,77.08,5.90451
19788.8,16424,78962.4,12831.1,10904,77118.5,33534.7,91.84,5.90451
14081.9,13901,66388.9,3844.8,3881,64924.7,11875.7,78.72,5.90662
8958.08,9065,64763,3229.92,3305,64047.2,31004.6,38.54,5.90662
7775.36,7854,64879.8,3207.6,3226,65162.2,17564.4,70.52,5.90768
9022.72,8686,68076.6,5491.44,5358,67168.2,5901.84,-36.9,5.90979
11856,10352,75057.5,7544.88,6852,72163.1,43923.6,109.06,5.91084
4720.64,5113,60506.9,2181.6,2333,61283,8551.44,17.22,5.91084
11260.8,11360,64963.7,4405.68,4500,64162.4,11312.6,57.4,5.9119
18976,16512,75315.6,6860.16,6324,71092.3,44716.3,9.84,5.91401
10558.1,11036,62697.9,4206.24,4312,63928.6,23680.8,98.4,5.91401
11866.2,11583,67138.6,7217.28,7087,66740.8,9140.4,-27.88,5.91506
6369.92,7008,59568.9,2857.68,3008,62260.9,18340.6,11.48,5.91506
16798.1,15185,72497.8,13476.2,12017,73494.1,24414.5,-21.32,5.92245
9992.96,8901,73575.8,7542.72,7105,69573.5,47170.1,91.84,5.92456
13449,13252,66510,4608.72,4560,66236.2,6445.44,16.4,5.92667
12128.6,11632,68334.1,6944.4,6880,66149.5,11474.6,84.46,5.93089
10112,9413,70402.6,9943.2,9093,71663.7,14830.6,52.48,5.93195
19573.1,18457,69499.1,14816.9,13593,71436.7,22488.5,92.66,5.93406
28324.5,20219,91808.4,11093.8,7615,95474.8,17887,31.98,5.9425
18217,17079,69902.6,10034.6,9543,68912.3,33134.4,191.06,5.94461
9381.12,9084,67679.6,4091.04,4060,66037,17337.6,8.2,5.94883
8000,7117,73667,7719.84,7161,70650.4,20138.4,9.02,5.95411
11689,11654,65732.6,5589.36,5590,65528.5,20028.2,119.72,5.95622
12863.4,12545,67199.1,5609.52,5525,66538.6,15521.8,-24.6,5.95833
12700.8,12052,69064,5369.04,5252,66996.5,10836.7,-45.92,5.95833
11574.4,11060,68584.1,6917.04,6468,70085.8,25930.8,27.06,5.95939
6704.64,6904,63643.6,3183.12,3144,66351.5,6709.68,31.16,5.96255
13695.4,13232,67831,8609.04,6512,86640.4,12302.6,174.66,5.96466
11168,11318,64667.4,5511.6,5462,66131.1,19795.7,4.92,5.96466
15006.7,14393,68330.5,7570.8,7273,68219.4,24946.6,53.3,5.96572
14120.3,14145,65421.7,5208.48,5233,65228.9,9408.96,54.94,5.971
10062.7,9984,66052.7,5623.2,5556,66328.7,5757.84,-6.56,5.97733
9222.4,9617,62847,2254.32,2357,62681,7647.84,-68.88,5.97838
17470.1,16376,69914.5,9516.24,9116,68413.4,27962.6,76.26,5.97944
12206.7,10740,74486,7764.48,7280,69897.4,18339.1,4.92,5.9826
10347.5,10257,66114.4,3403.44,3365,66284.7,36353.5,62.32,5.9826
7594.88,7664,64944.9,3029.04,2980,66614.5,5839.92,63.14,5.98366
4728.32,5009,61863.7,2149.2,2229,63189.8,8832.96,57.4,5.98471
8065.92,8121,65091.5,3080.16,3145,64184.9,29404.1,45.1,5.98471
5858.56,5825,65913.6,2831.04,2849,65122.9,13140.7,21.32,5.98471
14917.1,14060,69531.2,8582.4,7896,71233.1,7852.32,148.42,5.98788
12243.2,12144,66071.3,5471.28,5476,65479.5,8746.56,71.34,5.98894
14250.2,13892,67226,11115.4,11040,65983.4,8316,61.5,5.98894
11765.8,11564,66679.4,5758.56,5564,67827.6,19012.3,-55.76,5.98999
14515.2,14101,67461,8848.08,8661,66951.6,21835.4,14.76,5.98999
12910.7,12596,67173.5,6280.56,6052,68011,28656,82,5.99105
11383,10894,68478,5713.92,5546,67520.3,22635.4,-32.8,5.99316
9904,9869,65768.4,4710.96,4813,64146.6,36190.8,-9.84,5.99421
11020.8,11102,65056.7,3762,3854,63971.6,27583.2,17.22,5.99421
14394.9,14001,67379.7,4430.88,4401,65981,13158,-26.24,5.99632
4832,5026,63006.4,1715.76,1762,63816.1,11308.3,3.28,5.99632
13710.1,13337,67369.3,6744.24,6569,67284.3,21883,30.34,5.99738
10010.9,10296,63721.2,4136.4,4284,63278,5536.08,-18.86,5.99738
7479.68,7441,65876.7,4073.76,2933,91025.6,4816.8,61.5,6.00054
13200.6,13275,65168.9,4458.96,4575,63873.8,15093.4,-55.76,6.00371
12391.7,10625,76433,9548.64,8545,73233.4,17773.2,-10.66,6.00899
5153.92,5308,63633.6,2251.44,2396,61582,13003.2,-13.12,6.01004
15741.4,15177,67973.3,8744.4,8489,67507.7,27002.2,8.2,6.01321
40846.1,36734,72872.2,29376.7,26778,71896.1,15970.3,162.36,6.01321
10958.7,11173,64279.1,4789.44,5009,62663.4,6977.52,77.9,6.01426
16673.3,14942,73129.4,15382.8,12250,82296.1,24127.2,105.78,6.01532
11149.4,11141,65585.6,4255.2,4289,65019.5,6452.64,28.7,6.01637
12750.1,12961,64469.5,5024.88,5201,63316.8,19085,70.52,6.01849
6302.08,6392,64614.1,2396.88,2456,63958.4,7575.84,24.6,6.01954
17470.1,13981,81891.1,13745.5,11741,76724.9,22430.2,85.28,6.01954
6134.4,5964,67408.5,2325.6,2360,64580.7,9202.32,21.32,6.0206
13402.9,12174,72151.4,7632,6878,72720.4,21263,118.08,6.02165
9405.44,8749,70453.2,5351.76,5049,69465.8,7765.92,95.12,6.02271
6464,6492,65253.3,2836.08,2664,69769.3,6325.92,-10.66,6.02482
5622.4,5824,63267.4,2249.28,2352,62673.8,17113,27.88,6.02482
13386.9,12386,70831.8,9286.56,9270,65653.1,20496.2,6.56,6.02904
9855.36,9717,66469.2,3320.64,3457,62951,6302.88,63.14,6.03115
13162.2,12806,67359.1,7130.16,7298,64028.8,8750.88,13.94,6.03115
10666.9,10616,65850.1,3909.6,4092,62614.7,18694.1,51.66,6.03115
14673.9,13952,68927,6703.2,6544,67130.3,16064.6,-17.22,6.03326
5479.68,5517,65092.7,2039.04,2157,61952,7943.76,-44.28,6.03748
8221.44,8007,67291.2,2849.76,2967,62946.4,14346,-2.46,6.03959
8570.88,8256,68035.5,3670.56,3600,66820.5,9812.16,63.96,6.04592
10478.7,9276,74033.4,6313.68,5996,69008.2,24955.9,82,6.04592
9091.84,8552,69672.9,8133.84,7868,67750.3,26775.4,54.94,6.05226
10081.3,9120,72443.7,8729.28,8624,66336.1,40730.4,-23.78,6.05226
7611.52,6602,75557.2,2378.16,2442,63822.7,5019.12,-32.8,6.06386
16066.6,14637,71936.7,6571.44,5353,80453.2,5681.52,91.02,6.06386
12228.5,11263,71153.8,5605.2,5739,64008.1,30423.6,36.08,6.06492
10718.7,9548,73571.6,3992.4,3996,65477,17716.3,23.78,6.06597
17008,15916,70032.4,5863.68,5992,64132.5,20931.1,-4.1,6.06809
14906.2,13653,71551.7,4950.72,5025,64567.2,10985,47.56,6.06809
13610.2,12291,72570.2,6416.64,6295,66802.4,6140.16,43.46,6.06809
8015.36,7313,71830.3,2882.16,2965,63705,8506.8,50.84,6.06809
15865.6,14115,73664,9207.36,9047,66697.6,6666.48,-46.74,6.07231
12053.8,11276,70056.3,3782.88,3976,62352.8,20934.7,7.38,6.07442
11949.4,11636,67301.4,3688.56,3940,61353.7,8850.24,47.56,6.08286
15903.4,14753,70646.1,6125.04,5925,67748.6,16647.1,8.2,6.08286
16881.3,15704,70449,6403.68,6476,64804.1,20995.2,30.34,6.08391
13051.5,12420,68868.3,5375.52,5460,64522,13731.8,-33.62,6.08497
11411.2,10821,69110.5,6300,6309,65442.5,19260.7,0.82,6.08603
11166.1,11445,63938.9,3856.32,3985,63419.8,11407,2.46,6.08919
6471.68,6654,63740.3,3866.4,3946,64214,23003.3,1.64,6.08919
9364.48,8500,72201.3,9411.84,8868,69555.1,8531.28,112.34,6.08919
7421.44,7432,65442.9,3278.16,3468,61948.5,6103.44,60.68,6.08919
8989.44,9173,64224.6,4993.2,5093,64251.8,15916.3,-27.88,6.09025
10746.9,11144,63200.6,6535.44,5720,74878.8,29672.6,902,6.0913
11205.1,11044,66492.1,6162.48,6016,67131.7,14245.2,59.86,6.09236
9671.68,9853,64330,5271.84,5193,66531,16701.8,24.6,6.09341
9014.4,8383,70472.1,7064.64,6843,67658.7,21345.8,51.66,6.09552
7838.72,8325,61707.9,3180.96,3333,62546.5,7068.96,-50.02,6.09763
14154.2,13064,71005.2,10085.8,9548,69227.1,47278.8,4.92,6.09869
16071.7,15988,65879,6436.8,6580,64109.8,12596.4,76.26,6.09869
10101.1,9932,66651.9,10373,10184,66752.5,7771.68,54.94,6.09974
7349.76,6913,69676.5,6695.28,6417,68378,19074.2,18.86,6.10291
9822.08,9992,64421.5,4584.24,4600,65311.5,14282.6,60.68,6.10397
22361,21874,66995,10354.3,10530,64442.6,8811.36,49.2,6.10397
7942.4,7552,68923.9,4436.64,4224,68835.1,14346,-19.68,6.10608
8398.08,8533,64499.8,4854.96,4885,65133,8303.04,-41.82,6.10819
11790.1,11636,66403.8,10921.7,10736,66669.5,10510.6,99.22,6.10819
5002.24,5312,61714.4,2284.56,2324,64423.8,15610.3,-15.58,6.1103
13399,13348,65786.6,6630.48,6692,64933.5,19584.7,41.82,6.11241
7718.4,7693,65752.4,3137.76,2861,71875.6,20821,43.46,6.11346
11714.6,11129,68984.2,7722,7741,65375.2,25444.1,-37.72,6.11346
13095.7,12555,68358.3,10357.9,10075,67376.4,74312.6,13.94,6.11557
8980.48,8877,66300,7227.36,6969,67965.6,14595.1,56.58,6.1198
8575.36,8668,64835.6,3983.04,3884,67207.1,9849.6,27.06,6.12191
7215.36,7821,60461,3375.36,3433,64435.7,40829.8,-9.02,6.12402
6395.52,7315,57298.3,2514.96,2695,61157.9,5084.64,35.26,6.12824
7345.28,7888,61026.9,5675.76,5696,65303.1,13143.6,-37.72,6.12824
10789.8,11156,63384.5,6147.36,6020,66922.5,9472.32,-52.48,6.12929
9192.32,9888,60925.2,5251.68,5028,68451.5,25265.5,73.8,6.1314
15082.2,15037,65733.2,6176.88,5897,68646.4,26145.4,74.62,6.1314
8407.68,9104,60523.5,5797.44,5460,69586.3,6619.68,-31.16,6.13457
9441.28,10212,60589.9,3954.24,3988,64981.2,10512.7,37.72,6.13563
15072.6,15340,64393.8,7656.48,7192,69768.5,21589.2,54.94,6.13563
8391.68,8999,61113.1,1978.56,1971,65787.4,9990.72,34.44,6.13563
24337.9,20021,79666.8,26675.3,23617,74022.6,46188.7,150.06,6.13774
8715.52,9340,61154.2,6221.52,6140,66406.1,5098.32,98.4,6.13774
12720,13088,63693.3,8215.92,8416,63978,6809.04,18.04,6.1409
14710.4,13768,70021.8,11272.3,10552,70009.7,54931,93.48,6.1409
7687.68,8222,61277,2996.64,3098,63391.8,7186.32,71.34,6.14196
11646.1,11453,66640.8,5702.4,5337,70023,51906.2,40.18,6.14512
7605.12,7890,63169.7,3241.44,3362,63185.9,11153.5,-8.2,6.14829
10771.2,9992,70646.7,8197.2,7320,73389.6,10937.5,39.36,6.14934
14388.5,14273,66066.2,7179.84,7157,65745.1,28807.2,18.04,6.1504
8685.44,8880,64100.1,5005.44,4864,67441.7,19869.1,-19.68,6.1504
5597.44,6033,60804.6,2561.76,2693,62342.2,9037.44,-39.36,6.1504
9347.84,9413,65082.3,8392.32,8373,65687.2,11522.9,14.76,6.15146
12364.8,13027,62204.6,5648.4,5859,63180.3,7764.48,24.6,6.15462
12512,13211,62068.5,5171.04,5407,62676,16310.9,80.36,6.15568
9518.72,9631,64772,3876.48,3983,63783.3,15169,68.88,6.15673
10703.4,10401,67441.1,6690.96,6277,69858,11795.8,43.46,6.15779
8778.88,8852,64994.7,3395.52,3508,63434.7,14934.2,-73.8,6.15779
16073,13543,77778.7,12913.2,11411,74163.5,33989,150.88,6.15884
10930.6,10890,65780.1,4656.96,4526,67432.3,8732.88,4.92,6.1599
12325.8,11337,71251.7,7559.28,7321,67669,12871.4,39.36,6.16095
10590.7,10523,65957.8,3357.36,3515,62596.9,4770.72,39.36,6.16095
10549.8,10413,66396.7,3895.2,3533,72254.7,11206.8,59.04,6.16306
6667.52,6468,67557.6,2657.52,2708,64314.3,7649.28,-6.56,6.16412
16946.6,14160,78432.9,11425,10400,71994.8,56835.4,121.36,6.16623
15147.5,13689,72518.7,11025.4,10185,70943.4,19219,31.16,6.16623
7259.52,7089,67112.4,2680.56,2549,68918.5,14572.1,11.48,6.16834
15625.6,15533,65926.7,7008.48,7209,63713.1,21421.4,29.52,6.1694
12471.7,11921,68563.4,4522.32,4481,66140.3,5351.04,74.62,6.1694
13643.5,13181,67835.6,4228.56,4253,65159.4,5620.32,-22.14,6.17045
10269.4,9340,72057.6,8411.76,7976,69116.5,16898.4,-56.58,6.17045
8786.56,8724,66006,4941.36,5028,64406.7,16644.2,98.4,6.17256
12179.8,11781,67754.7,4674.96,4645,65958.7,6164.64,25.42,6.17362
6065.28,5981,66459.5,2421.36,2473,64167.5,5290.56,66.42,6.17362
20223.4,15944,83125.8,16407.4,14296,75215,22327.9,180.4,6.17467
8273.92,7962,68103.4,4723.92,4622,66981.1,6125.04,10.66,6.17467
13452.8,13056,67527.8,6617.52,6644,65274.8,13810.3,-9.84,6.17573
5772.16,5472,69130.9,3161.52,2996,69156.7,15011.3,-8.2,6.17889
8904.32,9124,63958.1,2779.2,2820,64587.8,13615.9,53.3,6.17889
11799.7,11453,67519.8,6646.32,6601,65986,35125.2,-26.24,6.18734
9595.52,9375,67077.5,5156.64,5259,64260.4,5396.4,39.36,6.18839
19925.8,19230,67907.1,8212.32,8254,65205.1,43408.1,36.08,6.1905
10606.1,10524,66047.1,4775.04,4856,64443.4,6745.68,68.88,6.19156
6915.2,6840,66256.5,3305.52,3356,64550.2,6360.48,-14.76,6.19367
15658.2,15501,66200.8,5604.48,5773,63622.9,11124,17.22,6.19367
13150.1,11538,74692.6,9759.6,8726,73298.8,25632,136.12,6.19578
9455.36,9393,65971.1,4956.48,4933,65847.9,19081.4,22.14,6.19683
9996.8,9770,67057.4,5066.64,4990,66542.6,9146.88,11.48,6.19895
14286.7,14293,65507.2,5886.72,6021,64074.4,20293.9,29.52,6.20106
21233.9,17833,78034.3,13405.7,7609,115463,14063.8,111.52,6.20317
16119,15563,67877.5,6971.76,6831,66886.4,9277.92,-27.06,6.20633
7281.92,7188,66392.3,4392,3696,77877.2,7150.32,0.82,6.20844
12015.4,11769,66907.9,6985.44,6713,68195.7,16351.9,59.86,6.2095
12958.7,12621,67289.6,5292,5277,65722.3,17640.7,0.82,6.2095
9681.92,9437,67236.9,7613.28,7469,66802,7266.24,1.64,6.2095
9477.76,8325,74610.7,8056.08,7137,73975.5,18828.7,18.04,6.21055
14225.3,13079,71279.8,11543.8,10915,69311.2,23653.4,89.38,6.21372
11683.8,11956,64044.2,3131.28,3316,61885.3,7826.4,-24.6,6.21477
13138.6,12721,67687.2,5101.2,4961,67388.1,23118.5,-4.1,6.21477
35222.4,23477,98323.3,32500.8,23409,90989.5,103976,100.86,6.21583
11792.6,10235,75509.8,9018.72,6395,92423.9,44702.6,77.08,6.219
10385.3,9314,73073.8,7359.12,6930,69594.1,21096.7,37.72,6.22005
14947.2,14516,67482.8,6523.2,6272,68160.8,10145.5,17.22,6.22427
11821.4,11693,66255.9,4062.96,4137,64363.1,10152,-37.72,6.22533
9779.84,9881,64865.1,4744.8,4793,64877,19491.8,52.48,6.22955
9160.32,8504,70593.9,8378.64,7884,69647.7,29394,33.62,6.23377
17022.7,15748,70840.8,9894.24,8772,73920.3,33793.2,140.22,6.23483
11293.4,11638,63595.7,3755.52,3958,62183.4,14920.6,50.84,6.23483
8240.64,8033,67230,2794.32,2821,64916.2,22806.7,32.8,6.23588
34684.8,29343,77466.6,18115.2,16107,73706.9,39308.4,136.94,6.23588
9799.68,9732,65991.8,4854.96,4852,65576,14991.8,-2.46,6.23799
15682.6,14677,70026,6796.08,6597,67513.7,8439.84,52.48,6.24643
14129.9,13873,66749.7,6306.48,6177,66909.8,13994.6,31.98,6.24643
9211.52,8721,69222.1,5340.96,5077,68943.3,14186.9,-31.16,6.24854
13801,13252,68250.8,8993.52,8864,66493.6,5854.32,-11.48,6.24854
9125.12,9437,63370.1,4401.36,4637,62205.6,12935.5,31.16,6.2496
6670.08,6941,62978,2901.6,3049,62367.7,6410.88,55.76,6.25066
11564.2,11328,66902.3,6805.44,6864,64976.9,10604.2,-24.6,6.25277
10460.2,10137,67625.2,3420,3513,63801.1,11891.5,3.28,6.25804
15335.7,12557,80038.2,12409.9,10957,74226.2,12139.2,27.88,6.2591
7125.76,6916,67523.7,2380.32,2448,63724.1,19381.7,52.48,6.2591
15935.4,14860,70278.6,7865.28,7660,67292.3,14801.8,48.38,6.26015
9696,8664,73342.2,8480.16,8284,67087.9,17334.7,37.72,6.26226
40774.4,31481,84882.7,29733.8,22989,84763.9,81318.2,191.88,6.26754
8979.2,8345,70516.6,2924.64,2953,64906.6,13478.4,-28.7,6.26754
6126.72,5865,68460.5,1920.24,2009,62640.6,4869.36,41.82,6.2686
6140.8,5784,69578.8,2340,2360,64980.6,30003.1,18.86,6.2686
15072.6,13476,73300.7,14089.7,13792,66950.5,17259.1,123,6.26965
9489.92,8695,71527.5,5400.72,5287,66945.6,15351.8,20.5,6.27176
7959.04,7593,68695.3,2950.56,2973,65041.3,5217.84,-23.78,6.27282
14972.8,14113,69528.6,8730,8833,64771.8,6035.04,-2.46,6.27282
6679.68,6317,69298.6,1465.92,1549,62021,9208.8,-122.18,6.27387
11947.5,11305,69260.7,3949.2,3933,65805.9,25840.8,8.2,6.27387
15782.4,15156,68244.6,6674.4,6544,66841.9,13252.3,-44.28,6.27493
11756.8,10441,73795,7053.84,6797,68012.4,15014.2,-0.82,6.27598
14257.3,12956,72118.3,5987.52,5724,68553.1,19804.3,-6.56,6.28126
5623.04,5284,69741,2192.4,2324,61824.9,15614.6,63.14,6.28126
12202.9,11765,67975.2,4072.32,4081,65396.6,19853.3,75.44,6.28443
7283.2,7014,68051.3,4314.96,4214,67106.1,8887.68,-5.74,6.28548
12221.4,11685,68544.6,4600.08,4561,66097.5,11993.8,53.3,6.28759
9791.36,7990,80311.2,40599.4,31590,84226.7,5059.44,1056.98,6.28865
6309.12,6196,66732.5,2168.64,1840,77241.3,11425.7,91.02,6.28865
11527.7,11572,65285,4871.52,4948,64523,7030.08,64.78,6.29181
5760,6052,62374,2141.28,2240,62647.7,18172.8,-28.7,6.29287
9261.44,9261,65539.1,4677.84,3469,88373.3,15120.7,-13.12,6.29392
14828.2,14449,67255.8,8137.44,7873,67737.3,13764.2,80.36,6.29498
10642.6,10493,66470.1,4796.64,4921,63879.8,9560.88,97.58,6.29498
7808.64,7785,65735,4694.4,4717,65222,6290.64,71.34,6.29814
13076.5,13196,64942.4,4995.36,5148,63592.8,10741.7,13.94,6.2992
10768,10632,66374.3,3833.28,3948,63631.7,27564.5,-15.58,6.30026
5274.88,5305,65163.9,2001.6,2105,62316.8,30359.5,46.74,6.30026
12522.2,12140,67599.5,7439.04,7180,67900.4,7338.96,61.5,6.30131
17281.9,16214,69852.5,15336,14422,69689.4,22914.7,65.6,6.30448
11503.4,11511,65492.5,4189.68,4275,64228,5531.04,14.76,6.30448
6224.64,6734,60578.9,2012.4,2122,62151.1,19558.1,973.34,6.3087
15466.9,15649,64773.3,5775.84,5941,63714.1,35717,81.18,6.31081
10209.9,10511,63658.8,5866.56,5695,67510.3,40604.4,118.08,6.31186
6460.8,7201,58799.5,2182.32,2277,62810.9,28995.1,-9.84,6.31186
6784,7528,59059,3257.28,3468,61554,14965.9,-27.06,6.31397
12665,13020,63748.9,6185.52,6296,64386,11484,-20.5,6.31503
13341.4,13329,65597.2,8257.68,7985,67774,13260.2,-36.08,6.31608
6451.84,7024,60197.6,2646.72,2740,63304.9,15948.7,37.72,6.31714
12711.7,13419,62081.6,4009.68,4159,63183.1,23073.8,43.46,6.32031
12594.6,12432,66392.9,11747.5,10544,73016.5,20900.2,73.8,6.32136
7530.88,7568,65214.6,6554.88,6192,69376.7,25223.8,93.48,6.32347
16010.9,16820,62383.4,5071.68,5300,62712.8,13608,17.22,6.32558
9580.16,9427,66600.8,7570.08,7440,66681.8,18009.4,25.42,6.32664
10069.1,11149,59188.3,4822.56,5113,61813.3,9087.84,28.7,6.32875
11111.7,10917,66704.7,4733.28,4501,68918.1,14767.2,-25.42,6.3298
12114.6,11944,66471.9,9543.6,9292,67310.5,10833.8,46.74,6.33297
10145.3,8897,74730.9,6875.28,6417,70216.4,13944.2,-18.04,6.33403
10875.5,11229,63473,6156.72,6249,64568.2,6669.36,-41.82,6.33614
5182.72,5852,58040.8,2783.52,2952,61795.7,7101.36,9.84,6.33719
10541.4,10557,65439.4,6765.12,6685,66321.5,20799.4,2.46,6.33719
18548.5,18300,66425.9,9748.8,9480,67394.2,5440.32,4.1,6.33825
16420.5,16480,65299.3,6646.32,6672,65283.8,20809.4,96.76,6.34036
12677.8,12901,64402,7526.88,7745,63690.3,27656.6,55.76,6.34247
8606.72,9101,61976.7,7271.28,7229,65919.3,11334.2,98.4,6.34458
13294.1,12053,72284.1,9766.08,9233,69319.8,16510.3,14.76,6.34669
4907.52,5312,60545.8,2911.68,2880,66256.9,14636.9,-44.28,6.34669
10519.7,10148,67936.3,9170.64,8672,69304.3,48394.1,78.72,6.35302
9727.36,9584,66516.3,5521.68,5204,69536.7,26525.5,47.56,6.35408
4723.84,5456,56741.5,2587.68,2592,65426.8,33494.4,27.88,6.35619
11637.8,10936,69741.4,6247.44,5660,72337.9,19768.3,41,6.35724
9630.72,9828,64220.5,7828.56,7508,68334.1,15848.6,-4.1,6.35724
12425,11448,71128.8,9235.44,8440,71712.5,19564.6,-0.82,6.35724
11699.2,12429,61687.9,5981.76,5945,65941.2,17897.8,97.58,6.3583
7672.96,8496,59187.3,2553.84,2708,61805.2,39350.9,-4.92,6.3583
22185.6,19970,72807,11868.5,10818,71899.9,36139.7,6.56,6.35935
13754.2,14172,63604.1,6371.28,6348,65776.3,18486,88.56,6.36041
9673.6,10096,62794.1,6482.16,6224,68254.3,29739.6,7.38,6.36357
12675.2,12698,65418.3,9437.04,9070,68188.1,15770.2,118.9,6.36463
13006.1,12320,69185.6,8032.32,7732,68081.5,39323.5,37.72,6.3678
6187.52,6531,62089.3,5503.68,5351,67405.9,6592.32,-11.48,6.3678
15804.2,15248,67926.4,9787.68,9200,69722.3,26943.8,125.46,6.3678
16459.5,15821,68181,8447.04,8173,67733.4,31361.8,-52.48,6.3678
6960.64,7548,60436.2,2756.16,2824,63961.7,9207.36,-13.12,6.36885
13713.3,13732,65446.7,7931.52,7812,66538.7,17444.9,52.48,6.36991
11688.3,12044,63600.6,6071.76,6232,63850.9,5134.32,-17.22,6.37096
13363.2,13652,64149.6,6498,6608,64445.1,5631.12,23.78,6.37202
16798.1,16832,65403.9,6582.24,6500,66365.2,7326,72.98,6.37413
12677.1,13052,63653.7,5483.52,5496,65387.2,36406.8,10.66,6.37624
7850.88,8461,60810.2,3506.4,3465,66319,8591.04,1.64,6.37835
15225,15045,66319.9,14451.1,14213,66634,15644.2,64.78,6.3794
12396.2,12068,67318.1,8628.48,8228,68725.8,15463.4,10.66,6.38046
6232.96,6608,61816.5,2469.6,2516,64327.4,6830.64,-36.08,6.38152
9905.28,9996,64941.2,7379.28,6888,70210.3,8592.48,55.76,6.38257
8885.76,9142,63699.1,6661.44,6326,69011.1,32436,52.48,6.38363
16368.6,16721,64155,7035.12,7169,64312.1,6630.48,48.38,6.38363
7840.64,8252,62269,3296.16,3464,62360.6,5880.24,102.5,6.38574
8049.28,8142,64789.7,3335.76,3386,64563.6,24577.9,-7.38,6.38679
31569.3,25580,80880.5,21136.3,17944,77195.2,69787.4,20.5,6.39101
12796.2,12656,66261.8,7868.16,7728,66724.6,13593.6,14.76,6.39207
13597.4,12989,68605.9,7672.32,7305,68831.4,25917.8,-22.96,6.39734
8687.36,9096,62591.8,5451.84,5272,67771.6,6050.16,56.58,6.3984
9015.68,8861,66680,5514.48,5389,67062,19360.8,9.84,6.40579
9478.4,9517,65270.2,3936.24,3929,65656.8,11119,50.02,6.40684
10537,10093,68418.7,4929.12,4825,66950.2,11056.3,7.38,6.40895
23466.2,19137,80361.8,12890.9,10757,78536.5,38814.5,29.52,6.41001
13152,12837,67144.2,4771.44,4693,66631.4,41248.8,6.56,6.41212
11866.9,11653,66738.9,5229.36,5349,64070.2,10573.2,86.92,6.41317
11520.6,11624,64953.3,2471.76,2584,62689.3,19000.1,4.1,6.41529
7050.88,6658,69403.2,2658.24,2662,65443.4,18527.8,18.04,6.41634
11562.2,11108,68216,5446.8,5600,63743.1,6263.28,0,6.41634
13104,12508,68658.8,4623.12,4588,66037.7,9915.12,133.66,6.41845
10778.2,9781,72217.9,7464.24,7077,69122,28363.7,56.58,6.41845
12499.8,11025,74302.9,6945.84,6817,66774.6,32233.7,-43.46,6.42162
9667.84,8984,70524.4,3095.28,3164,64112.6,12467.5,9.02,6.42267
9632,8449,74712.1,5148,4981,67733.3,13770,-16.4,6.42373
16081.9,14575,72311.8,12958.6,12383,68582.1,24204.2,113.98,6.42373
11553.3,10948,69159.3,3540.96,3572,64966.5,9137.52,26.24,6.42584
9718.4,9037,70477.5,4915.44,4889,65890.4,15618.2,15.58,6.42689
9262.08,8669,70019.6,3199.68,3273,64067.9,39477.6,18.04,6.429
12625.3,11809,70066.1,3545.28,3569,65100.4,22074.5,36.08,6.43217
11874.6,11293,68910.9,5294.16,5289,65599.9,15227.3,-23.78,6.43323
7079.68,6618,70107.9,2622.24,2654,64751.7,15048.7,9.84,6.43428
11962.2,11309,69321.5,4878,4941,64700.4,19554.5,61.5,6.43745
30297,17653,112476,14549.8,7809,122107,18571.7,58.22,6.4385
8488.96,5156,107900,244141,152676,104797,6145.2,5372.64,6.43956
35952,29480,79923.7,31930.6,26552,78811.4,27485.3,121.36,6.44061
10917.1,10805,66216,6058.8,6197,64074.5,16949.5,22.14,6.44061
14314.2,13537,69298.8,4988.88,4997,65429.5,7428.96,34.44,6.44167
10083.2,9328,70841.8,7611.12,7472,66756.2,12116.9,-3.28,6.44272
14983.7,14801,66344.9,6736.32,6885,64120.8,5200.56,4.92,6.44378
9743.36,8209,77785.5,11257.9,10229,72128.2,36614.9,84.46,6.44483
8307.84,8428,64601.6,2888.64,3064,61785.2,10679,65.6,6.44589
5734.4,5873,63989.4,2107.44,2229,61962,7333.92,17.22,6.44694
12001.3,12148,64744.5,9251.28,9268,65417.8,13471.9,6.56,6.44694
12563.8,12831,64171.4,5978.16,6171,63488,6498,37.72,6.45011
5597.44,6785,54065.4,3481.92,3669,62194.4,5614.56,-45.1,6.45961
9273.6,9200,66060.3,5349.6,5204,67369.6,24146.6,-31.98,6.46383
9364.48,10088,60835.7,4905.36,5048,63684.2,11201.8,39.36,6.46488
17662.1,16809,68862,14055.1,13193,69818.6,53447,28.7,6.467
17803.5,14958,78003.2,11925.4,9530,82008.4,29231.3,-22.14,6.46911
7896.96,8369,61839.5,6259.68,6101,67240.5,15610.3,10.66,6.47122
10369.9,10921,62229,3886.56,3853,66106.8,14602.3,-128.74,6.47544
5573.12,6366,57373.5,3115.44,3114,65566.3,7609.68,27.06,6.47649
11660.8,11948,63960.7,5790.96,5688,66722.3,12556.8,82,6.47649
6421.76,7033,59840.3,2266.56,2365,62808.2,13070.9,32.8,6.47755
9175.04,8860,67866.3,5662.8,5256,70608.3,11727.4,-31.16,6.47755
14243.2,14436,64660.7,6922.08,6768,67028,35395.2,27.06,6.47755
16654.1,16292,66992.5,9939.6,9728,66961.5,8184.24,5.74,6.47966
13221.8,13058,66357.9,9790.56,9350,68624,17983.4,131.2,6.47966
13786.2,13497,66940.4,10743.8,10281,68486.4,29726.6,-52.48,6.47966
10631,10243,68018.7,8493.84,7319,76055.8,33788.2,4.1,6.48071
18503,15228,79630.6,13268.9,11484,75721.8,6986.88,28.7,6.48071
7598.72,8097,61503,2712.96,2709,65631.8,11556,39.36,6.48177
8478.08,6794,81780.9,156958,127370,80759.9,23731.2,2715.84,6.48494
11933.4,12304,63562.3,4015.44,4144,63502.9,9828,54.12,6.48599
10970.9,10865,66174.6,5343.12,5329,65709.6,5789.52,-32.8,6.48599
16542.1,15921,68092.6,6567.12,6513,66080.6,11599.9,14.76,6.48916
12870.4,11992,70336.4,7277.76,7048,67672.4,11860.6,-27.06,6.49021
11971.2,11933,65745.8,5650.56,5853,63269.3,8541.36,43.46,6.49127
10193.9,10201,65490.5,3506.4,3693,62224.6,15986.9,13.94,6.49127
8456.96,7833,70756.5,3399.12,3421,65116.9,7400.88,5.74,6.49127
10865.3,10288,69213.4,4134.24,4180,64818.6,17637.8,23.78,6.49338
14675.2,13304,72290.6,8852.4,8232,70475.1,21347.3,14.76,6.49443
11784.3,11305,68314.7,6251.76,6285,65189.4,8915.04,78.72,6.49443
10129.9,9788,67825.3,6567.12,6076,70833.2,12024,68.06,6.50288
12441.6,12116,67297.2,5819.76,5620,67865.4,8514,30.34,6.50393
8940.16,8641,67804.9,3746.88,3889,63141,6418.8,-16.4,6.50499
11663.4,11304,67619.4,5004.72,5016,65388.6,9493.92,50.84,6.50815
12810.9,11889,70617.7,5811.84,5649,67425.2,26275,-33.62,6.50815
13467.5,12213,72267.9,9931.68,9281,70130.7,21315.6,23.78,6.50921
14940.2,13801,70945.5,8290.8,8057,67437.8,16571.5,70.52,6.51026
12222.1,11561,69283.5,6162.48,5929,68116.8,9898.56,59.86,6.5166
37911.7,26981,92086.3,182472,142289,84043.9,62458.6,6594.44,6.51976
9878.4,9356,69195.3,5109.84,4856,68961.8,10379.5,-10.66,6.51976
13447.7,12759,69073.4,4850.64,4855,65477.1,13076.6,36.08,6.52187
13926.4,13091,69718.2,5603.04,5299,69296.2,7268.4,-17.22,6.52609
13699.8,13232,67853.1,7565.76,7360,67368.2,12145,72.16,6.52715
7146.24,7256,64544.6,2880.72,2888,65370.8,16041.6,-60.68,6.52926
9201.92,9040,66709.9,8217.36,7856,68550.5,8341.92,6.56,6.52926
12725.1,12656,65893.9,5335.2,4512,77492.8,16385.8,41,6.52926
10751.4,9745,72303.9,9133.92,8289,72216.3,35373.6,16.4,6.53137
11875.2,11817,65858.8,5411.52,5145,68930.9,19177.2,21.32,6.53454
4397.44,5028,57317.1,2576.88,2708,62362.8,9112.32,40.18,6.53559
11065.6,11516,62972.8,5592.24,5692,64387.4,8424,32.8,6.53665
6103.68,6592,60681.2,2465.28,2448,65998.6,7472.16,-35.26,6.5377
11457.3,11937,62902.3,7531.92,6725,73399.5,16678.1,54.12,6.5377
5360.64,5616,62556.1,3330,3284,66454,7567.92,28.7,6.54192
13116.2,11560,74358.2,10131.8,9036,73483.9,37446.5,95.94,6.5472
8724.48,8944,63927.5,6909.12,6516,69489.9,11786.4,50.84,6.55037
6253.44,7068,57983.2,3045.6,3196,62452,18396.7,58.22,6.55142
8014.72,8429,62314.9,4513.68,4429,66789,14562.7,-14.76,6.55142
20870.4,19600,69783.8,5940.72,5476,71097.7,20288.9,4.1,6.55353
8925.44,9193,63628.6,5325.12,4569,76381.5,27209.5,-22.14,6.55459
12971.5,7567,112343,5899.68,3595,107550,18118.1,40.18,6.55459
10849.3,10816,65737.6,5781.6,5668,66849.5,18278.6,39.36,6.55564
10056.3,10297,64004.2,5307.84,5369,64789.5,10741.7,-21.32,6.55564
6305.28,6664,62008.2,2185.92,2268,63164.2,9876.96,24.6,6.55986
9514.88,9179,67934.1,3405.6,3467,64375.4,27331.9,-36.08,6.55986
18517.8,13244,91632.4,74617.9,58076,84202.8,5876.64,879.04,6.56197
13442.6,12760,69041.7,6858,6648,67606.2,42988.3,82,6.56303
5909.12,5736,67514,2033.28,2120,62855.2,6913.44,-30.34,6.56303
11609,10892,69849.9,3661.92,3544,67716.6,8900.64,63.14,6.56303
12676.5,12484,66546.4,4723.2,4880,63430.3,7279.2,-3.28,6.56409
11928.3,11580,67507.3,4425.84,4412,65741.6,15830.6,-20.5,6.5662
6138.24,6068,66294.6,2918.88,2996,63849,15318.7,17.22,6.5662
12373.1,12064,67215.3,5551.92,5536,65724.5,11730.2,-27.88,6.56725
19477.8,18513,68951.3,9256.32,9041,67096.8,24593,27.06,6.56725
9300.48,9308,65483.1,3483.36,3464,65902.3,13039.2,-7.38,6.56831
11792.6,10693,72275.5,8246.16,7649,70652.4,37222.6,54.94,6.56831
11381.1,10227,72931.8,8133.12,7671,69484.1,38393.3,47.56,6.56936
11300.5,10837,68338.9,7189.92,6817,69121.1,24148.1,4.1,6.57253
15112.3,14393,68811.3,7250.4,7033,67561.8,8868.24,-42.64,6.57253
11242.2,10439,70578.7,7558.56,7315,67718.1,16960.3,-9.02,6.57358
10514.6,10652,64690.4,4119.12,4284,63013.7,15746.4,-31.16,6.57358
17844.5,17329,67485.5,7886.16,8113,63703.6,11835.4,-23.78,6.57569
8513.28,8408,66356.6,2278.08,2428,61489.4,21705.8,11.48,6.57675
5815.68,5897,64632.3,1905.12,2009,62147.3,10588.3,77.08,6.57675
11143,10565,69121.7,6731.28,6453,68362.2,17148.2,-5.74,6.5778
13641,13631,65583.9,5836.32,5979,63972.1,9712.8,-21.32,6.57992
26122.9,24158,70866.3,16545.6,15242,71141.1,7518.24,164,6.58097
15462.4,15354,65998.7,4140,4122,65822.2,28815.1,-72.98,6.58097
13002.9,12900,66058.7,4132.8,4164,65045,16722,52.48,6.58203
17856,15092,77538.5,15701,13216,77858.9,7983.36,70.52,6.58414
14417.3,14324,65962.8,9037.44,8596,68901.5,22635.4,34.44,6.58414
11047,10871,66597.3,4693.68,4595,66943.4,8123.76,-5.74,6.58519
37818.9,31685,78223.1,22194,18417,78976.3,62181.4,180.4,6.58519
4887.04,5301,60418.2,3055.68,3077,65081.9,14798.9,-2.46,6.58625
14099.8,14395,64192.2,5778,5835,64895.8,4878.72,30.34,6.5873
36953,28448,85129,27673.9,22960,78991.2,10020.2,232.88,6.5873
11899.5,11989,65046.9,8287.92,8021,67716.9,16668.7,-10.66,6.59047
11255.7,11756,62746.9,4401.36,4412,65378,14430.2,-18.86,6.59258
13329.3,13569,64378.2,7444.8,7109,68631.7,25434,41.82,6.59363
9182.08,9514,63249.6,5652,5598,66168.2,13621,-58.22,6.59574
14360.3,14264,65978.5,7990.56,7848,66726.5,11035.4,18.04,6.5968
10746.9,11097,63468.3,5495.04,5597,64342.1,25494.5,-14.76,6.59891
16606.1,14929,72898.1,11203.9,10197,72007.5,24005.5,52.48,6.59997
10504.3,10871,63325.5,4462.56,4407,66362.2,9619.92,-11.48,6.59997
8033.28,8328,63216.7,5235.12,4972,69004.2,21819.6,205,6.60208
10465.3,10676,64242.5,5664.24,5616,66098.9,6280.56,-27.88,6.60208
9772.8,9688,66109.6,5652,5288,70047.2,18311,4.92,6.60313
9645.44,9964,63440.7,4427.28,4504,64419.7,8142.48,4.1,6.60313
12042.2,12180,64794.8,6988.32,7200,63609.2,8372.16,-6.56,6.60735
23214.1,20385,74631.3,19943.3,18001,72607.3,35281.4,181.22,6.61157
7047.04,6588,70102.4,2744.64,2728,65935.8,22685,59.86,6.61157
13521.9,12815,69151.2,4602.96,4671,64581.4,6090.48,48.38,6.61369
8167.68,7047,75958.1,53043.8,45927,75691.5,14692.3,2031.14,6.61896
66958.1,40028,109627,58010.4,37740,100736,119063,215.66,6.61896
10041.6,9205,71492.3,6557.04,6337,67811.6,21931.2,-4.92,6.62107
15618.6,14641,69911.8,8176.32,7829,68443.4,5445.36,49.2,6.62424
10718.1,9760,71969.3,6197.76,6256,64925.9,10534.3,50.02,6.62529
15282.6,14993,66801.7,5104.8,5189,64472.6,20806.6,10.66,6.62846
13280,12792,68036.1,8422.56,8360,66026.4,13357.4,4.1,6.62952
13862.4,13359,68005.6,7144.56,7199,65040.4,9339.12,105.78,6.63057
12611.8,12499,66127.6,5181.12,5319,63837.2,12512.2,-47.56,6.63163
11946.9,11965,65436.8,5047.2,5117,64642,5001.84,-60.68,6.63163
8944.64,8605,68122.7,3773.52,3705,66748,17829.4,22.14,6.63268
13770.9,12753,70766.8,9619.92,8977,70229.6,17626.3,6.56,6.63479
15273.6,14716,68019.2,9788.4,9576,66989.6,29048.4,36.9,6.63479
13148.8,7356,117145,3806.64,2556,97602.5,9370.08,52.48,6.63796
10307.8,9883,68353.2,6109.2,5999,66739.9,9306,-18.86,6.63796
11937.3,11185,69943.8,6914.88,6389,70930.3,10411.2,89.38,6.64218
9461.12,9149,67771.8,5497.2,5257,68530.4,13111.2,-22.96,6.64218
8313.6,7940,68619.7,2745.36,2756,65283,15283.4,-26.24,6.64534
15535.4,13971,72874.2,11740.3,10771,71433.8,25837.2,120.54,6.64851
10330.9,9509,71200.4,8562.96,8245,68063.3,27236.9,34.44,6.64957
10230.4,9760,68694.6,3713.04,3728,65273,13273.9,-4.92,6.64957
10433.3,10192,67087.5,3832.56,4004,62729.9,14371.9,-41,6.65062
8789.76,8508,67706.4,2622.24,2680,64123.6,34305.1,59.04,6.65273
11109.1,10480,69470.2,8845.92,8688,66727.2,7036.56,31.98,6.65801
12680.3,11772,70592.7,6222.96,6120,66638.6,6628.32,134.48,6.65801
16671.4,15520,70397.8,6624.72,6452,67290.4,13042.8,31.16,6.65906
22060.2,16773,86194.2,18522.7,15077,80513.7,18311.8,95.12,6.66012
5889.28,5812,66407.4,2275.2,2292,65055.6,10180.8,13.94,6.66012
23376,13625,112438,10116.7,6717,98706.2,12817.4,90.2,6.66329
11825.9,11396,68008.4,4406.4,4372,66051.7,11545.2,3.28,6.66645
9089.92,8636,68980.7,3378.24,3404,65040.1,11805.1,4.1,6.66751
13168.6,13048,66141.9,5145.12,5276,63910.3,6033.6,-45.1,6.66856
16357.1,13664,78452.9,11507,10276,73387.1,15919.9,72.16,6.66962
15378.6,14592,69068.6,6057.36,5956,66651.3,11506.3,-46.74,6.66962
16134.4,11734,90112.8,11185.9,9062,80896.1,13407.1,139.4,6.67067
10512,10084,68317.6,8184.24,7588,70685.6,13354.6,48.38,6.67278
10922.2,10893,65711.9,5284.8,5213,66438.6,6346.8,72.16,6.67489
10644.5,10620,65687.1,3974.4,4088,63714.8,9750.96,38.54,6.67595
20748.2,17857,76146.7,14683,13253,72607.1,27643.7,68.88,6.67595
24793,18482,87914.3,26573,20914,83269.1,26240.4,145.14,6.67595
11018.2,10836,66638.2,4448.88,4512,64619.2,12652.6,-41.82,6.67595
14265.6,13869,67410.1,7817.04,7881,65004.1,30856.3,8.2,6.67595
12965.1,13029,65214.7,5074.56,5253,63309.8,33312.2,18.86,6.67912
9301.12,9104,66955,3965.04,3924,66221.4,18909.4,13.94,6.68123
7402.88,7464,64999.3,3140.64,3176,64806.4,7200,-15.58,6.68334
9791.36,9756,65773.5,6174,6056,66813,9965.52,100.04,6.68334
11599.4,11545,65844.6,5960.16,5817,67148.9,6303.6,45.92,6.68967
12862.7,13433,62753.8,3155.04,3289,62866.7,18594,-1.64,6.68967
5834.88,6455,59240.1,2794.32,2915,62822.8,6284.88,33.62,6.68967
11230.1,11496,64020.1,5437.44,5368,66383.8,13284,68.88,6.68967
12124.2,12041,65988.6,6148.08,5949,67729.1,32364,-18.86,6.69178
24152.3,23673,66862.9,11933.3,11517,67904.8,33097,-18.86,6.69494
6899.84,7344,61572.4,4996.08,4272,76644,16012.1,107.42,6.69494
5472.64,5964,60136.6,2409.12,2536,62257.1,12051.4,-68.06,6.69705
14585.6,14452,66141.8,9044.64,9028,65656.8,21219.8,87.74,6.69705
14437.8,14819,63850,9322.56,9331,65476.7,10541.5,92.66,6.69811
14872.3,15001,64973.8,7907.76,7897,65625.3,30508.6,77.08,6.70022
16433.3,16304,66055.7,11173.7,11060,66209.6,8111.52,27.06,6.70022
14658.6,14777,65010.7,6508.08,6489,65728.7,10237,91.02,6.70233
4856.96,5691,55931.4,3546.72,3647,63734,32302.1,-0.82,6.70339
7222.4,7064,67005.6,8325.36,7388,73850.9,32424.5,77.08,6.70761
4585.6,5256,57176.9,1844.64,1980,61055.7,6613.2,-17.22,6.71288
12959.4,13230,64195.4,6482.88,6442,65951.9,31464,-9.02,6.71394
11410.6,10936,68379.9,6680.88,6504,67318.3,17496,113.16,6.715
10175.4,10153,65680.3,4823.28,4921,64234.6,30672,22.96,6.715
13699.2,13668,65685.6,4561.92,4596,65050,10096.6,29.52,6.71922
5271.04,5583,61874.1,2339.28,2447,62651,19094.4,6.56,6.71922
8503.68,8364,66630.5,4302.72,4280,65883.9,13957.9,-43.46,6.72027
9047.04,8820,67223,3849.12,3748,67304.1,32900.4,35.26,6.72133
14581.8,14632,65311,6708.96,6732,65311.7,12656.2,39.36,6.72133
9110.4,8008,74557.8,8146.8,7644,69846.8,15439,53.3,6.72238
22328.3,19941,73381.9,17048.9,16101,69394.2,26579.5,133.66,6.72449
12038.4,11641,67773.3,8158.32,7885,67807.7,20538,-47.56,6.7266
14257.3,14409,64845.9,7963.92,7689,67879.2,20987.3,71.34,6.73294
11660.2,11208,68179.9,10132.6,9560,69461,10000.8,72.98,6.73294
11655.7,10845,70434.9,10077.1,9193,71838.8,41150.9,8.2,6.7361
11770.9,11488,67149.8,10136.9,9280,71587.4,18620.6,54.94,6.73821
12148.5,11861,67124.4,5574.24,5361,68142.8,13137.1,91.84,6.74349
6984.96,7044,64986.7,4950.72,5028,64528.7,8742.96,39.36,6.74454
10692.5,10216,68592.6,7909.92,7612,68101,11277.4,57.4,6.7456
5065.6,5445,60969.5,2162.16,2209,64146.4,9771.84,45.92,6.74982
13486.1,13339,66258.6,9118.8,8943,66824.3,9434.16,-82.82,6.75404
8047.36,8428,62576.1,3306.24,3464,62551.3,23460.5,86.1,6.7551
15630.7,15292,66987.6,9918.72,10028,64821.8,16144.6,42.64,6.75721
11625,11777,64689.9,6762.96,6881,64411.8,25693.9,64.78,6.75932
22650.9,20028,74118.6,16830.7,15420,71531.7,25441.2,3.28,6.76565
10414.7,9645,70766.1,6163.2,5789,69772.2,21875.8,60.68,6.76671
8682.88,8781,64803.7,3542.4,3641,63761.3,7819.2,-10.66,6.76671
11950.1,12228,64046.5,5912.64,6180,62700.8,28506.2,-42.64,6.76987
7295.36,7516,63612.1,2506.32,2604,63077.6,28087.2,14.76,6.76987
11093.1,11133,65301.2,5307.84,5357,64934.6,34108.6,-22.96,6.77093
11136.6,9209,79254.1,9408.24,8637,71388,30060,53.3,6.77198
5888,6037,63918.5,2556.72,2645,63348.7,16800.5,-65.6,6.77198
9566.72,9605,65274.8,6217.92,4101,99365.4,7000.56,202.54,6.77409
11075.2,10970,66164.5,5333.04,5450,64129.6,7613.28,50.02,6.7762
12329.6,11732,68874.2,7110,6772,68807,21115.4,31.98,6.77831
5215.36,5437,62864.4,2703.6,2861,61930.5,8968.32,-18.04,6.77831
26089.6,19620,87146.2,28161.4,21620,85364.6,35550,126.28,6.77937
10340.5,10585,64022.1,6939.36,6797,66908.6,13970.9,63.14,6.78043
11524.5,11490,65732.7,5694.48,5814,64188.8,7558.56,33.62,6.78148
8632.32,8484,66681.7,3588.48,3684,63836.8,12504.2,5.74,6.78254
13674.9,12856,69710.4,11288.2,10504,70428.5,13697.3,26.24,6.78254
8022.4,7977,65909,2775.6,2857,63668.8,6421.68,27.06,6.78254
9839.36,8625,74763.2,65110.3,58725,72661.9,31273.9,4278.76,6.78465
7083.52,6788,68389.2,2361.6,2432,63638.9,11818.1,35.26,6.78992
10384.6,10317,65965.7,5661.36,5833,63607.6,28885,-11.48,6.78992
15340.8,14691,68434.7,5726.88,5863,64014.5,30372.5,-52.48,6.79203
17160.3,15959,70469.3,16254.7,14915,71422.7,11409.1,181.22,6.7952
11413.8,10760,69517.9,6813.36,5564,80251.7,5713.92,-5.74,6.79731
10374.4,9567,71066.9,8195.76,8159,65831.3,29530.8,57.4,6.79837
7504.64,7327,67124.9,2334.96,2495,61332.2,7892.64,40.18,6.79837
8795.52,8495,67854.4,3296.88,3375,64019.1,16056.7,15.58,6.79942
13191.7,12225,70718.2,6498,6437,66157.1,6969.6,38.54,6.80153
10923.5,9933,72071.3,9771.84,9773,65528.2,18373,80.36,6.80153
15868.2,15900,65404.8,6142.32,6460,62313.2,11580.5,34.44,6.80259
13004.2,12093,70473.9,9230.4,8921,67808.9,24793.9,-16.4,6.80364
14284.2,13946,67125.1,6196.32,6350,63949.9,11758.3,33.62,6.8047
8787.2,8300,69382.9,4318.56,4024,70333.3,38825.3,36.08,6.80786
16883.8,16022,69061.3,11782.1,10486,73636.3,24621.1,-12.3,6.80892
10471.7,10772,63708.9,4392.72,4512,63803.5,7079.04,80.36,6.80892
13341.4,13101,66738.8,7542.72,7273,67966.4,19174.3,14.76,6.80997
12435.8,12373,65868.9,5070.24,5217,63692.4,13450.3,-31.98,6.81103
16435.2,15733,68461,8181.36,8033,66746.4,40939.9,60.68,6.81525
14703.4,13716,70253.7,6905.52,6688,67667.5,11451.6,102.5,6.81525
8590.72,8520,66080,3260.88,3468,61622,11930.4,-32.8,6.82053
14463.4,13501,70207.4,9115.2,8685,68782.2,36045.4,-21.32,6.82053
9105.28,8024,74367.4,7597.44,7000,71129.4,31371.1,76.26,6.82475
10295.7,9438,71491.6,6578.64,6314,68282.8,44127.4,-5.74,6.8258
11042.6,9602,75368.2,14378.4,12565,74994.3,30094.6,125.46,6.82791
6918.4,7617,59525.3,2694.24,2725,64796.2,13360.3,19.68,6.83003
11994.2,11276,69710.4,10715,9832,71422,19179.4,15.58,6.83214
8146.56,8380,63710.4,4019.04,4028,65390.2,8241.84,-50.02,6.83214
10615,10861,64051.9,4551.12,4573,65222.4,12968.6,-43.46,6.83319
7017.6,7405,62107.4,2651.04,2697,64419.2,6417.36,55.76,6.8353
8879.36,9201,63245,3128.4,3329,61586.9,13132.8,-8.2,6.8353
9168.64,9213,65220.4,4224.24,4301,64366.4,14187.6,-18.04,6.83741
6716.8,7261,60624.2,2280.96,2413,61949.9,10140.5,-33.62,6.83741
34409,20861,108098,20270.9,12185,109025,109142,15.58,6.83847
6606.72,7056,61363.1,2851.92,3012,62052.9,9720,-24.6,6.83952
15054.1,14694,67142,8534.16,7654,73072.2,6691.68,109.88,6.84163
8314.24,8137,66963.5,2768.4,2809,64588.8,12595,-23.78,6.84163
15711.4,15396,66878.4,5463.36,5508,65004.9,13963,27.88,6.84269
14691.8,14501,66398.5,12836.2,12581,66865.2,32410.8,-31.98,6.8448
11743.4,10986,70054,8902.8,8302,70278.7,27075.6,26.24,6.84586
6519.04,6624,64497.6,3088.8,3200,63258.6,8120.88,14.76,6.84902
15151.4,14927,66521,6312.24,6507,63574.5,6112.08,14.76,6.85219
17177,16641,67646.7,5563.44,5525,65992,7188.48,-27.06,6.85324
7858.56,7825,65817.1,3659.04,3733,64237.6,8274.24,168.92,6.85641
8281.6,8357,64944.7,3535.92,3669,63158.9,17869,-35.26,6.85641
13420.8,13455,65369.4,4322.16,4463,63467.9,14231.5,17.22,6.85746
11493.8,11565,65132.3,7480.8,7465,65674.7,10359.4,51.66,6.85746
13828.5,12084,74997,10945.4,9840,72898.4,15935,-63.96,6.85957
9594.24,9548,65853.4,6731.28,6748,65373.6,8035.92,-10.66,6.86169
8244.48,7949,67972.1,4867.2,4617,69087.5,8097.84,-58.22,6.86274
13575,13640,65223.9,4834.08,5100,62118.9,5411.52,32.8,6.86274
8886.4,8676,67125.3,2645.28,2724,63642.1,4883.04,14.76,6.86274
19175,18044,69643.9,12523,11544,71093.6,19226.2,88.56,6.86485
10873.6,11132,64014.8,5119.92,5324,63023.9,13397.8,35.26,6.86696
13107.8,12789,67169.9,5276.16,5345,64691.9,19259.3,4.1,6.87118
16382.1,16020,67017.2,7755.12,7568,67156.4,36636.5,6.56,6.87224
8850.56,8748,66304.3,4367.52,4408,64934.2,22304.2,7.38,6.87224
5760,5933,63625,2680.56,2713,64752.4,6943.68,5.74,6.87435
13204.5,13317,64982.3,6167.52,6241,64764.4,16331,37.72,6.87646
11605.1,11625,65423.9,4826.16,4841,65335.1,6342.48,-84.46,6.87646
11602.6,11109,68447.7,5680.08,5461,68165.1,22024.1,51.66,6.87751
8418.56,8153,67670.6,5893.92,5721,67516.9,18702.7,3.28,6.87857
12785.9,12821,65356.7,7666.56,7557,66486.1,22146.5,55.76,6.88068
6143.36,6413,62780.5,2466.72,2505,64534.5,6710.4,-66.42,6.88174
11042.6,10646,67977.2,8416.8,7954,69349.2,12188.9,18.04,6.88279
8473.6,8932,62172.6,3634.56,3824,62289.4,6214.32,-43.46,6.88385
7312,6301,76051.3,7025.04,6537,70428.8,21080.9,-34.44,6.88807
11409.3,10604,70512.9,7044.48,6732,68578,19452.2,31.98,6.89018
12336,12049,67097,5743.44,5733,65655.4,11946.2,3.28,6.89123
12221.4,11597,69064.8,5212.08,5177,65980.1,28204.6,-44.28,6.89334
12729,12661,65887.8,6186.96,5813,69752,14519.5,13.94,6.8944
8888.96,8760,66500.8,3799.44,3992,62374.8,7613.28,-36.08,6.89546
12899.2,12007,70405.8,5199.84,5123,66519,9258.48,39.36,6.89862
6104.96,5969,67028.8,2516.4,2513,65624.7,8295.12,27.88,6.89862
12016,11024,71433.3,5761.44,5504,68601.3,14741.3,-13.94,6.89968
11891.2,10616,73408.2,8545.68,8092,69210.3,9540.72,31.16,6.90706
13241.6,12020,72196.5,7583.76,7312,67971.7,9076.32,28.7,6.90812
14665,14008,68609.6,7287.84,7164,66668.9,13379.8,-0.82,6.90917
11921.9,10457,74716.9,10013.8,9097,72140.5,8827.92,100.04,6.91234
19137.3,16129,77759.4,12061.4,10657,74172.7,75440.9,77.9,6.9134
14101.1,13273,69624.9,9851.04,8253,78225.8,38581.9,74.62,6.91551
13091.8,13020,65897.6,4940.64,5128,63141.5,10623.6,14.76,6.91973
6100.48,5973,66934.7,1772.64,1797,64647.6,17012.2,-16.4,6.92184
11682.6,11143,68709.3,6222.96,6007,67892.1,11439.4,-30.34,6.92184
12574.1,10291,80075.3,8588.16,7843,71762.5,30942,5.74,6.92184
14311.7,13693,68497.1,5530.32,5453,66465.3,25373.5,57.4,6.92606
13418.9,11697,75183.4,9240.48,8337,72638.1,30222,111.52,6.92606
16384.6,14344,74859.4,13700.9,12728,70545.3,44473.7,98.4,6.92923
6852.48,7028,63899.3,3490.56,2692,84976.7,15770.2,-55.76,6.93134
10912,10805,66185,4495.68,4389,67128.9,17134.6,-72.98,6.93556
5664.64,5642,65799,3071.52,3262,61709.1,8543.52,-35.26,6.93661
6222.08,5960,68417.8,2996.64,3032,64771.7,20993,19.68,6.93661
8943.36,8717,67237.8,6025.68,5853,67469.5,8823.6,-26.24,6.93767
11374.1,10969,67956.2,7444.8,7213,67642.1,18189.4,69.7,6.94189
10412.8,10241,66635.4,5783.04,5701,66479.1,23468.4,10.66,6.944
34262.4,25159,89249.2,32207.8,25907,81474.8,11319.1,269.78,6.94717
12325.8,12132,66582.7,5616.72,5584,65920,22326.5,50.84,6.94928
10338.6,9621,70423.8,9064.8,8725,68088.3,16609,-34.44,6.94928
13955.8,13860,65989.2,5637.6,5808,63613.3,5242.32,-12.3,6.94928
9795.2,9368,68524.6,5137.2,5128,65653.6,14539,91.02,6.95244
10101.8,10188,64981.2,4404.96,4472,64553.5,8573.04,-15.58,6.95983
9052.16,8693,68243.7,3962.88,3921,66236,17287.9,83.64,6.963
20878.7,19816,69050.7,12678.5,12380,67116.1,12237.8,97.58,6.97249
18252.8,17040,70200.4,8431.2,7952,69485.3,19824.5,-4.92,6.97671
6346.24,6381,65179,2476.08,2601,62388.5,25830,72.16,6.97777
5893.76,5636,68533.3,5541.84,5376,67557.7,14243.8,54.12,6.97777
9916.8,9692,67056.1,3314.88,3356,64733,17654.4,-37.72,6.97883
14426.9,14028,67399.5,5312.88,5320,65448.3,19250.6,29.52,6.98094
12124.2,11361,69938.3,7616.88,6965,71669.8,14618.9,-78.72,6.98305
5356.16,5297,66267.9,2403.36,2453,64209.8,13614.5,49.2,6.98305
12734.1,12204,68382.5,4675.68,4600,66614.2,11904.5,104.96,6.9841
12954.9,12248,69318.3,4762.08,4744,65785.8,8421.12,40.18,6.99043
10924.2,10829,66111.9,3515.04,3677,62649.4,7428.96,21.32,6.99149
11650.6,10661,71619.1,8143.2,7809,68340.7,8387.28,97.58,6.99149
5948.8,5856,66574.5,2676.96,2804,62566.8,14307.8,-7.38,6.99149
15571.8,15101,67579.4,6708.24,6685,65763.8,8848.08,99.22,6.99466
20283.5,18145,73259.9,16427.5,15201,70823.9,48730.3,154.98,6.99571
9492.48,9329,66684.4,4929.12,4901,65912,11101,-51.66,7.0031
11703,11530,66519.6,6352.56,6254,66568.8,15068.9,-13.12,7.00415
9815.68,9692,66372.3,5158.08,4216,80180.3,14813.3,-34.44,7.00415
6686.08,6886,63633.3,2613.6,2674,64055.7,9331.92,12.3,7.00521
10224,10296,65077.7,2465.28,2568,62914.6,11648.2,21.32,7.00626
13074.6,11645,73581.3,10357.9,9609,70643.8,27680.4,36.9,7.00837
19079,18420,67880.8,11841.1,11792,65809,15122.2,107.42,7.00943
8462.08,8425,65824.4,3332.16,3465,63023.5,23937.8,7.38,7.00943
12155.5,11901,66937.6,4307.76,4201,67201.5,7816.32,0,7.0126
13741.4,13789,65310,7096.32,7017,66276.8,24347.5,109.06,7.0126
11104.6,11453,63542.6,6148.8,6221,64775.4,10993,-4.1,7.0126
5296.64,5489,63239.3,2450.16,2485,64617.2,8491.68,-44.28,7.01365
18405.1,14852,81214.5,12992.4,11412,74611.8,17517.6,56.58,7.01365
16977.9,15524,71673.9,14297,13188,71047.2,34920.7,87.74,7.01471
9667.84,9640,65725.3,6312.24,6152,67243,8626.32,24.6,7.01787
15072,14188,69619.3,10063.4,9692,68047.6,24293.5,54.94,7.01893
11698.6,11861,64638.5,5821.2,6021,63361.3,6387.12,-4.92,7.01998
8814.72,7708,74945.7,7503.84,7192,68377.6,13707.4,-7.38,7.02526
6443.52,6144,68730.9,1806.48,1664,71147.5,5352.48,24.6,7.02737
9994.88,8917,73457.9,11201.8,10801,67967.6,16842.2,30.34,7.02843
16177.3,15274,69411.7,7277.76,7258,65714.4,6294.24,50.02,7.03054
16913.9,15638,70883.1,16632,15681,69510.5,33163.2,80.36,7.0337
11129.6,10596,68836.3,3607.2,3700,63892.3,24802.6,-28.7,7.03476
16692.5,15553,70337.5,12013.2,11633,67677.9,23137.2,-4.1,7.03476
13683.2,13272,67566.5,6454.08,6760,62570.2,17780.4,9.02,7.03476
8733.44,7905,72404.1,4944.24,4865,66603.4,7281.36,13.94,7.03476
13578.2,12967,68625.2,7287.12,7107,67196.9,22961.5,72.16,7.03687
6599.04,6536,66168.1,3385.44,3436,64571.7,5111.28,-11.48,7.04214
15386.9,14204,70993.7,7756.56,7240,70211.9,27664.6,38.54,7.0432
11623.7,11444,66565,3975.12,4068,64039.7,6658.56,28.7,7.0432
11017.6,10912,66170.2,4299.12,4372,64443.5,5446.08,-18.86,7.04848
7170.56,7033,66817.8,2404.8,2445,64458.5,6284.16,-5.74,7.0527
12243.2,11761,68223,3997.44,3969,66005.6,18177.1,5.74,7.0527
18314.2,18107,66286.1,6724.8,6799,64820.8,19737.4,-9.02,7.05481
9104,9656,61789.5,4188.96,4248,64625.2,22592.2,112.34,7.05586
5079.68,5664,58775.1,2413.44,2516,62864.6,5027.04,-21.32,7.05692
13913,14724,61926.1,6559.92,6804,63185,6086.16,-13.94,7.06114
9493.76,10056,61871.8,7261.2,6828,69693.9,8514,8.2,7.06114
11419.5,12116,61768.7,7956.72,3264,159758,6533.28,169.74,7.06325
10173.4,10502,63485.7,7472.88,6790,72127.1,13865.8,37.72,7.06325
18855,15253,81012.5,22000.3,17893,80579.7,39836.9,420.66,7.06642
7783.68,8777,58119.1,5328.72,5341,65385.3,10536.5,-31.16,7.06853
5267.2,6461,53426.9,2949.12,2873,67272.4,7677.36,0.82,7.06853
14209.9,14688,63402.9,7525.44,7428,66395.7,21902.4,70.52,7.07169
14089,13947,66203.1,8683.2,8152,69806.5,50846.4,119.72,7.07275
16759,14685,74792,13442.4,11993,73456.3,16439.8,15.58,7.07486
19905.9,19680,66288.3,9465.84,8912,69608.8,22165.2,36.08,7.07591
9365.76,10413,58945,5616,5657,65061,14626.1,-6.56,7.07803
4564.48,5449,54897.7,2406.24,2441,64602.8,6976.8,43.46,7.07908
7022.72,7825,58816.7,3232.8,3249,65209.2,8450.64,61.5,7.0833
8962.56,9301,63151.3,6415.92,6149,68380.8,9247.68,28.7,7.09069
11465.6,12128,61956.6,5078.88,5236,63569.4,5278.32,70.52,7.09386
14060.2,12552,73410.3,13047.8,11916,71760.9,17568.7,99.22,7.09702
25312,18877,87876.6,23351,19801,77285.7,70933.7,146.78,7.10124
6861.44,7421,60594.4,2818.08,2893,63838.8,8609.76,69.7,7.10124
10972.2,11031,65186.4,4908.96,4775,67374.6,10468.8,21.32,7.10335
14819.2,13524,71812.4,10140.5,9568,69457.2,73298.9,-56.58,7.10441
11079,11192,64874.6,4818.24,4924,64128.4,8341.2,-55.76,7.10546
8932.48,8913,65679.2,3889.44,3877,65746.3,27974.9,11.48,7.10757
9974.4,9820,66566.4,5191.2,5352,63567,10774.8,32.8,7.10969
5979.52,5661,69223.4,6652.08,6025,72357,6073.92,470.68,7.10969
7065.6,6760,68498.7,2582.64,2588,65400.3,26642.2,-50.02,7.10969
14126.1,12454,74334.9,8654.4,8082,70177.5,20346.5,109.06,7.1118
12156.8,11599,68687.6,4636.08,4651,65325.8,5865.84,27.06,7.11285
16023.7,14589,71980.8,6562.8,6489,66281.4,18869,177.12,7.11496
16428.8,14604,73724.9,5800.32,5676,66971.4,6667.92,82,7.11707
8777.6,7860,73186.9,3049.92,2896,69019.2,10795,-15.58,7.11813
12807.7,12002,69935.4,5137.2,5270,63884.5,46712.2,52.48,7.12129
13686.4,11479,78138.5,9523.44,8999,69355.3,46355,30.34,7.12129
8364.8,7436,73721.8,3037.68,3080,64635.5,30389.8,-31.16,7.12235
13604.5,12332,72298.3,6506.64,6444,66173.1,8047.44,18.04,7.12235
14970.9,13699,71620.7,7021.44,7155,64312.7,9954.72,-26.24,7.12446
33689,20473,107842,18908.6,14041,88255.6,48005.3,41.82,7.12446
12918.4,10712,79034.7,7564.32,7132,69508.6,25068.2,-19.68,7.12446
15056,13699,72027.9,5946.48,5959,65398.3,13893.1,-16.4,7.12446
11997.4,10652,73813.8,7131.6,6828,68450,22439.5,81.18,7.12551
15771.5,14472,71420.8,7889.76,7724,66942.4,11656.8,56.58,7.12763
13369.6,12161,72049.2,7370.64,7073,68293.8,12398.4,77.08,7.13185
14657.3,13709,70069.3,4036.32,4157,63633.5,22630.3,-32.8,7.13185
16095.4,13825,76298.4,12490.6,11745,69696.2,19972.8,27.06,7.13396
11235.2,11268,65345.2,3350.16,3460,63455.5,19386,17.22,7.13923
8902.4,9236,63168.9,2954.88,3024,64038,7022.88,-2.46,7.14029
19619.8,18960,67816.8,12072.2,11440,69157.9,32589.4,74.62,7.14557
7298.56,7568,63202.8,2910.96,2932,65065.7,6843.6,21.32,7.14873
15586.6,15113,67589.5,11040.5,10297,70267.9,8836.56,-10.66,7.14979
13854.1,14404,63033.9,5842.8,6068,63103.8,7397.28,12.3,7.14979
9742.72,9769,65359.7,4435.2,4457,65215.5,28114.6,42.64,7.15084
18207.4,16764,71178.6,10769.8,9816,71903.7,69296.4,77.08,7.15084
15027.8,15191,64832.1,8421.84,8355,66060.3,7217.28,4.92,7.1519
12871.7,13576,62136,5342.4,5468,64030.6,13948.6,0,7.15401
5540.48,6241,58179.9,1558.08,1617,63148,8830.08,-100.86,7.15612
17017,16788,66429.8,11833.9,11456,67698,15752.2,5.74,7.15612
16315.5,16199,66007.4,8389.44,8295,66282.1,26847.4,-13.94,7.15612
11286.4,10705,69095.3,8033.76,7477,70416,31123.4,36.9,7.15717
14176.6,14041,66169.1,6747.84,6649,66510.2,7738.56,39.36,7.15823
11424,11749,63723.1,4073.04,4245,62881.2,10674,-22.14,7.15929
10062.7,9803,67272.3,9380.88,8399,73197.5,11348.6,91.84,7.16034
8852.48,8701,66676.9,7421.76,7261,66987,8475.84,25.42,7.1614
13584,13292,66975.7,9485.28,9180,67715.4,22415,33.62,7.1614
7573.76,7797,63659.6,3200.4,3237,64795,10055.5,128.74,7.16351
13925.1,13508,67559.7,12092.4,11284,70231.1,14336.6,22.96,7.16351
18945.9,18668,66511.7,7838.64,7868,65291.4,36891.4,50.02,7.16351
11292.2,11077,66809,3770.64,3717,66481.8,13657.7,-10.66,7.16456
4753.92,5017,62099.4,2651.04,2633,65985,9635.76,-51.66,7.17089
11466.9,11297,66521.5,6035.76,5937,66626.2,5080.32,59.04,7.173
12357.8,11896,68079.9,6793.2,6344,70176.4,29859.1,97.58,7.17406
10193.9,9955,67108.9,6370.56,6183,67524,19689.8,25.42,7.17512
12912,12924,65475.1,4368.24,4300,66576,9405.36,0,7.17723
9649.28,9416,67159.6,4289.04,4300,65369,13651.2,-33.62,7.17723
10148.5,9717,68446.1,6305.76,6069,68092.7,7498.8,-60.68,7.18039
14019.8,14098,65172.7,4281.84,4166,67358.3,15341,-0.82,7.18567
13989.1,13285,69009.5,10085.8,9585,68959.9,23773,59.86,7.18672
13761.9,13001,69371.7,10395.4,9513,71614.7,40822.6,91.84,7.18883
6212.48,6739,60415.7,2530.08,2659,62358.5,21382.6,-50.84,7.18989
10033.3,10344,63567.4,4332.96,4364,65069.9,7486.56,54.94,7.19094
12725.8,11984,69592.4,6909.12,6436,70353.7,43186.3,96.76,7.192
14655.4,14265,67329.4,8001.36,7533,69610.7,11212.6,49.2,7.19306
6809.6,7052,63283.3,3393.36,3432,64798.2,5451.12,122.18,7.19517
13541.1,12788,69395.6,12572.6,11808,69779.9,19456.6,-4.92,7.19622
9431.68,9585,64487.7,4693.68,4609,66740.1,15185.5,4.1,7.19833
7354.88,7641,63082,7843.68,7693,66819.6,6751.44,32.8,7.20044
11575.7,11857,63981.1,4842,4821,65821.5,11707.9,115.62,7.20361
10933.8,11409,62806.1,5687.28,5893,63248.2,8038.08,-2.46,7.20361
13355.5,12753,68632.3,11923.9,11349,68855.9,19919.5,18.04,7.20572
9092.48,9016,66091.9,6330.24,5996,69189.2,9015.84,-3.28,7.20572
10513.9,11121,61958.5,3220.56,3333,63325.1,8538.48,6.56,7.20677
12530.6,12084,67957.9,12648.2,11904,69633.3,13546.1,106.6,7.20783
15837.4,13732,75584.2,13193.3,11440,75580,11167.2,71.34,7.21205
12796.2,12829,65368.2,6440.4,6253,67500.1,20692.1,78.72,7.21522
7841.92,7809,65812.3,2579.04,2593,65183.2,8537.04,-57.4,7.21522
9939.2,10009,65079,4033.44,4105,64393.6,6691.68,33.62,7.21522
11707.5,11321,67773.5,7040.16,6889,66974,13392,82,7.21522
10415.4,10531,64816.3,6619.68,6359,68222.6,14121.4,54.12,7.21733
7702.4,8037,62807.6,3094.56,3093,65569.1,27038.2,18.04,7.21838
8651.52,9010,62928.5,3499.92,3686,62227.6,19766.2,31.98,7.21944
16018.6,16140,65042.9,7226.64,7340,64523.9,9761.76,67.24,7.21944
12716.8,12500,66672.7,6492.96,6368,66822,15726.2,-18.86,7.22049
9783.04,9833,65203,4622.4,4265,71027.8,19637.3,-53.3,7.22155
9324.8,9584,63763.6,3534.48,3424,67650.6,11736.7,42.64,7.2226
10609.9,10987,63286.8,3823.92,3983,62918.5,18071.3,-36.08,7.22894
11717.8,11825,64941.7,4294.8,4369,64423,12870,1.64,7.2321
11627.5,11457,66511.4,5076,5093,65317.2,9871.2,87.74,7.23316
14775.7,15159,63878.8,6105.6,6391,62609.4,12257.3,-9.84,7.23421
6255.36,6165,66496.6,2099.52,2161,63671.5,9494.64,53.3,7.23421
6620.16,7124,60901,2573.28,2708,62275.7,17077.7,50.84,7.23527
16823,16337,67485.8,8233.2,8098,66630.2,11016,115.62,7.23632
14413.4,12189,77496,10962.7,10125,70958.3,11253.6,69.7,7.23843
9032.32,8117,72926.2,8115.12,7617,69821.8,16591,44.28,7.23843
12436.5,12978,62801.4,4946.4,5069,63950.9,7689.6,4.1,7.24054
5034.24,5092,64792.6,2597.76,2624,64880.6,11571.8,94.3,7.2416
15744,14533,70997,9542.16,8869,70510.2,39358.8,68.88,7.2416
15226.2,13048,76476.6,14112.7,13276,69666.4,39459.6,29.52,7.24371
10795.5,10825,65357.5,5508,5465,66051.7,7043.04,-4.1,7.24371
12266.2,11808,68079.3,8640,8068,70182.3,20659.7,109.88,7.24477
17635.8,17264,66947.5,14121.4,9188,100725,53305.9,164.82,7.24688
11322.9,11280,65785.1,4177.44,4324,63314.7,15442.6,64.78,7.2511
8201.6,7799,68919.1,5904.72,5511,70218.1,18341.3,18.04,7.25532
6579.2,6620,65132.1,1969.2,2040,63261.5,30597.1,-11.48,7.25954
16558.1,15304,70906.3,11838.2,10876,71334.2,20852.6,121.36,7.25954
13551.4,14020,63345.4,5435.28,5568,63973.9,9247.68,-0.82,7.2606
11426.6,11618,64456.1,5034.96,4994,66073.5,9761.76,-44.28,7.2606
9653.12,9440,67015.6,3839.76,3876,64923.3,5210.64,22.96,7.26271
5778.56,6136,61718.3,2990.16,3084,63541.9,8963.28,-49.2,7.26693
7740.8,7977,63595.5,4038.48,3757,70446.1,5875.2,108.24,7.26798
9452.16,9765,63436.4,4384.8,4385,65533,8776.8,-77.9,7.27748
12633,13064,63373.7,4474.08,4568,64188.6,14472,-54.94,7.27748
10465.9,11024,62218.3,4453.2,4576,63777.3,20178.7,-58.22,7.27854
5464.32,5921,60481.3,1424.88,1461,63915.8,6639.84,5.74,7.27959
8007.04,7993,65651.1,4224.24,4205,65835.9,11564.6,22.14,7.28381
6203.52,5837,69651.2,7295.04,6893,69358.4,36298.1,62.32,7.28909
10417.9,10004,68247.6,5500.08,5220,69052.3,10785.6,13.94,7.2912
18820.5,18369,67146.8,8971.2,8837,66531.2,10179.4,22.14,7.2912
12705.3,12756,65275.4,6382.08,6148,68031.2,13641.8,67.24,7.29331
16456.3,16588,65015.8,3540.96,3688,62923.1,9371.52,8.2,7.29437
10622.1,10416,66832.6,7733.52,7348,68974.4,14994,58.22,7.29437
14535.7,14540,65516.5,4880.16,5020,63710.4,17829.4,-37.72,7.29542
14557.4,13941,68433.8,8803.44,8613,66985.1,19369.4,-15.58,7.29542
11521.9,11159,67667.4,7009.92,6963,65977.6,8308.08,27.88,7.29542
19826.6,19661,66087.9,9639.36,9785,64560.6,19357.9,-13.12,7.29648
25788.8,23564,71723.6,10939.7,10232,70068.7,31693,49.2,7.29859
8148.48,8029,66511.3,3867.84,4041,62727.7,8015.04,-103.32,7.29964
9851.52,8769,73626.3,8937.36,8581,68257.6,10319.8,34.44,7.30175
7285.12,7301,65393.5,2230.56,2325,62874,4872.96,44.28,7.30175
11978.9,10989,71439.4,7743.6,7529,67404,8210.88,7.38,7.30386
9896.32,9537,68005.2,3666.96,3749,64101.9,8710.56,53.3,7.30492
13440.6,13192,66771.2,7845.12,7768,66186.6,8228.16,9.84,7.30492
11506.6,11469,65750.6,4361.76,4477,63849.1,6406.56,-13.12,7.3102
12144,12317,64615.5,5604.48,5725,64156.4,12051.4,59.86,7.31336
11786.2,11981,64470.7,4533.84,4713,63044.7,12978,43.46,7.31653
15975.7,14928,70135.5,11185.2,10448,70160.2,21350.9,63.14,7.32075
12576,12284,67093.8,6241.68,6184,66147.3,10713.6,51.66,7.32075
11230.7,10941,67271.4,5274.72,5309,65112.8,14661.4,15.58,7.32075
12872.3,12306,68551.9,4680,4630,66243.7,11558.2,-66.42,7.3218
8496.64,8112,68643.5,7161.84,6576,71374.5,12612.2,-18.86,7.32286
13553.3,12768,69566.7,6793.2,6420,69345.7,13778.6,48.38,7.32708
11731.2,10850,70858.6,7697.52,7158,70475.6,6011.28,84.46,7.32708
7289.6,7180,66536.4,2758.32,2796,64652.8,20996.6,-22.96,7.32708
14211.2,13753,67719.4,5325.12,5293,65933.7,12150.7,82.82,7.32814
12844.8,12813,65698.6,6817.68,6873,65008.5,13524.5,34.44,7.32919
11976.3,11137,70475,6498,6197,68719.2,37439.3,24.6,7.33025
9402.24,8245,74734.4,7484.4,7013,69941.2,10955.5,7.38,7.33025
10770.6,10258,68810.6,7795.44,7490,68208.5,9163.44,-32.8,7.33341
9089.28,8500,70079.4,3839.04,3812,66000.9,7401.6,0.82,7.33447
11834.2,11120,69745.4,9062.64,8704,68236.4,12453.1,18.04,7.33447
12446.1,11865,68745.6,5111.28,5053,66291.9,6369.12,118.9,7.33447
10235.5,10021,66938.9,7170.48,7137,65843.4,12233.5,13.94,7.33552
12648.3,11544,71805.3,6696,6184,70962,23207,-5.74,7.33552
14774.4,14220,68091.1,6960.24,6812,66962.2,14508.7,6.56,7.33552
7139.2,7197,65009.7,2808,2781,66172.3,21785,-10.66,7.33974
12915.8,12668,66818.2,8179.92,7816,68587.4,13925.5,64.78,7.3408
11610.2,11279,67460.6,7264.08,7019,67824.3,6894,83.64,7.34186
13280.6,12908,67428,8544.24,7868,71168.7,5325.84,66.42,7.34397
10986.9,10333,69683.2,7663.68,7017,71575.7,21932.6,34.44,7.34502
11123.8,10853,67171.5,5583.6,5285,69238.8,7472.88,35.26,7.34502
9079.68,9532,62426.1,4684.32,4904,62600.2,13486.3,49.2,7.34608
5571.84,5904,61848.9,2051.28,2132,63054.7,17513.3,5.74,7.35135
12698.2,12217,68117.5,5286.24,5145,67335.1,7757.28,8.2,7.35135
7299.2,7393,64704.5,4146.48,4241,64075.4,36875.5,80.36,7.35241
11066.2,11176,64892.4,7282.8,7052,67680.9,6785.28,23.78,7.35557
10648.3,9529,73234.2,7629.12,7021,71212.4,15883.2,47.56,7.35874
9678.08,8656,73274.3,6821.28,6320,70734.1,23103.4,40.18,7.3598
14824.3,14396,67485.9,6919.92,6876,65954.6,6262.56,31.98,7.36191
27909.1,22293,82046,29831,24929,78423,60779.5,110.7,7.36718
13265.9,12909,67348,5172.48,5181,65428.2,5153.76,-15.58,7.36824
13479,13132,67267.9,6511.68,6264,68127.3,16485.8,56.58,7.3714
13477.1,12613,70025.9,8712.72,8229,69388.4,12548.9,-44.28,7.37352
12521,11732,69943.2,7654.32,7328,68454.4,11800.8,113.98,7.37563
34289.3,23925,93926.1,30321.4,24321,81704.7,60808.3,173.84,7.37563
14391.7,13509,69818.1,8653.68,7989,70988.6,10168.6,-64.78,7.37774
5149.44,5292,63770.5,2049.84,2172,61850.1,4780.8,-41,7.37879
12939.5,12808,66209,5127.84,5240,64133.2,10209.6,3.28,7.37879
12021.8,11517,68408.3,4939.2,4825,67087.1,7710.48,28.7,7.37879
10865.3,9397,75776,9926.64,9269,70185.8,11854.8,86.92,7.38301
11603.2,11296,67318.3,7448.4,7152,68252,19496.9,112.34,7.38407
12907.5,12214,69257.2,8851.68,8290,69976.3,27131,95.94,7.38407
12382.7,11720,69241.8,9609.84,9272,67923.9,32661.4,75.44,7.38618
10331.5,10023,67553.3,8021.52,7879,66721.5,11039.8,-8.2,7.38723
14183,13929,66731.3,5238,5401,63558.2,14642.6,27.88,7.38723
15184.6,14365,69275.4,7225.92,7293,64933.2,23849.3,0.82,7.3904
11287,10837,68257.6,4418.64,4437,65264.8,11768.4,-4.92,7.39146
9507.2,9357,66588,4004.64,4057,64690.2,19849.7,52.48,7.39251
10786.6,10674,66227.1,3672.72,3814,63108.4,16997,38.54,7.39357
10322.6,10279,65813.7,5289.84,5347,64835.4,12985.9,25.42,7.39462
10236.8,9540,70322.7,5657.76,5332,69539.9,13266.7,46.74,7.39462
8951.68,8059,72795.3,6305.76,6031,68521.7,22243.7,42.64,7.39779
8136.96,7753,68781.6,2689.2,2717,64865.4,22631,-9.02,7.39779
15573.8,14733,69275.9,8152.56,7881,67794.2,29422.8,49.2,7.39884
12819.8,12593,66716.5,5806.08,5601,67935.6,5032.8,43.46,7.40095
9165.44,8792,68319.6,4650.48,4684,65067,6662.16,18.04,7.40095
13081.6,12451,68855.2,9365.04,7827,78414.1,16625.5,48.38,7.40201
13013.8,13005,65580.1,6393.6,6505,64413.7,8735.76,95.94,7.40306
9025.28,8833,66962.6,5144.4,5041,66880.3,19666.1,-4.92,7.40306
10814.1,9881,71724.7,7600.32,7101,70144.3,14456.2,-36.9,7.40412
9838.08,9145,70502.8,3134.88,3181,64585.8,15640.6,-77.08,7.40517
12328.3,12003,67312.2,4543.92,4551,65434.1,14073.8,-0.82,7.40623
16275.8,15344,69516,6664.32,6564,66537.6,7734.96,63.14,7.40834
13008,12773,66741.7,4455.36,4625,63132.2,5583.6,-18.04,7.4094
13136.6,12125,71004,8349.12,8137,67244.4,17346.2,-6.56,7.41045
10225.3,8933,75016.7,7475.04,6885,71152.4,9946.8,106.6,7.41045
11109.1,10424,69843.4,8879.76,8764,66401.6,10431.4,86.92,7.41256
9645.44,9001,70228.1,5725.44,5485,68408.8,6009.84,81.18,7.41362
12903,10990,76943.9,7552.08,6938,71336.6,26429,23.78,7.41362
44060.8,24873,116092,173458,116061,97946.3,71476.6,3579.3,7.41467
13851.5,13664,66435.4,5824.08,5856,65178.8,14099.8,-2.46,7.41784
14301.4,14012,66889.8,8273.52,8280,65484.7,11062.1,8.2,7.41889
13883.5,13370,68053.1,7498.8,7630,64409.1,31658.4,-6.56,7.41889
9334.4,8800,69515.8,6441.12,5920,71304.9,22590.7,138.58,7.41995
12878.7,12477,67646.1,7453.44,7197,67871.1,22501.4,0.82,7.421
9148.16,9303,64445.2,4194,4372,62867.8,8964.72,-21.32,7.42206
14318.1,14343,65422.1,6205.68,6455,63004.7,4867.92,30.34,7.42206
15798.4,15798,65537.6,5747.76,5925,63575.6,20301.8,81.18,7.42417
12421.1,12556,64832,10293.8,9804,68810.4,6204.24,10.66,7.42839
4693.76,5468,56256.4,2432.88,2584,61703.3,8082.72,11.48,7.42839
12860.8,13060,64536.4,7384.32,7216,67064.7,22825.4,58.22,7.42839
10833.3,10977,64677.9,6671.52,6497,67296.4,8651.52,20.5,7.43156
7882.88,8383,61626.2,3096,3199,63425.9,6094.8,-22.14,7.43156
15697.9,15704,65510.6,5866.56,5816,66105.7,10631.5,-13.94,7.43261
7014.4,5245,87644.6,11849,6845,113446,132808,262143,7.43472
11839.4,11128,69725.4,10123.9,9660,68683.4,17701.9,33.62,7.43472
19957.8,17485,74804.2,10959.8,9609,74749.1,28038.2,95.94,7.43578
10755.8,11101,63498.3,5102.64,5209,64197.9,12206.9,-37.72,7.43683
12047.4,11772,67068.9,10046.9,9548,68960.3,6114.24,22.96,7.43789
10581.1,10380,66805.8,6038.64,5768,68611,20895.8,-23.78,7.43789
8565.76,9064,61933.5,2949.84,3020,64013.5,17334,-77.9,7.44211
13744.6,13897,64817.5,7039.44,6777,68073.9,34833.6,10.66,7.44317
7861.12,8468,60839.2,3350.16,3364,65266.4,10583.3,-39.36,7.44317
11105.9,11525,63152.9,4140,4129,65710.6,11288.2,22.96,7.44317
12626.6,13144,62956,4827.6,4924,64253,7219.44,37.72,7.44422
12751.4,13413,62303.2,4442.4,4561,63831.9,5909.04,11.48,7.44528
12602.9,13201,62566.6,6732,6817,64718.8,18285.1,91.02,7.44528
12150.4,11781,67590.9,6022.8,4561,86540.3,18761,2.46,7.44528
11157.8,11585,63119.1,5845.68,5873,65231.1,6217.2,25.42,7.44844
8623.36,9460,59740,4029.84,4148,63669.1,18055.4,14.76,7.44844
15657.6,15224,67402.6,8143.92,7912,67457,16339,-44.28,7.45055
23162.9,18244,83205.6,21556.1,17732,79669.5,27961.2,135.3,7.45161
13985.3,14301,64089.2,5685.84,5737,64951.6,6881.76,13.12,7.45372
6611.84,7453,58139.5,2100.24,2233,61639.6,22418.6,-60.68,7.45477
10864.6,11436,62261.7,6724.8,6172,71405.8,17714.9,129.56,7.45583
5313.92,6173,56415.5,2684.88,2841,61934.6,15151,-43.46,7.45688
9992.32,10544,62107,4398.48,4448,64806.4,10283,18.04,7.45688
19181.4,17088,73564.8,17707.7,15668,74067.6,33595.2,158.26,7.459
7447.04,7375,66176.2,10627.2,10027,69458.9,20086.6,15.58,7.46005
10992.6,11715,61495,5807.52,5923,64258.3,17600.4,-58.22,7.46216
12265.6,12705,63269.5,4740.48,4593,67640.3,35380.8,104.96,7.46216
9470.72,10543,58870.6,5011.92,4940,66490.1,20546.6,114.8,7.46322
8765.44,9007,63778.4,5163.84,4879,69362.1,11716.6,22.14,7.46322
7532.16,8428,58570,4108.32,4248,63381.1,5066.64,36.08,7.46638
8682.24,8840,64366.4,8390.88,7260,75744.5,13620.2,83.64,7.47166
9313.92,9437,64681.3,6349.68,5981,69575.8,15809,9.02,7.47166
9292.8,9068,67160.7,6311.52,6072,68121.2,12517.2,41,7.47377
6470.4,6892,61527,2477.52,2652,61224.3,17459.3,-37.72,7.47483
11775.4,11644,66275.3,4983.84,4860,67206,14384.9,57.4,7.47588
13898.2,13640,66776.8,4470.48,4460,65690,29031.8,54.12,7.47694
13523.8,13609,65125.9,5313.6,5289,65840.8,29294.6,18.04,7.4801
17499.5,17860,64213.2,6110.64,5716,70060.7,36647.3,127.1,7.4801
15411.2,15621,64655.8,10084.3,10033,65871.2,8648.64,4.1,7.48116
15085.4,14953,66116.5,6454.08,6397,66120.8,7598.16,45.92,7.48221
11306.2,10801,68601.6,7755.12,7281,69803.5,20419.9,56.58,7.48538
12809,12313,68175.8,6141.6,5913,68069.7,15748.6,87.74,7.48538
10478.7,10320,66543.9,4519.44,4496,65877.7,17012.9,42.64,7.48538
12355.2,11649,69509,6926.4,6501,69824.4,27907.9,-28.7,7.48749
10724.5,10329,68045.3,5083.2,4745,70207.1,9398.88,61.5,7.48854
10761.6,11032,63929.7,3530.16,3672,63004.5,24634.8,31.98,7.4896
21814.4,19612,72895.6,17384.4,16220,70240.7,18455,15.58,7.49065
11381.8,10465,71277.1,8487.36,7857,70793.9,25926.5,48.38,7.49804
4906.88,5101,63042,1810.8,1833,64742.3,6078.24,71.34,7.4991
7989.76,7028,74504.4,6993.36,6436,71211.4,32174.6,54.94,7.50015
8773.12,8933,64363.1,4637.52,3221,94357.2,12524.4,214.02,7.50121
10517.1,9965,69167.1,7625.52,7149,69904.3,11528.6,-12.3,7.50543
7474.56,7605,64411.9,2562.48,2581,65065.8,8966.88,-4.1,7.50543
10827.5,10700,66317,5961.6,5784,67548.3,9119.52,-13.94,7.50965
11869.4,10356,75113.5,8580.24,7716,72876.4,14564.2,82,7.50965
14683.5,13774,69863.5,10632.2,9882,70511.5,12163.7,-14.76,7.51071
14568.3,13533,70549.7,6554.88,6445,66653.3,10304.6,100.04,7.51071
19571.2,19320,66388.1,8461.44,8504,65208,10838.9,47.56,7.51387
8151.68,7440,71804.9,7458.48,6992,69908.3,9366.48,-27.06,7.51493
7971.2,8159,64027.5,3314.88,3471,62588.3,12305.5,-26.24,7.51493
8749.44,8841,64857.3,3772.8,3977,62171,6762.96,55.76,7.51598
6424.32,6509,64683.4,5917.68,4281,90591.2,38955.6,161.54,7.51915
11568,10844,69911.5,9709.92,9496,67012.4,26515.4,24.6,7.5202
11542.4,10601,71355.8,8117.28,7961,66822.5,23901.8,34.44,7.52126
11721.6,11397,67402.5,9099.36,8853,67359.7,12387.6,82,7.52126
12270.7,11957,67255.5,6652.08,5605,77778.9,11637.4,28.7,7.52126
11038.7,10664,67838.9,3996,4060,64502.9,5292.72,104.14,7.52548
17128.3,16665,67358,6760.08,6921,64012.2,9210.96,31.98,7.52654
7981.44,7788,67163.8,2838.24,2892,64317.7,5837.76,18.04,7.52759
12419.8,12164,66914.4,6193.44,6388,63540,9441.36,-23.78,7.52865
16663,13212,82654.3,35667.4,19804,118032,51848.6,2362.42,7.5297
10307.8,10065,67117.2,6644.88,6741,64601.5,15302.2,18.04,7.53287
8914.56,8488,68829.5,4925.52,4892,65985.1,8162.64,-13.94,7.53287
7752.96,7324,69374.4,4554.72,4364,68400.1,8026.56,25.42,7.53392
13504.6,12909,68559.9,5716.8,5741,65259.8,21653.3,59.86,7.53603
13308.8,12780,68247.7,3781.44,3340,74197.8,11635.2,8.2,7.53603
10501.1,10100,68138.8,3393.36,3488,63757.8,21584.2,68.88,7.53709
10033.9,9835,66861.5,3679.2,3887,62032.4,7991.28,-6.56,7.53814
15542.4,13636,74698.4,9208.8,8564,70470.3,55896.5,-23.78,7.53814
11073.9,10755,67479.4,6867.36,6295,71494.7,10060.6,-48.38,7.5392
8106.88,7854,67646.1,3473.28,3466,65673.7,8870.4,76.26,7.54131
7564.8,7430,66725,3225.6,3314,63787.8,4891.68,41,7.54237
5935.36,5889,66051.9,2324.88,2341,65084.7,7591.68,-5.74,7.54342
10061.4,10143,65009,3450.24,3595,62897.1,10769.8,88.56,7.54659
16865.3,13440,82238.3,16856.6,14884,74221.8,36729.4,82.82,7.54659
10605.4,10425,66670.3,6076.08,5753,69216.4,26411,21.32,7.54659
7717.12,7973,63432.7,2301.12,2417,62394,9264.96,44.28,7.5487
13635.8,13669,65377,6658.56,6113,71384.8,9402.48,109.06,7.5487
14147.8,13679,67782.2,8582.4,8223,68400.4,16887.6,-8.2,7.55081
12700.2,12367,67301.5,4199.04,4139,66486.7,35085.6,5.74,7.55397
11008,10544,68420,5141.52,5184,64999,7340.4,32.8,7.55714
10824.3,10465,67786.2,3583.44,3541,66321.5,39132.7,80.36,7.55925
15096.3,14710,67257.1,6603.12,6517,66402,69699.6,-45.1,7.56242
8682.88,8813,64568.4,6200.64,6265,64862.8,9238.32,73.8,7.56769
13856,13453,67499.2,7994.88,7945,65947.5,11453.8,-9.84,7.56769
11932.2,11437,68373.4,6412.32,6105,68835,15238.1,41,7.56769
7886.08,7929,65181.3,4081.68,4045,66130.3,8888.4,-60.68,7.56875
11408.6,11330,65990.9,7670.88,7590,66234.4,20898,10.66,7.5698
16861.4,14257,77508,11542.3,10321,73291.1,8555.04,33.62,7.57191
13904,13743,66303.8,5533.92,5627,64451.9,14894.6,54.12,7.57297
35621.1,27581,84640.4,25656.5,20969,80186.1,52817,92.66,7.57403
6058.24,6061,65506.2,2810.88,2825,65208.4,9984.96,-80.36,7.57508
20531.2,19562,68783,5736.96,5674,66263.2,13568.4,43.46,7.57825
15468.8,15325,66150.9,6218.64,6429,63391.6,17773.9,-16.4,7.58141
5196.8,5124,66467.1,2557.44,2560,65470.5,8310.96,57.4,7.58141
9354.24,9561,64118.8,3695.76,3769,64262.5,6276.96,9.02,7.58458
8735.36,8878,64483.1,2695.68,2746,64335.1,18110.9,-108.24,7.58669
12444.8,11877,68669.1,6997.68,6593,69558.6,8227.44,22.14,7.59197
8351.36,7960,68758.1,3607.2,3528,67007.2,7985.52,-18.04,7.59302
9088.64,8002,74435.5,6536.88,6038,70950.8,14725.4,22.96,7.59619
8222.72,8252,65303.5,2610,2700,63351.5,33185.5,0.82,7.60041
21964.8,15804,91083.6,38443.7,24568,102550,54175,3867.12,7.60146
9118.72,8758,68235.3,5006.16,4774,68723,14693,86.92,7.60252
11938.6,11681,66981,6413.04,6501,64649.3,11701.4,71.34,7.60357
11978.2,11776,66661.5,4900.32,4868,65971.1,23307.1,-0.82,7.60463
10006.4,9428,69556.6,7947.36,6352,81995.9,13967.3,299.3,7.60569
14013.4,13537,67842.6,5637.6,5585,66153.2,8747.28,10.66,7.60674
7261.44,7089,67130.2,2996.64,2769,70923.7,15753.6,-62.32,7.6078
8202.24,8196,65585.9,4891.68,4832,66345.4,17491,12.3,7.60991
12032,12104,65146.2,5348.16,5436,64477,5859.36,-9.02,7.61096
15066.9,14544,67892.1,6603.12,6208,69707.2,30435.8,26.24,7.61307
16263,16141,66031.5,6624,6089,71294.2,23606.6,100.04,7.61413
26715.5,19464,89952.1,59666.4,42168,92731.4,56131.2,1949.96,7.61518
12528.6,11089,74044.3,9199.44,8465,71222,21777.1,35.26,7.61835
11891.8,12139,64201.6,6720.48,6763,65124,7450.56,18.04,7.6194
16913.3,15013,73831.3,16035.8,14193,74045.3,58261,-22.14,7.6194
11408.6,11409,65533.9,4259.52,4229,66009,17439.8,-65.6,7.62151
16186.2,15345,69128.8,10940.4,10181,70424.3,42674.4,29.52,7.62257
13074.6,12923,66304.6,6126.48,6331,63418.9,7908.48,24.6,7.62574
9837.44,9779,65927.6,3184.56,3203,65158.7,5971.68,31.16,7.62679
7232,7052,67208.8,4379.04,4376,65581.5,30848.4,56.58,7.62679
9713.28,9760,65222.3,5848.56,5584,68641,4936.32,85.28,7.63207
9722.24,9509,67005.6,6028.56,5845,67594.1,6509.52,62.32,7.63207
16032.6,15772,66619,10247,10168,66045.4,10715.8,50.84,7.63312
10091.5,10364,63813,3712.32,3800,64023.8,11389,111.52,7.63312
5808,6080,62604.1,3426.48,2644,84931.1,24603.8,-51.66,7.63418
8597.12,8733,64516.3,7069.68,6825,67885.5,11797.2,-6.56,7.63734
14228.5,14625,63759.2,5714.64,5825,64294.4,25128.7,100.86,7.63946
7064.32,7393,62622.4,3192.48,3221,64955.7,13037,-11.48,7.63946
10423,10846,62980.3,5608.08,5790,63476.9,6022.8,72.16,7.64051
15143,14395,68941.6,14108.4,10719,86258.8,13225,91.02,7.64473
13922.6,13095,69677.7,6312.24,6231,66390.5,23588.6,18.04,7.64473
9139.84,8984,66672.8,5689.44,5500,67793.3,12214.8,84.46,7.64579
6254.08,6241,65673.4,2208.24,2293,63113.5,18197.3,9.84,7.64684
7952,7561,68925,3216.96,3229,65291.6,41169.6,-20.5,7.64684
27361.9,22056,81301.7,25673,20920,80425.8,74648.2,18.04,7.64895
14631,14494,66155.6,5730.48,5902,63631.4,12048.5,-39.36,7.65001
12437.8,11921,68376.9,6998.4,6581,69692.6,24130.8,88.56,7.65106
6574.72,6433,66979.8,2589.12,2565,66152.3,16465.7,20.5,7.65317
13182.1,12597,68579.9,4222.8,4213,65688.5,11155.7,24.6,7.65634
11399.7,11377,65666.6,5232.96,5397,63544.1,17422.6,5.74,7.6574
16638.7,15433,70656.1,9073.44,8809,67503.3,11211.1,18.86,7.65845
20054.4,18984,69231.2,9779.04,9708,66015.6,23450.4,82,7.66373
12638.1,11709,70736.1,5664.24,5577,66561.2,12371,-46.74,7.66373
12265.6,11940,67323.1,6752.16,6932,63835.8,11688.5,63.96,7.66478
9734.4,8937,71383.4,5416.56,5289,67116.6,8980.56,-45.1,7.66478
11295.4,11001,67289.6,4420.8,4521,64083.5,16778.2,-0.82,7.66584
11810.6,11711,66093.1,6443.28,6575,64223.1,15685.2,32.8,7.66584
11149.4,10869,67226.9,4784.4,4917,63768.7,5738.4,56.58,7.66795
12419.2,11824,68835,5775.12,5680,66633.5,7208.64,31.98,7.67217
8773.12,8521,67475.1,7763.04,4185,121567,6904.8,4.92,7.67323
12417.9,11849,68682.7,7980.48,7661,68269,37219,15.58,7.67639
6842.24,6572,68230.8,2692.08,2700,65343.8,6313.68,36.08,7.67956
9351.04,9074,67536.9,3404.16,3382,65965.4,7352.64,44.28,7.68061
9587.84,8984,69940.9,5009.04,4792,68504.3,34918.6,-12.3,7.68483
10350.1,9476,71581.1,11087.3,10336,70299.5,22660.6,68.06,7.68589
9438.72,9291,66578,4169.52,4175,65450,21748.3,-23.78,7.68589
9542.4,9472,66023.1,2693.52,2624,67272.3,16747.2,-11.48,7.69011
5964.8,6257,62475.5,2815.92,2869,64323.5,6798.96,12.3,7.69644
10159.4,10172,65454.6,5911.92,5880,65891.8,34716.2,77.9,7.69855
9122.56,9145,65375.2,7477.92,7213,67943,16239.6,-8.2,7.69961
13082.2,13116,65367.3,7789.68,7580,67348.9,17786.2,90.2,7.70066
9222.4,9144,66097.9,3209.76,3160,66568,22111.9,22.14,7.70277
12166.4,11685,68236,7264.8,6821,69800,8068.32,-9.02,7.70277
13555.8,13568,65477.3,6762.24,6580,67351.1,18293,-7.38,7.70383
25264.6,17628,93926.9,38365.9,27404,91751.2,68202.7,291.92,7.70594
10678.4,10772,64966.5,4688.64,4608,66682.9,18522.7,27.88,7.70594
16993.3,16592,67121,6521.76,6448,66285.7,11522.2,-0.82,7.707
7109.12,7181,64880,2782.8,2617,69688,43632,-29.52,7.70911
15790.7,14983,69069,10879.9,10167,70131.5,31643.3,138.58,7.71016
12634.9,12340,67102.1,6220.8,6100,66833.8,15871,-4.92,7.71016
8272,8540,63479.4,3608.64,3560,66431.4,5061.6,54.94,7.71122
11671,10799,70828.2,7349.04,6847,70341.3,5625.36,88.56,7.71333
10033.3,9389,70033.1,9410.4,8109,76053.8,34521.1,-9.84,7.71544
14318.1,13641,68788.9,12162.2,11833,67359.5,24872.4,77.08,7.71544
10341.1,9980,67907.4,9137.52,8684,68958.6,11661.8,49.2,7.7186
22455,16842,87377.6,24873.1,20330,80181.3,58427.3,107.42,7.71966
10891.5,10800,66091.4,5731.92,5648,66509.8,14333,70.52,7.71966
11395.2,11057,67540.5,6487.2,6369,66752.3,11433.6,-4.92,7.72071
13267.8,13000,66886.3,5455.44,5532,64629,24933.6,132.02,7.72177
8816.64,8632,66937.8,3399.12,3436,64832.6,5513.76,5.74,7.72283
10789.1,10104,69979.8,4818.24,4632,68171,12661.9,-17.22,7.72283
12576.6,11504,71646.6,7163.28,6916,67879.2,13813.2,21.32,7.7281
8803.2,7893,73093.4,5110.56,4981,67240.6,17725,-59.86,7.73021
14704.6,13844,69610.2,7886.88,7920,65261.9,7542.72,18.86,7.73021
18164.5,16698,71291.6,5920.56,5898,65786.7,9796.32,-2.46,7.73021
12551,11696,70327,4782.24,4864,64434.4,6144.48,-42.64,7.73021
33187.2,24217,89811.1,23914.8,18477,84823.3,43943,60.68,7.73232
15000.3,13157,74717.7,8010.72,7557,69470.8,23440.3,-19.68,7.73338
11492.5,9928,75863.3,6297.12,6200,66562.6,10759.7,27.88,7.73654
12277.8,10669,75418.1,6337.44,6073,68389.7,11972.2,88.56,7.73971
11738.9,9286,82847.2,7616.16,7014,71162.3,25807.7,92.66,7.74077
13730.6,12022,74849.9,6150.96,6082,66279.1,13996.1,79.54,7.74288
13766.4,10888,82861.4,10394.6,9900,68810.4,26367.8,108.24,7.74393
10588.2,9121,76077.8,6982.56,6661,68699.8,13600.8,16.4,7.74604
20356.5,16664,80057.8,17123.8,15820,70937,31588.6,129.56,7.74921
14357.8,13173,71430.2,4429.44,4625,62764.9,12147.1,-53.3,7.75026
9689.6,8158,77839.9,6019.92,5866,67255.6,18556.6,9.84,7.75132
20698.9,18500,73325.5,7601.04,6832,72913,5855.04,17.22,7.75132
15395.2,14077,71672.9,6818.4,6941,64378.4,10371.6,24.6,7.75132
30343,15217,130680,16853,12581,87789.6,17372.2,105.78,7.75237
12449.3,11761,69371.3,8119.44,7701,69097,9655.2,2.46,7.75871
10817.3,9120,77732.6,10683.4,9828,71239.8,24180.5,40.18,7.75976
5635.2,5442,67862.6,2446.56,2614,61338.1,17668.8,4.92,7.76187
12646.4,11584,71546.5,7054.56,6960,66426.4,33947.3,20.5,7.76187
24782.7,19015,85414.7,22620.2,18979,78109.5,12788.6,28.7,7.76187
13473.3,13133,67234.1,4325.76,4521,62705.8,5824.8,63.14,7.76187
5945.6,5745,67824.3,2660.4,2497,69824.6,8046,10.66,7.76504
11093.1,9733,74694.2,8612.64,8129,69435.1,23136.5,13.12,7.76504
10912,10424,68604.1,4244.4,4204,66165.8,6495.84,42.64,7.76926
11508.5,10569,71361.5,9182.16,8569,70225.5,29525.8,107.42,7.77243
10207.4,10533,63509.9,4402.08,4517,63868.7,14349.6,0.82,7.77348
12458.2,12791,63831.1,5312.88,5479,63549,11844.7,-32.8,7.77454
5339.52,5801,60322.5,2423.52,2521,63001.9,11130.5,36.9,7.7777
9258.24,9316,65129.7,8346.96,6560,83388.2,22923.4,217.3,7.7777
6565.76,6885,62497.3,1992.24,2005,65118.9,7508.88,-28.7,7.78826
14613.8,14084,68001.1,9212.4,8932,67593.4,20181.6,35.26,7.78826
6433.28,6665,63257.5,3188.88,3241,64482.1,12163,14.76,7.78931
6741.12,7032,62825.1,3695.76,3644,66466.9,10001.5,-18.86,7.79142
18176,16636,71602.7,13742.6,12568,71661.2,18671.8,40.18,7.79353
12598.4,11444,72146.9,11016.7,10256,70397,14354.6,5.74,7.79353
10346.9,9973,67992.9,8207.28,7781,69126.4,19044.7,67.24,7.7967
11758.1,11668,66042,5037.84,4964,66510.9,10583.3,-39.36,7.7967
7870.08,7689,67079.4,8187.12,7773,69027.5,4754.88,54.12,7.79775
13120.6,12586,68319.9,4574.88,4366,68671.4,29203.2,41,7.79986
15214.7,14273,69860,6845.76,6369,70441.8,27472.3,56.58,7.79986
14950.4,14436,67871.3,6661.44,6532,66834.7,12183.8,31.16,7.80092
10104.3,10047,65909.9,4258.08,4303,64851.9,9601.2,18.04,7.8062
11347.8,11265,66017.9,8137.44,7857,67875.2,8185.68,27.06,7.80725
11896.3,11917,65422.3,6961.68,6745,67641.3,12393.4,111.52,7.80831
14512,14576,65248.2,6000.48,6020,65323.5,11326.3,72.98,7.80831
14342.4,11472,81933.7,12866.4,11460,73578.7,62077.7,85.28,7.80936
17141.1,15553,72227.9,11620.1,10961,69476.6,48013.9,40.18,7.80936
16999,16241,68594.9,11610.7,10817,70344.8,14149.4,69.7,7.80936
11185.9,11481,63851.6,4394.16,4569,63028.2,21629.5,-42.64,7.81042
11478.4,11733,64113.9,4866.48,4837,65935.4,8074.08,18.86,7.81675
7572.48,7280,68169,5848.56,5700,67244.1,11256.5,99.22,7.8178
17052.2,15120,73910.7,9895.68,9216,70369.3,19062,77.08,7.81886
6624.64,6897,62948,2817.36,2773,66584.4,10964.9,43.46,7.81886
9018.88,9021,65520.6,7864.56,7437,69303.7,12460.3,-10.66,7.82097
12216.3,13044,61377.5,6269.76,6532,62904.9,6876,0.82,7.82203
11603.8,11900,63905,7306.56,7068,67748,23044.3,27.06,7.82203
14405.8,13868,68077.3,10980.7,10232,70331.6,26705.5,69.7,7.82414
9232,9320,64917.2,5263.92,5068,68069.5,6908.4,-19.68,7.82519
13374.1,13612,64390.5,5272.56,5420,63753.2,21119,14.76,7.8273
11845.1,12197,63645.3,6626.88,6581,65992.9,20115.4,61.5,7.82941
7498.88,7756,63363.4,3764.16,3720,66314,7696.8,-1.64,7.82941
14839,13482,72132.6,11474.6,10206,73682.4,21265.9,170.56,7.83047
14256.6,13800,67704.6,7267.68,6844,69593,11412,60.68,7.83152
8823.68,8917,64850.1,5808.96,5493,69305.7,29418.5,8.2,7.83258
13691.5,13705,65471.5,6812.64,6649,67148.9,12441.6,45.1,7.83258
10654.7,10397,67160.5,7740,7289,69591,6783.84,24.6,7.83363
20524.8,19768,68045,12372.5,10508,77164.3,23242.3,68.88,7.83469
7749.76,8208,61877.2,2356.56,2368,65219.4,15550.6,21.32,7.83469
9711.36,10392,61243.6,3911.04,4076,62883.7,15997,-22.96,7.83574
9965.44,10208,63978.7,4237.92,4192,66253.9,13443.8,-8.2,7.8368
12069.1,12004,65891.5,6580.8,6432,67052.1,9100.8,38.54,7.83786
13154.6,13353,64562.1,5135.04,5149,65358.3,26646.5,31.98,7.83997
6234.24,6572,62167.9,2948.4,2956,65367.5,5589.36,-48.38,7.83997
12216.3,12380,64669.5,9607.68,9068,69436.4,29025.4,52.48,7.84313
6198.4,6969,58289.3,2490.48,2525,64640,8773.92,23.78,7.84419
4730.88,5457,56815.6,1755.36,1829,62897.4,10802.9,-0.82,7.8463
10281,10345,65130.3,8363.52,7865,69690,14955.8,97.58,7.84735
14389.8,14455,65240.2,8516.16,6723,83015.8,31936.3,143.5,7.84735
10181.8,10356,64433.4,6984,6436,71116.1,18902.9,22.96,7.84946
5891.84,6957,55502,2352.24,2413,63885.8,14869.4,-61.5,7.85369
5656.32,6481,57196.8,2598.48,2593,65674.5,8673.12,52.48,7.85369
11376,12412,60065.9,5968.08,5992,65274.4,7180.56,-21.32,7.85685
5244.8,6349,54138.2,3201.84,3325,63108.5,7187.04,22.96,7.85896
13818.9,13544,66866.1,9879.84,9352,69234.9,40042.8,-37.72,7.86107
13344.6,12817,68233.9,8083.44,7585,69842.6,46287.4,80.36,7.86107
14331.5,12082,77738,16169,13986,75765.4,34658.6,163.18,7.86318
16963.8,16760,66333.1,8184.24,7884,68031.8,18398.2,-24.6,7.86424
10359,10477,64798.1,5640.48,5437,67988.7,10051.9,-2.46,7.86529
10417.3,9392,72690.3,42984,33988,82882.2,18545.8,3805.62,7.86529
10179.8,10695,62379.2,6662.16,6707,65097.9,18485.3,54.94,7.86951
17381.8,15057,75654.6,15387.1,13573,74295.3,46674.7,56.58,7.87163
12314.2,12205,66122.6,5236.56,5113,67119.7,12484.1,-64.78,7.87268
9340.16,9297,65840.2,3810.96,3749,66619.1,11578.3,9.02,7.87374
33706.9,30973,71320.6,16924.3,15645,70895,16029.4,44.28,7.87479
27922.6,23627,77450.9,19501.2,16731,76387,47150.6,59.04,7.87796
9587.2,9917,63356.5,3676.32,3565,67582.4,12874.3,68.06,7.88007
11292.2,10389,71233.3,11897.3,11201,69609.9,52144.6,55.76,7.88007
9233.92,9833,61543.2,3219.12,3357,62844.3,5496.48,-1.64,7.88007
8561.28,8765,64012.8,5058.72,5017,66081,48717.4,41.82,7.88112
8855.68,8840,65652.2,3477.6,3452,66022,10769,-3.28,7.88218
7390.72,7532,64306.7,2995.92,2988,65709.7,7570.08,1.64,7.88323
16537.6,15460,70104,13242.2,12180,71251.5,9351.36,86.1,7.88429
7118.72,7484,62337.3,3128.4,3292,62279.1,7845.84,-15.58,7.88534
9933.44,9464,68786.8,7122.24,6888,67764.7,28764.7,-15.58,7.88534
17252.5,16724,67606.9,7741.44,7348,69045.1,11537.3,64.78,7.8864
12167,11283,70670.8,8201.52,7475,71905.7,29737.4,16.4,7.88746
9792,8972,71525.7,10269.4,10120,66503.2,16095.6,17.22,7.88957
13367.7,12624,69396.7,8700.48,8148,69979.7,31286.9,0,7.89273
9896.32,9545,67948.2,7249.68,6841,69451.1,12259.4,0,7.89273
8746.24,8704,65854,4158,3136,86893.7,21092.4,23.78,7.89273
9919.36,9965,65235.8,2863.44,2941,63807.7,12358.8,8.2,7.89695
13409.9,13420,65486.8,5402.16,5468,64746.9,13048.6,-9.02,7.89695
6606.72,6664,64972.7,2419.92,2504,63335.4,15893.3,53.3,7.89801
10759,10488,67229.6,4957.92,4008,81068.4,19770.5,102.5,7.89801
15313.3,14952,67119.5,6254.64,6188,66241.8,25404.5,46.74,7.89906
15128.3,13977,70934.4,10010.9,9117,71961.5,17868.2,57.4,7.90012
13450.9,13395,65809.4,5286.24,5463,63415.5,24993.4,-10.66,7.90751
13370.9,12689,69057.8,6204.24,6005,67710.4,20407.7,99.22,7.90751
6721.92,6708,65672,2284.56,2384,62802.4,6996.96,39.36,7.90856
11005.4,10587,68126.2,5583.6,5423,67476.8,25678.8,39.36,7.90856
10028.2,9197,71458.7,5970.24,5789,67587.8,24729.1,19.68,7.90856
11191,8953,81918.5,8664.48,7757,73203,24813.4,-6.56,7.91067
9253.12,8652,70089.3,4227.84,3928,70538.6,27355,34.44,7.91384
14588.8,13215,72349,6713.28,6315,69669.3,29824.6,4.1,7.91595
10197.1,9756,68499.2,2963.52,3016,64395.6,7958.88,43.46,7.917
13030.4,10873,78539.5,9394.56,8493,72492.9,17268.5,102.5,7.92017
9739.52,9399,67910.3,3483.36,3491,65392.6,8878.32,-17.22,7.92123
8338.56,8280,65999.5,3564.72,3672,63621.3,17160.5,-22.14,7.92228
7087.36,6987,66477.3,2817.36,2895,63778.4,16673.8,47.56,7.92967
12161.9,11885,67063,3956.4,3993,64935.3,5914.8,-62.32,7.93072
16136.3,14912,70916.7,9628.56,9492,66478.9,5360.4,127.92,7.93389
14631.7,14299,67060.8,4631.04,4635,65480,11211.1,-8.2,7.93389
9887.36,9373,69132.4,3090.24,3081,65732.5,19264.3,0,7.93495
10009,9388,69870.8,5352.48,5308,66085.2,7847.28,50.84,7.936
11689,10244,74780.1,8676.72,6964,81653.9,16819.9,140.22,7.93811
14901.1,14259,68487.3,7097.76,7155,65011.7,6441.84,35.26,7.94022
9335.68,7955,76910.5,8118.72,7527,70688,14544,19.68,7.94128
11820.2,9024,85842.9,8896.32,7892,73876,19006.6,86.1,7.94655
11335,10397,71448.8,5436,5321,66952.4,10180.8,58.22,7.94655
13081.6,11644,73627.3,8511.84,8168,68294.8,6848.64,86.92,7.94655
10738.6,9249,76090.6,7172.64,6757,69567.3,13028.4,19.68,7.94761
13328.6,12457,70121.7,5828.4,5897,64773.6,6098.4,-19.68,7.94972
12694.4,11233,74062.2,8044.56,7793,67651.5,18680.4,53.3,7.94972
20568.3,19238,70067.9,8110.08,8294,64082.7,16578.7,72.16,7.95183
14323.8,13233,70938.3,7886.88,8033,64343.9,14994,-48.38,7.95288
8008.32,6828,76864.9,8928,8268,70767.5,5971.68,68.88,7.95711
8697.6,7729,73749,4482.72,4149,70807.3,13700.9,-8.2,7.95922
14051.2,12585,73171.2,8351.28,7933,68991.5,7000.56,40.18,7.95922
14879.4,13052,74711.4,13412.2,13288,66148.4,29378.2,31.16,7.96133
12079.4,11432,69247.1,5298.48,5308,65418.5,12305.5,-17.22,7.96449
8840.32,8206,70601.9,5002.56,5002,65543.3,4762.8,49.2,7.96555
5971.84,5695,68721.8,3244.32,3419,62187.7,16631.3,-6.56,7.96555
16592.6,16140,67373.9,6139.44,6348,63382.9,20765.5,13.94,7.97083
8396.16,8024,68575.6,3631.68,3660,65028.9,25434,-29.52,7.9761
8517.76,8361,66764.7,3168.72,3305,62833.7,8748.72,-7.38,7.9761
12549.1,11928,68948.6,5819.04,5512,69186.6,15333.8,125.46,7.9761
12900.5,12693,66607.2,6584.4,6661,64782.4,29790,20.5,7.97927
13259.5,12581,69070.5,5094,5077,65755.4,8937.36,-9.02,7.98032
9562.88,9552,65610.6,3818.16,3876,64558,22765.7,12.3,7.98243
8104.32,8001,66382.3,3511.44,3509,65581.6,16683.8,51.66,7.98349
22720.6,19848,75021.2,17016.5,15272,73022,36383,141.86,7.98349
12767.4,12340,67805.6,4671.36,4608,66437.1,11262.2,38.54,7.98349
17489.9,16416,69823.3,5736.96,5556,67670.5,27340.6,49.2,7.9856
16942.7,16077,69065,12720.2,11949,69766,13083.8,66.42,7.98666
9795.2,9408,68233.2,3217.68,3312,63669.7,9224.64,-16.4,7.98666
7470.72,6812,71873.3,6384.24,5964,70153.9,20615,27.06,7.98666
15287,13285,75412.2,14747.8,13493,71630.4,13066.6,87.74,7.98982
13516.8,13152,67353.8,6276.96,6352,64761.8,10562.4,-10.66,7.98982
16963.2,16364,67935.7,6532.56,6556,65301.7,11144.9,99.22,7.99088
16073.6,14573,72284.3,11828.2,11001,70463.6,30129.8,52.48,7.99088
13411.8,12920,68030.8,4861.44,4892,65126.6,11827.4,115.62,7.99193
11200,9797,74921.2,7468.56,6881,71132,17385.1,29.52,7.99299
10573.4,10398,66641.8,2721.6,2798,63746.5,5539.68,37.72,7.99299
28138.2,25011,73730.3,12790.1,11623,72116.6,27661.7,95.12,7.9951
6835.84,6745,66418.6,2520,2633,62723.4,6734.88,130.38,7.99721
10809.6,10649,66524.4,2930.4,2969,64684,30022.6,-24.6,8.00143
15030.4,13721,71790.1,7507.44,7133,68976.3,45908.6,36.9,8.00354
5435.52,5384,66163.1,2005.2,2104,62458.6,15432.5,22.14,8.0046
19790.7,18969,68375,7598.88,7689,64767.9,14253.8,13.12,8.00565
6835.2,6433,69633.4,2620.8,2677,64160.2,7474.32,-58.22,8.00776
11915.5,11472,68069.7,7915.68,7572,68510.6,10233.4,22.96,8.01409
9057.92,9285,63933.2,3266.64,3377,63394.3,6377.04,-84.46,8.01726
10819.2,10671,66446.2,5267.52,5215,66196,19915.2,-48.38,8.01937
10963.2,11009,65263.4,6267.6,6245,65773.2,8539.92,146.78,8.02043
9947.52,9948,65532.8,4636.8,4424,68688.4,17107.2,82.82,8.02043
6615.04,6600,65685.3,2697.12,2748,64322.6,23981,36.9,8.02148
12874.9,12679,66548.5,4363.92,4391,65131.8,16956,29.52,8.02148
8847.36,9077,63878,4592.16,4453,67584.1,5459.04,-9.02,8.02359
11881.6,11674,66701.4,6704.64,6510,67495.4,5550.48,21.32,8.02465
13543.7,13745,64576.1,3938.4,3825,67479,7349.76,55.76,8.02465
14869.1,14681,66375.8,7477.2,7309,67044.2,16226.6,84.46,8.0257
16833.9,16848,65481.2,7169.04,7140,65802.6,8424,24.6,8.0257
9774.72,9997,64078.8,3964.32,3965,65524.8,12143.5,44.28,8.02676
16167.7,15576,68025.5,6012.72,5976,65938.7,6749.28,-29.52,8.02887
15876.5,15553,66899.1,9944.64,9813,66415.2,32892.5,59.86,8.02887
16043.5,15036,69927.4,8759.52,8280,69331.4,34527.6,-22.14,8.02992
13568,13541,65666.7,6151.68,5905,68273.8,10197.4,22.14,8.02992
6948.48,7332,62108,2461.68,2464,65474.3,5743.44,-25.42,8.02992
9782.4,9853,65066.4,5922.72,5837,66498.4,16965.4,29.52,8.03098
4869.76,5153,61933.7,2310.48,2433,62235.8,17408.2,-47.56,8.03098
5416.32,5721,62045.8,2763.36,2809,64471.2,5165.28,-51.66,8.03309
7405.44,7829,61990.4,2604.96,2773,61564.6,34627.7,-68.88,8.03309
11648.6,10692,71399.7,11669.8,10692,71529.1,21205.4,86.1,8.03414
15007.4,13128,74917.9,11400.5,10504,71129.3,22204.8,78.72,8.03731
7669.76,8036,62549.2,3277.44,3300,65088,10747.4,19.68,8.03731
8910.72,9377,62277.2,4128.48,4245,63737.1,10455.1,-21.32,8.03837
4868.48,5155,61893.4,2627.28,2704,63676.6,17187.8,145.96,8.04153
17651.8,15341,75407.8,8629.92,7789,72611.4,25231,12.3,8.04259
7600.64,8009,62194.5,5149.44,5113,66003.1,42752.2,23.78,8.04259
5457.92,6023,59387.4,2261.52,2279,65033.3,7733.52,59.86,8.04364
10051.2,10196,64605.3,5907.6,5408,71590.3,13241.5,30.34,8.04575
24233,18381,86400.7,27123.8,21241,83686.6,44813.5,119.72,8.04575
13658.2,12785,70012.2,10860.5,10177,69937.4,60821.3,88.56,8.04786
14457,14626,64778.6,9417.6,9190,67159.1,9106.56,86.92,8.04997
5269.76,5978,57771.7,2328.48,2394,63742.4,10518.5,-1.64,8.05103
8714.24,9256,61700.1,4307.04,4280,65950,10062,40.18,8.05525
11198.1,11388,64443,6802.56,6648,67059.7,16303,3.28,8.05631
6324.48,6917,59922.1,2816.64,2817,65527.6,18479.5,54.94,8.05947
20956.2,17257,79584.1,17203,14633,77045.9,33656.4,59.86,8.06053
6167.68,6637,60901.8,6632.64,6505,66821.9,6823.44,3494.84,8.06475
16053.1,13543,77682.7,150273,104995,93797.9,8542.08,4780.6,8.06686
17941.1,14913,78843.2,19352.2,16933,74898.9,25758.7,115.62,8.06897
9697.92,10036,63328.3,5379.12,5536,63678.8,10947.6,63.96,8.07003
14645.1,14432,66503.8,6184.8,6276,64583.7,5179.68,49.2,8.07108
7518.08,7725,63780.6,2943.36,3001,64277.3,30060.7,-13.94,8.07425
7806.72,8049,63563.3,5091.12,4993,66823.9,7876.8,-45.92,8.0753
4997.12,5465,59925.2,2547.36,2697,61899.8,25267,-4.92,8.07741
13982.7,14208,64496.9,6644.88,6832,63741.1,16863.8,10.66,8.07741
9772.8,10217,62686.7,4832.64,4985,63533,12346.6,39.36,8.07847
12214.4,12557,63747.9,5022.72,4941,66619.9,29309,27.88,8.08269
13265.9,13023,66758.5,9296.64,8891,68526,23413,115.62,8.08586
9865.6,9851,65633.1,5176.08,5035,67372.3,51454.8,92.66,8.08691
7093.12,7633,60900.6,3642.48,3685,64779.8,5320.8,8.2,8.08691
13269.8,12449,69856.8,11863.4,11169,69610.7,25257.6,43.46,8.08797
16007,15897,65989.6,8381.52,8237,66685.9,9850.32,51.66,8.08797
14222.7,14101,66101.7,5690.88,5681,65650,31738.3,36.08,8.09008
17142.4,16210,69305.6,12185.3,11318,70557.9,32273.3,95.12,8.09008
6474.88,6713,63211.3,2798.64,2797,65574.4,27541.4,29.52,8.09324
13024.6,12580,67852.4,5456.16,5392,66315.8,14186.2,-19.68,8.09957
8448.64,8364,66199.2,3366.72,3352,65823.8,35550.7,38.54,8.10063
15907.8,15000,69502.4,11162.2,10204,71689.9,34220.9,-8.2,8.10169
12414.1,12425,65478.4,3971.52,4013,64858.6,13595,37.72,8.10169
13509.1,14060,62968.3,5243.04,5448,63070.5,32481.4,22.96,8.10274
7447.68,7944,61441.5,2826,2972,62316.5,12313.4,-78.72,8.1038
6817.92,6799,65718.4,3602.16,3595,65666.5,9467.28,41,8.10802
9870.72,9975,64850.9,4443.84,4547,64049.2,6173.28,50.02,8.11013
6856.32,6677,67296.1,2208.96,2289,63244.4,5758.56,-58.22,8.11329
11788.8,11104,69577.7,8574.48,8052,69788.5,42733.4,77.9,8.11329
9307.52,9025,67587.6,4993.92,4721,69324.6,15866.6,29.52,8.11435
10542.1,10540,65548.9,4363.92,4508,63441.4,6516.72,54.94,8.1154
10743,10460,67309.4,6358.32,6204,67166.2,13842.7,0,8.11963
15627.5,15124,67717.9,6333.84,6260,66309,8123.76,113.16,8.12068
11132.8,11051,66021.1,4967.28,4971,65487,5222.88,36.9,8.12385
7031.68,6925,66545.6,2656.8,2669,65236.4,15171.8,81.18,8.12701
12467.8,11744,69575.3,8394.48,8116,67784.7,35347.7,28.7,8.12701
12611.8,12231,67576.6,3831.12,3799,66090.1,17348.4,-51.66,8.13546
9989.12,9524,68736.6,6390,6308,66387.9,8781.12,50.02,8.13651
16395.5,14997,71647.4,12338.6,12021,67267.7,10165.7,41,8.13651
11639.7,10964,69574.8,7326,6720,71446,18203.8,-15.58,8.13862
13152,12277,70206.9,9849.6,8901,72520.3,7423.2,20.5,8.13968
12416,12232,66521.8,5131.44,5240,64178.3,9686.88,-20.5,8.14073
18213.8,17648,67637,7381.44,7444,64985.2,30021.1,79.54,8.14073
10794.2,10076,70207.6,8038.08,7640,68950.7,12057.8,87.74,8.14179
12739.8,12417,67239.9,5405.04,5461,64864.4,8350.56,-62.32,8.1439
10758.4,10552,66817.9,4325.04,4296,65979,19408.3,-6.56,8.1439
8648.96,8444,67126.8,6060.24,6008,66105.8,18127.4,-14.76,8.14601
11373.4,10596,70344.4,9579.6,9296,67535.4,37592.6,44.28,8.14601
19782.4,18137,71481.5,14419.4,13805,68452.9,11034.7,32.8,8.14706
13652.5,13237,67593,9876.24,9521,67981.2,21083,13.94,8.14812
8881.28,8577,67861,3710.16,3697,65769.3,9215.28,32.8,8.14812
7367.68,7168,67361.6,3414.96,3360,66608,6856.56,-6.56,8.14812
14396.8,11904,79259.8,25789,9728,173736,10445,469.86,8.15023
14743.7,14352,67324.5,9158.4,9108,65898.6,6882.48,5.74,8.15129
12055,12132,65120.3,4821.84,4944,63916.7,20648.9,14.76,8.15234
18947.2,17476,71053.1,10792.1,9808,72111.5,31266,43.46,8.1534
11285.1,10841,68220.8,6843.6,6509,68904.9,25063.2,36.9,8.1534
7852.8,7604,67680.3,4017.6,3892,67650.9,25332.5,-10.66,8.15445
12051.2,11708,67457.1,6379.92,6380,65535.2,6166.8,31.98,8.15656
8458.24,8485,65329.3,2687.04,2805,62780,5538.96,104.14,8.16078
17546.2,16512,69640.9,7507.44,7236,67994.4,6350.4,86.92,8.16184
9891.84,10021,64691.3,3281.04,3413,63002.1,40395.6,8.2,8.16289
10669.4,9917,70508.5,6159.6,5625,71764.5,20410.6,60.68,8.165
9107.2,9364,63738.7,3618.72,3728,63614.9,7349.04,-6.56,8.16712
13758.7,13865,65033.6,4692.24,4713,65247.3,6469.2,104.96,8.16817
10848,10481,67830.8,4043.52,4021,65903,9586.8,7.38,8.16923
15027.2,13489,73009.3,22600.1,16417,90218.6,37325.5,526.44,8.17239
9826.56,9593,67131.6,3136.32,3257,63107.7,17512.6,19.68,8.17661
10867.8,10234,69595,7074,6766,68519.3,10764.7,-10.66,8.17661
15021.4,13680,71962.4,7369.2,6928,69709.6,21960.7,-26.24,8.17767
10405.8,10064,67761.5,7215.12,7120,66411.5,9299.52,70.52,8.17767
6996.48,7028,65242.1,2854.8,3008,62198.2,8391.6,50.84,8.17767
7665.28,7143,70327.8,20416.3,20099,66570.7,18444.2,3284.1,8.17978
22154.9,19385,74900.3,15726.2,14253,72310,18330.5,0.82,8.17978
11153.3,10755,67962.9,5899.68,5987,64580.2,10938.2,35.26,8.17978
11424,10788,69399.6,5145.84,4900,68824,14802.5,11.48,8.184
29411.8,27929,69015.5,56265.1,50089,73616.8,5434.56,924.96,8.18717
6463.36,6684,63372.6,2314.08,2376,63828.1,7927.2,-31.16,8.18822
13795.8,13756,65725.8,4734,4780,64905.3,18640.1,-30.34,8.18822
5820.8,5935,64275,2643.12,2607,66444,6886.08,13.12,8.18928
8529.28,8805,63483.8,3032.64,3029,65614.8,18051.1,-52.48,8.1935
11525.8,10902,69285.7,7763.04,7462,68179.9,23677.2,68.06,8.19455
12790.4,12473,67203.7,7856.64,7597,67775.8,18874.8,0.82,8.19455
10338.6,9448,71713.4,4763.52,4200,74329.1,10051.2,42.64,8.19561
12987.5,13063,65157.3,4686.48,4775,64321.1,9103.68,6.56,8.19666
13663.4,13733,65203.7,6043.68,6065,65305.6,22754.9,85.28,8.19666
13228.2,13419,64604,4860,4975,64021.1,9262.08,145.96,8.19983
35368.3,30312,76468,19160.6,16904,74284.9,46713.6,218.94,8.19983
9566.08,9420,66552.3,5158.08,5116,66075,19685.5,65.6,8.20088
8730.24,8638,66235.8,4115.52,4170,64679.8,10044,71.34,8.20088
10123.5,10247,64746.3,3330,3459,63091.9,10666.8,-95.94,8.20194
6533.12,6648,64403.5,2473.92,2524,64235.7,7332.48,39.36,8.203
15671.7,15184,67640.9,4921.92,4800,67200.6,6496.56,92.66,8.20405
23273.6,17152,88926,17357.8,14528,78301.1,48403.4,138.58,8.20511
6254.72,6510,62966.1,2926.8,2942,65197.4,22951.4,-83.64,8.20616
14816.6,13640,71189.4,7948.08,7496,69488.4,36405.4,-41.82,8.20722
11087.4,10892,66711.5,3994.56,3948,66308.9,24707.5,28.7,8.20722
12048.6,12119,65155.5,3145.68,3079,66955.3,6675.84,-15.58,8.20722
8935.68,8973,65263.4,3831.12,3757,66828.9,25577.3,9.02,8.20827
14570.9,14161,67432.9,5336.64,5137,68082.9,14600.2,118.9,8.20933
6880.64,7052,63943.5,2656.8,2652,65654.6,7481.52,-19.68,8.21038
12036.5,11853,66550.5,6856.56,6537,68739.7,16629.8,82.82,8.21144
14141.4,14582,63556,5493.6,5666,63541.9,8639.28,127.1,8.21249
6645.12,7216,60351.2,2396.88,2500,62832.8,15439,16.4,8.2146
11773.4,11968,64470.6,7238.88,7056,67234.6,24115,42.64,8.2146
6814.72,7208,61960.3,2890.8,2904,65238.1,11753.3,-25.42,8.21883
12176,12161,65616.8,9496.08,8849,70328.3,9102.96,-6.56,8.21988
9217.92,9450,63926.5,5216.4,4606,74221,6221.52,73.8,8.2241
5366.4,5401,65116.2,2759.04,2749,65775.4,9583.2,10.66,8.22727
16099.8,14168,74472,12558.2,11368,72397.7,15927.1,52.48,8.22832
12722.6,11857,70320.1,8313.12,7797,69874.1,46338.5,-13.12,8.23043
9841.28,9688,66572.9,5466.96,5580,64208.4,10885,14.76,8.23149
16253.4,16173,65862,7164.72,7341,63962.3,16002,43.46,8.23149
11764.5,12021,64137.5,4095.36,4277,62752.8,14317.9,7.38,8.23149
9877.12,9616,67315.6,4289.04,4288,65551.9,20620.1,-93.48,8.23466
10780.2,9912,71276.1,6234.48,5900,69251.3,58672.1,123.82,8.23571
5576.96,5616,65080.4,2737.44,2656,67545.5,6913.44,30.34,8.23677
10081.9,9588,68912,6115.68,5824,68818.2,13853.5,25.42,8.23782
10633.6,9436,73853.7,11605.7,10536,72189.6,8457.84,9.84,8.23888
7694.08,7248,69569.4,3378.96,3268,67761.2,10960.6,50.02,8.23993
12494.1,12104,67648.1,7436.88,7340,66401,20833.9,21.32,8.24204
8306.56,7451,73061.2,6392.88,5855,71556.6,9892.8,1.64,8.24204
8784,8181,70366.5,6192,5905,68721.2,16540.6,70.52,8.24521
7344,6976,68993.2,3285.36,3044,70732.4,6567.12,12.3,8.24732
13226.9,12611,68736.6,6371.28,6247,66839.8,34228.1,-56.58,8.24943
14301.4,13692,68453,5166,5180,65358.9,12509.3,8.2,8.25048
18364.2,17312,69519,12286.8,11776,68378.7,9975.6,104.14,8.25154
11123.2,10733,67918.6,8528.4,8317,67201.8,19081.4,-12.3,8.25154
5334.4,5224,66921,2145.6,2152,65341.1,15555.6,32.8,8.25365
11767,11544,66802.2,5496.48,5516,65304.1,11059.2,-81.18,8.25471
11909.8,11158,69951.4,8448.48,8102,68338.6,17270.6,31.16,8.25682
14058.2,13265,69455,8393.04,7873,69864.9,12834,39.36,8.25682
10540.2,10367,66630.6,5322.24,5119,68138,11111,-6.56,8.25682
12015.4,12002,65609,6104.16,6114,65430.5,14510.2,-18.04,8.26209
22708.5,17515,84968.5,19044,15835,78817,17138.9,50.02,8.26209
16805.8,16478,66839.6,6937.2,6814,66720.9,14599.4,108.24,8.26315
8846.08,9260,62606.6,3216.96,3400,62007.9,11525.8,-7.38,8.26315
8862.72,8910,65188.2,2782.08,2762,66012.5,21659.8,68.06,8.2642
17401,17276,66010,5692.32,5900,63229.1,12741.1,-37.72,8.26631
11091.2,11497,63222.8,3429.36,3561,63113.3,12952.1,85.28,8.26948
8013.44,8172,64264.4,2899.44,2988,63593.6,19565.3,73.8,8.26948
7709.44,7841,64436.4,2635.2,2741,63006.4,39618,-47.56,8.27159
14588.2,14429,66258.9,5929.92,5769,67364.1,49271.8,18.04,8.27159
8252.8,8297,65186.9,2957.04,2989,64835.3,5097.6,36.9,8.27159
10435.2,9788,69869.4,9180,8556,70315.6,8676,18.04,8.27265
9643.52,9696,65181.3,3677.76,3844,62701.8,5494.32,63.14,8.27581
14493.4,12329,77041.3,16185.6,14745,71938.9,12085.9,86.1,8.27581
12364.8,11280,71838.6,8273.52,8032,67506.6,46590.5,68.88,8.27687
11591.7,11385,66725.7,7671.6,7581,66319.2,15038.6,15.58,8.27898
7152.64,7288,64318.8,2771.28,2892,62800.3,6427.44,97.58,8.28003
17724.2,15496,74959.4,13448.9,11992,73497.8,25259.8,59.86,8.28109
17706.9,16152,71844.9,11613.6,11096,68593.1,28921.7,-14.76,8.28109
19307.5,17557,72070.3,14847.1,13717,70935.4,27674.6,78.72,8.28426
21580.8,17806,79429.4,15727.7,13918,74057.3,11327,6.56,8.28426
10668.2,10308,67825.8,5384.16,5220,67597,12659,-45.92,8.28637
11559.7,10344,73238.1,6582.24,6124,70439.9,26283.6,45.1,8.28742
11838.1,11268,68851.6,6904.08,6564,68931.4,46023.1,81.18,8.29059
21321.6,17752,78714.1,13897.4,12108,75221.6,51517.4,102.5,8.2927
13122.6,12641,68032.6,6651.36,6549,66560.3,5438.88,44.28,8.30009
8896.64,8582,67938.7,3001.68,3030,64923.5,23177.5,74.62,8.30114
13591,12653,70394.6,8543.52,8473,66081.5,20610.7,-40.18,8.3022
11561.6,11127,68095.7,7602.48,7683,64849.2,8103.6,47.56,8.3022
14183.7,13857,67081,4291.92,4401,63911.7,15917.8,-51.66,8.30325
8572.8,8471,66323.6,3695.04,3751,64558.3,6348.24,46.74,8.30325
13071.4,12968,66058.3,4060.08,3672,72462.3,8789.76,12.3,8.30431
10117.1,10015,66204.3,5104.08,5023,66593.9,16992.7,-55.76,8.30642
9909.12,9373,69284.6,7324.56,7085,67751.9,11229.8,22.96,8.31064
15371.5,14340,70250.2,9606.24,9200,68429.9,14382,68.88,8.31486
12586.9,12156,67859,4858.56,4444,71649.5,11181.6,59.86,8.31697
20628.5,17828,75830.6,12390.5,10804,75159.4,27864.7,27.88,8.31803
18396.2,17333,69555.8,5227.92,5281,64877.3,19481.8,70.52,8.32225
17346.6,17124,66387.8,6870.24,7152,62954.1,15385,32.8,8.32647
15922.6,14941,69841.4,7602.48,7469,66707.2,47570.4,113.98,8.32963
8360.96,8044,68118.3,3957.12,3932,65954.7,6202.8,40.18,8.33174
10938.2,10711,66926.4,5824.8,5655,67503.8,10235.5,35.26,8.33386
12947.2,11985,70797.5,8442,8405,65824.5,11268.7,-8.2,8.33702
16618.2,15280,71275.7,10347.8,10116,67038,7313.04,-22.96,8.33808
14592.6,14536,65791.4,4728.96,4840,64032.5,10491.8,36.08,8.34019
18522.9,15597,77830.1,15985.4,14573,71887.9,11232.7,115.62,8.34124
13575.7,13591,65462.1,3835.44,3987,63044.7,17607.6,-5.74,8.3423
10821.1,10428,68006.6,5494.32,5404,66631.3,26062.6,40.18,8.3423
6654.08,6620,65873.4,1725.12,1788,63231.2,17385.1,-61.5,8.3423
9485.44,9288,66929.1,4970.88,4876,66811.2,11930.4,68.06,8.34441
14240,13885,67211.6,8005.68,8061,65086.3,11169.4,42.64,8.34441
7557.12,7092,69834.1,2293.92,2320,64799.3,18475.2,45.92,8.34546
9591.04,9408,66811.1,6014.88,5860,67268.1,13466.2,14.76,8.34546
18455.7,16683,72499.6,19169.3,18031,69673.2,20007.4,34.44,8.34757
15530.2,14809,68727.8,6229.44,6185,66006.9,15550.6,-31.16,8.35074
10282.2,10003,67365.5,3891.6,3923,65011.4,10663.2,79.54,8.35285
12224,10568,75805.5,10466.6,9512,72113.3,36254.2,123.82,8.35285
9094.4,8971,66437.5,3800.16,3871,64336.7,18227.5,-63.14,8.35602
10103,9854,67192.3,6922.8,7150,63453.5,8501.04,100.86,8.35707
16895.4,16280,68013.2,6132.96,6284,63960.8,9748.08,-20.5,8.36129
11333.8,10620,69940.6,6696.72,6604,66456.1,10443.6,-27.06,8.36129
7806.72,7669,66712.9,3322.08,3413,63790.2,10369.4,52.48,8.36129
13784.3,13549,66674.2,6161.04,6153,65621.6,8964,24.6,8.36235
9176.32,7317,82189.3,46509.8,36789,82852.7,39265.9,8148.34,8.3634
17104.6,16378,68443.6,7929.36,7802,66605.8,5732.64,83.64,8.36551
7434.88,7208,67598.8,2773.44,2876,63198.9,7110,0,8.36657
7005.44,6869,66837.8,2134.08,2229,62745.2,25638.5,5.74,8.36868
40882.6,30409,88108.1,31184.6,24989,81784.6,83455.9,196.8,8.36868
17660.8,16648,69523,4929.84,5020,64359,12191,21.32,8.37185
12057.6,11737,67326.1,6201.36,6221,65329.1,7818.48,14.76,8.37818
10091.5,9904,66776.8,7178.4,7120,66073.5,9626.4,59.86,8.38134
9303.68,9325,65386.2,4069.44,3833,69578.6,4906.08,65.6,8.38134
11727.4,10993,69914,6908.4,6401,70731,40656.2,14.76,8.38451
8868.48,9101,63861.6,3098.88,3197,63524.6,37789.9,7.38,8.38451
19879.7,17922,72694.7,13369.7,12326,71085.1,38370.2,93.48,8.38768
12221.4,12413,64524.6,7279.2,7421,64283.8,8644.32,145.96,8.38873
7844.48,8013,64157.7,4326.48,4269,66418.4,33109.2,68.88,8.38979
9711.36,8545,74481.4,8259.84,7573,71479.9,15518.2,91.02,8.39084
14746.9,14704,65727.1,7796.88,7140,71565.3,35181.4,26.24,8.39084
10462.7,10268,66778.8,6526.08,6252,68409,15231.6,17.22,8.39084
13103.4,12120,70853.3,9353.52,8908,68813.7,23178.2,90.2,8.39084
9973.12,9729,67180.4,7264.8,6677,71305.4,11392.6,120.54,8.3919
11345.9,10809,68791.4,8318.16,7949,68579.6,31895.3,0.82,8.3919
10499.8,10669,64496.9,4604.4,4573,65986,9262.08,-15.58,8.39401
11847.7,10660,72837.7,8811.36,8180,70594.3,17531.3,27.88,8.39612
36853.1,27050,89286.7,29895.8,23482,83436.4,15343.2,151.7,8.39717
9603.2,9921,63436.7,5832.72,5649,67667.4,12003.8,105.78,8.39823
14025,14628,62834.3,5188.32,5408,62873.8,12356.6,13.94,8.39929
13341.4,13384,65327.6,5647.68,5496,67344.7,13299.1,18.04,8.40245
9585.28,10312,60917.5,3717.36,3864,63048.9,14480.6,61.5,8.40351
9504,10108,61619.9,5080.32,3144,105898,28139,35.26,8.40456
12288.6,12182,66109.7,4734,4582,67710,33533.3,104.96,8.40773
8207.36,8626,62355.4,3173.04,3250,63984.1,12350.2,0,8.40878
8925.44,7724,75729.9,8118.72,7212,73775.4,11473.2,102.5,8.41089
14659.2,13888,69175.2,9092.88,8352,71349.5,28141.2,-45.1,8.41195
13049,12189,70159.7,9654.48,8413,75206.9,11227,21.32,8.41406
16346.9,15037,71244.9,6682.32,6253,70035.6,19996.6,31.98,8.41617
7891.2,7969,64896.2,3000.24,2965,66314.9,20648.9,62.32,8.41828
7695.36,7761,64981.7,3196.08,3153,66431.4,12173.8,60.68,8.42145
13137.9,11353,75839.6,15808.3,13613,76104.8,40330.8,152.52,8.42356
9612.16,9840,64018.6,4119.84,4196,64346.5,22742.6,9.84,8.42567
7371.52,7549,63995.2,3384,3309,67021.4,12908.2,-9.02,8.42567
13421.4,12198,72109.2,8502.48,7650,72839,29498.4,27.88,8.42778
14926.7,14512,67408.9,7552.8,7456,66386.8,18146.9,40.18,8.42883
10755.8,10528,66954.3,5021.28,4900,67158.1,14916.2,-3.28,8.43411
5781.76,5986,63299.9,2377.44,2402,64865.9,18256.3,-20.5,8.43517
14603.5,14353,66679.9,5910.48,5825,66497.7,18792,-39.36,8.43517
16158.1,16288,65013.3,6038.64,6244,63380.6,16522.6,64.78,8.43517
15611.5,15478,66101.3,7909.92,7958,65140.1,31474.1,75.44,8.43622
12090.9,12013,65960.9,6228,5997,68060.4,28616.4,65.6,8.43939
11940.5,11886,65836.4,5246.64,5150,66765.8,13338,84.46,8.44044
12700.2,13217,62973.3,5241.6,5221,65794.6,7709.76,36.9,8.44361
11191.7,11204,65463.9,5502.96,5024,71783.8,12316.3,135.3,8.44361
17321.6,16865,67310.3,7104.96,7041,66131.3,20702.9,10.66,8.44361
8299.52,8540,63690.6,3611.52,3528,67087.5,19224,9.84,8.44466
11141.1,10169,71801,12012.5,10733,73348.5,5994,141.86,8.44572
8032,8568,61436.2,3797.28,3900,63809.9,7462.08,40.18,8.44572
10440.3,10444,65512.9,5003.28,4828,67915.3,19386.7,105.78,8.44677
14206.7,11955,77879.7,126599,113799,72907.5,6727.68,3363.64,8.44677
19751.7,15033,86107,10995.1,7993,90150.9,9694.8,40.18,8.451
5024.64,5429,60654.8,2902.32,2865,66389.7,9312.48,-47.56,8.45522
10548.5,11441,60423.5,4168.08,4325,63158.2,15111.4,-15.58,8.45627
12639.4,12409,66752.6,9959.76,9373,69638.6,59351.8,65.6,8.46788
7089.28,8188,56741.9,4577.76,3448,87009.3,16928.6,41.82,8.46788
11320.3,11920,62239,6877.44,6756,66714,8758.8,9.84,8.46894
10140.2,10823,61401.2,5223.6,5139,66614.9,13446,-41,8.46894
12729,13222,63092.2,8099.28,7894,67240.2,10969.2,3.28,8.46999
6465.92,7092,59750.5,3110.4,3188,63940.8,7054.56,-86.92,8.46999
7206.4,7552,62536.9,4794.48,4576,68665,10805,11.48,8.46999
12657.9,12558,66057.5,7342.56,7146,67338.7,4957.92,54.12,8.46999
12528.6,13000,63159.8,7626.96,7432,67255.2,6456.24,73.8,8.46999
10508.2,10600,64968.2,3909.6,3980,64376.8,7366.32,40.18,8.47738
13313.3,13228,65958.5,6164.64,6028,67021.5,16762.3,18.86,8.47843
11363.2,11264,66113.2,6476.4,6368,66651.6,15871,13.94,8.48266
9557.76,8832,70921.3,12867.8,12660,66611.9,17736.5,92.66,8.48371
17924.5,16536,71038.9,11872.8,11372,68422.1,28198.8,91.02,8.48371
9184,9300,64718.6,4725.36,3472,89193.9,5443.92,104.96,8.48793
13530.2,13065,67869.7,5250.96,5305,64868.4,10064.9,21.32,8.49004
10295.7,10381,64997.4,2790.72,2937,62271.9,9437.04,-39.36,8.49004
11177.6,10073,72722.6,9105.12,8429,70792.9,22779.4,47.56,8.49532
15041.9,14553,67737.7,8528.4,8701,64236,6805.44,-19.68,8.49532
9801.6,9242,69504.2,3839.04,3950,63695,4803.84,-89.38,8.49743
13066.2,11587,73902.6,6788.16,6467,68790.6,23216.4,141.04,8.49954
10966.4,9123,78778.2,6864.48,6247,72013.9,15070.3,-9.84,8.49954
7342.72,6825,70507.3,3100.32,3209,63316.5,15812.6,-17.22,8.49954
17738.2,16542,70275.3,8631.36,8734,64765.8,7683.84,36.08,8.49954
17363.8,14925,76245,11036.9,9853,73410.4,47424.2,-18.86,8.50376
15266.6,13991,71510.9,7670.16,7399,67937.8,13106.9,36.08,8.50482
9623.04,8788,71763.3,2926.8,2896,66233,8395.2,-34.44,8.50482
17703.7,15456,75066.5,13229.3,11840,73225.8,25953.1,114.8,8.50482
9575.04,8892,70570.2,7672.32,6968,72160.3,9790.56,-59.04,8.50798
18931.8,17433,71170.6,12298.3,11677,69023.1,43562.9,41,8.50798
11326.7,10337,71810.8,7512.48,7141,68945.2,13282.6,79.54,8.50798
11937.9,11320,69113.4,4344.48,4344,65543.2,5340.96,-18.04,8.50904
52608.6,38536,89468.6,176473,121816,94940.9,5806.08,1890.92,8.50904
15936,15289,68309.4,6117.12,6153,65153.8,11574.7,-43.46,8.51009
6542.72,6302,68039.3,3033.36,3038,65435.9,16127.3,74.62,8.51115
7502.72,7420,66266.6,3502.8,3608,63625.1,13767.1,-27.88,8.5122
11049.6,10507,68920.4,3991.68,3883,67370.3,10497.6,-0.82,8.51326
24649,18316,88195.8,11697.8,7692,99665.9,30698.6,120.54,8.51326
15056.6,14526,67930,5411.52,5466,64882.8,30191,142.68,8.51326
10026.2,8865,74120.7,6480.72,5925,71682.8,9249.84,-16.4,8.51431
15774.7,15063,68632.5,6119.28,6003,66805.5,58529.5,68.06,8.51748
14148.5,12155,76284.2,13570.6,12447,71451.8,20563.2,108.24,8.51854
7600,7216,69023.5,3465.36,3392,66953.4,32751.4,59.86,8.51854
7311.36,7170,66828.1,2445.12,2454,65298.9,20661.8,-98.4,8.52065
12682.9,11836,70225.2,5582.16,5372,68099.9,32245.2,-28.7,8.52276
15905.9,15462,67417.6,6058.8,6034,65805.4,14501.5,84.46,8.52276
14793.6,13672,70912.3,7106.4,6648,70054.9,11885,46.74,8.52276
11607,11119,68412.5,5031.36,4939,66761.5,22762.1,66.42,8.52381
6983.04,6892,66401.7,2639.52,2700,64068,5033.52,36.08,8.52487
9854.72,9681,66712,5258.16,5349,64423,14422.3,65.6,8.52698
8513.92,8576,65061.6,2706.48,2752,64452,18380.2,5.74,8.52698
10421.8,10149,67297.3,6645.6,6309,69032.5,12960.7,77.9,8.52909
11046.4,10773,67199.2,7237.44,6869,69051.2,14779.4,75.44,8.53014
10348.2,9933,68275.1,5472.72,5341,67152.3,12935.5,94.3,8.53226
13897.6,13371,68117.1,5063.76,5035,65910.3,6106.32,41.82,8.53331
9521.28,9245,67494.5,3483.36,3565,64035.2,34214.4,-12.3,8.53437
11609.6,11012,69092.5,7552.8,5588,88579.2,14053,95.12,8.53542
13194.2,12380,69846.3,5562,5512,66130.5,7570.8,75.44,8.53859
16277.8,15401,69266.9,6704.64,6793,64683.5,19193,46.74,8.53859
19312.6,17825,71005.5,8004.96,8001,65568.4,15716.2,102.5,8.5407
15937.9,14873,70228.4,8305.2,8361,65098.6,8459.28,7.38,8.54175
7909.12,7485,69249.4,4258.08,3037,91885.9,15100.6,0,8.54597
9944.32,9268,70318.4,6433.2,6352,66373.8,11431.4,-30.34,8.54597
12277.8,11441,70329.1,4356,4321,66066.8,10051.2,85.28,8.54597
14763.5,14094,68649.2,8781.12,8030,71666.2,11183,38.54,8.54914
11133.4,10676,68344,5017.68,4912,66946,10203.1,47.56,8.5502
7886.08,7909,65346.1,2208.24,2161,66968.6,11141.3,20.5,8.5502
31388.2,23157,88830.8,34140.2,26421,84683.2,74035.4,257.48,8.55125
8483.84,8101,68633.1,2955.6,2961,65416.5,28258.6,-21.32,8.55231
11436.8,10999,68144.6,4695.84,4807,64020.5,11427.1,-27.06,8.55547
45051.5,35655,82807.4,29984.4,26179,75062.4,21985.2,96.76,8.55758
10164.5,9729,68469.5,6261.84,6389,64231.6,11293.2,23.78,8.55758
8369.92,7204,76142.6,8633.52,8388,67454.3,26593.9,103.32,8.55758
6472.96,6405,66231.4,2172.24,2213,64328.9,5983.2,-20.5,8.55969
6904.32,6736,67173.6,2777.76,2912,62514.9,17282.9,20.5,8.5618
13434.9,12316,71489.8,6992.64,6392,71694.3,37763.3,47.56,8.56919
15689.6,15236,67487.1,6858.72,6948,64693.9,13581.4,22.96,8.56919
11848.3,11697,66383.8,7133.04,7045,66355,6865.2,170.56,8.56919
5335.68,5348,65385,1524.24,1588,62904.7,4954.32,-66.42,8.57025
14368.6,13691,68779.7,7814.16,7755,66036,8412.48,48.38,8.5713
6776.96,6995,63493.2,3001.68,3111,63233.1,7444.08,68.88,8.57236
9247.36,7593,79815,7496.64,6889,71316.6,41253.8,53.3,8.57447
8959.36,9072,64722.3,3731.04,3920,62376.9,5335.2,-6.56,8.57552
8832,8765,66037,4842.72,5017,63259.4,10776.2,99.22,8.57658
12437.1,11893,68534.4,7104.96,6869,67787.3,13194,-15.58,8.57658
13532.8,13235,67010.6,5996.16,5939,66166.8,10751.8,-27.88,8.57869
10078.1,10313,64043.2,3612.24,3629,65233.3,7388.64,-26.24,8.57869
16373.8,14995,71561.9,10555.2,9399,73597.8,18192.2,-20.5,8.57974
22335.4,18063,81036.9,15804.7,13723,75477.5,27778.3,30.34,8.57974
17031.7,15669,71235.4,21058.6,20545,67174.2,18581.8,32.8,8.58186
10958.1,11629,61755,4928.4,5101,63318.5,9022.32,65.6,8.58186
5943.04,6408,60780.8,2322.72,2360,64500.8,17143.2,46.74,8.58186
5841.92,6231,61443.8,2508.48,2563,64141.9,8557.92,-47.56,8.58291
26352,17797,97039.1,169258,98977,112072,6712.56,2436.22,8.58397
11539.8,11409,66287.6,7418.16,6837,71106.7,19704.2,-13.12,8.58502
7729.92,8260,61330.3,6144.48,6148,65498.5,8207.28,108.24,8.58502
8862.72,8710,66685.1,10026,9126,71999.1,7203.6,-4.1,8.58819
40721.9,28932,92242.2,36654.5,26148,91868.9,71213.8,144.32,8.5903
10437.8,10729,63757,4278.96,4317,64958.5,12057.1,-119.72,8.5903
8840.96,9025,64199.6,5205.6,5169,66000,5114.16,112.34,8.59346
19711.4,20279,63701.6,6430.32,6419,65651.6,36946.8,53.3,8.59452
13674.9,12544,71444.3,12410.6,11236,72387.3,36287.3,90.2,8.59557
19460.5,18864,67608.3,7198.56,7104,66408.3,12428.6,95.94,8.59557
15289.6,15309,65452.9,7698.24,7577,66584.6,14996.9,9.02,8.59663
33734.4,19223,115009,17928.7,11591,101370,68708.2,165.64,8.59768
11653.1,11796,64742.2,4544.64,4580,65030,12713,112.34,8.60191
17005.4,14746,75577.7,14105.5,12746,72526.2,65070,113.98,8.60296
11061.1,11255,64407.1,4201.92,4247,64840.4,5057.28,128.74,8.60613
10294.4,10175,66305,4582.08,3823,78548.6,15087.6,-1.64,8.61035
12374.4,11888,68217.4,9751.68,9332,68483.3,11099.5,60.68,8.6114
8653.44,9177,61797.1,2987.28,3097,63214.2,7810.56,-6.56,8.61563
5756.16,6155,61289.3,2915.28,2971,64306.9,6251.76,-45.1,8.61668
8065.92,8289,63772.2,4211.28,3893,70894,5624.64,37.72,8.61879
6172.8,6568,61592.7,2457.36,2476,65042.6,28167.8,66.42,8.61879
6901.76,7352,61522.5,3984.48,3928,66478.3,6500.88,31.98,8.62301
119506,68889,113689,185430,109273,111211,39364.6,12641.1,8.62407
13193,13604,63555.9,4823.28,4916,64299.9,11075.8,12.3,8.62934
12961.3,12591,67463.3,7976.16,7531,69409.9,23197.7,-24.6,8.63251
15937.3,14404,72512.2,15366.2,14048,71685.8,18823,27.06,8.63779
7469.44,7985,61304.6,2674.08,2849,61512.3,5088.96,-52.48,8.63884
11118.1,10594,68778,5359.68,5234,67109.7,9258.48,39.36,8.6399
11428.5,11065,67688.8,6178.32,5657,71575.5,11906.6,-17.22,8.64095
16400,16040,67006.9,4094.64,4088,65642.5,14657,-82,8.64095
11991,11576,67885.7,7613.28,7176,69529.5,10591.9,-72.98,8.64095
11073.3,10495,69147.1,6268.32,5867,70018.9,35718.5,14.76,8.64095
5587.84,5653,64780.6,2211.84,2197,65978.7,14087.5,4.92,8.64201
8744.32,8026,71401.4,7550.64,6826,72493.2,20815.9,54.12,8.64306
12642.6,12624,65632.4,5451.12,5476,65238.2,22896.7,36.08,8.64306
8285.44,7844,69224.2,5954.4,5712,68317.1,10287.4,-10.66,8.64517
6758.4,6377,69455.6,2170.08,2217,64149,15743.5,64.78,8.64623
13789.4,12997,69531.8,8729.28,8629,66297.6,40559,22.14,8.65151
14529.9,13312,71531.9,8594.64,8160,69026.8,20531.5,-8.2,8.65256
11845.1,11085,70029.9,6056.64,6077,65316.4,10403.3,5.74,8.65362
9070.72,7789,76320.3,23110.6,20477,73964.6,7943.04,1092.24,8.65362
11922.6,11221,69633.4,8956.8,8625,68057.1,15085.4,-21.32,8.65467
10065.9,9609,68652.3,3337.92,3325,65790.7,24291.4,4.92,8.65573
7745.92,7313,69415.6,3209.04,3157,66616.3,6806.16,9.84,8.65678
8227.84,8053,66958.9,2845.44,2897,64369.6,7984.8,57.4,8.65678
14317.4,13868,67659.9,7085.52,6984,66488.6,26063.3,64.78,8.65784
11747.2,10301,74736.9,10568.2,9661,71689.8,16558.6,-7.38,8.65889
8291.2,8316,65340.6,2473.2,2536,63913.1,23143,-22.96,8.65995
9223.04,9313,64902.9,2888.64,2977,63590.8,30723.1,-1.64,8.66206
12733.4,12032,69356.6,8207.28,8132,66142.7,20188.1,22.14,8.66523
11418.9,11237,66596.8,4140.72,4117,65913.6,35575.9,-5.74,8.66523
23095.7,19177,78927.8,19247,16685,75599.3,30849.1,23.78,8.66734
13487.4,13533,65315,5070.24,5113,64987.9,13193.3,24.6,8.66839
12926.7,12145,69754.3,9306,8757,69644.6,22042.1,18.04,8.6705
6509.44,6552,65110.3,2427.12,2536,62722.3,19731.6,72.98,8.67156
14452.5,14533,65172.9,5577.84,4645,78697.4,18571,97.58,8.67156
8379.52,8257,66508.4,2414.88,2481,63789.4,7248.96,37.72,8.67261
13124.5,12489,68870.7,6454.08,6285,67299.1,18574.6,41.82,8.67367
11166.1,10612,68957.8,6202.8,6004,67706,9344.16,103.32,8.67367
15914.9,15720,66348.4,6564.96,6632,64873.5,16461.4,66.42,8.67472
12346.2,12087,66941.6,5286.96,5379,64414.6,6365.52,14.76,8.67578
10071.7,9832,67133.6,4096.08,4172,64343.4,23037.1,131.2,8.67578
11952.6,11721,66831.2,3546.72,3581,64908.6,22599.4,54.94,8.67578
6792.96,7057,63083.9,2292.48,2341,64177.7,13718.2,-39.36,8.67894
9831.68,8796,73252.5,8824.32,8444,68487.8,27784.1,-47.56,8.68
9625.6,9268,68064.7,3861.36,3728,67880.4,5114.88,-16.4,8.68
7620.48,7013,71212.9,5490.72,5269,68293.8,9357.12,31.98,8.68211
8666.24,8585,66156.2,4474.08,4329,67732.3,4759.92,45.92,8.68422
11869.4,11968,64996.3,5186.88,5232,64970.8,5053.68,94.3,8.68739
14665,14059,68360.7,7410.24,7112,68284.2,12218.4,42.64,8.68739
6407.04,6317,66470.1,2568.24,2537,66343,7611.84,89.38,8.6895
11581.4,10360,73262.7,7124.4,6840,68260.9,37409.8,82,8.69372
7818.88,7865,65151.7,2896.56,2953,64283.4,11620.1,-50.02,8.69689
5648,5626,65792.3,1369.44,1438,62411.4,4823.28,-26.24,8.70111
16314.9,14257,74995.6,11319.1,10049,73819.3,55104.5,-9.02,8.70216
13105.3,12393,69302.6,5490,5401,66615.9,8262.72,59.04,8.70216
14439.7,13849,68331.2,3592.8,3561,66121.3,5120.64,24.6,8.70322
16700.8,15530,70476.7,7465.68,7118,68737.1,14389.9,46.74,8.70638
10343,9611,70527.7,10792.1,10251,68995.2,7801.2,74.62,8.70744
18029.4,17140,68936.8,6726.24,6816,64673,8355.6,9.84,8.71166
13068.2,12198,70211.1,5876.64,5858,65744.5,24657.1,20.5,8.71271
8192.64,7796,68870.3,3027.6,3008,65963,8881.2,1.64,8.71377
12759,11349,73678.4,7822.08,7265,70561.3,26428.3,58.22,8.71377
8778.88,8080,71204.5,2895.12,2912,65156.1,26335.4,21.32,8.71377
11340.2,9583,77552.8,8604,7951,70918.3,14845.7,9.02,8.71377
6460.8,5904,71716.6,2283.84,2352,63636.8,7518.96,-14.76,8.71483
15947.5,14777,70727.3,8933.76,8825,66343.7,37172.9,79.54,8.71905
8026.24,8000,65751,3042,3220,61913.2,7270.56,98.4,8.7201
14737.9,14248,67789.5,9622.08,9752,64662.9,18869.8,34.44,8.72116
5759.36,6073,62151.4,2118.24,2233,62167.9,12413.5,-69.7,8.72643
12487,12441,65778.5,7128,7053,66232.9,8000.64,52.48,8.72854
10535.7,10148,68039.6,5522.4,5332,67876.2,6581.52,37.72,8.73065
5593.6,6012,60975.1,3121.92,3208,63777.5,17453.5,65.6,8.73277
20323.8,19073,69834,11367.4,10641,70009.5,16613.3,36.9,8.73488
16409,16476,65269.3,9556.56,9580,65375.7,8330.4,21.32,8.73488
17225,15768,71591.5,12476.2,11592,70534.6,24809.8,62.32,8.73699
42893.4,23392,120172,159449,84164,124158,31040.6,7252.08,8.7391
9881.6,9900,65414.2,5771.52,5580,67785.4,7160.4,-54.12,8.7391
11574.4,11396,66561.9,8179.2,7856,68232.2,5742,23.78,8.7391
9127.68,9384,63745.9,3478.32,3544,64321.4,26169.8,18.04,8.74015
10983.7,10409,69154.2,6168.96,5913,68372.9,15909.8,-13.12,8.74015
13315.2,11588,75304.2,12717.4,11620,71725,27699.8,41.82,8.74015
8958.72,9124,64348.8,7331.04,4016,119633,15181.9,-32.8,8.74121
12577.3,12012,68620.1,11929,10732,72845.4,21302.6,55.76,8.74226
11350.4,11312,65758.5,4449.6,4452,65500.7,5770.8,5.74,8.74332
5861.12,6172,62235,2999.52,3096,63493.7,29113.2,-4.92,8.74543
10360.3,10281,66041.6,6487.92,6301,67480.1,37378.1,16.4,8.74754
9811.2,9948,64634.8,3516.48,3484,66147,17619.8,-0.82,8.75282
7342.08,7478,64344.8,3022.56,3062,64691.9,9439.92,-2.46,8.75493
13387.5,12796,68565.5,6443.28,6312,66899.1,13624.6,-25.42,8.75704
7521.92,7352,67050.7,8782.56,8360,68848.6,8786.16,-22.14,8.75809
10812.2,10845,65337.6,5194.8,5165,65914.1,37360.8,58.22,8.76231
11762.6,11657,66129.5,6745.68,6745,65542.6,6739.2,52.48,8.76231
12078.7,12153,65135.4,4526.64,4473,66321.9,9983.52,-33.62,8.76443
11769.6,11849,65096.8,5552.64,5481,66392.6,12415.7,39.36,8.77076
26254.7,17948,95867.5,21088.8,13560,101923,47905.2,131.2,8.77181
13353,13729,63741,7200.72,7237,65207.5,8062.56,-27.06,8.77392
13339.5,13219,66133.5,5150.88,5111,66047.4,17412.5,-36.08,8.77498
10734.1,10525,66837.9,8131.68,7865,67758.1,10023.8,64.78,8.77603
8100.48,8532,62221.4,2563.92,2692,62417.9,11265.1,29.52,8.77814
10030.7,10096,65112.3,4776.48,4772,65597.5,10793.5,7.38,8.7792
9385.6,9752,63073.7,3710.88,3800,63999,5470.56,-18.86,8.78026
7853.44,7468,68918.5,5390.64,5048,69984.3,19752.5,-13.12,8.78342
10391.7,10164,67004,8420.4,7908,69782.4,16341.8,22.96,8.78448
21976.3,17340,83058.8,26825,22540,77994.9,21034.8,95.94,8.78764
11036.8,11252,64282.6,5392.8,5488,64399.2,11526.5,-45.1,8.78764
12409.6,12548,64813.2,7181.28,7168,65657.4,17929.4,-60.68,8.7887
7479.04,7500,65352.9,6430.32,5948,70850.3,14587.2,55.76,8.79292
15882.9,15096,68952.1,16881.8,16028,69027.2,31101.1,83.64,8.79292
6359.68,6337,65770.5,3098.88,3057,66433.8,9626.4,72.98,8.79397
6651.52,6756,64522.5,2484,2480,65641.7,7988.4,-0.82,8.79503
7464.32,7629,64121.3,3459.6,3501,64761,4960.8,22.96,8.79609
6728.96,6969,63278.7,2676.24,2713,64648,11824.6,71.34,8.79714
5938.56,5988,64994.9,4511.52,4228,69930.7,10528.6,9.02,8.7982
14890.2,14340,68050.7,7082.64,6928,66998.8,5186.88,9.84,8.7982
12341.1,12120,66731.7,7205.04,7004,67417.1,15044.4,57.4,8.79925
15815,15088,68694,9210.96,8596,70224.5,42554.2,-13.12,8.80031
5695.36,5926,62985.3,2563.92,2614,64280.4,14202.7,74.62,8.80136
8274.56,8344,64990.6,2620.08,2696,63690.5,19982.9,2.46,8.80136
8066.56,8108,65201.1,3397.68,3464,64281.3,5140.08,9.02,8.80242
27185.3,19537,91191.8,23259.6,18289,83347.4,19787,143.5,8.80347
11449,10353,72473.6,8605.44,8433,66876.1,12273.8,4.1,8.80769
9500.16,9275,67127,4536.72,4491,66203.2,9012.96,14.76,8.8098
9349.12,9512,64413.8,3042,3176,62770.9,17299.4,-0.82,8.81297
11356.2,11053,67333.5,5724.72,5725,65532.8,8236.8,31.98,8.81403
7044.48,7115,64886.4,2893.68,2987,63488.5,17805.6,-72.16,8.81508
12081.9,11649,67971.6,4189.68,4165,65924.3,18061.2,-36.9,8.81719
12293.8,12229,65883.1,4596.48,4565,65987.9,14756.4,-6.56,8.8193
15569.9,15119,67490.6,10271.5,10203,65976.1,19656.7,-28.7,8.82141
10235.5,9954,67389.5,4073.04,4038,66104.7,36996.5,-84.46,8.82247
7372.8,7170,67389.7,2756.88,2722,66375.8,5472,-21.32,8.82352
12348.2,11812,68510.8,7980.48,7220,72438.9,11014.6,0.82,8.82352
8639.36,8684,65199.1,2690.64,2632,66996.1,16497.4,123.82,8.82563
10328.3,10437,64853.6,4906.8,4901,65613.6,8953.2,36.9,8.83197
12263,11745,68426.6,6767.28,6549,67720.3,7513.2,42.64,8.83408
12219.5,12409,64535.3,4745.52,4797,64832.7,14333.8,-18.86,8.83513
11086.1,11127,65295,5328,5315,65696.3,5937.12,59.86,8.83619
11865,11700,66460,5809.68,5568,68380.6,23783.8,120.54,8.83724
12756.5,12715,65749.8,4152.96,4191,64941.2,7811.28,15.58,8.8383
20337.3,19840,67178.6,8529.12,8512,65667.8,23363.3,13.12,8.83935
18382.1,18157,66348.4,10411.2,10649,64072.5,9432,-0.82,8.83935
14292.5,14596,64173.2,7516.8,5600,87968,15616.1,188.6,8.83935
14326.4,14036,66891.9,10290.2,10068,66982.6,14320.8,-6.56,8.84146
12574.1,12679,64993.7,7444.08,7571,64437.4,5143.68,37.72,8.84674
13083.5,12942,66252.6,6972.48,5898,77475.2,14813.3,77.9,8.84674
8179.84,8348,64215.9,3284.64,3372,63838.1,46473.1,-6.56,8.8478
12185.6,12441,64190.6,4524.48,4697,63128.9,5392.08,-44.28,8.8478
26585.6,21497,81049.2,22190.4,18841,77186.5,63020.9,159.08,8.84885
6751.36,7016,63064,2957.04,2988,64857,21937,-72.16,8.85096
10851.8,10948,64960.4,6152.4,6160,65455.1,6199.92,-35.26,8.85202
10940.2,10769,66577.6,4861.44,4833,65921.7,20821.7,55.76,8.85518
11273.6,11292,65429.2,7425.36,7260,67028.7,15703.9,100.86,8.85518
13183.4,13048,66215.9,6449.04,6348,66579.1,26267,-8.2,8.85624
16091.5,15784,66812.8,5908.32,5276,73390.4,13719.6,-16.4,8.85624
11909.8,12145,64266.6,4842,4949,64119.1,12396.2,-53.3,8.85624
19923.2,17755,73539.1,23247.4,21407,71170.1,41715.4,108.24,8.85729
10313,10460,64614.7,7629.84,7592,65862.6,4976.64,29.52,8.85729
12083.8,12226,64774,5065.2,5154,64406.9,20810.9,-19.68,8.85729
11123.2,11441,63715.6,5197.68,5361,63539.5,16270.6,15.58,8.86152
6000,6190,63524.4,2412,2446,64625,9443.52,-11.48,8.86257
13685.8,13935,64363.8,6552,6683,64251.4,7556.4,32.8,8.86679
11405.4,11664,64083.2,6673.68,6724,65045.6,6901.2,44.28,8.86679
10467.2,10609,64660,6654.96,6705,65046.9,9393.12,-5.74,8.87312
9755.52,10143,63032.4,5331.6,5499,63541,11615.8,-10.66,8.87312
12496.6,12177,67256.3,8954.64,8469,69294.1,20170.1,-37.72,8.87523
16197.8,15629,67920.9,9561.6,9401,66655.6,12435.1,59.86,8.88579
18780.2,17740,69378.6,10733,10300,68291.3,16307.3,60.68,8.88684
11287,10701,69125.1,7351.2,7021,68618.2,23493.6,3.28,8.8879
13828.5,10965,82650.5,10910.9,9041,79090.3,43387.9,-9.84,8.89317
12851.2,12984,64865.7,7242.48,7336,64700.5,12102.5,16.4,8.89317
5080.96,5364,62077.9,2358.72,2388,64732.4,28095.8,-7.38,8.89423
12927.4,12805,66162.2,9162.72,8709,68950.3,8084.16,72.16,8.89423
24529.3,20390,78840.2,19774.1,17030,76096,30718.8,150.88,8.89423
13711.4,13557,66282.2,7593.12,7313,68046.3,31322.9,37.72,8.89845
10985,10464,68798.8,6080.4,5920,67311.7,10957,54.94,8.89845
10220.2,10056,66605.9,4713.12,4668,66169.5,25100.6,18.86,8.89951
50414.1,39929,82745.3,34845.8,27529,82954.6,121097,8602.62,8.90162
11282.6,11152,66303.3,4390.56,4484,64170.3,6907.68,82.82,8.909
8410.88,8098,68068.1,3356.64,3334,65981,15043.7,14.76,8.91006
16054.4,15041,69951.5,10542.2,9909,69724.1,14430.2,102.5,8.91111
10865.3,10812,65859,4824.72,5016,63036.9,5784.48,49.2,8.91639
14056.3,13638,67546.2,8339.04,8258,66179.1,9915.12,22.14,8.91956
10920.3,10193,70212.3,4883.76,4673,68491.8,13772.9,-4.92,8.91956
5505.92,5407,66735,2189.52,2239,64087.7,5512.32,-43.46,8.92167
16523.5,15976,67782,6264.72,5992,68518.8,34683.8,140.22,8.92272
8330.24,8156,66936.1,5601.6,5612,65414.6,11813,20.5,8.92272
12702.1,12431,66965.1,6163.92,6075,66495.3,6971.76,52.48,8.92483
15555.2,15112,67458,3421.44,3512,63846.1,11003,13.12,8.92694
6665.6,6481,67402.7,2028.24,2033,65382.6,8101.44,-50.02,8.92694
16562.6,14916,72770.5,15573.6,14160,72078.5,35240.4,73.8,8.928
12012.8,11796,66740.5,3173.04,3220,64580.2,20965,73.8,8.928
10447.4,9988,68550.1,7735.68,7268,69753.1,8218.8,54.94,8.93328
13680,13292,67449,4482.72,4472,65693.1,15117.1,67.24,8.93855
9834.24,9908,65048.1,4707.36,4868,63373.4,5379.12,11.48,8.93855
9233.92,8846,68409.9,4352.4,4250,67115,14495,59.04,8.93961
7065.6,6575,70426,6067.44,5727,69431.8,22772.9,-20.5,8.93961
11312.6,11293,65650,5222.88,4201,81477.4,16769.5,-85.28,8.94277
12403.8,11377,71451,6896.88,5893,76700.1,12564.7,12.3,8.94594
7496.32,7180,68423.2,2965.68,3000,64786.3,10683.4,15.58,8.94594
14137.6,12901,71817.8,8741.52,8065,71033.4,12422.9,61.5,8.94911
9388.8,8792,69984.6,3828.96,3836,65415.7,33058.1,123.82,8.94911
9658.24,9412,67250.6,2648.16,2768,62698.6,10696.3,65.6,8.95016
15558.4,13069,78019.4,12489.8,11181,73207.6,27361.4,58.22,8.95016
11239,9893,74452.8,5519.52,5349,67625.2,19331.3,-57.4,8.95227
15668.5,14257,72024.2,7919.28,7121,72882.7,33241,5.74,8.95438
23014.4,17629,85556.3,16955.3,14749,75339.4,21775,78.72,8.95438
9118.08,8650,69082.4,3356.64,3482,63176.6,7065.36,14.76,8.95544
11568.6,10927,69384.3,3930.48,3887,66269.1,11147.8,21.32,8.95649
8030.08,7927,66388.2,3381.12,3431,64583.2,9241.92,-74.62,8.95649
20018.6,18104,72466.6,8882.64,8472,68712.6,26640,30.34,8.95755
11280.6,11213,65931.3,5779.44,5869,64535.9,30631,18.86,8.95966
5585.92,5353,68387.6,2512.8,2509,65635.3,38735.3,-37.72,8.96071
16442.9,15797,68215.5,7153.2,6965,67306.8,8108.64,72.98,8.96388
8549.76,8540,65610.9,1715.76,1836,61244,51463.4,27.88,8.96388
10910.1,10556,67734.3,4747.68,4536,68594.3,12533.8,6.56,8.96388
10821.1,10389,68261.9,3365.28,3345,65933.3,7850.88,161.54,8.96599
10775.7,9960,70903.1,4469.04,4520,64797.1,17125.2,0.82,8.97338
13567.4,12312,72218.2,8195.04,7868,68260.1,16680.2,-13.12,8.97338
7247.36,6721,70668.5,2288.88,2417,62062.1,10990.8,44.28,8.97443
13100.8,12312,69734.7,5248.8,5324,64610.3,10602,36.08,8.97443
13957.8,12313,74290.3,6443.28,6297,67058.4,12165.8,150.88,8.97549
12546.6,10871,75637.1,11153.5,10851,67363.1,6040.8,24.6,8.9776
13381.1,12412,70653,7030.8,7180,64174.2,12823.9,47.56,8.9776
25251.2,17864,92636.7,20019.6,16012,81938.8,32601.6,-14.76,8.9776
18647.7,18100,67519,5835.6,5856,65307.7,64113.1,63.96,8.98288
15112.3,14169,69899.1,6852.96,6633,67709.3,9860.4,155.8,8.98393
11127,10689,68221.7,3132.72,3201,64138.1,24305.8,77.9,8.98393
15603.2,14356,71229.5,6943.68,6432,70749.5,32392.1,0,8.98815
15466.9,13253,76483.6,8204.4,7605,70701.3,19939.7,59.86,8.98815
16247.7,15580,68344.5,7359.12,7320,65886.2,38865.6,23.78,8.98815
24839,23206,70147.9,16105.7,15826,66694.2,11808.7,116.44,8.98921
5795.2,5397,70371.4,1813.68,1841,64563.5,5956.56,26.24,8.98921
17673.6,15401,75206.6,10824.5,9961,71217.1,15417.4,75.44,8.98921
7643.52,7628,65669.3,3077.28,2668,75589.4,20279.5,54.94,8.99026
10782.1,9884,71490.7,8889.12,8136,71602.4,20905.2,108.24,8.99237
8302.08,8545,63672.9,2843.28,2997,62174.6,16318.1,-5.74,8.99554
12583,11905,69268.5,6491.52,6245,68123,16758.7,-8.2,9.00082
9559.68,9533,65719.4,4342.32,4377,65016.8,28868.4,33.62,9.00187
10587.5,10373,66891.3,5362.56,5333,65899.3,28153.4,-18.04,9.00504
10652.2,11071,63056.6,3630.24,3739,63629.7,39359.5,52.48,9.00609
15066.2,14964,65983.8,5042.88,5092,64903.8,35680.3,9.84,9.00715
4891.52,5166,62053.9,2612.88,2622,65308,7046.64,83.64,9.0082
9050.88,8973,66104.8,4750.56,4701,66226.9,6996.96,8.2,9.00926
14259.8,13757,67931.4,9074.88,8733,68101.6,41108.4,9.84,9.01031
18414.7,16377,73690.4,12809.5,11725,71597.8,65545.2,-20.5,9.01031
12941.4,12881,65843.5,4973.76,4917,66292.5,12615.8,92.66,9.01031
16482.6,16245,66494.4,10674.7,10593,66041.6,21627.4,71.34,9.01137
13453.4,13056,67531,11868.5,11328,68662.9,23071,66.42,9.01243
7268.48,7684,61992.1,2248.56,2320,63517.9,11095.2,1.64,9.01665
10037.1,10433,63049.2,4992.48,5041,64905.2,5006.16,10.66,9.01665
17235.8,16865,66977.1,8007.12,7877,66618.6,39748.3,-9.84,9.0177
5227.52,5650,60635.5,2625.84,2066,83294.8,9950.4,-6.56,9.01876
13094.4,12941,66312.9,10647.4,9913,70390.9,16692.5,-59.86,9.01981
8301.44,8221,66177.2,5343.84,5309,65966.1,8213.76,-1.64,9.02403
8418.56,8661,63701.5,3024.72,3105,63841.6,8748.72,1.64,9.02509
9364.48,8821,69573.8,8421.12,8097,68159.4,6703.92,49.2,9.02826
9658.88,9629,65739.4,6557.04,6461,66510.2,10905.1,-65.6,9.03037
6510.08,6529,65346.1,3147.84,3185,64771.4,22586.4,19.68,9.03037
13020.8,11937,71486.2,7373.52,7189,67218.1,7153.92,45.92,9.03248
13465.6,12617,69943.8,5502.96,5501,65559.4,19884.2,-37.72,9.03459
16554.9,15439,70272.7,10995.8,10860,66355.8,5614.56,18.04,9.0367
14732.8,13676,70600.2,10385.3,9900,68748.5,49651.9,94.3,9.04092
9846.4,9473,68119.3,3278.88,3301,65096.8,14064.5,33.62,9.04092
7090.56,7377,62991.3,2613.6,2821,60717.8,10037.5,11.48,9.04409
10336,9516,71183.3,7684.56,7176,70180.5,5847.12,-18.04,9.04409
8603.52,7997,70506.5,5816.88,5433,70166.6,12731,-34.44,9.0462
10345,10640,63718.7,5272.56,5216,66246.6,10258.6,-11.48,9.04936
10716.2,11044,63590.6,5354.64,5232,67072.2,22726.1,72.16,9.05042
8480.64,7830,70981.8,8294.4,7665,70917.4,11438.6,66.42,9.05253
14901.1,14409,67774.3,12801.6,11773,71261.8,18608.4,98.4,9.05253
15732.5,16183,63711.5,4315.68,4375,64647.4,37750.3,52.48,9.05358
6616.32,7132,60797.4,3301.92,2824,76627,17480.2,113.98,9.05464
10469.1,9637,71194.8,9015.84,8229,71802.4,53428.3,59.04,9.05886
5902.72,6403,60415.5,2695.68,2723,64878.5,42194.2,42.64,9.05991
6520.32,6844,62436.5,3048.48,3048,65546.3,25875.4,-4.92,9.05991
10247.7,9708,69179.2,10673.3,9544,73290.5,11533.7,73.8,9.05991
15127.7,14185,69891.3,12389.8,11533,70404.5,24207.1,68.06,9.06203
15114.9,14172,69896.2,9912.96,9400,69112.3,40458.2,94.3,9.06308
14905,14780,66090.1,6149.52,6220,64793.4,16146,40.18,9.06625
12929.9,12627,67108.2,7707.6,7603,66437.6,14026.3,-14.76,9.06836
13297.9,12404,70259,5193.36,5088,66893.1,14467.7,41.82,9.07574
15941.1,15897,65717.9,6163.92,6381,63306.5,9134.64,44.28,9.07574
11033,10442,69245,7043.76,6990,66040,11433.6,120.54,9.07574
14094.1,13387,68997.5,6073.92,5771,68976,32156.6,86.92,9.07786
7890.56,7840,65958.6,3978,3872,67330.1,10245.6,36.9,9.07891
9071.36,9116,65215.1,3709.44,3708,65561.5,6529.68,145.14,9.07891
10556.8,10813,63983.2,5158.8,4985,67820.9,12949.9,8.2,9.08102
7878.4,8185,63081.1,2715.12,2857,62281.5,15049.4,43.46,9.08208
13628.8,8438,105852,165648,111938,96981.2,16875.4,3165.2,9.08313
6087.68,6285,63478.5,2772,2777,65418,24594.5,16.4,9.08419
11666.6,11789,64855.3,4389.12,4477,64249.6,12983.8,60.68,9.0863
11939.8,11613,67380.5,4639.68,4425,68715.5,19273,29.52,9.08735
8506.24,8644,64491.6,3718.08,3748,65012.8,7881.12,-46.74,9.08841
11084.8,10737,67658.9,4392,4321,66612.8,18212.4,68.06,9.09157
5647.36,5573,66410.4,2275.2,2273,65599.4,23135,45.1,9.09474
18243.2,16977,70423.9,12753.4,12565,66518.4,5938.56,20.5,9.09474
8951.68,7677,76417.5,6535.44,6045,70853,43876.8,47.56,9.09685
8561.28,8412,66699,6180.48,6216,65161.5,5850.72,-2.46,9.09791
10547.2,9657,71577.2,7535.52,6873,71853.3,28409.8,53.3,9.09791
13800.3,13465,67168,4173.84,4205,65050.4,8889.12,42.64,9.09896
18711,17685,69338.2,9360,9073,67609.1,7804.8,9.02,9.10002
12956.2,11612,73122.2,9418.32,8504,72582.2,32958.7,127.1,9.10002
11081.6,9804,74076.3,9540,8668,72128.9,22691.5,200.9,9.10107
24443.5,14313,111921,237532,165453,94086.4,24261.1,5717.86,9.10318
12800,12317,68105.9,5711.76,5625,66546.8,13855.7,17.22,9.1074
8864.64,8809,65949.9,3017.52,3069,64436.7,9270,13.94,9.1074
11936.6,10821,72292.7,8910.72,8389,69611.8,16463.5,-8.2,9.1074
12033.9,12036,65524.7,8118.72,8160,65204.5,15112.8,68.88,9.1074
14794.2,12577,77089.6,24047.3,18709,84235.5,28103.8,2080.34,9.1074
11763.2,11813,65259.7,4713.12,4913,62869.7,31546.8,68.06,9.11057
13443.2,13236,66561.9,8007.84,7968,65863.7,7986.24,37.72,9.11057
12160,11503,69279.1,8035.2,7343,71713.9,46122.5,68.88,9.11268
11177,11013,66511.7,8503.2,8417,66207.2,4836.24,40.18,9.11268
11449,11403,65800.1,7110.72,6859,67941.1,16094.9,95.12,9.11374
14280.3,12980,72101.3,11376,10432,71466.4,34737.1,-31.16,9.11374
14057,13385,68826.1,12150.7,11661,68288.3,15165.4,-29.52,9.11374
12943.4,11276,75226.7,11362.3,10024,74285.8,12245.8,119.72,9.11479
8640,8001,70770,7780.32,7397,68932.1,8697.6,-13.12,9.11585
5425.92,5553,64036.2,3014.64,2437,81070,10126.1,-19.68,9.11796
8990.08,9401,62671.4,4483.44,4617,63640.2,23122.8,37.72,9.12957
11059.8,11304,64120.5,5211.36,5208,65578.3,6289.92,22.96,9.13379
14862.1,14989,64981.1,7169.04,7081,66350.8,30260.2,42.64,9.13484
11641.6,11677,65337.3,9950.4,9753,66862.4,40540.3,18.04,9.1359
8335.36,7584,72028.8,6646.32,6176,70526.8,7726.32,-2.46,9.13801
9597.44,9357,67220,7888.32,7565,68336.9,20162.2,36.08,9.14012
12271.4,12728,63184.8,5795.28,5932,64025.5,20230.6,45.92,9.14117
10439.7,10349,66110.2,6131.52,5769,69654.2,7508.88,134.48,9.14434
13326.1,12974,67314.5,5322.24,5338,65342.5,7133.04,-6.56,9.14434
11039.4,11202,64584.5,6211.44,6162,66061.8,24176.9,21.32,9.14645
4912,5068,63518.7,2077.2,2152,63258.1,5481.36,24.6,9.14645
11285.8,11547,64053.3,4343.76,4427,64303.7,11813.8,-23.78,9.14751
18543.4,18069,67256.5,9310.32,9429,64711.1,8400.96,55.76,9.14751
11813.8,11537,67108.1,8633.52,8225,68791.1,10643.8,70.52,9.14751
11417,11869,63040,4531.68,4393,67604.9,7474.32,64.78,9.14856
8968.96,9230,63682.5,4759.2,4857,64216.4,11659.7,35.26,9.15278
13724.2,13260,67830.1,11534.4,10972,68895.2,8853.12,13.94,9.15384
10522.9,10088,68361.2,5905.44,5720,67660.7,18240.5,-24.6,9.157
13741.4,13729,65595.4,4781.52,4933,63523.6,5951.52,-3.28,9.15911
9751.04,9205,69423.6,6173.28,5953,67961,32341,65.6,9.16017
15273,15126,66172.7,5692.32,5746,64923.8,5040,-11.48,9.16123
10334.7,9936,68165.9,6639.12,6292,69151.5,10262.2,77.08,9.16228
9045.76,9021,65715.9,3526.56,3661,63129.4,6258.24,24.6,9.16334
6950.4,6761,67371.9,2969.28,3049,63822.5,23436,17.22,9.16439
7531.52,7361,67054.2,2946.96,3045,63425.9,6634.08,-84.46,9.16756
19839.4,18813,69111.4,8988.48,8857,66508.9,28121.8,46.74,9.16756
16400,15144,70971.4,10003.7,9656,67895.7,19972.8,67.24,9.16967
15824.6,15368,67483.3,9340.56,9244,66220.6,11340.7,-73.8,9.17072
24979.2,16819,97332.6,24135.1,18659,84769.8,36511.9,143.5,9.17072
7822.72,7650,67015.7,2789.28,2934,62303.4,18485.3,109.88,9.17072
6124.8,5660,70917.8,2778.48,2716,67043.6,15446.9,60.68,9.176
25029.1,21565,76063.5,21245,18605,74835.5,53533.4,99.22,9.176
9132.8,8710,68717.2,3840.48,3926,64108.4,7829.28,22.96,9.17706
12132.5,9746,81583.6,9547.2,8742,71572.3,15757.9,35.26,9.17917
7065.6,6528,70933.1,3512.16,3556,64728,5672.88,4.1,9.17917
13399.7,12752,68864.6,6359.04,6432,64792.6,20677.7,-37.72,9.18022
12277.8,11152,72151.7,10831.7,10640,66716.6,5520.96,42.64,9.18022
13225,12387,69969.4,4774.32,4627,67622.6,6603.84,-23.78,9.18128
11263.4,10440,70704.5,4412.88,4360,66330.9,43861,23.78,9.18339
23204.5,21024,72333,16688.9,16068,68068.4,7642.8,73.8,9.18339
16602.2,16052,67782.5,7157.52,7296,64292.1,4847.04,74.62,9.18444
19122.6,17685,70863.2,9390.24,9009,68309.3,5431.68,46.74,9.1855
8136.96,8008,66591.4,7940.16,3900,133427,15897.6,346.86,9.18655
22544,18876,78271,15603.8,14396,71034.6,25224.5,20.5,9.18761
36142.1,22397,105756,25785.4,18877,89520,67045.7,191.88,9.18761
15515.5,14641,69450.5,4871.52,4709,67797.8,25660.1,78.72,9.18866
5322.88,5056,68995.3,2319.84,2372,64094.9,47576.2,13.12,9.18866
10304.6,9408,71782,6616.08,6224,69664.4,23406.5,58.22,9.19183
12909.4,12308,68738.5,7137.36,7012,66707.7,6827.04,51.66,9.19394
8735.36,8549,66964.6,2945.52,2977,64843,17912.9,-72.98,9.195
5346.56,5630,62236.6,2009.52,2046,64367.5,8645.04,-28.7,9.19711
6636.8,6946,62618.7,2432.88,2530,63020.2,6783.12,-27.88,9.19816
11891.2,12121,64293.5,6310.08,6237,66303.9,11502.7,1.64,9.19922
13503.4,13789,64178.4,5322.96,5165,67540.3,31792.3,18.86,9.20027
12075.5,11772,67225.7,8035.92,7612,69185.8,22900.3,13.12,9.20449
5937.28,6094,63850.6,2377.44,2350,66301.3,19900.1,75.44,9.20449
14202.2,13277,70103,10624.3,9789,71128.4,13024.1,-32.8,9.2066
7665.28,7543,66598.4,3336.48,3351,65252,7214.4,0.82,9.20977
9148.16,9161,65444.1,4230.72,4409,62886,6596.64,62.32,9.20977
20527.4,16951,79362.9,13283.3,12243,71104.6,57795.8,97.58,9.21082
21573.1,18126,77999.3,15427.4,13438,75238.3,59490.7,13.94,9.21188
18378.9,17605,68416.8,9012.24,9173,64387.5,10311.8,-15.58,9.21294
16430.1,15014,71717.2,11774.2,11122,69378.8,13743.4,96.76,9.21399
14188.2,13368,69556.8,4847.04,4796,66233.5,9812.88,46.74,9.21399
10878.1,10029,71084.4,8548.56,8205,68280.1,16794.7,84.46,9.21505
15180.2,15049,66107.2,5680.08,5833,63817.9,8424.72,59.86,9.2161
8384.64,8685,63269.5,2120.4,2265,61352.1,13531,-48.38,9.21821
6512,6432,66351.1,2594.16,2352,72283.5,8905.68,-2.46,9.22032
10356.5,10197,66561,4816.08,4789,65906.6,6889.68,-0.82,9.22138
7174.4,7229,65041,2614.32,2781,61608.1,7029.36,90.2,9.22138
11134.1,11496,63472.8,4154.4,4360,62445.6,15781.7,-23.78,9.22243
13301.1,12533,69552.6,11665.4,11201,68253.4,10481.8,-0.82,9.22771
13150.7,13116,65709.5,4718.88,4696,65855.3,17516.2,-13.12,9.22982
6531.2,6781,63121.8,3121.92,3289,62206.8,9313.2,-4.1,9.23088
16520.3,11516,94014.9,15974.6,10296,101682,36682.6,59.04,9.23193
14567,12389,77057.5,15990.5,14533,72108.5,20815.9,109.88,9.23299
11063,10048,72156.4,7471.44,6880,71169.8,15088.3,-31.16,9.23299
11543.7,11229,67372.6,7487.28,7209,68065.8,19671.1,51.66,9.23299
6279.68,6407,64233.7,3856.32,3843,65763.1,20083,-17.22,9.23404
27744,18296,99378.6,21929.8,16120,89155.6,27828,83.64,9.2351
14569,13748,69449.5,7277.04,6816,69968.9,12656.2,36.08,9.2351
22773.1,18729,79687.1,16627,14269,76365.9,27180.7,59.86,9.2351
12485.8,11077,73870.8,10684.1,10005,69984.2,14958.7,66.42,9.23615
9020.8,9210,64189.7,3294.72,3310,65233.5,44451.4,127.92,9.23932
12691.8,12392,67121.7,4554,4572,65278,10700.6,-23.78,9.24354
8984.32,9261,63578.1,2754,2797,64528.5,6946.56,-43.46,9.24671
11235.2,11257,65409.1,5154.48,4825,70011.2,21409.9,69.7,9.24776
16688.6,15160,72144.2,11211.8,10476,70139.3,24896.2,91.84,9.24882
16392.3,16055,66912.9,8221.68,8343,64583,39278.2,10.66,9.25304
18215,17124,69711.6,7058.16,6932,66728.7,20735.3,78.72,9.25304
10879.4,10605,67231.5,6812.64,6685,66787.3,18288,64.78,9.25304
14250.2,14108,66196.8,7578,7336,67697.9,5499.36,125.46,9.25304
6992.64,7012,65355.1,3931.2,3936,65456.1,15518.2,103.32,9.25409
12243.8,12304,65215.6,5688,5652,65953.4,18304.6,-17.22,9.25409
14698.9,13691,70360.5,11328.5,10799,68749.3,18419.8,112.34,9.25409
6151.68,6123,65843,1854,1967,61771.1,6979.68,-21.32,9.25515
11425.3,11365,65883.6,3791.52,3857,64423.4,14199.1,82,9.25726
5168,5300,63903.8,3114,2692,75809.5,8061.84,1.64,9.25726
22895.4,17633,85094.4,18231.1,15505,77058.7,18463,70.52,9.26043
12595.2,12337,66907.6,7462.08,7233,67611.6,12687.1,-51.66,9.26148
9023.36,8928,66236,2394.72,2452,64005.1,13807.4,-82,9.26254
12516.5,11997,68373.8,4133.52,4125,65671.4,8258.4,-9.84,9.26359
21208.3,15433,90060.8,22366.8,18237,80376.7,12273.1,26.24,9.26359
9943.04,9876,65980.9,4284,4340,64690.4,7198.56,-5.74,9.26465
10778.2,10049,70291.9,7704.72,7429,67968.3,8125.2,64.78,9.2657
5584.64,5757,63573.9,2548.08,2637,63326.1,6948,-59.04,9.26676
21497.6,19085,73820.6,18368.6,17625,68301.1,41124.2,-23.78,9.26676
10917.8,10781,66367.4,3487.68,3625,63053.4,26426.9,5.74,9.26887
12263,12176,66004.5,6185.52,6160,65807.5,13922.6,-9.02,9.27203
14485.1,14098,67335.6,5145.12,5170,65220.6,24759.4,58.22,9.27203
12446.1,11888,68612.6,6556.32,6564,65459.3,8264.88,-4.1,9.27731
6609.28,6305,68698.8,2491.2,2533,64454.5,19633,-47.56,9.27731
8922.24,9118,64129,3301.92,3422,63236.3,10823,73.8,9.28259
11644.2,11552,66058.8,4732.56,4740,65433.1,10045.4,45.1,9.28364
8415.36,8237,66955.1,3395.52,3369,66051.9,22582.1,50.02,9.28575
9784.32,9300,68948.9,9027.36,8304,71244.8,9445.68,70.52,9.28575
13013.8,12454,68481.6,10072.1,9750,67700.9,22462.6,-29.52,9.28786
6635.52,6420,67736,2975.76,3012,64747.5,6728.4,24.6,9.28786
16898.6,14265,77635.1,7274.16,6585,72394.7,69751.4,-50.84,9.28997
17118.1,15747,71242.2,10140.5,9488,70042.8,27416.2,53.3,9.29314
17189.1,16389,68735.5,8161.2,8229,64996,9616.32,32.8,9.2942
13761.9,13088,68910.5,4986.72,5140,63581.7,13008.2,46.74,9.29525
9314.56,8517,71673,4085.28,4069,65798.2,8621.28,-2.46,9.29631
10981.8,9145,78698.8,4974.48,4637,70305.7,17744.4,98.4,9.29736
14379.5,13547,69563.5,5778.72,5707,66359.6,18470.2,-28.7,9.30053
11947.5,11196,69935,8111.52,7628,69690.2,7200,-1.64,9.30264
11747.8,10872,70815.5,6158.16,5816,69391.5,10566,21.32,9.30369
13043.8,12557,68076.9,8227.44,7277,74095.6,11294.6,-34.44,9.30369
11636.5,11129,68524.4,6699.6,6765,64902.4,5327.28,69.7,9.3058
18768.6,17824,69009.3,7538.4,7552,65418,20988,72.16,9.30791
5451.52,5483,65159.7,2095.2,2223,61768.3,10482.5,-36.08,9.31319
12374.4,11689,69378.8,4351.68,4349,65576.4,11383.9,53.3,9.3153
13561,13249,67079.1,4896,5013,64006.4,10308.2,-21.32,9.31741
11497,9761,77191.4,7434.72,7141,68231.6,15352.6,17.22,9.31847
10096.6,9289,71234.1,3939.12,3869,66723.7,7411.68,-7.38,9.31847
10917.8,10467,68358.3,5130,5139,65421.2,10144.1,13.94,9.32058
12037.8,11534,68398.4,5387.04,4970,71035.2,17295.8,4.1,9.32163
14958.1,11916,82266.9,15446.2,13832,73183.9,29229.1,119.72,9.3248
6666.88,6586,66340.8,984.96,1070,60327.4,13388.4,-6.56,9.32797
14798.7,14416,67275.9,6426.72,6564,64165.4,26334.7,-1.64,9.32902
13394.6,12637,69464.7,7545.6,7209,68596,50051.5,31.16,9.33008
13822.1,11937,75885.4,9443.52,8389,73774.1,30721.7,100.04,9.34063
13381.8,12569,69773.8,10671.8,10297,67921.7,19532.2,75.44,9.34274
11576.3,11632,65222.3,7760.16,7620,66741.5,18701.3,57.4,9.34274
8810.24,8984,64268.5,7747.2,7160,70910.7,13348.8,92.66,9.34274
13681.3,14456,62023.8,7619.76,7576,65914.5,23410.8,45.1,9.34485
8040.96,8936,58971.8,4969.44,5100,63858.3,7933.68,-64.78,9.34485
12906.2,13032,64903.6,9809.28,9160,70181.3,37114.6,114.8,9.34696
5763.2,6661,56702.8,3716.64,3797,64149,9636.48,9.84,9.35013
9595.52,10105,62231.8,5752.08,5578,67581.3,31434.5,21.32,9.35435
7973.76,8084,64642.3,2351.52,2404,64105.3,22075.2,-55.76,9.35857
12615.7,12636,65430.6,5733.36,5788,64917.3,12199,31.98,9.35857
8080,8148,64989.1,3080.88,3136,64384.1,8884.8,-52.48,9.35963
15607.7,15005,68168.3,8076.96,7933,66725.3,10309,117.26,9.36174
12206.7,10349,77300.2,9015.12,8253,71587.9,28854,36.9,9.36596
13013.1,12569,67851.7,8024.4,7913,66458.6,10298.2,59.04,9.36596
17057.3,16345,68391.9,12280.3,11577,69517.4,46373.8,11.48,9.37229
8731.52,8371,68358.5,7655.76,7143,70240.5,18438.5,52.48,9.3744
10346.9,10376,65352.1,6339.6,6040,68786.8,18853.9,105.78,9.3744
13537.3,10801,82138.6,11321.3,9637,76989.9,9619.2,95.12,9.3744
11754.9,11686,65922.3,5021.28,4914,66966.8,5548.32,34.44,9.3744
15347.2,15569,64602.4,8280.72,8277,65565.5,6720.48,82,9.37546
31425.9,25353,81234.1,32669.3,25805,82969,59916.2,122.18,9.37651
10106.2,10917,60668.9,4456.08,4513,64709.4,6343.2,114.8,9.37862
12159.4,12285,64865.8,4095.36,3997,67148.7,9797.04,60.68,9.37968
20397.4,20441,65396.3,10125.4,9673,68600.8,5083.2,135.3,9.38073
9437.44,9080,68115.9,7188.48,6984,67454.8,26949.6,61.5,9.38179
12368,12141,66761.3,5986.8,5853,67034.2,29247.8,-8.2,9.3839
10857.6,10632,66926.6,5256.72,5260,65495.1,29006.6,77.9,9.38495
8493.44,8260,67388.1,5561.28,5220,69820.7,7050.96,22.14,9.38706
16217.6,16325,65104.8,8453.52,8421,65789.1,51511.7,19.68,9.38812
13696,12713,70603.4,8709.84,7753,73624.2,16231,105.78,9.38812
12225.3,11979,66883.4,4614.48,4459,67821.2,30628.8,55.76,9.39867
10981.1,11254,63946.9,4878.72,4838,66087.6,14662.1,105.78,9.39973
8300.16,8580,63398.5,3349.44,3380,64943.5,25084.8,-8.2,9.40078
16734.1,15784,69480.8,9380.16,9068,67792,29005.9,0.82,9.40395
9644.8,9271,68178.4,6950.16,6467,70432.3,9254.88,50.84,9.405
16135,14577,72540.7,10691.3,9329,75106,26065.4,72.98,9.40606
16698.2,15776,69367.1,12596.4,11524,71634.6,20332.8,28.7,9.40817
17287,16928,66926,8372.16,8112,67637.8,22433,-1.64,9.40923
5587.84,6017,60861.7,2370.96,2369,65590.2,15860.2,-23.78,9.40923
10003.2,10432,62842.2,5217.12,5156,66312.9,6436.08,36.08,9.41345
6337.28,6857,60568.8,4041.36,4045,65477,13266,0,9.41345
11445.1,11473,65376.7,6751.44,6709,65950.6,39908.2,27.06,9.41661
24536.3,19829,81094,20635.2,16881,80110.7,48304.1,86.92,9.41767
7795.84,7891,64745.7,2937.6,2979,64625.2,24313,30.34,9.41767
7161.6,7440,63083.7,3052.08,3088,64773.7,6965.28,-13.94,9.41767
18427.5,15901,75949.1,15779.5,14089,73399.6,22536.7,-17.22,9.41767
5815.04,5842,65233.6,2871.36,2882,65294.1,11474.6,-10.66,9.41767
6784.64,6894,64496.4,2397.6,2426,64768.8,12505,24.6,9.41978
7897.6,8044,64343.2,3461.76,3448,65797.5,33537.6,33.62,9.41978
9746.56,9637,66281.1,4476.96,4389,66849.4,18907.9,-4.92,9.42295
18991.4,18357,67800.7,12435.8,12177,66929.1,15049.4,0.82,9.424
28994.6,15001,126671,20720.2,10121,134168,34501.7,76.26,9.42505
5580.16,5699,64169.4,2377.44,2471,63054.6,7656.48,-24.6,9.42822
13214.1,11724,73865.4,10635.1,9608,72542,24021.4,141.04,9.42928
12969,12449,68273.3,4421.52,4401,65841.6,17450.6,47.56,9.43033
9014.4,8653,68273.2,4184.64,4237,64726.1,14023.4,38.54,9.43139
10245.8,9161,73296.2,6032.16,5773,68478,16673.8,11.48,9.43244
11969.9,10416,75313,9121.68,8596,69543.8,21675.6,69.7,9.43455
11118.7,9339,78025.1,8565.12,8143,68933.3,15451.9,-5.74,9.43666
8945.28,8457,69319.8,3263.04,3369,63474.8,22692.2,-65.6,9.43666
14406.4,13420,70353,5330.16,5292,66008.6,13491.4,25.42,9.43666
17088,15609,71745.7,7848,7401,69494.2,23566.3,-45.92,9.43878
14398.7,12729,74132.6,8727.84,8637,66225.3,28554.5,3.28,9.44088
13405.4,12304,71402.7,2654.64,2612,66605.9,11110.3,35.26,9.44194
9356.16,8479,72315.8,4021.92,3659,72036.2,26128.1,-20.5,9.443
8676.48,7953,71497.8,2639.52,2753,62834.6,12515,38.54,9.44511
22270.1,16393,89031.4,16809.8,14189,77641.1,19680.5,41.82,9.44511
14657.3,13363,71883.5,4944.24,4835,67016.7,5864.4,59.04,9.44722
17807.4,15209,76732.4,12109,11369,69801.5,16966.8,-60.68,9.44933
24367.4,18289,87316.9,17418.2,14229,80225,100968,55.76,9.45038
14849.9,13237,73521.5,8456.4,7809,70969.2,18911.5,9.02,9.45566
10860.2,10165,70017.9,6293.52,5941,69424.7,9856.08,42.64,9.45883
9936.64,9696,67162.5,3188.88,3360,62198.3,7611.84,-37.72,9.45988
16951.7,14656,75801.4,13541.8,12304,72128.8,33279.1,0.82,9.46305
9451.52,9132,67829,3733.92,3640,67227,10274.4,-73.8,9.4641
8947.2,8898,65898.4,3741.84,3890,63039.9,5407.92,78.72,9.4641
13088,12420,69060.8,6030.72,5856,67491.3,10163.5,72.98,9.46516
17437.4,15969,71562.4,11811.6,11173,69281.8,19964.2,-6.56,9.46621
10448.6,10129,67604.1,4633.2,4785,63456.9,11011.7,0.82,9.46727
10598.4,9951,69799.7,4276.08,4095,68434,39542.4,-31.98,9.46832
12030.1,11868,66431,4183.2,4364,62820.9,18331.9,-6.56,9.46938
10725.8,10100,69596.4,4425.84,4336,66893.9,13842.7,54.12,9.46938
12300.2,11623,69354.2,9493.2,9159,67927.3,27205.9,55.76,9.46938
5440,5385,66205.4,2043.36,2061,64975.1,12587.8,-19.68,9.4736
12764.8,11620,71992.6,7366.32,6932,69642.1,22646.2,20.5,9.47466
13075.2,12597,68023.8,5376.24,5377,65526.7,5706.72,86.92,9.47571
21324.2,19865,70349.9,9269.28,9213,65936.4,11147.8,46.74,9.47571
18243.8,16496,72479.9,7849.44,7728,66565.9,23612.4,95.94,9.47993
17464.3,15956,71731.1,7661.52,7460,67306.4,8916.48,-102.5,9.48099
16139.5,15292,69168.2,6289.92,6300,65431.1,10619.3,33.62,9.48204
9885.44,9565,67731.5,3259.44,3469,61577,29416.3,36.08,9.48626
33391.4,25051,87355.2,32058,25227,83281.9,5286.24,189.42,9.48626
12235.5,11385,70431.9,4705.2,4713,65427.5,18108,35.26,9.48732
13092.5,11617,73859.7,7432.56,7105,68557.4,31447.4,35.26,9.48837
11834.2,11001,70499.8,4638.24,4617,65837.5,5826.96,8.2,9.48943
17669.1,12422,93218.8,23419.4,18182,84414.1,49897.4,3562.9,9.49049
5659.52,5437,68218.2,2285.28,2333,64195.5,17065.4,12.3,9.49049
7644.8,7166,69914.8,9146.16,8462,70834.6,8557.92,41.82,9.49365
10242.6,10257,65443.7,4920.48,4869,66228.9,7220.16,77.08,9.49365
25640.3,20812,80740.1,18874.1,16024,77192.4,37942.6,50.84,9.49471
8025.6,8573,61351.4,3124.8,3293,62188.6,13762.1,44.28,9.49682
14560,15149,62987.9,7181.28,7337,64145.1,35843.8,89.38,9.49998
9479.68,9387,66183.1,5646.24,5227,70792.4,10358.6,28.7,9.49998
12912.6,12653,66880.8,7838.64,7517,68340.2,16769.5,-1.64,9.50104
7819.52,8185,62609.7,5714.64,5465,68529.7,5679.36,38.54,9.50104
6992,7376,62124.1,2682.72,2816,62434.2,9997.2,21.32,9.50209
8388.48,8835,62223.8,3620.88,3635,65281.4,7781.76,94.3,9.50315
12822.4,12802,65640.4,8466.48,8178,67847.8,10339.2,118.08,9.5042
11342.7,11040,67333,6565.68,6212,69267.3,36996.5,99.22,9.5042
16593.9,14943,72776.5,8668.8,8127,69905.1,25016.4,-9.02,9.50526
7938.56,8029,64797.8,3222,3293,64123,14435.3,136.12,9.50737
5228.8,5488,62440.7,2568.24,2592,64935.3,4921.2,-17.22,9.50737
16188.8,15312,69288.7,9595.44,9028,69655.2,29761.2,31.98,9.50843
8775.68,8625,66680.9,6242.4,6001,68172.3,14747,104.96,9.50843
9306.88,9889,61678.2,3924,4065,63262.8,4770,-3.28,9.51159
11095,10557,68876.1,7473.6,7241,67641.2,29095.9,42.64,9.51265
11060.5,10548,68720.1,8552.88,8336,67241.1,21227.8,-64.78,9.51265
8028.16,8352,62994.9,4299.12,4272,65952,9895.68,-0.82,9.51265
11307.5,11500,64439.1,7441.92,7176,67964.6,9434.16,28.7,9.5137
9666.56,9469,66903.3,9133.92,8537,70118.4,9894.24,27.06,9.51476
12963.2,13141,64649.3,5680.8,5713,65166.6,17168.4,29.52,9.51581
6375.68,6941,60198.3,2646,2765,62715.5,17185,-37.72,9.51687
8941.44,8912,65752.5,7822.8,7668,66859,35936.6,28.7,9.51898
10175.4,10813,61671.4,4340.88,4397,64699.6,12512.9,100.86,9.52003
13063,13621,62851.4,5929.92,6001,64759.8,8176.32,29.52,9.52003
12539.5,12720,64606.1,5115.6,5108,65633.5,25228.1,59.86,9.52214
17570.6,13989,82315,18657.4,15281,80016.3,45302.4,90.2,9.52214
7704.96,8344,60516.8,3801.6,4028,61852.4,19872.7,42.64,9.52214
10702.7,11013,63689.6,6538.32,6549,65429.1,9460.08,83.64,9.52531
7035.52,7560,60989.4,3872.88,3768,67360.2,7758,12.3,9.52637
9450.88,9993,61980.7,6890.4,6905,65397.4,9630,18.04,9.52637
21009.9,17669,77927.8,16195,14069,75439.1,55935.4,136.94,9.52637
18333.4,18728,64155.3,8638.56,8620,65677.1,9251.28,45.92,9.52742
9719.68,8936,71283.5,5587.2,5208,70307.8,18830.2,91.02,9.52848
9490.56,10260,60621.2,1856.88,1984,61336.9,9970.56,-18.86,9.52848
7498.24,8241,59629.3,2579.04,2641,63998.5,18606.2,-44.28,9.52848
12771.2,13049,64140.8,7469.28,7497,65293.7,15957.4,2.46,9.52848
13036.2,12949,65977.1,8760.24,8625,66563.6,23421.6,5.74,9.53164
8736.64,9545,59985.8,4016.16,4109,64055.3,5398.56,-22.96,9.53164
8037.12,8733,60313.8,2666.88,2765,63210.4,25142.4,-60.68,9.53164
11278.1,11832,62467.9,4376.88,4344,66032,16786.8,-14.76,9.53375
13744.6,14677,61372.8,5330.16,5413,64533,16732.1,10.66,9.53586
4545.28,5489,54268.4,2387.52,2529,61869.7,7798.32,49.2,9.53586
12605.4,13288,62169.6,6732,6716,65692.1,9347.04,118.9,9.53797
10453.8,11797,58073.9,6523.92,6673,64071.9,21708,71.34,9.54114
11117.4,11917,61138.9,5936.4,5641,68967.9,11488.3,9.02,9.54114
8675.84,10065,56490.8,3229.92,3429,61731.1,4978.8,-16.4,9.5422
17319.7,16845,67382.8,12126.2,11229,70772.6,29042.6,102.5,9.5422
6872.32,7633,59004.9,6070.32,5793,68673.3,16061,-66.42,9.54431
8380.8,8529,64397.2,7823.52,7409,69202.6,6822.72,63.96,9.54536
9554.56,9908,63198.2,4096.8,4084,65741.4,17192.9,54.12,9.55275
19427.8,19110,66626,8433.36,7986,69207.2,30499.2,49.2,9.55275
12259.8,12770,62917.8,6794.64,6818,65311.5,7546.32,31.98,9.5538
8592.64,8537,65963.1,7670.88,5929,84789.8,18731.5,-13.94,9.55486
12836.5,13080,64315.9,5379.84,5180,68064.3,28689.1,16.4,9.55591
10633,11397,61142.6,6966,6805,67086.5,11674.8,45.92,9.55908
9374.08,9629,63801,4700.16,4649,66257.2,8094.96,59.04,9.55908
10634.2,10964,63564.9,3862.8,3888,65111.2,11246.4,-9.02,9.56014
7593.6,7629,65231.9,6868.8,6457,69715.6,31183.9,41.82,9.56225
12386.6,12676,64039.6,8448.48,8020,69037.4,20577.6,22.96,9.56541
7184.64,7653,61525.2,3896.64,3825,66763.5,14901.1,-6.56,9.56647
5793.28,6213,61108.7,1854.72,1893,64210.7,13371.8,-42.64,9.56858
13282.6,13057,66668.1,7778.88,7525,67747.1,30347.3,2.46,9.5728
11331.8,11338,65500.4,4726.8,4574,67725.3,18597.6,73.8,9.58019
9625.6,9349,67475,10792.8,10469,67563,14216.4,-18.04,9.58124
15612.8,15517,65940.6,6788.88,6781,65612.2,7613.28,-42.64,9.5823
9795.2,9649,66529,7398,7109,68200.2,9563.76,4.1,9.58335
10600.3,10005,69435.5,6582.96,6209,69483.2,12808.8,-18.86,9.58652
6568.32,6342,67874.7,2652.48,2710,64145,7819.2,-52.48,9.58757
7326.72,6926,69327.7,2850.48,2862,65272.2,21304.8,101.68,9.58863
16946.6,15330,72446.8,13395.6,12674,69267.3,36464.4,41.82,9.5918
17531.5,14253,80610.8,13914.7,12137,75135.1,18699.1,82,9.5918
14039.7,13592,67694.6,4991.04,5132,63735.9,25031.5,77.9,9.59496
13136.6,12497,68890.4,6481.44,6485,65500,6030.72,-38.54,9.59602
23987.2,21672,72537.2,10213.9,9484,70579.9,34668,-46.74,9.59707
13559,12384,71754.3,9784.08,9252,69305,11728.8,-39.36,9.59707
8065.28,7005,75455.6,5958,5597,69763,4916.16,11.48,9.59813
9769.6,9481,67530.9,3711.6,3513,69240.9,32070.2,50.02,9.60129
12753.3,12574,66470.4,4780.08,4974,62981,15892.6,86.1,9.60129
8990.08,8448,69741.2,3339.36,3332,65680.8,7235.28,-32.8,9.60235
13731.8,12010,74931.7,10874.2,10394,68563.5,18360.7,93.48,9.60235
11347.8,10669,69705.9,5960.16,5885,66373,15706.1,-22.14,9.60657
9254.4,8996,67418.4,3700.08,3828,63346,5811.12,77.08,9.60763
9863.68,9376,68944.8,4239.36,4224,65774.3,7624.08,-18.86,9.60763
10246.4,9608,69890.5,8251.2,7992,67661.5,8430.48,59.04,9.60868
6689.92,6719,65252.4,2616.48,2767,61971,10743.1,9.84,9.61079
15199.4,13429,74175.7,12748.3,11441,73024.6,15847.9,59.86,9.61396
14583.7,13600,70276.2,8465.04,7840,70760.8,7038,18.86,9.61501
7037.44,7157,64441.2,2584.8,2689,62996.4,14402.2,7.38,9.61607
13243.5,13407,64736.9,7460.64,7275,67208.3,15407.3,34.44,9.62557
11847,11994,64733,5618.88,5642,65267.5,16344.7,-36.08,9.62768
13141.8,13605,63304.6,6333.84,5397,76912.1,13375.4,94.3,9.62873
10273.3,9857,68303.7,5038.56,4689,70421.6,10681.2,-14.76,9.6319
11790.7,11520,67076.1,4075.2,4020,66435.9,10743.1,62.32,9.63401
12075.5,11801,67060.5,4263.12,4253,65692,5532.48,27.88,9.63506
19163.5,17826,70453.3,9961.2,9234,70697.1,32497.9,13.94,9.63823
11521.3,11456,65909.4,5192.64,5296,64257,7506,63.14,9.63929
8343.04,7978,68534.6,2939.04,2937,65581.5,7711.92,38.54,9.63929
16179.8,15460,68587.5,11810.9,11780,65707.8,12582,104.14,9.64034
13587.2,11788,75538.7,11584.1,10732,70739.3,35653.7,51.66,9.64245
13489.3,12465,70921.3,5202,5073,67202.5,26086.3,39.36,9.64351
14380.2,13668,68950.7,6523.92,6340,67437.2,12142.8,9.84,9.64562
10663,9246,75580,8757.36,8170,70247.5,22398.5,0.82,9.64773
12944.6,10654,79626.4,8796.96,7834,73591.7,9383.76,45.92,9.64773
13428.5,12824,68625.1,5821.2,5932,64311.9,8310.24,-43.46,9.64773
10961.3,10329,69547.7,4800.96,4813,65372.1,10425.6,18.86,9.64878
13260.8,11861,73270.4,7940.88,7685,67718.1,4948.56,47.56,9.64878
12893.4,12430,67979.4,4711.68,4782,64572.3,24815.5,-9.84,9.65089
14842.9,13764,70673,7277.04,7072,67436.1,8622,-13.12,9.65089
19073.9,17193,72705.7,11714.4,11373,67503.3,22204.1,6.56,9.65195
12793.6,10992,76277.4,7467.12,6800,71965.5,40778.6,0,9.65512
7678.72,7252,69392.3,1491.84,1540,63486.5,10056.2,-25.42,9.65617
16349.4,14795,72421.5,6977.52,6447,70928.9,24706.8,93.48,9.65617
10029.4,9864,66635.2,4960.08,5068,64140.5,10867.7,22.14,9.65828
11588.5,10832,70112.9,5763.6,5664,66688.4,8548.56,18.86,9.6625
13565.4,13058,68082.8,4854.24,4802,66249,18409,-11.48,9.66356
9577.6,9253,67835,3142.8,3237,63628.8,12834.7,71.34,9.66461
8508.8,8176,68203.6,2948.4,2832,68229.6,13817.5,-9.84,9.66989
11774.1,11188,68969.1,5879.52,5632,68416.2,15249.6,67.24,9.67095
13886.7,13574,67045.8,5776.56,5746,65884.5,13132.8,112.34,9.67411
6346.24,6401,64975.3,1838.88,1941,62088,8645.04,19.68,9.67517
8756.48,8891,64544.4,3524.4,3691,62577.9,5905.44,65.6,9.67622
18228.5,16748,71329.2,14019.1,13368,68728.1,18968.4,209.1,9.67728
7231.36,7289,65017.8,2253.6,2333,63305.6,7243.2,37.72,9.68255
16215.7,12740,83415.3,18973.4,16340,76098.1,6418.08,74.62,9.68255
16795.5,16323,67433.1,8601.84,8515,66204.4,6023.52,55.76,9.68255
25739.5,25649,65767.3,13753.4,13525,66642.9,7462.08,44.28,9.68361
14012.2,14061,65308.4,5847.12,5929,64630.9,8410.32,23.78,9.68783
11301.8,11116,66631.2,5739.12,5560,67647.3,8384.4,-8.2,9.691
14956.2,13410,73092.2,15072.5,13618,72535.6,21664.1,17.22,9.691
8938.88,9109,64312.1,2969.28,3025,64328.8,27303.1,21.32,9.691
10442.9,10593,64607.2,5397.12,5381,65732.3,12455.3,70.52,9.69311
7840,8007,64169.1,3016.08,3031,65213.4,14050.1,-37.72,9.69416
24119,23820,66358.8,26210.2,25548,67234.6,55874.9,10075.3,9.69522
10807,10433,67885.6,9095.76,8417,70820.9,29198.2,60.68,9.69627
10007,9646,67988.9,6459.84,6074,69699.1,19309,-14.76,9.69627
16419.8,15908,67644.6,4457.52,4304,67873.6,15314.4,-4.1,9.7026
16408.3,15601,68927.4,9372.96,8721,70435.3,28067.8,-27.06,9.70366
15882.9,14913,69798.2,6477.12,6405,66273.9,22616.6,-19.68,9.70471
7037.44,6316,73021.8,5644.08,5448,67894.7,34118.6,2.46,9.70471
16399.4,15155,70917.1,10051.9,9671,68117.3,10710,11.48,9.70788
11644.2,11082,68860.5,6123.6,6222,64499.6,6756.48,102.5,9.71105
11981.4,11010,71318.4,6650.64,4742,91914,15888.2,87.74,9.7121
12375.7,11256,72055.1,7911.36,7448,69613.2,25059.6,25.42,9.7121
13373.4,12485,70199.6,4595.76,4533,66443.4,6940.08,22.14,9.7121
19109.8,17221,72723.8,10269.4,9553,70450.4,15119.3,-50.02,9.71316
10887,10408,68552.4,5343.84,5096,68723.3,7380.72,12.3,9.71632
12431.4,11651,69925.5,6857.28,6643,67650,13182.5,-30.34,9.71738
13523.2,13109,67606.7,6345.36,6337,65622.5,18769.7,101.68,9.71738
10526.1,10036,68736.3,3993.84,3968,65962.8,16630.6,39.36,9.7216
7546.24,7144,69226,2607.84,2648,64542.1,22190.4,3.28,9.7216
13066.2,12532,68329.8,5995.44,5984,65661.3,6009.12,45.1,9.7216
20761.6,15737,86460.7,18607.7,15133,80583.7,10562.4,92.66,9.72371
10925.4,9564,74865.1,7819.92,7144,71736.6,13253.8,127.92,9.72371
10796.2,10469,67584,3759.12,3893,63282.2,9095.04,-73.8,9.72793
12745,12160,68688.6,7384.32,7136,67816.5,18452.9,50.84,9.72899
12002.6,11590,67868.8,6996.96,6866,66786,5747.76,16.4,9.73004
14352,13190,71309.5,6382.8,5842,71602.7,43094.2,15.58,9.7311
7120.64,6897,67661.1,4419.36,4309,67214.5,12561.1,67.24,9.7311
16016,10898,96313.5,9456.48,7206,86003.3,15156.7,82,9.7311
21869.4,19393,73904.8,17597.5,16197,71202.8,27150.5,13.12,9.7311
8832.64,8500,68100.7,3057.84,3072,65233.9,7858.8,18.86,9.73215
9475.2,9245,67167.8,3307.68,3353,64650.2,10126.1,-6.56,9.73215
15674.2,14640,70165.8,6137.28,5988,67169.8,29168.6,-50.02,9.73321
10060.8,9905,66566.8,3204.72,3349,62712.6,22767.1,-43.46,9.73321
13650.6,12577,71130.1,5778.72,5525,68545.6,15462,-17.22,9.73426
20728.3,19749,68785.8,6801.12,6853,65039.9,16390.1,-44.28,9.73426
10199,9817,68086.4,4574.16,4621,64871.7,11782.8,-22.96,9.73532
18548.5,16461,73846.9,8420.4,7721,71472.5,39389,18.86,9.73637
10267.5,9052,74336.3,6433.92,5964,70699.8,11336.4,40.18,9.73954
9424,9145,67535.4,5698.08,3641,102562,8202.24,-81.18,9.7406
24124.2,20074,78758.6,21628.8,18766,75533.7,25233.1,126.28,9.74482
10248.3,9431,71215.6,6619.68,5987,72461.6,23742.7,13.94,9.74587
10403.8,9949,68532.1,5182.56,4909,69188.1,7252.56,64.78,9.74693
10289.3,10189,66181,4844.88,4825,65806,7614,59.04,9.74693
14089.6,13508,68357.7,5328.72,5140,67942.2,8057.52,123,9.74904
15562.2,15540,65629.8,7688.16,7604,66261.4,8876.88,-9.02,9.75115
14901.1,13704,71260.9,11253.6,10412,70833.3,8045.28,77.9,9.75959
7523.84,7349,67095.2,3175.92,3057,68085.4,10930.3,42.64,9.7617
17932.8,16552,71003.1,10609.9,9864,70491.9,29357.3,186.14,9.76276
12011.5,11157,70555.4,7508.88,6977,70532,5420.88,31.16,9.76381
15243.5,13629,73299.5,14356.1,13309,70692,27014.4,82,9.76592
14961.3,14087,69603.4,6753.6,6423,68909.2,12502.8,82.82,9.76909
31851.5,27557,75749.2,14760,12261,78893.4,39773.5,159.9,9.77014
43578.2,35133,81289.5,179741,151725,77637.1,32252.4,3440.72,9.77014
6064.64,5576,71279.1,1700.64,1756,63469.9,8804.16,-16.4,9.7712
15277.4,12725,78681.5,9244.8,8097,74826.1,9595.44,83.64,9.77331
9767.04,8552,74847.1,6858,6424,69963.6,28540.8,31.98,9.77437
10339.2,9933,68216,3403.44,3481,64075.8,13482,-37.72,9.77648
6913.92,6735,67277,2431.44,2431,65547.9,7154.64,18.86,9.77648
12709.8,12620,66002.1,6924.24,6876,65995.8,19574.6,-64.78,9.77859
5682.56,5569,66872.4,2272.32,2165,68784.6,31282.6,31.16,9.78386
6905.6,6462,70034.9,6494.4,6126,69477.1,6682.32,46.74,9.78386
12247.7,11400,70409.1,10862.6,10200,69793.5,8861.76,75.44,9.78492
18027.5,16590,71214.7,12238.6,11422,70221.2,49169.5,27.06,9.78703
11876.5,11605,67069.1,5361.12,5237,67089.2,26486.6,38.54,9.78703
11560.3,11460,66109.7,5076,5008,66425.9,10470.2,-62.32,9.78808
7878.4,7025,73497.3,7212.24,6609,71517.8,13739,5.74,9.78808
5529.6,5417,66898.3,2323.44,2333,65267.5,7745.76,-16.4,9.78914
6762.88,6779,65380.2,3076.56,3243,62172.5,7663.68,41.82,9.7902
13509.8,13254,66800.6,6529.68,6642,64427.8,15872.4,-18.86,9.7902
22971.5,18992,79268.2,13057.9,11264,75973.4,97032.2,20.5,9.79231
7838.08,7728,66469.5,2584.08,2612,64835.5,9424.08,-45.92,9.79336
10559.4,9501,72836.4,8345.52,7757,70508.2,46283.8,81.18,9.79336
7400.32,7096,68346.6,2784.24,2824,64613.3,21129.8,-53.3,9.79758
10682.9,9132,76665.9,8158.32,7548,70835.1,6572.88,57.4,9.8018
8236.16,7964,67775.6,3384.72,3320,66813.6,10122.5,31.98,9.80708
7452.8,7745,63063.5,3250.8,3237,65815.4,6287.04,45.92,9.80814
5477.76,5376,66776.5,2764.8,2724,66517.6,10337,22.96,9.80919
6938.24,6793,66937.2,5142.24,3433,98165.4,7572.24,119.72,9.81236
16897.9,16106,68758.4,7421.04,7038,69102.8,39110.4,90.2,9.81552
6611.2,7007,61834.1,2335.68,2527,60574.3,11878.6,-37.72,9.81658
12625.3,11828,69953.5,9071.28,8724,68144.8,21373.9,117.26,9.81869
9309.44,9197,66337.2,6421.68,6029,69804.5,10105.9,40.18,9.8208
21468.8,18841,74676.5,15505.2,13865,73288.8,44214.5,74.62,9.8208
15289.6,14488,69162,7092.72,6700,69377.4,25394.4,91.84,9.82186
15429.1,14629,69120.4,6176.16,5937,68176,20124.7,28.7,9.82397
12590.7,11604,71108.7,6639.12,6320,68845.2,57610.8,19.68,9.82502
7479.04,7721,63482.2,3043.44,2717,73410,5996.88,-22.96,9.82608
20087.7,18541,71003,11494.1,10617,70950,41476.3,47.56,9.82924
20288,17449,76198.9,8841.6,8057,71918,68276.2,28.7,9.82924
16856.3,16125,68508.3,8295.12,8029,67708.2,13525.2,162.36,9.8303
14538.9,13749,69301,9151.2,8593,69793.2,19449.4,87.74,9.8303
8030.08,7853,67013.8,3791.52,3897,63762.1,15577.2,-40.18,9.83241
14382.1,13281,70969.4,12953.5,11842,71687.4,18599.8,100.86,9.83452
9610.88,9642,65324.5,4446,4542,64150.8,12795.1,52.48,9.83557
12885.1,12521,67441.8,4473.36,4365,67162.9,18849.6,2.46,9.83557
10268.2,10307,65289,5425.92,5399,65862.8,8110.8,-23.78,9.83663
15137.3,10046,98749.4,20386.1,15370,86924,17016.5,269.78,9.83663
6464,6480,65374.2,2931.84,2900,66255.5,5217.12,9.84,9.83663
11894.4,10534,73999.6,8884.8,6742,86365.2,22960.1,-13.94,9.83663
13255.7,13233,65648.3,5871.6,5793,66425.2,23772.2,21.32,9.83874
5504.64,5868,61477.9,2850.48,2988,62519.8,7930.8,-18.04,9.8398
8968.96,9212,63807,7590.24,7784,63904.7,7654.32,32.8,9.84402
10121.6,10397,63800.1,3272.4,3309,64811.1,12811.7,82.82,9.84402
10649,10680,65345.5,5627.52,5276,69902.4,9648,27.06,9.84402
12599.7,12245,67434.3,6680.88,6581,66530.6,28407.6,-14.76,9.84929
15088,14609,67684.8,7357.68,7509,64215.3,6032.16,-22.14,9.85351
34468.5,17805,126870,16416,10265,104807,17379.4,8.2,9.85879
7358.72,7504,64267.2,2539.44,2592,64207.1,5143.68,23.78,9.85985
9952,10360,62955,3299.04,3400,63590,12618.7,-49.2,9.85985
10380.2,10627,64013.8,5683.68,5239,71098.6,14924.9,-13.94,9.86196
13261.4,12641,68752.6,9271.44,8661,70155.1,18090,40.18,9.86301
11695.4,12045,63633.6,5988.24,5741,68358.4,29389,-64.78,9.86512
7781.76,7945,64189.5,6072.48,5897,67486.2,23262.5,59.86,9.86512
14293.8,14456,64800.5,6961.68,6716,67933.4,31955.8,109.88,9.86512
12268.8,12292,65412.3,12077.3,8100,97715.6,20774.9,227.96,9.86618
12764.8,13033,64187.4,6330.96,6105,67961.6,16796.9,-21.32,9.8704
12141.4,12002,66297.4,10536.5,9714,71084.9,9170.64,37.72,9.87146
11152,11164,65465.6,6914.88,6680,67840.4,5647.68,-31.98,9.87146
9716.48,9509,66966,9154.8,8405,71382.4,12274.6,30.34,9.87146
14481.3,15132,62717.8,4381.2,4348,66036.4,25961.8,-13.94,9.87146
13431.7,13915,63259.7,4594.32,4687,64240.1,15202.8,127.1,9.87568
14857,14877,65447.7,7225.92,7193,65835.9,27765.4,-50.02,9.87568
12206.7,12525,63870.6,7781.76,7837,65074.1,39073,-14.76,9.87568
12002.6,12201,64470.1,5431.68,5501,64710.2,9657.36,83.64,9.87884
7520,8036,61327.9,4479.12,4480,65523.1,9728.64,-19.68,9.88095
12782.7,12712,65900.6,6009.84,5644,69784,51804.7,9.02,9.88095
10394.9,10660,63906.1,6006.96,5904,66678.9,16483,30.34,9.88306
11157.1,11516,63493.7,5184,5144,66045.6,5932.08,36.9,9.88412
6527.36,7209,59339.3,2564.64,2713,61952.2,6050.88,31.98,9.88412
8051.84,7869,67058.8,6205.68,5881,69154.1,21818.9,45.1,9.88517
7448.96,7829,62354.7,2599.2,2261,75338.9,24958.8,13.94,9.88517
11207,11277,65129.4,10322.6,10013,67562.6,13916.2,65.6,9.89573
5557.76,6001,60695.4,2557.44,2545,65856.3,11926.8,-7.38,9.901
9198.08,8845,68152.1,4286.16,4061,69169.6,29949.1,41,9.90206
10849.3,10965,64844.4,6633.36,6353,68428.1,25238.2,3.28,9.90628
8599.68,9011,62544.5,3729.6,3779,64679.3,15524.6,-2.46,9.90734
17687,16108,71960.4,14567,13400,71243.7,19326.2,98.4,9.9105
8878.72,8797,66144.8,6036.48,5945,66544.5,6346.08,-27.88,9.91261
14124.8,13181,70228.6,7968.96,7497,69661.7,19111.7,-14.76,9.91367
11904.6,12184,64033.4,4975.92,5052,64549.1,16108.6,-24.6,9.91472
10087.7,9935,66543.2,3906.72,3963,64605.3,8671.68,13.12,9.91472
8604.8,8827,63886.3,2996.64,3151,62325.6,11940.5,-31.98,9.91472
11475.2,11714,64200,4271.76,4326,64714.3,28575.4,27.06,9.91472
12742.4,12654,65993.8,5935.68,6046,64340.2,5778.72,73.8,9.91578
11982.7,11954,65693.5,3727.44,3877,63007.9,20929,41.82,9.92105
9422.08,9276,66568.1,3273.12,3400,63090.4,9975.6,74.62,9.92528
9409.92,8737,70583.6,5790.96,5493,69090.9,27151.9,-32.8,9.92633
27490.6,23421,76923.3,16836.5,14909,74008.7,19793.5,13.94,9.9295
8490.24,6944,80129.1,17457.8,14708,77788.8,9221.04,1218.52,9.93055
9181.44,8764,68657.6,2956.32,2968,65278.1,6967.44,-46.74,9.93055
14109.4,11453,80736.6,11473.9,10025,75008,12576.2,-2.46,9.93266
13886.7,13546,67184.4,6697.44,6718,65335.4,14246.6,-23.78,9.93266
12754.6,12079,69201.3,6720.48,6639,66340.3,12603.6,29.52,9.93372
14910.1,14324,68217.5,4792.32,4768,65870.3,11317,-12.3,9.93477
10893.4,9118,78297,25090.6,32670,50331.6,10735.2,250.1,9.939
9271.04,9392,64692,5801.76,5492,69232.4,9984.96,24.6,9.94005
13753.6,13896,64864.4,5561.28,5580,65316.1,22780.1,72.98,9.94111
10553,10577,65387,4845.6,4897,64848.1,19397.5,28.7,9.94216
11116.2,11089,65696.5,4185.36,4245,64615.3,13155.8,-83.64,9.94427
8618.88,8526,66249.9,3229.92,3146,67284.2,16916.4,38.54,9.94638
15767,15140,68250.3,5788.8,5924,64040.3,15350.4,3.28,9.9506
21255,20157,69106,7994.16,7789,67262.2,12479.8,129.56,9.9506
9058.56,8580,69191.3,3654.72,3732,64178.9,9330.48,-1.64,9.9506
52916.5,40703,85201,40680,35323,75475,9798.48,1056.98,9.95166
10285.4,9649,69858.7,4820.4,4837,65311.1,7119.36,82.82,9.95271
15116.2,14280,69373.4,5166.72,5164,65570.5,25908.5,40.18,9.95483
124591,51252,159315,262143,126912,135368,6236.64,7526.78,9.9601
9913.6,8979,72357.5,6608.88,6215,69689.4,23518.8,75.44,9.96116
11488,11153,67504.5,3878.64,3909,65027,17361.4,19.68,9.96116
7047.68,7137,64715.8,2509.2,2613,62932.6,15899,46.74,9.96116
11086.1,10989,66115,6108.48,6169,64893.1,12909.6,102.5,9.96327
11617.9,11237,67757.6,5826.24,5857,65191.8,9612,36.9,9.96432
14390.4,11281,83599.8,56561,50305,73686.2,36247,387.04,9.96432
15150.7,14556,68213.6,6215.76,6328,64373.6,12883.7,59.86,9.96538
12939.5,12337,68736.7,6228.72,6069,67260.7,25369.2,29.52,9.96538
8816,8505,67932.4,3308.4,3389,63977.4,6666.48,-102.5,9.96538
9799.04,9605,66860,3732.48,3841,63684.4,6505.92,12.3,9.96643
7407.36,7335,66182.5,2529.36,2615,63389.7,37455.8,-49.2,9.96749
8705.92,8512,67029,4831.2,4788,66127.3,8225.28,5.74,9.9696
13137.9,12752,67519.3,5851.44,5888,65129.1,5949.36,50.02,9.97171
23470.7,11356,135451,15744.2,10728,96179.6,21247.2,56.58,9.97171
10560.6,9574,72289.8,9177.84,8134,73946.3,47590.6,-4.92,9.97277
12339.2,11957,67630.8,5292,5233,66274.9,8746.56,48.38,9.97699
8270.08,8565,63279.4,3279.6,3333,64486,9090.72,93.48,9.97804
9778.56,9630,66547,3535.2,3562,65042.9,20718,20.5,9.98015
26633.6,21463,81324.1,22219.9,19203,75832.1,43029.4,127.92,9.98121
13650.6,13463,66449,6900.48,6727,67226.1,8661.6,14.76,9.9886
15250.6,14853,67290.2,12870,11013,76586.6,7112.88,162.36,9.99071
10610.6,10878,63924.8,5196.24,5274,64569.7,10025.3,102.5,9.99071
11061.8,11064,65522.7,4617.36,4616,65555.3,8368.56,-20.5,9.99176
11811.2,11916,64959.6,5410.8,5512,64332.8,20160.7,76.26,9.99704
11814.4,11128,69578.4,8767.44,8552,67187,13352.4,41.82,10.0002
9654.4,9864,64143.4,4272.48,4408,63521.2,6511.68,-44.28,10.0013
6911.36,7103,63767.8,3035.52,3067,64863.3,14796.7,59.86,10.0034
13649.3,13880,64446.6,6658.56,6860,63611.6,5369.04,-17.22,10.0034
10448.6,10469,65408.5,5354.64,4097,85653.3,11885,-34.44,10.0034
5232,5729,59850.6,2578.32,2705,62466.8,15325.9,47.56,10.0034
15824.6,15243,68036.7,14562,14107,67649.8,12690,41,10.0065
10993.9,10721,67204.3,5273.28,5249,65839.2,9256.32,15.58,10.0065
11191.7,10436,70281.5,5457.6,5104,70076.3,20976.5,-43.46,10.0171
11750.4,11388,67621.6,5688.72,5740,64950.5,16387.2,78.72,10.0192
9189.12,8768,68683.6,3012.48,3028,65200.1,13314.2,42.64,10.0192
6350.72,6144,67741,2649.6,2704,64217.5,9946.08,-2.46,10.0192
9331.2,8083,75656.3,7988.4,7527,69553.3,14451.1,73.8,10.0213
6217.6,5914,68900.4,2484.72,2542,64059.3,12129.8,41,10.0213
8620.16,8365,67535.1,3504.96,3533,65015.9,21156.5,100.04,10.0255
6507.52,6465,65967,3300.48,3349,64586.5,6352.56,56.58,10.0266
10375.7,9192,73975.3,10123.9,9212,72023.6,28877,41.82,10.0266
14689.9,13524,71185.9,11304,10436,70986.9,21031.2,-9.84,10.0298
9180.16,8988,66937.1,4440.96,4312,67496,5831.28,-24.6,10.0298
8217.6,8717,61781.4,3164.4,3401,60976.8,4991.04,15.58,10.0298
10481.3,9189,74752.5,7851.6,7121,72259.9,14976,22.14,10.0319
8906.88,9302,62752.2,12016.1,6822,115433,20371.7,301.76,10.035
8103.68,7825,67870,3192.48,2721,76891.7,33158.9,12.3,10.035
7333.76,7193,66818.5,3174.48,3161,65815.5,9540,14.76,10.035
10465.9,10296,66617.6,3070.8,3116,64585.4,24364.1,-39.36,10.0361
6234.88,6520,62670.1,2476.8,2632,61671.6,6867.36,-26.24,10.0361
5139.84,5033,66927.2,2061.36,2105,64177.3,5070.24,-58.22,10.0414
9281.28,8363,72732,4926.24,4699,68705.3,25603.2,56.58,10.0424
10002.6,9950,65882.2,3095.28,3150,64397.5,10148.4,-31.98,10.0435
15045.1,14753,66833.7,9177.12,9073,66288.1,12018.2,12.3,10.0445
11603.2,11553,65820.8,4622.4,4721,64167.3,17355.6,4.92,10.0456
12330.2,12177,66360.7,5312.88,5237,66485.6,15211.4,-72.16,10.0466
8483.2,8468,65653.6,5240.88,5312,64658.6,12391.2,31.16,10.0487
9749.76,9156,69786,6100.56,5812,68789.8,17331.8,119.72,10.0487
12336.6,11884,68032.1,6796.8,6504,68486.3,29160,63.96,10.053
17802.9,14653,79623.9,55080,46825,77089.7,8488.08,1305.44,10.054
10529.9,10152,67975.7,6150.96,5452,73937.9,15580.8,0,10.0604
10033.3,10045,65459.5,3215.52,3261,64622,8712.72,83.64,10.0604
5770.88,5773,65511.9,3418.56,3417,65565.9,19106.6,-15.58,10.0635
10626.6,10521,66193.5,5031.36,4925,66951.3,7212.96,-42.64,10.0656
12798.1,12376,67771.1,5804.64,5692,66832.9,11459.5,91.02,10.0709
13485.4,13590,65031.8,5895.36,5970,64716.6,23549,47.56,10.0751
14909.4,14417,67774.5,6463.44,6401,66175.3,5589.36,18.86,10.0762
14808.3,13412,72358.9,8701.92,8116,70267.3,16866.7,16.4,10.0772
12267.5,12061,66658.2,4140.72,4141,65531.6,24956.6,81.18,10.0825
17738.2,10295,112918,13813.9,10263,88211,29473.2,18.86,10.0857
11678.7,11252,68021.4,4854.96,4512,70517.4,6842.88,-26.24,10.0857
5855.36,5997,63988.1,2427.84,2489,63925.6,6916.32,-36.08,10.0889
14879.4,14536,67084,6287.76,6300,65408.7,15596.6,10.66,10.091
8079.36,7984,66318.8,4003.92,4016,65338.9,17977,-10.66,10.091
9881.6,8809,73515.8,7542.72,6781,72897.8,43841.5,120.54,10.091
10339.2,10364,65379.2,4471.92,4620,63435.4,6662.88,118.9,10.091
6827.52,7132,62738.1,1525.68,1596,62648.5,16557.8,86.92,10.0952
27627.5,18183,99576.4,19856.9,12723,102283,7938,67.24,10.0952
10808.3,10975,64540.7,5060.88,4763,69634.6,9451.44,1237.38,10.0983
12117.1,10902,72840.5,8501.76,8006,69594.2,70467.1,-43.46,10.1005
13443.8,13400,65750.4,6978.96,6956,65752.3,12880.8,10.66,10.1026
16018.6,15720,66780.7,12853.4,12364,68130.3,13268.2,97.58,10.1036
12572.2,12640,65184.3,6035.04,6032,65569,18916.6,6.56,10.1047
5318.4,5286,65937.7,2330.64,2338,65329.7,17057.5,1.64,10.1068
12151,12140,65595.6,5988.24,5896,66561.3,46831,127.92,10.1078
10896,11016,64822.1,6603.84,6712,64479.9,5238,96.76,10.1089
13153.9,13405,64308.5,4906.08,5005,64240.7,17070.5,15.58,10.11
10245.1,10412,64485.6,4533.12,4392,67641.8,18056.9,84.46,10.111
19503.4,14886,85864,18488.2,15682,77263.1,18327.6,136.94,10.1121
9506.56,9020,69071.2,8470.08,7848,70730.8,39690,90.2,10.1121
13561,14192,62622,5336.64,4628,75570.9,33593.8,135.3,10.1142
13088,13524,63423.2,6665.76,6688,65318.1,5647.68,29.52,10.1152
10542.1,11316,61053.9,4144.32,4256,63816.3,17010,27.88,10.1173
11507.8,11790,63967.6,5501.52,5246,68728.1,10626.5,-17.22,10.1195
6324.48,6405,64712.1,4866.48,4661,68425.1,15791,36.9,10.1205
11681.9,11645,65743.8,8377.2,8077,67971.8,10787,-33.62,10.1205
8298.24,8504,63950.3,4927.68,4136,78080.4,19705.7,11.48,10.1216
11211.5,11754,62511.3,5709.6,5642,66321.2,34099.9,10.66,10.1226
12654.7,10612,78151.1,8109.36,7376,72051.9,71082,4.1,10.1226
11002.2,10797,66781.8,4821.84,4841,65276.6,25745,35.26,10.1268
12331.5,11412,70816.5,7940.88,7328,71017.1,11607.1,34.44,10.129
15058.6,14968,65932.5,7486.56,7404,66266.8,5428.8,41.82,10.13
12768.6,12257,68271.6,4363.92,4373,65399.9,25292.9,27.06,10.1332
11237.8,9953,73995.6,7981.92,7381,70871.6,10218.2,76.26,10.1332
18361,17385,69215.1,12965.8,12525,67842.2,15781,14.76,10.1342
7564.16,7600,65226.9,2998.8,2916,67396.9,9590.4,-25.42,10.1374
11187.2,10817,67778.9,4991.76,4689,69767.5,15953,51.66,10.1385
13589.1,12776,69707,7731.36,7484,67702.1,4916.88,16.4,10.1406
8421.76,8145,67762.9,2914.56,2913,65571.1,37283,56.58,10.1416
17841.9,13502,86601.1,24487.9,19178,83681.3,69734.9,107.42,10.1427
12617,12334,67039.5,7209.36,6970,67786.6,19584,1.64,10.1427
10089.6,10192,64877.6,6032.88,5860,67469.4,14996.2,15.58,10.1437
15016.3,15404,63886.6,9375.12,9164,67045.8,24084.7,45.1,10.1448
8912.64,9480,61613.8,3853.44,3672,68774.3,10618.6,-11.48,10.1458
11354.2,11528,64548.2,4650.48,4584,66486.4,20029,-32.8,10.149
10540.2,10779,64083.9,7620.48,7487,66704.4,5857.92,11.48,10.149
12055.7,12429,63567.6,6136.56,6089,66047.9,22781.5,51.66,10.1501
21342.1,18284,76497.2,13387,11212,78249,15727,58.22,10.1511
10766.7,11193,63040.1,4556.88,4589,65077.3,6179.76,2.46,10.1543
8416.64,8505,64855.1,6658.56,6381,68386.7,15324.5,50.84,10.1553
13392.6,13224,66371.8,7655.76,7240,69299.4,23126.4,13.12,10.1553
7104.64,7552,61653.8,3314.16,3428,63359.6,5108.4,-42.64,10.1606
9283.84,9704,62698.4,3274.56,3372,63642.2,14318.6,10.66,10.1627
6641.28,6992,62248.7,4304.88,3296,85596.1,6457.68,52.48,10.1659
16266.9,15789,67519.6,7360.56,7273,66325,25585.2,6.56,10.1659
8226.56,8348,64582.6,4253.76,3100,89927.2,10643.8,-10.66,10.1669
9351.04,9189,66691.7,4399.2,4325,66660.4,4776.48,16.4,10.1669
6033.28,6011,65778.9,2716.56,2735,65094.1,6734.88,41.82,10.1722
10568.3,10404,66571.1,5222.88,5124,66800.7,7031.52,63.96,10.1722
11592.3,11464,66269.6,3539.52,3500,66276,15733.4,-52.48,10.1722
13037.4,12389,68966.1,5838.48,5669,67495.3,10104.5,49.2,10.1775
9668.48,9420,67264.7,3995.28,4012,65262.9,6292.8,17.22,10.1786
12949.8,13032,65122.4,3770.64,3868,63886.4,9288,20.5,10.1786
13277.4,12896,67474.4,5376.96,5168,68185.9,19771.9,52.48,10.1796
8005.76,7996,65616,4416.48,4344,66629.5,5090.4,-22.14,10.1796
7234.56,7128,66515.7,2268,2264,65651.8,7487.28,60.68,10.1807
12848.6,12724,66178,7281.36,7360,64835.8,7048.8,29.52,10.1807
7768.32,7490,67971.2,4381.2,4178,68723.4,18193,18.04,10.1849
24269.4,20104,79114.7,21672.7,19932,71259.5,31119.1,116.44,10.1849
7566.72,7776,63772.2,3380.4,3556,62299.8,6533.28,58.22,10.1849
16553.6,15692,69134.4,7125.84,6984,66867,27684,63.14,10.1881
16235.5,14034,75816.7,11626.6,10130,75218,23854.3,79.54,10.1902
7622.4,7425,67278.3,2649.6,2737,63443.3,6014.88,95.94,10.1912
18867.2,16040,77087.3,9821.52,8764,73444,20919.6,50.02,10.1965
18024.3,16928,69780.4,8620.56,8452,66843,12255.1,163.18,10.1975
13518.1,12837,69013.1,6981.84,7025,65133.4,19783.4,26.24,10.1975
16113.9,15388,68627.6,5595.84,5336,68727.3,5603.04,133.66,10.1997
16012.8,15099,69502.3,7126.56,6971,66998.5,16206.5,34.44,10.1997
8357.76,8079,67797.3,3432.24,3419,65789.8,11971.4,13.12,10.2028
7631.36,7441,67212.6,3103.92,3093,65767.4,16563.6,-13.12,10.2028
6450.56,6148,68761.2,2647.44,2656,65324.8,8027.28,-13.94,10.2039
21265.3,17151,81257.2,16532.6,14155,76544.2,24691.7,52.48,10.2049
15242.2,14842,67303.3,8401.68,8478,64946,15658.6,149.24,10.206
7747.2,6873,73871.7,7719.12,7133,70921.1,24957.4,-27.06,10.207
10917.1,10572,67675.4,7248.96,6680,71117.9,18500.4,0.82,10.207
6723.2,6933,63552.8,2458.08,2613,61650.5,17411.8,57.4,10.2081
11172.5,9817,74584.9,7120.08,6685,69801.3,43724.2,54.12,10.2092
10851.2,10424,68221.8,5415.84,5288,67120.4,8619.12,7.38,10.2102
7363.84,7274,66345.4,3211.92,3322,63364.4,27700.6,-50.02,10.2113
6854.4,6496,69151.8,3219.12,3184,66258.9,7824.96,-59.86,10.2113
11689.6,11448,66919.1,5176.08,5112,66357.5,13796.6,31.98,10.2134
15205.1,14568,68402.2,10065.6,9852,66956.9,23547.6,-27.06,10.2144
13463,13346,66110.7,5019.12,4662,70556.2,17460.7,59.86,10.2155
10150.4,10120,65732.9,3259.44,3288,64966.8,17763.8,54.12,10.2176
11704.3,11193,68529.8,7615.44,7357,67838.2,52230.2,50.02,10.2176
16105.6,15560,67834,8277.12,7816,69402.4,11945.5,-45.92,10.2229
10058.2,9477,69555.4,5088.24,4369,76324.8,9798.48,24.6,10.2282
13554.6,13276,66911.1,5605.92,5288,69476.1,21075.1,4.92,10.2303
8860.16,8736,66467.4,4837.68,4292,73868.2,13365.4,45.92,10.2313
13713.3,13420,66968.2,8065.44,7752,68185.9,17374.3,45.1,10.2334
9941.12,10032,64942.3,3654.72,3632,65946,12016.1,-12.3,10.2345
17834.2,16496,70852.6,12261.6,11856,67778,25072.6,45.92,10.2377
11633.9,11616,65637.1,5260.32,5488,62817.1,11165,-26.24,10.2377
13597.4,12364,72073.9,10725.1,10540,66687,15709.7,51.66,10.2387
9352.96,9153,66967.7,7760.88,7585,67055.6,17059.7,30.34,10.2408
9353.6,9640,63589,4230,4284,64709.9,6510.96,31.16,10.244
8748.8,8668,66146.9,3746.16,3752,65434,18776.2,-10.66,10.245
10504.3,10193,67537.6,4304.88,4357,64752,17277.1,-0.82,10.245
9485.44,9249,67211.4,3491.28,3553,64397.6,14663.5,48.38,10.245
14451.8,14163,66872.5,6068.88,6147,64703.1,6785.28,100.86,10.245
17801.6,17421,66967.8,10007.3,9897,66266.3,9991.44,9.02,10.2545
13116.2,12937,66443.6,4996.08,4953,66106,39366.7,109.88,10.2566
7409.92,7294,66577.5,2584.08,2574,65792.6,7661.52,101.68,10.2566
9112.32,9116,65509.5,3710.16,3612,67317,25795.4,40.18,10.2588
11418.2,11213,66735.5,6562.8,6477,66404.1,7619.76,104.14,10.2609
8869.76,8967,64825.3,2898,2915,65153.8,16808.4,28.7,10.2609
7333.76,7333,65542.8,2805.84,2849,64543.2,10768.3,45.1,10.2672
8576.64,8073,69624.5,6060.96,5913,67175.9,27356.4,-10.66,10.2693
12396.8,11780,68967.5,6232.32,6112,66826.1,11258.6,89.38,10.2714
8491.52,8340,66726.6,3514.32,3632,63412.6,5639.04,-20.5,10.2725
7858.56,7649,67331.5,2596.32,2629,64721.3,5893.2,0,10.2735
7694.08,7304,69036,2048.4,2088,64293.1,24635.5,109.06,10.2746
9362.56,8929,68718.2,2709.36,2785,63756.1,13782.2,24.6,10.2788
14181.1,13360,69563.9,6468.48,6592,64308,10085,39.36,10.2809
10851.8,9964,71375.6,4613.76,4552,66425.2,5586.48,3.28,10.282
12868.5,11332,74421.9,8103.6,7488,70923.8,61645,26.24,10.2841
5605.76,5705,64396,2670.48,2729,64130.7,14785.2,62.32,10.2851
8927.36,8977,65173.6,3272.4,3413,62836.2,9061.2,-12.3,10.2851
12353.3,11741,68953.6,4699.44,4525,68062.4,5037.84,6.56,10.2883
17788.2,14246,81831,11582.6,10050,75530.3,8636.4,95.12,10.2894
17576.3,17011,67713.9,5923.44,6055,64112.1,20626.6,29.52,10.2894
15900.2,15469,67362.6,7027.92,7161,64318.1,11835.4,-15.58,10.2904
12453.1,11728,69588,8211.6,8100,66438.9,4838.4,13.94,10.2904
17200.6,14325,78691.9,13130.6,11937,72089.3,25616.2,56.58,10.2925
12281,12207,65933.1,4436.64,4555,63833.1,13744.8,-71.34,10.2936
16474.9,15996,67498,32515.2,13288,160364,12941.3,1010.24,10.2946
11076.5,10029,72380.9,4906.08,4669,68863.8,21281,36.9,10.2957
14313.6,13585,69050.9,6535.44,5649,75819.9,59785.9,72.16,10.2967
11575,10749,70572.3,9073.44,8473,70180.2,9079.92,289.46,10.2978
11408.6,10957,68237.4,6930,6749,67293.6,42575.8,73.8,10.2989
21073.3,19922,69323.3,9470.88,9622,64506.7,15382.1,15.58,10.301
12894.7,12417,68057.4,9189.36,8901,67659.1,12228.5,113.98,10.3115
11059.2,10825,66953.9,2713.68,2713,65552.4,11741.8,28.7,10.3126
12097.3,12084,65608,4314.96,4448,63575.8,53440.6,48.38,10.3147
10837.1,10128,70124.6,8272.08,7808,69431.2,5072.4,36.08,10.3168
11984.6,11629,67540.2,17708.4,10233,113411,24738.5,555.14,10.3168
9788.16,8288,77398.3,9038.16,8224,72023.9,59638.3,30.34,10.32
19065,17608,70958.7,12566.9,12264,67154.5,9769.68,75.44,10.32
6250.88,6372,64290.3,3542.4,2644,87804.4,8591.76,62.32,10.321
11553.9,11553,65541.2,4876.56,5045,63347.9,7889.04,115.62,10.3221
14389.8,14157,66613.5,4821.12,4825,65483.3,34657.2,95.12,10.3221
8901.76,7988,73032.8,7940.88,7360,70708.4,15991.9,-15.58,10.3242
9954.56,9229,70688.3,7731.36,7341,69020.9,9645.12,39.36,10.3242
10442.9,9976,68603.1,7117.2,6876,67834.9,7022.88,-8.2,10.3274
19680.6,19772,65233.2,6212.88,6424,63382.2,13135,88.56,10.3295
11537.9,9992,75675.5,7770.24,7228,70452.5,40788,68.06,10.3305
9911.68,9541,68082.2,5252.4,4945,69610,23270.4,-2.46,10.3347
9991.04,9713,67412,9497.52,7025,88602.1,12289.7,-3.28,10.3358
9108.48,9129,65388.7,5697.36,5565,67094.7,18798.5,-22.96,10.3379
9479.04,9429,65883.8,8517.6,7941,70294.6,12277.4,82.82,10.34
12954.2,13351,63588.4,6958.08,7011,65041.3,34418.9,62.32,10.3411
11338.9,11113,66868.1,5818.32,5661,67357.3,19447.9,37.72,10.3411
11769,10932,70553.5,8092.08,7360,72054.7,13453.2,15.58,10.3411
8961.28,8973,65450.4,3537.36,3593,64521.1,69041.5,32.8,10.3421
14763.5,14309,67617.7,6751.44,6677,66266.6,10098,3.28,10.3432
13269.1,13322,65275.9,4911.84,4890,65828.7,17316,27.06,10.3432
11472,11383,66048.4,4871.52,4323,73851.5,17137.4,22.14,10.3442
13069.4,12773,67057,4739.04,4689,66235.4,13701.6,-2.46,10.3442
9876.48,9637,67164.6,5259.6,5077,67893.1,12317,4.92,10.3442
15003.5,14433,68126.6,7372.8,7349,65748.3,22855.7,-5.74,10.3442
13491.2,12741,69394.8,7137.36,6977,67042.3,14675.8,58.22,10.3453
7441.92,7190,67832.2,3236.4,3190,66489.3,8264.16,82,10.3463
9548.16,9256,67604.6,6238.8,6172,66245.3,10514.9,37.72,10.3474
7541.12,7612,64925.8,2867.76,2988,62898.8,11400.5,-58.22,10.3485
9769.6,9197,69616.2,6314.4,5821,71091,15392.9,112.34,10.3495
12150.4,11615,68556.9,11325.6,11099,66874,21354.5,51.66,10.3495
8735.36,8768,65292,3505.68,3684,62363.8,6663.6,4.1,10.3495
17844.5,16476,70979.4,12566.2,11692,70435.8,15688.8,37.72,10.3506
9044.48,8628,68699.5,3276,3076,69797.1,8052.48,-64.78,10.3548
11915.5,11344,68837.8,4537.44,4304,69090.5,12497,89.38,10.3548
6908.8,6762,66958.8,1972.8,1994,64839.2,20803,50.02,10.3548
13042.6,12333,69306.5,10123.2,9977,66496.4,23649.8,55.76,10.3569
24642.6,20212,79901.8,15880.3,13728,75810.9,39607.9,141.04,10.358
9278.08,9001,67553.4,3674.88,3645,66073.2,7849.44,47.56,10.359
10179.2,9620,69345.5,4124.88,4084,66192,10207.4,32.8,10.3601
8339.84,8147,67087.2,3150.72,3223,64066.3,7029.36,14.76,10.3622
18577.9,16920,71957.6,11033.3,10460,69127.8,35066.9,95.12,10.3632
8773.12,8553,67222.6,6079.68,6041,65955.6,13667,1173.42,10.3643
13028.5,12052,70845.9,4829.04,4180,75712,25795.4,203.36,10.3653
15025.9,13928,70702.1,5416.56,5292,67078.6,23954.4,164.82,10.3653
16129.9,10461,101051,15762.2,9517,108542,23534.6,138.58,10.3675
12680.3,12236,67915.8,4223.52,4348,63659.8,8457.12,55.76,10.3675
14553,13666,69789.5,5554.08,5558,65489.8,31419.4,54.94,10.3675
10097.3,8924,74152.3,6016.32,5528,71325.2,15387.1,22.96,10.3685
12513.3,11920,68797.8,5983.2,5952,65879.5,12448.8,-13.12,10.3696
13759.4,13048,69108.9,7369.92,7288,66272.6,9768.24,77.9,10.3727
15381.8,14885,67723.1,4771.44,4785,65350.3,21272.4,49.2,10.3738
10636.2,9524,73188.9,7595.28,7200,69133.9,24049.4,-27.88,10.3738
11596.2,10421,72926.4,7918.56,7381,70309,31909.7,4.1,10.3748
7767.04,7784,65393.2,3394.8,3528,63061.7,18447.1,28.7,10.3748
8106.24,7520,70645,4689.36,4420,69529.8,6874.56,112.34,10.3748
16325.8,15564,68743.6,8090.64,7160,74054.2,19733.8,55.76,10.3759
14686.1,13673,70391.8,9189.36,8537,70544,10406.2,118.08,10.3791
7983.36,7928,65993.6,2703.6,2812,63009.6,8041.68,63.96,10.3801
18455.7,18349,65917,7457.76,7501,65158.2,6636.96,98.4,10.3812
6639.36,6672,65215.4,2888.64,2880,65732.6,10869.1,-4.1,10.3843
6989.44,7408,61833.1,2977.2,2836,68798.9,4754.88,83.64,10.3907
8360.32,8603,63687.3,3571.2,3531,66282.1,14345.3,-17.22,10.3917
11502.7,11289,66776.7,7408.08,6201,78293.2,12808.1,52.48,10.3928
6981.76,7361,62159.6,3063.6,3009,66725.2,8305.92,-12.3,10.3928
7930.24,8032,64705.7,6809.76,6644,67171,14904.7,102.5,10.3938
9893.12,10221,63433.7,5945.76,5769,67544,17244,91.02,10.3949
17905.3,18112,64788,4302,4176,67513.4,20044.8,22.14,10.3959
11329.9,11565,64203.9,4987.44,4953,65991.7,16513.2,-19.68,10.397
8552.96,8404,66697.6,5920.56,5668,68456.2,22074.5,-4.1,10.3981
7326.72,7541,63673.8,3399.12,3377,65965.3,20245.7,1.64,10.4012
10209.9,10286,65051.3,3656.88,3614,66313.6,11065.7,-52.48,10.4012
13160.3,12387,69627.4,11900.2,11543,67563.8,21074.4,-9.02,10.4033
11627.5,11577,65822,5130,5085,66116,10710.7,27.88,10.4086
15522.6,14438,70459,10121,9746,68057.9,23278.3,39.36,10.4097
5798.4,5792,65608.4,2005.92,2048,64189.4,9943.2,0,10.4118
9317.76,9259,65951.9,3584.16,3627,64761.9,5850.72,19.68,10.4118
11050.9,10924,66297.2,2458.8,2456,65610.7,7320.96,7.38,10.4149
8515.2,7570,73718.9,5554.8,5090,71520.5,13179.6,157.44,10.4171
8746.24,8533,67173.8,3711.6,3509,69319.9,29563.2,-2.46,10.4171
15929,15814,66012.4,6015.6,6130,64312.9,37679,18.04,10.4171
5828.48,5588,68356.4,2557.44,2564,65368.3,22004.6,57.4,10.4171
6844.8,6981,64257.4,3090.24,3217,62953.7,7745.04,-23.78,10.4192
14681.6,13712,70170.2,5775.12,5620,67344.9,11018.9,54.12,10.4213
5970.56,5637,69414,2577.6,2581,65449.7,8828.64,-23.78,10.4223
11429.8,11024,67948.2,6693.12,6548,66988.4,24992.6,86.92,10.4234
15682.6,14765,69608.7,13060.1,12265,69784.4,9753.84,76.26,10.4266
11480.3,11293,66623.1,6248.88,6189,66170.1,23441,53.3,10.4266
9559.68,9468,66170.6,4039.2,3544,74693.3,7068.24,35.26,10.4287
14233,12305,75804.3,9126.72,8641,69219.9,17575.9,4.92,10.4287
11645.4,11600,65792.7,5353.92,5312,66053.2,6530.4,112.34,10.4287
12083.8,11607,68228.4,5599.44,5459,67222,13793,0,10.4297
16639.4,15357,71008.5,11064.2,10457,69341.7,26598.2,125.46,10.4297
13873.3,13493,67383,6029.28,5909,66870,9372.24,75.44,10.4339
11792,11268,68583.6,5392.8,5236,67498.6,6542.64,72.16,10.435
14752.6,14020,68960.7,11785.7,11508,67117.3,22896,45.92,10.4371
10720.6,11000,63871.6,3036.96,3116,63873.6,21034.1,81.18,10.4382
7626.24,8077,61878.6,3923.28,3897,65978,49439.5,37.72,10.4382
11910.4,12000,65046.7,5857.92,5668,67731.9,17730,45.92,10.4413
12624,12453,66435.9,6089.76,5793,68893.2,13726.8,-25.42,10.4413
9315.84,9285,65753.7,3849.84,3893,64809.4,8093.52,50.02,10.4424
11405.4,10930,68386.7,5410.8,5101,69516.2,23373.4,62.32,10.4445
15055.4,14477,68154.2,11682,11069,69165.4,15825.6,46.74,10.4445
21626.9,19305,73418.2,14738.4,13689,70560,29902.3,27.06,10.4445
10044.2,10109,65115.6,6004.8,5961,66017.6,10625,-23.78,10.4455
6896.64,6956,64976.7,3399.84,3416,65226,17232.5,116.44,10.455
15114.9,13740,72093.8,9268.56,8652,70206.3,17715.6,76.26,10.4561
19360,17229,73641.9,16095.6,14825,71152.9,25999.2,15.58,10.4603
10695.7,10301,68047,7002.72,6861,66889.7,28957.7,33.62,10.4656
14687.4,14336,67142.2,7210.8,6592,71688,6448.32,-14.76,10.4677
9384.96,8936,68828.6,8761.68,8248,69617.5,8526.24,99.22,10.4677
11626.2,11400,66836.6,9311.76,8792,69410.3,13354.6,113.98,10.4677
17521.9,14833,77416.3,11838.2,10961,70781,23063.8,41,10.4688
10678.4,10717,65300,3706.56,3821,63573.2,23994,4.92,10.4688
9544.32,9540,65565.7,3026.88,3088,64238.9,10669.7,-72.16,10.4698
12391.7,11452,70913.5,8701.92,8040,70931.5,33390.7,-67.24,10.4698
17730.6,16677,69676.2,7475.76,6865,71366.6,17905.7,-3.28,10.4719
19141.1,17481,71759.8,10879.9,10157,70200.5,30599.3,7.38,10.473
10643.8,10173,68569.2,7202.16,6717,70269.6,15239.5,127.1,10.474
17182.7,16849,66834,10809.4,10481,67589.2,25472.2,129.56,10.4762
10360.3,10379,65418,4109.04,4127,65250.8,22937.8,-16.4,10.4762
8161.92,8112,65939.3,3134.88,3092,66444.9,7652.16,104.96,10.4762
6071.04,6319,62964.3,3178.08,3211,64864.1,6431.04,-56.58,10.4762
9792.64,9685,66264.4,6022.08,5937,66475.2,10083.6,95.94,10.4762
11157.1,10652,68643.7,6141.6,5736,70170.1,34709.8,34.44,10.4814
10901.1,11389,62728.6,5604.48,5209,70511.7,9807.12,-7.38,10.4825
9761.92,8613,74278.1,7146.72,6625,70697,37364.4,69.7,10.4835
9945.6,9513,68516.2,8902.8,8413,69351.5,10364.4,2.46,10.4835
12351.4,12137,66693.5,7796.16,7517,67969.8,12461.8,45.1,10.4846
7649.92,7700,65109.8,2807.28,2868,64148.5,16485.8,-61.5,10.4857
17861.1,13572,86247.1,14962.3,12816,76511.4,57398.4,59.86,10.4857
17917.4,15961,73569.2,13777.9,12762,70753,28109.5,26.24,10.4867
15606.4,15200,67288.2,3773.52,3668,67421.3,20864.2,77.08,10.4909
12468.5,11981,68202.5,8200.8,7849,68473.4,8511.12,-17.22,10.493
13786.2,13364,67606.6,8437.68,8484,65178.2,8935.92,103.32,10.4941
9646.72,9081,69618.7,3241.44,3241,65544.9,7536.24,0.82,10.5004
14967,13392,73243.7,11407,10656,70154.5,21786.5,116.44,10.5004
15352.3,14780,68073.7,9295.92,9144,66624.8,12342.2,69.7,10.5015
7339.52,7124,67518.6,3171.6,3168,65610.5,13496.4,4.1,10.5025
24597.8,19594,82272.1,18622.1,14062,86788.3,35386.6,103.32,10.5046
9672.96,9784,64792.2,3972.96,4104,63443.4,13138.6,-30.34,10.5068
9745.28,9404,67914.4,6697.44,6364,68969.7,15845.8,78.72,10.5089
10165.1,9973,66798.5,5423.04,5441,65319.7,9756.72,24.6,10.5099
10915.2,10785,66327.2,5934.24,5925,65638.2,10897.9,-4.1,10.5099
13007.4,12689,67180.3,6375.6,6373,65562.7,19255.7,54.12,10.5131
6475.52,6756,62815.2,3266.64,3376,63413.1,25977.6,2.46,10.5141
12132.5,11872,66973.9,6161.76,6000,67302.9,20122.6,51.66,10.5152
8035.84,8325,63259.7,4493.52,4449,66191.8,9919.44,73.8,10.5152
6188.8,6329,64084.2,2820.96,2841,65073.7,11440.8,75.44,10.5152
6715.52,7049,62435.6,3038.4,3117,63883.4,6904.8,110.7,10.5152
13233.9,13080,66307.2,6503.76,6584,64737.3,15590.2,6.56,10.5173
5349.12,5449,64334.7,2485.44,2541,64103,12071.5,63.96,10.5184
22003.2,20588,70040.9,13134.2,12300,69980.9,23101.2,47.56,10.5194
12051.8,11308,69847,9118.08,8892,67202.3,8956.08,94.3,10.5194
17719.7,17320,67048.3,6064.56,5996,66285.4,13933.4,4.1,10.5215
9575.04,9901,63378.4,4870.8,4761,67047.4,16289.3,-2.46,10.5215
7265.28,7525,63274.1,3554.64,3505,66464.2,6717.6,-72.16,10.5236
10128.6,10252,64747.4,5253.12,5180,66461.1,12615.1,-13.12,10.5236
11446.4,11565,64863.9,4833.36,4713,67209.7,6449.04,19.68,10.53
12201.6,12331,64848.3,6383.52,6271,66711.9,10088.6,59.86,10.53
12267.5,12368,65003.6,6945.84,6768,67258.1,11090.2,47.56,10.531
14819.2,13045,74449.3,11376,10401,71679.4,14729,54.12,10.531
10241.3,9381,71545.9,8885.52,8353,69714,13754.2,79.54,10.5321
11960.3,11138,70374.5,8156.16,7558,70722.7,27140.4,95.12,10.5331
16685.4,15380,71098.6,10556.6,9712,71235.6,30554.6,5.74,10.5331
14600.3,14176,67497.6,7266.24,7252,65664.7,20266.6,-11.48,10.5353
9683.84,9513,66712.9,3152.16,3133,65936.8,6869.52,-72.16,10.5353
11468.8,10872,69133.5,7881.12,7480,69050.4,18766.8,-15.58,10.5374
11838.1,10804,71808.6,8355.6,7632,71749.6,14897.5,39.36,10.5374
24252.8,20471,77643.1,15980.4,14327,73099.1,7626.24,8.2,10.5384
19115.5,18740,66849.2,10274.4,10112,66588.5,12782.2,-59.04,10.5395
14332.8,13519,69481.1,7804.08,7663,66742.6,11680.6,157.44,10.5395
8115.84,7919,67165,5723.28,5275,71105.4,16028.6,11.48,10.5437
10497.9,9673,71125,8154,7757,68890.1,16340.4,-14.76,10.5447
6115.2,5744,69771.2,3381.12,2580,85885.7,17672.4,20.5,10.5447
10673.9,10233,68359.8,7836.48,7225,71082.6,20218.3,4.1,10.5458
12153.6,11947,66669.3,4060.8,4015,66283.6,21407.8,23.78,10.5479
8878.08,8795,66155.1,4206.24,4175,66026.4,5334.48,33.62,10.55
10835.2,9373,75759.7,8239.68,7433,72648.4,25858.1,165.64,10.5511
13011.2,12409,68716.4,6243.12,5961,68637.7,6091.92,27.06,10.5521
10698.2,11069,63340.9,2663.28,2793,62492.2,20539.4,2.46,10.5521
10438.4,9942,68808.2,8010.72,6898,76107.6,31706.6,51.66,10.5521
13930.2,13462,67815.5,5761.44,5654,66781.3,16908.5,3.28,10.5532
11854.7,11360,68390.1,5036.4,4928,66977.6,10507,-1.64,10.5553
8414.72,8125,67872.9,2604.96,2669,63963.5,37930.3,22.96,10.5553
5552,5614,64812.2,2120.4,2202,63107.4,5680.8,7.38,10.5564
12001.9,11394,69032.6,7523.28,7222,68270,6040.08,-39.36,10.5564
11673.6,10948,69879.5,6044.4,5636,70284.9,6051.6,49.2,10.5606
13202.6,10973,78852,10829.5,10105,70234.9,35966.9,13.12,10.5616
12914.6,12060,70179.8,4268.88,4220,66295.1,22641.1,54.12,10.5627
6355.2,6008,69323.3,2962.8,2456,79059.5,17215.2,13.94,10.5648
13754.2,12109,74440.3,7102.08,6633,70170.6,56796.5,18.04,10.5669
15733.1,14690,70189.6,7848.72,7974,64506.4,16190.6,47.56,10.568
14941.4,13805,70931,7440.48,7145,68246.2,38537.3,-42.64,10.568
13185.3,12517,69034.9,3109.68,3137,64965.3,6452.64,-13.94,10.5701
12425.6,12225,66611.4,4684.32,4609,66607,8170.56,48.38,10.5711
9814.4,9133,70425.5,5201.28,5145,66252.9,23899.7,-57.4,10.5711
23724.2,22268,69821.6,11821,11688,66281.5,22244.4,-55.76,10.5711
10924.2,10929,65507,4865.04,4721,67535.5,28296.7,57.4,10.5785
8144.64,8348,63939.5,3646.8,3740,63902.9,27262.1,5.74,10.5785
6984.32,7432,61588.3,2383.2,2520,61978.3,26136.7,7.38,10.5806
10211.2,10243,65332.5,3629.52,3696,64357.2,6153.84,-36.9,10.5817
12930.6,12000,70618.1,12479.8,11764,69523.4,26291.5,52.48,10.5849
5984.64,6234,62914.6,2838.24,2858,65082.9,7943.04,-27.06,10.5859
13950.1,10994,83157.4,149763,119618,82051.7,11309.8,8792.86,10.587
13571.2,13473,66013.7,5711.76,5761,64975.9,8061.12,41.82,10.588
24407,19461,82192.1,24905.5,21073,77455,109724,178.76,10.5901
5481.6,5788,62066.7,2541.6,2600,64064,7776,-37.72,10.5912
12897.3,13005,64993.2,7740,7689,65970.7,25333.2,48.38,10.5912
10945.9,11215,63963.6,4628.16,4699,64548,11669,16.4,10.5912
11797.1,11920,64860.4,4760.64,4804,64944.5,15154.6,28.7,10.5922
15111,15392,64339.7,5659.92,5824,63689.7,6374.88,71.34,10.5954
14558.1,15047,63406.5,5582.88,5735,63797.7,7518.24,17.22,10.6028
14348.8,14869,63243.2,5895.36,6065,63702.9,9446.4,58.22,10.606
9485.44,9764,63666.3,5471.28,5248,68324.3,16909.9,109.06,10.606
7102.72,7628,61023.1,2753.28,2792,64627.1,10172.2,-41.82,10.6081
13653.8,13997,63928.9,6475.68,6429,66011.8,21754.8,61.5,10.6081
6896.64,7412,60979.2,3006,3108,63385.2,6527.52,-33.62,10.6123
5599.36,6273,58498.3,2816.64,2869,64340,13642.6,54.94,10.6133
6940.16,5133,88609.1,59636.9,37593,103965,8079.12,2686.32,10.6133
10365.4,10221,66462.1,8479.44,7709,72085.7,11586.2,75.44,10.6144
13473.3,13749,64221.8,6639.84,6325,68798.2,44845.2,76.26,10.6176
12557.4,13068,62975.5,6117.12,6236,64286.7,7138.8,-59.04,10.6197
8302.08,8281,65702.8,5153.76,3609,93587.4,9464.4,1.64,10.6218
13296,13505,64521.8,8159.04,7985,66964.4,7709.76,63.14,10.6218
14371.8,13898,67770.4,16761.6,15694,69994.2,15346.1,53.3,10.6239
10744.3,11465,61416.5,6938.64,7005,64915.2,6675.84,138.58,10.6239
9752.32,10259,62299.3,5175.36,5063,66990.4,10221.8,91.02,10.6292
9996.8,9760,67126.1,4772.88,4724,66214.1,11036.2,6.56,10.6323
14124.8,13956,66328.7,6230.88,6180,66075.6,27766.1,81.18,10.6355
12883.8,12488,67613.3,8810.64,8360,69068.7,23464.1,28.7,10.6355
16680.3,16320,66982.9,6765.84,6644,66737.8,25862.4,-47.56,10.6366
11820.2,11508,67313.7,6239.52,6164,66338.9,8825.04,21.32,10.6387
11776.6,11384,67796.4,4320,4328,65414.9,10805.8,-8.2,10.6397
17147.5,16757,67063.3,7605.36,7557,65955.4,29512.8,120.54,10.6408
12816,12468,67365.2,5793.84,5248,72352.3,11198.2,70.52,10.6408
11214.1,11361,64688.5,6635.52,6529,66605.2,4903.92,65.6,10.645
7464.32,7797,62739.7,2404.08,2465,63916.3,24775.9,-63.96,10.6461
16866.6,16552,66781.5,10796.4,10104,70027,30160.8,77.08,10.6503
13453.4,12640,69753.5,9663.12,9120,69438.9,19306.1,75.44,10.6524
6398.08,6607,63463.7,3531.6,3595,64380.2,16715.5,46.74,10.6534
14397.4,14695,64209,6876,7031,64091.3,8332.56,30.34,10.6545
13628.8,13089,68238.8,5048.64,4897,67565.4,22472.6,31.98,10.6566
10601.6,9852,70522.4,10170,9272,71883.2,27769.7,31.98,10.6577
15175.7,14691,67698.1,6516,6499,65707.4,11092.3,43.46,10.6577
13294.1,12989,67075.3,6090.48,5933,67275.5,6056.64,105.78,10.6577
9931.52,9428,69036.1,6790.32,6608,67344.2,29340.7,12.3,10.6598
8667.52,9025,62940.1,2370.96,2401,64716.1,8514,5.74,10.664
5579.52,5500,66483.5,5184.72,4764,71323.6,15861.6,-66.42,10.6672
13395.2,13442,65307.8,7649.28,7362,68093.3,9457.2,15.58,10.6672
9579.52,9619,65267,5123.52,5047,66529.6,17907.8,7.38,10.6672
7438.08,7681,63463.3,2826.72,2801,66137.8,8819.28,41.82,10.6682
8568.32,8627,65090.2,3308.4,3376,64223.7,6717.6,65.6,10.6777
19383,19201,66157.3,7463.52,7445,65699,39900.2,9.84,10.6788
12170.2,12224,65247.8,6932.16,6768,67125.6,6793.92,6.56,10.6788
17778.6,12753,91361.7,11965,8897,88134.8,34975.4,36.08,10.6788
5523.2,5793,62483.8,2314.08,2389,63480.8,7919.28,6.56,10.6798
10145.9,9649,68911.1,9358.56,8881,69060.1,9635.04,76.26,10.6798
6929.92,7097,63993.1,2735.28,2857,62743.9,10310.4,-80.36,10.683
13470.7,12332,71587.5,9664.56,8860,71487.2,22028.4,-3.28,10.6862
12735.4,12077,69108.6,8027.28,7693,68383.7,10080,8.2,10.6862
6172.8,6266,64561.2,2508.48,2602,63180.5,9988.56,-63.96,10.6883
12743,11417,73147.8,7963.92,7277,71722.3,17160.5,-39.36,10.6893
19751,15640,82762.4,19089.4,14776,84667.1,43638.5,86.1,10.6904
15255,14551,68706.9,5065.92,4899,67769,17943.8,66.42,10.6914
8513.28,8356,66769.6,4382.64,4480,64111.8,5161.68,31.16,10.6946
10135,9265,71690.2,6774.48,5509,80590.4,18993.6,50.02,10.6946
12974.1,11836,71837.6,9011.52,8392,70374.1,12303.4,4.1,10.6946
6581.12,6269,68798.9,2662.56,2621,66575.2,11463.1,45.92,10.6978
12938.9,12879,65840.7,5338.08,4971,70375.5,10242.7,53.3,10.6978
23481.6,21245,72435.4,12178.8,11213,71180.8,50811.8,25.42,10.6988
11566.7,6837,110873,55134.7,37445,96496.4,9900.72,1681,10.7009
10001.9,9367,69978.2,4280.4,3939,71216.1,23326.6,-29.52,10.702
8849.92,8808,65847.9,3569.76,3160,74034.1,23519.5,-13.12,10.7083
23602.6,21613,71568.8,16354.8,15885,67474.2,5364.72,22.96,10.7104
12631,11304,73229.6,8119.44,7308,72812.8,38846.9,9.02,10.7115
12323.8,12027,67153.5,4444.56,4571,63723.2,8729.28,22.14,10.7136
9408,9230,66799.9,2641.68,2762,62681.1,8400.24,-33.62,10.7136
7208.32,7108,66461,3024,3120,63519.5,10604.9,5.74,10.7168
7231.36,6964,68052,2293.92,2292,65590.9,17473.7,14.76,10.7199
9914.24,9327,69662.2,4713.12,4645,66497.1,12191.8,-15.58,10.7231
8548.48,8421,66528.1,2725.92,2789,64053.8,8593.2,-25.42,10.7273
10854.4,10479,67883.8,5830.56,5711,66908,7997.04,-28.7,10.7294
21673.6,17496,81184.3,15710.4,13720,75043.5,17797,37.72,10.7305
12615.7,12297,67234.4,7462.08,7453,65615.8,15191.3,30.34,10.7305
8832,8685,66645.3,3352.32,3369,65211.5,13238.6,129.56,10.7315
12960.6,12585,67492.1,5649.12,5529,66959.8,37187.3,31.16,10.7347
8905.6,8548,68277.7,5870.16,5712,67350.6,12201.8,-1.64,10.74
8502.4,8037,69331,5713.92,5361,69850.3,29749,30.34,10.74
27882.9,20404,89557.6,22063,16548,87377.2,48705.8,146.78,10.7421
30686.7,24741,81285.5,28493.3,23253,80305.2,36743.8,213.2,10.7421
11849.6,11761,66029.7,4847.04,4885,65026.7,11072.2,44.28,10.7431
6016,5940,66374.5,2688.48,2512,70140.2,33998.4,91.84,10.7442
16981.8,16284,68344.2,5666.4,5592,66407.9,27640.1,15.58,10.7442
8251.52,8197,65971.9,3930.48,3937,65427.5,8460,-18.04,10.7474
5930.88,6163,63067.7,3334.32,3363,64977.1,24640.6,36.9,10.7484
18822.4,18017,68465.6,15518.9,14673,69314.1,41045,168.1,10.7495
11272.3,11303,65358.1,6251.04,6179,66300.1,8401.68,-10.66,10.7526
18977.3,18752,66323.3,5397.84,5424,65219.9,40231.4,55.76,10.7526
12961.9,12509,67908.9,7449.12,7229,67531.5,12011.8,58.22,10.7548
5640.32,6045,61148.7,2237.76,2237,65558.3,16321,9.84,10.7558
11823.4,11500,67378.8,6282.72,6028,68305.3,8571.6,40.18,10.7569
10355.8,9816,69140.2,5907.6,5580,69383.6,17768.2,9.02,10.759
9818.88,9484,67850.1,8516.16,8152,68463.6,16746.5,14.76,10.76
6953.6,6784,67174.4,3491.28,3012,75964.3,14937.1,40.18,10.7653
14625.3,13684,70044,10527.8,9860,69974.9,17464.3,9.02,10.7664
10149.8,10032,66305.3,2544.48,2576,64734.1,6068.88,30.34,10.7664
5897.6,6140,62948.7,3094.56,3144,64505.4,10292.4,9.02,10.7695
16902.4,16653,66517.5,5506.56,5561,64894.4,7498.08,53.3,10.7706
9328.64,9280,65879.5,2574,2548,66204.7,5790.96,54.12,10.7727
10021.1,8317,78964.1,8017.2,7257,72401.2,13741.9,123,10.7727
9218.56,9093,66441,6074.64,6049,65813.8,18344.2,-74.62,10.7727
10819.8,10377,68332.8,6035.04,5885,67206.9,5779.44,12.3,10.7748
17422.1,16302,70038.9,8002.8,7566,69319.5,49189.7,17.22,10.7759
10750.7,10733,65644.2,4685.04,4717,65092,5812.56,-6.56,10.7759
14214.4,12571,74103.5,10333.4,8875,76305.6,32387.8,-18.86,10.7759
6056.96,6389,62130.1,2646.72,2657,65282.4,9704.88,-30.34,10.7769
11324.2,10817,68608.7,5898.24,5730,67460.2,4803.12,15.58,10.7822
7908.48,8270,62671.1,4147.2,4137,65697.6,7377.12,53.3,10.7843
8681.6,8940,63641.8,3025.44,2904,68276.6,10352.2,126.28,10.7885
13113,12673,67811.2,5795.28,5505,68991.7,26064,-13.94,10.7885
9671.04,9608,65966,4577.04,4316,69499.7,10645.2,-28.7,10.7885
13600,13612,65478.2,5110.56,4940,67798.7,17761.7,54.94,10.7885
6045.44,6352,62373.1,3067.2,3088,65094.6,6282.72,67.24,10.7896
11793.3,11872,65101.4,5264.64,5280,65345.4,41967.4,71.34,10.7906
10858.2,10815,65798,5427.36,5307,67022.3,33148.1,41.82,10.7906
8747.52,8624,66474.7,3606.48,3540,66766.7,7467.12,-38.54,10.7917
11258.9,10760,68574.5,8915.76,8456,69099.3,9162,12.3,10.7927
11872,12032,64664.5,6596.64,6740,64142,6259.68,115.62,10.7949
17390.1,16933,67305,6675.84,6529,67009.9,4854.24,34.44,10.7959
7607.04,7517,66321,2769.12,2745,66111.9,9816.48,-22.96,10.797
7775.36,7709,66100.1,3399.84,3293,67662.3,11679.8,-14.76,10.797
16467.8,16133,66896.2,7076.88,6933,66896.1,13947.1,85.28,10.8001
13964.2,13837,66138.3,5142.96,5257,64114.3,19409,-26.24,10.8001
12189.4,11965,66765.3,4549.68,4617,64580.4,19132.6,28.7,10.8001
9199.36,8897,67763.2,3936.24,3841,67161,14163.1,-29.52,10.8001
9422.72,9244,66803,6194.88,5912,68671.8,21346.6,2.46,10.8001
5086.72,5217,63899.4,3082.32,3157,63985.7,51492.2,-91.02,10.8022
14690.6,13696,70295,6948.72,6692,68050.1,13696.6,148.42,10.8054
97564.8,50443,126757,194825,102303,124806,262143,68668.4,10.8065
11673,10817,70721.9,5068.08,4885,67992.2,10665.4,33.62,10.8075
6566.4,6396,67282,2763.36,2712,66777.1,10165,35.26,10.8096
20359.7,17609,75773.3,13093.2,11961,71739.5,54172.8,109.88,10.8128
13317.8,12812,68123.1,4300.56,4236,66534.8,13002.5,-13.94,10.8128
12053.1,11305,69872.9,8056.8,7821,67511.9,9546.48,34.44,10.8128
8999.68,8495,69429.4,6798.96,6639,67115,17084.9,53.3,10.8139
16252.8,15604,68260.9,6337.44,6240,66559.4,7809.12,91.84,10.8139
14398.1,13517,69807.9,4533.84,4301,69083.9,29556,104.96,10.817
17435.5,15152,75412.8,15245.3,13556,73702.8,16031.5,17.22,10.8181
9848.32,8664,74494.4,7374.96,7116,67920.9,32557,10.66,10.8191
19514.2,18621,68679.7,10946.2,10697,67062.5,19076.4,7.38,10.8191
6698.88,6543,67097.3,2726.64,2620,68203.5,22621,22.96,10.8212
10613.8,10420,66754.6,4944.24,4772,67901.5,10778.4,34.44,10.8212
13013.8,12412,68713.3,8050.32,7628,69164.4,25861.7,-7.38,10.8212
10732.2,10949,64238.1,4376.88,4389,65355,5130.72,38.54,10.8244
6157.44,5911,68268.3,2176.56,2179,65462.6,7901.28,59.86,10.8265
11150.1,11160,65477.7,4195.44,4296,64001.9,22115.5,50.02,10.8265
13001.6,12584,67710.8,6726.96,6620,66594.9,14304.2,36.08,10.8276
11090.6,10765,67518,5051.52,5101,64900.3,11975,31.98,10.8276
11714.6,11726,65472.1,5117.04,5114,65575,19319,57.4,10.8339
15023.4,14774,66642.1,5498.64,5654,63735.2,10612.8,69.7,10.835
14924.8,13833,70708.6,7825.68,7581,67651.2,12967.2,-36.08,10.835
17952.6,17228,68292.6,6184.08,6136,66049.5,14924.2,30.34,10.836
16154.9,15897,66599.1,8916.48,8861,65946.3,16739.3,24.6,10.8371
8327.04,7960,68557.9,6914.88,6632,68331.4,8031.6,-24.6,10.8371
13203.8,13013,66497.1,5940,5893,66058.7,11214,85.28,10.8371
14263,14056,66501.3,5223.6,5244,65281.1,18732.2,-13.12,10.8381
10970.2,10845,66292.8,5760.72,5661,66690.4,7549.2,-31.16,10.8381
7032.32,7055,65325.3,2730.96,2703,66213.9,12297.6,8.2,10.8423
10052.5,9672,68114.1,7274.88,6904,69056.6,45596.9,-54.94,10.8455
6419.2,6417,65558.5,2474.64,2513,64535.6,7547.76,12.3,10.8466
9323.52,8689,70321.8,4968.72,4789,67995.4,13253.8,88.56,10.8508
6443.52,6328,66732.4,2893.68,2872,66030.7,6238.8,23.78,10.8518
9461.12,9393,66011.3,3988.08,4033,64806.1,10095.8,72.16,10.855
13232,12101,71661.2,8652.96,8257,68678.7,30395.5,49.2,10.8571
18626.6,17969,67934.2,13027,12885,66258.1,32629.7,195.16,10.8592
17241,14945,75604.1,13348.8,12193,71748.3,66368.9,104.14,10.8603
8398.08,7700,71477.5,3535.92,3476,66665.7,5721.84,45.1,10.8656
6096,5329,74968.6,2105.28,2113,65296.6,12692.2,-29.52,10.8677
9936,8861,73486.7,8020.8,7785,67521,10089.4,-3.28,10.8698
12860.8,11909,70773.8,6831.36,6081,73622.8,8777.52,-31.16,10.8708
14108.2,13061,70790.3,8580.24,8405,66902.4,8993.52,25.42,10.873
13468.8,12685,69585.4,3198.24,3145,66645.4,15091.2,13.94,10.874
14630.4,13733,69818.5,5929.2,5825,66708.3,9134.64,61.5,10.8761
10986.2,10802,66653.8,5178.96,5250,64649.2,15860.2,-19.68,10.8761
8431.36,8096,68250.7,4363.2,4416,64752.4,7562.16,-19.68,10.8772
10508.8,9623,71568.6,5014.8,4615,71213.4,14402.2,-41.82,10.8814
6428.16,6560,64218.9,2823.84,2960,62521.3,5105.52,44.28,10.8814
11735,10593,72601.5,10525,9365,73653.4,45776.2,90.2,10.8825
10708.5,9845,71284,7864.56,7697,66962.7,26740.1,34.44,10.8835
9793.28,10261,62548.7,3815.28,3589,69667.9,6585.12,-5.74,10.8846
11190.4,11613,63151.1,6653.52,6605,66017.4,7678.8,21.32,10.8856
5240.32,5596,61370.6,2902.32,2872,66227.9,9759.6,27.06,10.8867
20147.8,18281,72228.5,14535.4,13753,69264.1,20879.3,64.78,10.8867
12995.8,12125,70242.9,10136.2,9741,68194.6,41573.5,54.12,10.8888
18148.5,15952,74559.9,11101.7,9844,73909,8385.12,110.7,10.8919
10672,10557,66249.9,3889.44,3849,66224.6,14815.4,23.78,10.8919
24836.5,23885,68146.7,11684.2,11485,66672.5,8524.08,75.44,10.8993
5633.92,5664,65188,2706.48,2768,64079.4,5065.92,-2.46,10.9014
5448.32,5552,64312.2,2710.08,2816,63071,22789.4,-0.82,10.9036
15244.8,12824,77907.3,13436.6,11880,74123.2,26033,12.3,10.9036
8492.16,8246,67492.4,3265.2,3270,65439.8,7380.72,23.78,10.9036
11465.6,11106,67658,2396.88,2466,63699.1,22585.7,41.82,10.9057
6645.76,6765,64380.9,3617.28,2477,95705.3,7380.72,-24.6,10.9067
11158.4,11329,64549.1,3810.24,3845,64943.5,12107.5,-47.56,10.9088
13155.2,13281,64915.2,5699.52,5761,64836.6,24065.3,-49.2,10.9088
6839.04,6832,65603.5,2651.76,2720,63891.8,9236.88,13.94,10.9141
9237.12,9389,64475.9,3485.52,3565,64074.9,12065,-29.52,10.9173
5160.96,5196,65094.1,3486.24,2588,88282.2,8619.84,43.46,10.9173
13289,13363,65172.9,3958.56,3991,65003.3,33403,-51.66,10.9183
13443.2,13529,65120.4,5702.4,5645,66202.4,55723,96.76,10.9183
12282.2,12509,64348,5592.96,5661,64748.3,11214,-12.3,10.9183
12147.8,12237,65058.5,9227.52,9117,66330.5,15724.8,-18.86,10.9183
13405.4,12880,68209.5,9833.04,9376,68730.6,13223.5,-14.76,10.9194
17707.5,16386,70821.4,12821.8,12006,69988.9,32541.8,95.94,10.9226
20682.9,16180,83774.6,14502.2,11860,80136.5,8952.48,63.96,10.9226
10375.7,10653,63830,3841.92,3897,64609.7,5582.16,-7.38,10.9278
8984.32,9064,64959.9,6701.76,6492,67653.5,10794.2,154.98,10.9278
13461.8,13724,64283.7,3395.52,3448,64538.5,20045.5,29.52,10.9289
8257.92,8376,64612.1,6525.36,6092,70198,20047.7,41.82,10.9289
14606.1,14068,68042.7,10473.8,10228,67111.2,15115,-2.46,10.9352
13529,13391,66211.2,5598.72,5551,66099.4,30388.3,-18.86,10.9352
13454.1,12873,68494.3,6775.92,6441,68943.8,19987.2,18.86,10.9394
16096.6,15156,69603.4,13885.2,12804,71070,14143.7,78.72,10.9394
14581.8,13873,68884.2,7520.4,7381,66773.7,26005.7,-6.56,10.9405
14117.8,13621,67926.1,7254.72,6981,68105.6,7391.52,68.88,10.9405
5806.08,6210,61273.3,2559.6,2662,63015,13796.6,-9.84,10.9437
9800.96,8421,76275.5,6854.4,6101,73628.9,31635.4,37.72,10.9468
5938.56,5745,67744,3347.28,3349,65502.3,19193,-32.8,10.9479
12428.2,11965,68072.9,4966.56,4921,66142.8,15108.5,2.46,10.95
12791,12309,68102.5,5058,4961,66817.4,12850.6,-19.68,10.9542
21781.8,20044,71217.8,11104.6,10332,70436.4,28129,29.52,10.9584
17584,13996,82336.8,16715.5,14280,76713.5,12800.2,41.82,10.9595
8096.64,8450,62795.4,3099.6,3190,63678.8,11234.9,-95.94,10.9627
40621.4,32437,82071.9,33068.2,25713,84282.5,26797,150.88,10.9637
11711.4,11828,64889.7,5168.16,5236,64686.9,7444.08,-72.98,10.9658
12499.8,11764,69635.3,10413.4,9488,71927.7,28660.3,25.42,10.9658
16911.4,16333,67856.7,7701.84,7577,66615.8,9913.68,-36.08,10.9679
10812.8,10560,67104.9,5496.48,5380,66954.9,12739.7,2.46,10.9679
11834.9,11329,68462.4,10126.8,9301,71354.7,16590.2,-9.84,10.97
9552,9421,66447.3,5484.96,5305,67759.2,9579.6,31.16,10.9743
14315.5,12620,74340.9,11200.3,9932,73905,24485.8,31.16,10.9753
15861.1,15157,68580.5,6926.4,6753,67218.8,21199,-1.64,10.9774
5344.64,5444,64339.9,2669.04,2692,64977,7459.92,-9.02,10.9806
6287.36,5985,68846.9,2579.76,2549,66326.9,4944.24,5.74,10.9817
6555.52,6392,67212.5,3122.64,3148,65008.1,8298.72,-28.7,10.9817
7519.36,7341,67128.3,3311.28,3261,66546.5,4820.4,-8.2,10.9817
10395.5,8705,78263.2,9645.12,8837,71529.1,6903.36,-36.9,10.9838
15495,14391,70563.8,9871.2,8999,71887.9,11931.8,104.14,10.9838
6834.56,6353,70503.7,2319.12,2197,69178.8,10123.9,63.14,10.9848
5210.88,5084,67171.6,6822,6792,65825.5,7470,1136.52,10.9859
11449.6,10768,69684.3,6308.64,6032,68541.6,4887.36,155.8,10.9859
10981.1,11125,64688.4,4105.44,4177,64413.2,25891.9,107.42,10.9869
13655.7,12353,72447.1,10146.2,9617,69142.6,25238.9,127.1,10.9901
11065,10650,68089.5,3343.68,3310,66202.9,35725.7,93.48,10.9911
10453.1,10046,68191.9,4893.12,4718,67968.5,9363.6,31.98,10.9911
25674.9,19776,85084.4,18551.5,15344,79235.7,75487.7,44.28,10.9911
17269.8,16272,69554.5,6593.04,6340,68151.7,15186.2,93.48,10.9911
10070.4,9453,69816.3,7459.2,7149,68379.7,9187.92,62.32,10.9933
6760.32,6849,64687.4,2554.56,2581,64864.6,6901.2,31.16,10.9943
14337.3,13792,68127,5963.04,5780,67611.4,8383.68,-31.98,10.9943
12819.8,12635,66494.7,8357.76,8193,66853.9,27329.8,-5.74,10.9954
5742.08,5692,66112.6,2920.32,2856,67011.9,6891.12,62.32,10.9975
19847.7,18882,68887.7,8163.36,6246,85653.9,14824.8,140.22,10.9975
10547.2,7252,95314.6,7896.24,6240,82930.8,15191.3,76.26,10.9985
11326.7,10784,68834.2,7846.56,7408,69415.8,9035.28,-21.32,10.9996
14895.4,14024,69608,7728.48,7372,68705.1,7871.04,55.76,11.0017
11199.4,10182,72084.2,8470.08,7250,76564.9,14495,123.82,11.0028
5351.68,5578,62877,2232,2334,62672,10153.4,-49.2,11.0038
6313.6,6388,64772.7,2206.08,2272,63634.5,6796.08,61.5,11.0049
14686.7,13117,73378.7,13159.4,11929,72295.8,41980.3,17.22,11.0049
8809.6,7846,73584.7,7138.8,6258,74760.1,12809.5,-25.42,11.007
8566.4,8545,65700.1,2800.08,2773,66176,17766.7,-29.52,11.0101
10350.1,10149,66834.5,3370.32,3285,67238.1,12458.9,-10.66,11.0101
14073,12653,72890.7,9936,9069,71801.3,12850.6,64.78,11.0112
9569.28,8576,73126.5,7008.48,6224,73796.2,14609.5,1.64,11.0112
11592.3,11066,68653,5659.2,5374,69014,11108.9,34.44,11.0123
11464.3,10481,71684.5,9535.68,8529,73271.2,25925.8,-22.14,11.0144
12684.2,10698,77703.2,11671.2,10410,73475.9,17911.4,22.14,11.0165
15285.1,13381,74861.8,13060.1,11505,74394.2,10095.8,84.46,11.0165
14677.1,13991,68749.9,6970.32,6627,68931.2,4929.12,-22.14,11.0165
16469.8,15576,69296.5,7048.8,6604,69950.1,34285,60.68,11.0186
12325.8,11033,73215,9662.4,8617,73486.7,35954.6,-57.4,11.0196
14337.3,14293,65739,4907.52,4945,65039.3,16656.5,45.92,11.0207
11084.2,10986,66121.6,8375.76,7918,69324.8,15006.2,27.88,11.0239
6903.68,6897,65599.5,2435.76,2401,66484.8,8264.16,36.9,11.027
9493.76,9224,67452.6,4661.28,4296,71108.4,8703.36,59.86,11.0313
8177.28,7901,67827.6,3730.32,3545,68962,8745.12,13.12,11.0323
8085.12,8052,65805.6,3715.92,3664,66464.7,12594.2,39.36,11.0334
17497,13660,83944.4,15800.4,13468,76885.6,29798.6,18.86,11.0355
12462.7,12357,66096.7,6448.32,6289,67196.2,21327.8,9.02,11.0376
12353.3,11784,68702,6472.08,5912,71744.6,9032.4,-79.54,11.0397
13902.1,13678,66609.6,2720.16,2750,64824.9,25159,-17.22,11.0407
13961,12774,71625.6,8164.8,7730,69222.3,16549.9,18.04,11.0439
12029.4,10789,73070.9,9052.56,8177,72553.3,21083,35.26,11.046
14953.6,13880,70605.1,8911.44,8604,67877.8,19057,-13.94,11.046
6167.04,5957,67846.8,2789.28,2853,64072.3,4908.24,9.84,11.0471
6668.8,6377,68534.8,3437.28,3197,70461.6,8033.76,104.96,11.0502
7184,6852,68711.4,5049.36,3444,96084.5,13782.2,32.8,11.0513
22123.5,21080,68780.2,10910.9,10908,65553.3,6994.8,38.54,11.0513
12503,11729,69861,5149.44,5025,67159,8458.56,-22.14,11.0534
8248.32,7787,69418.5,6376.32,6143,68025.2,10226.9,-13.94,11.0555
7344.64,7364,65363.7,2175.12,2292,62194,19094.4,-83.64,11.0566
8286.08,7912,68634.5,3233.52,3208,66057.3,14645.5,-11.48,11.0566
8977.92,8891,66176.7,1978.56,2111,61424.4,28396.1,13.94,11.0576
11806.1,10360,74683.7,5659.2,5164,71820.6,26054.6,109.06,11.0597
7188.48,6649,70853.4,2962.8,2921,66473.8,5552.64,33.62,11.0619
10512.6,9741,70727.5,5840.64,5545,69030.2,7480.08,135.3,11.065
9943.68,9461,68879.5,3772.08,3793,65174.5,19931.8,50.84,11.065
12023.7,11004,71608.9,8868.24,8236,70566.9,14716.1,54.12,11.0661
16829.4,15285,72157.9,9555.12,9381,66752.4,23558.4,96.76,11.0703
9444.48,8889,69631.4,2905.92,2889,65919.8,10683.4,38.54,11.0724
11314.6,10637,69710.5,5427.36,4937,72045.3,8422.56,11.48,11.0735
15100.8,14497,68265.6,6246,6309,64881.6,27208.8,53.3,11.0745
17397.1,16672,68386.4,11178.7,10852,67509.1,8477.28,-65.6,11.0756
9147.52,9252,64795.9,3392.64,3444,64558.7,22528.8,-1.64,11.0777
8519.04,8593,64971.9,3353.04,3409,64460.2,12445.9,8.2,11.0798
5946.24,5863,66466.4,2769.84,2743,66177.3,7601.76,-39.36,11.0798
11559.7,9789,77390.5,12047.8,9897,79777.9,9297.36,54.94,11.084
10049.3,9808,67148.2,4782.24,4448,70460.6,8730.72,-43.46,11.084
6307.2,6376,64828.8,3029.76,2792,71116.9,8758.08,108.24,11.084
23921.9,19705,79560.9,12114,10778,73659.6,34306.6,77.08,11.0872
8305.92,8016,67906.3,3525.84,3600,64186,21314.2,23.78,11.0882
18519.7,15327,79187.4,15636.2,13243,77379.5,46470.2,38.54,11.0914
6227.2,6233,65475,2539.44,2557,65085.9,8076.24,63.14,11.0977
20497.9,16060,83645.8,20557.4,16072,83826.1,23382,138.58,11.0977
21171.2,16305,85095.1,18566.6,15733,77339.6,18649.4,31.16,11.0998
13452.2,12516,70437.9,7668,7060,71179.9,20176.6,-4.92,11.0998
4924.16,5152,62637.8,2211.12,2340,61926.5,6168.24,9.84,11.1009
11344,10385,71587.9,8105.76,7633,69595.1,44491,-44.28,11.1009
10697.6,10509,66712.1,5459.04,5549,64473.5,6462.72,47.56,11.1041
18283.5,14872,80569.4,11212.6,10056,73073.4,12994.6,-9.02,11.1072
11719,11276,68110.9,5065.2,4968,66818.2,5352.48,-29.52,11.1072
12629.1,12145,68148.4,4988.16,4817,67864.7,25645,30.34,11.1104
12202.9,11569,69126.8,4988.88,4849,67426.5,10267.2,-28.7,11.1115
9493.12,9349,66546.3,5812.56,5601,68011.4,27459.4,120.54,11.1115
5024,5067,64979.8,2382.48,2369,65908.9,11589.1,25.42,11.1136
9552.64,9388,66685.3,3545.28,3644,63760.6,4828.32,26.24,11.1157
10135,9541,69616.4,6233.04,5921,68989.8,25737.1,90.2,11.1167
5867.52,5856,65664.9,2930.4,2880,66682.9,26638.6,67.24,11.1178
14031.4,13540,67914.3,7435.44,7524,64764.6,7981.92,111.52,11.1188
17159.7,16141,69672.1,10234.1,9933,67522.5,5462.64,87.74,11.1199
13786.2,13389,67480.4,5591.52,5613,65285.2,31705.2,23.78,11.122
5730.56,5536,67839.2,2806.56,2820,65223.7,15847.2,-3.28,11.1241
12789.1,12390,67647.1,5988.24,6006,65342.2,10206,87.74,11.1241
8219.52,7920,68014.5,1799.28,1796,65655.7,10024.6,82.82,11.1252
10181.1,9729,68581.5,4752,4693,66359.9,7339.68,-31.16,11.1294
15820.8,13889,74651.3,13152.2,11905,72402,41540.4,44.28,11.1294
14721.9,13314,72466.3,13845.6,13110,69213.2,7875.36,0.82,11.1305
12056.3,11688,67601.2,6084.72,5884,67771.6,16756.6,84.46,11.1305
11291.5,10152,72892.1,8895.6,8508,68521.6,9117.36,-38.54,11.1336
11116.8,10885,66931.6,4474.08,4369,67112.2,6963.12,46.74,11.1336
10767.4,9917,71155.6,6115.68,5965,67191.5,14114.2,72.16,11.1347
22632.3,12948,114553,48245.8,18724,168865,33831.4,1083.22,11.1378
7512.32,7124,69108.3,2896.56,2880,65912.8,17055.4,87.74,11.1378
12453.8,11237,72632.3,8302.32,7745,70251.9,17074.1,52.48,11.1378
8664.32,8065,70406.1,5660.64,5445,68131.4,21074.4,55.76,11.1399
10511.4,9960,69163.9,5577.12,5356,68241.6,15495.8,36.9,11.141
11721.6,10565,72710.5,7485.84,7025,69835.2,21173,-1.64,11.1421
13004.2,11081,76910.1,7416.72,6441,75463.8,19291,237.8,11.1431
10547.8,10316,67008.8,5908.32,5756,67270.3,29291,95.94,11.1463
13720.3,13197,68134.8,5620.32,5581,65997.7,16530.5,22.14,11.1463
12015.4,11716,67210.5,5969.52,5728,68299.3,10686.2,5.74,11.1463
14635.5,13523,70927.6,7565.76,7123,69609.7,5241.6,68.06,11.1473
11015.7,10724,67318.5,6171.84,5872,68882.4,10507.7,34.44,11.1558
11750.4,10945,70358.5,6281.28,6069,67828.3,18805,-59.86,11.16
10128.6,9900,67049.5,3632.4,3628,65615.5,4910.4,11.48,11.16
7389.44,7161,67626.6,2277.36,2281,65431.4,17621.3,61.5,11.1611
13501.4,11993,73778.9,7682.4,6669,75494.6,14375.5,123.82,11.1632
9871.36,9440,68530.7,8827.2,7552,76602.1,7603.2,214.02,11.1632
21025.9,18296,75314.5,15783.8,13564,76261.4,27439.2,32.8,11.1632
10032.6,8692,75644.2,8017.2,7364,71349.2,18345.6,9.02,11.1642
10209.9,9564,69962.1,4086,4108,65185,36727.9,123,11.1695
12638.1,11504,71996.6,4975.2,4880,66814.5,13914.7,63.96,11.1758
8431.36,7658,72154.3,2678.4,2794,62824.5,12921.8,-17.22,11.1779
17549.4,15594,73754,16109.3,15486,68173.7,10009.4,96.76,11.1779
10284.2,8859,76078.9,6909.84,6811,66487,13144.3,9.02,11.179
8041.6,7324,71957.2,2399.04,2492,63091.3,17536.3,-53.3,11.1801
8497.28,7889,70589.1,3822.48,3845,65152.2,7881.84,69.7,11.1832
10396.8,9368,72733.2,7356.24,6952,69346.8,7973.28,17.22,11.1853
15013.1,14657,67128.3,6811.92,6853,65143.2,6916.32,138.58,11.1906
9584,9112,68930.8,5897.52,5592,69116.6,8630.64,-4.92,11.1938
25011.8,18808,87153.1,17714.2,13736,84516.3,27945.4,159.9,11.1959
11640.3,11547,66065.6,4433.76,4555,63791.6,6914.16,31.98,11.1969
11776,11538,66887.8,4750.56,4854,64139.4,20872.8,20.5,11.1969
8407.68,8289,66474.3,2501.28,2581,63511.8,11407,19.68,11.198
8727.04,8356,68446.1,3363.84,3348,65846.1,13509.4,15.58,11.199
9173.12,8884,67668.8,1995.12,2064,63348.9,24000.5,42.64,11.199
7026.56,6651,69236.6,3413.52,3355,66679.1,7734.24,-9.84,11.199
20440.3,18231,73478,12263.8,10899,73742.4,29449.4,133.66,11.199
11342.1,10524,70630.4,5232.24,5144,66660.2,21601.4,4.92,11.2012
9875.84,9073,71335.1,4438.08,4337,67063.4,14576.4,-16.4,11.2022
7939.84,7513,69259.3,2997.36,2889,67994.1,15174,41.82,11.2033
13018.2,12256,69611.9,4795.92,4804,65425.8,13539.6,27.06,11.2054
10096.6,9474,69843.1,5340.96,5362,65278.8,14189,-56.58,11.2054
13599.4,11936,74668.9,8470.8,8260,67208.5,18747.4,5.74,11.2064
13838.7,12577,72110.6,7655.04,7285,68864.9,20947.7,41,11.2075
10078.7,8613,76688.6,4874.4,4577,69794.4,18061.9,-51.66,11.2075
13801,13092,69084.9,6963.12,6912,66020.7,6906.96,53.3,11.2202
12326.4,8845,91331,140900,109401,84405.5,37508.4,2416.54,11.2233
11214.7,10656,68972.2,5314.32,5312,65564.6,13679.3,18.86,11.2233
12337.9,10944,73883.2,7900.56,7428,69705.3,20124.7,-16.4,11.2244
15972.5,14732,71054.3,9950.4,9320,69968.8,19428.5,69.7,11.2254
11445.1,10792,69502.2,6337.44,6248,66474.1,15826.3,73.8,11.2254
12301.4,10837,74392.1,8309.52,7713,70604.5,8603.28,29.52,11.2254
6262.4,6041,67937.9,2327.04,2413,63201.4,9562.32,-17.22,11.2265
21980.8,20156,71469.2,19622.2,18780,68474.9,21683.5,169.74,11.2265
17588.5,14036,82123,74149.2,59984,81012.3,262143,38781.1,11.2297
22078.1,19326,74868.5,14725.4,13354,72266.5,12939.8,60.68,11.2339
6832,7173,62420.5,3353.04,2945,74616.2,9784.8,95.94,11.2339
15529,15250,66734.8,10688.4,10370,67548.2,19820.2,28.7,11.2339
15528.3,14797,68775,10483.2,10093,68069.7,30986.6,64.78,11.2349
12170.2,12710,62752.9,4383.36,4562,62969.7,9635.04,-19.68,11.2349
7956.48,8321,62665.1,4237.92,4257,65242.3,5304.96,-22.96,11.237
9948.16,10638,61286.2,3379.68,3485,63555.4,25100.6,33.62,11.2402
10033.3,10270,64025.4,5981.76,5690,68896.4,36853.2,36.9,11.2434
11799.7,11361,68066.5,9129.6,8565,69856.1,10283.8,36.08,11.2444
11289.6,12286,60221,5227.92,5290,64766.9,24688.1,-10.66,11.2444
5790.72,6701,56633.4,3106.08,3097,65728.1,5613.84,-56.58,11.2455
8432,9321,59285.4,4498.56,4541,64923.5,10301,121.36,11.2455
5781.12,5769,65673.7,7182,6745,69782,13793,81.18,11.2486
10805.8,11377,62245.4,4720.32,4497,68790.5,19875.6,-16.4,11.2497
9363.2,9465,64831.1,6338.88,5933,70019.4,12769.2,42.64,11.2497
7675.52,8041,62557.3,5830.56,5597,68270.8,16828.6,-31.16,11.2539
22328.3,21840,67001.3,18882.7,18448,67080.3,6981.12,-40.18,11.255
15249.3,15301,65314.5,7120.8,7061,66091,29882.9,105.78,11.256
6631.68,7145,60827.7,2876.4,2905,64890.8,7349.04,31.98,11.2571
13747.2,13020,69196.3,12067.2,11260,70234.1,16909.2,13.12,11.2581
9178.24,9489,63389.7,6048,5793,68420.8,13163,50.02,11.2581
9867.52,10551,61290.7,4435.92,4659,62398,5041.44,63.96,11.2613
32693.1,23153,92539.9,32314.3,23173,91388.7,112442,223.04,11.2624
8364.8,8774,62479.5,3509.28,3618,63566.7,29127.6,-21.32,11.2634
4997.76,5280,62032.8,2581.2,2596,65162.4,28139.8,-50.84,11.2634
5994.88,6588,59635.8,2000.88,2152,60933.9,11126.9,55.76,11.2634
13061.8,12876,66481.5,6187.68,6104,66434.4,17629.9,0.82,11.2655
20793,18100,75286.6,18637.2,16500,74024.7,78963.8,151.7,11.2708
17182.1,15989,70426.2,8319.6,7073,77086.6,13678.6,138.58,11.2719
6586.88,6714,64295.2,2385.36,2554,61208.7,19284.5,-9.84,11.274
6274.56,5822,70630.3,3068.64,3054,65850.2,27375.1,-25.42,11.274
10049.9,9734,67663,4225.68,4258,65038.6,8234.64,-23.78,11.275
16967,16108,69031,10370.9,9992,68021,20746.8,0.82,11.275
6475.52,6161,68881.6,2673.36,2773,63181.1,7364.88,-127.1,11.275
9436.8,8052,76807,5870.88,5504,69904.4,16795.4,38.54,11.2771
11401,10904,68522.9,5099.76,5132,65124.3,5178.96,0,11.2803
12313,11814,68303.9,5431.68,5426,65604.6,6789.6,-24.6,11.2803
15942.4,14420,72455,9866.16,9156,70619.1,30687.8,41,11.2814
14287.4,12237,76516.8,7705.44,7033,71802,10310.4,91.84,11.2835
17914.2,13581,86446.3,19506.2,18029,70905.8,47037.6,56.58,11.2835
14961.9,12953,75700.2,8876.16,8057,72199.1,15071,19.68,11.2835
22508.2,17143,86046.5,20119.7,16932,77874,14413.7,63.96,11.2856
16459.5,16012,67367.7,8359.2,7048,77728.2,25180.6,50.84,11.2856
11146.2,10968,66601,4341.6,4428,64257.3,20021,43.46,11.2856
13758.1,12822,70320.5,7179.12,6818,69007.2,11643.1,27.88,11.2856
10291.2,9700,69530.3,9650.88,9348,67659.4,10494.7,-27.06,11.2887
11471.4,10238,73431,9106.56,8478,70394.9,37237.7,15.58,11.2909
16029.4,12804,82045.1,15007,13284,74036.1,22783.7,190.24,11.2909
29065,18349,103810,31099.7,23085,88288.9,17028,80.36,11.2909
7802.24,7509,68095.3,4335.84,4257,66749.7,12817.4,72.98,11.2919
10432,10714,63811,3683.52,3834,62963.8,19472.4,-27.88,11.294
13840.6,13534,67020.9,7667.28,7390,67995,13628.9,-25.42,11.2951
9022.08,9166,64507,3823.92,3678,68136.1,7800.48,-44.28,11.2951
9545.6,8448,74050.7,9057.6,8144,72887.9,23674.3,72.98,11.2982
9661.44,10148,62393.8,3299.04,3312,65279.6,25830.7,41.82,11.2982
10701.4,10760,65179.3,5218.56,5132,66641.4,28270.1,34.44,11.2993
12618.9,13277,62287.5,7268.4,6989,68155.9,7331.04,9.84,11.3014
14094.1,14094,65536.4,7838.64,7614,67469.6,15032.2,11.48,11.3035
6343.68,7004,59357.4,4508.64,3196,92452.5,6754.32,107.42,11.3035
4384.64,5245,54785.9,2777.04,2845,63970.5,22239.4,-36.08,11.3046
11416.3,12157,61543.1,3873.6,3705,68518.3,10710,-10.66,11.3067
5285.76,6006,57676.9,2611.44,2694,63527.6,7419.6,4.92,11.3088
7229.44,7737,61236.7,3155.04,3149,65661.7,11576.9,54.94,11.312
8672.64,9621,59076,3492,3553,64410.8,12182.4,41.82,11.3151
12481.9,12836,63728.2,8823.6,8448,68449.8,8970.48,-18.04,11.3151
4821.76,5777,54699.5,1963.44,2033,63293.7,24675.8,70.52,11.3172
11329.9,12204,60842.2,5482.8,5656,63529.1,10872,-25.42,11.3183
11587.8,11778,64477.9,5156.64,4994,67670.3,30059.3,32.8,11.3215
11192.3,11109,66027.5,6689.52,6565,66779,10025.3,0,11.3215
15923.2,15665,66616.2,7571.52,7089,69996.8,6821.28,68.06,11.3278
4630.4,5068,59877.2,1967.76,2076,62119,10468.1,-0.82,11.3278
16133.8,14809,71398.6,16735.7,15373,71345.2,24353.3,61.5,11.3289
11436.8,11532,64995,7364.16,7132,67669.3,14047.9,-24.6,11.331
10060.8,10524,62651.5,5909.04,5896,65681,10678.3,60.68,11.332
14917.1,15052,64948.7,7637.76,7560,66210.1,5063.76,-36.08,11.332
6531.2,6869,62313.1,2763.36,2785,65026.8,4858.56,-105.78,11.3331
16955.5,15965,69602.1,13731.1,13213,68105.9,6122.16,113.98,11.3331
10620.8,10765,64658.1,6882.48,6749,66832.2,16760.9,-33.62,11.3341
11074.6,11553,62822,4847.76,5009,63426.4,5110.56,90.2,11.3352
16320.6,15482,69086,7889.76,7518,68776.7,9784.08,-4.92,11.3352
10417.3,10085,67695.3,8429.76,7925,69710.1,44154,41,11.3362
8234.88,8248,65431.8,5116.32,4856,69049.3,27543.6,49.2,11.3373
5768.96,6173,61246.5,2253.6,2285,64635.4,6699.6,41,11.3383
173050,86321,131381,201394,97281,135675,158689,16532.8,11.3394
9544.96,9609,65099.2,7127.28,6457,72339.1,9894.24,76.26,11.3447
11172.5,10919,67057.4,6505.2,6215,68596.1,22641.1,6.56,11.3478
15192.3,14917,66745.6,4959.36,5013,64834.8,5548.32,31.98,11.3478
9269.76,9098,66773.3,3719.52,3646,66857.5,13531,-46.74,11.3521
9726.72,9467,67333.9,4726.8,4607,67240.2,21480.5,-10.66,11.3521
16110.1,14716,71744.4,11391.1,10732,69561,28639.4,31.16,11.3531
15491.8,14687,69127.3,8244,7999,67543.3,6636.96,100.04,11.3531
13305,12095,72092.1,8791.2,8219,70098.6,24921.4,34.44,11.3531
13177,12331,70032.1,6572.88,6267,68734.7,8681.04,56.58,11.3563
11735.7,10429,73747.2,6561.36,5993,71751.3,17748.7,87.74,11.3584
12233.6,11685,68612.9,5494.32,5429,66324.5,11426.4,36.9,11.3626
6659.84,6504,67106.3,2601.36,2636,64674.8,12160.1,5.74,11.3637
14128,13352,69344.9,7647.84,7452,67258.3,9056.88,36.08,11.3647
9937.28,9701,67132.2,4235.04,4197,66130,10103.8,-23.78,11.3658
10212.5,9052,73937.8,7284.24,6988,68314.2,29178.7,128.74,11.3658
14538.9,13776,69165.2,3535.2,3492,66346.8,18232.6,-9.02,11.3679
14097.3,12468,74100,25313,22436,73939.9,19349.3,3233.26,11.3711
6591.36,6369,67824,3730.32,3637,67217.6,7866.72,45.92,11.3711
8516.48,7669,72778.2,6863.76,6257,71891.2,11382.5,13.12,11.3721
7379.84,7049,68611.9,3616.56,3581,66186.8,12359.5,-9.84,11.3763
8640,8376,67601.6,3057.12,3068,65303.6,8551.44,-19.68,11.3763
11965.4,11680,67137.6,5478.48,5504,65232.1,13703,36.08,11.3816
11804.8,11125,69540.6,6078.96,6069,65643.6,17004.2,-7.38,11.3816
7460.48,6389,76526.9,8934.48,7537,77687.4,12347.3,30.34,11.3879
8235.52,7328,73652.2,2731.68,2660,67302,8258.4,52.48,11.3901
11923.2,11202,69755.3,5399.28,5286,66940.5,26462.2,-50.84,11.3922
27521.9,23453,76906,17913.6,16185,72535.4,80563,85.28,11.3922
49931.5,33033,99061.9,35343.4,25241,91765.9,65120.4,125.46,11.3922
11464.3,11058,67944.1,3284.64,3266,65910,5825.52,-11.48,11.3932
17761.9,16281,71497.2,11017.4,10393,69473.6,16575.8,16.4,11.3953
10543.4,9940,69514,6890.4,3616,124881,13468.3,211.56,11.3964
15394.6,14360,70257.5,6053.04,5916,67054.1,12531.6,69.7,11.3974
9159.68,8652,69381.5,6135.12,6044,66524,5172.48,70.52,11.3985
7075.84,6749,68709.8,3279.6,3069,70033.2,7500.24,96.76,11.3996
7626.88,8025,62284.8,3535.92,3645,63574.8,6843.6,3.28,11.4017
8652.16,8594,65979.5,3195.36,3154,66395.4,54271.4,47.56,11.4017
6712.96,6840,64318.8,7826.4,3432,149450,8543.52,165.64,11.4059
11175.7,9817,74606.2,10317.6,9165,73777.9,20470.3,80.36,11.4059
12913.3,12960,65299.7,5667.84,5664,65580.4,11742.5,1.64,11.4059
6901.76,7060,64067.1,3144.24,3152,65374.7,13505,44.28,11.4069
7102.72,7600,61247.9,3127.68,3200,64054.9,42159.6,-9.02,11.4069
7905.92,8141,63643.6,3311.28,2937,73887.7,20903.8,2.46,11.4069
16771.8,16261,67594.8,7051.68,6869,67278.9,10566,6.56,11.408
7550.08,7832,63177,3239.28,3260,65119.5,15768.7,88.56,11.4196
7744,7998,63454.7,5409.36,5149,68849.8,7564.32,82.82,11.4207
6464,7075,59876.3,2740.32,2791,64346,13034.9,-18.86,11.4259
15166.1,14789,67207,12438,9189,88707.9,16690.3,189.42,11.4291
7018.88,7416,62026.6,3228.48,3224,65627.1,5940.72,-13.94,11.4291
14698.2,14745,65328.2,7811.28,7725,66268,10359.4,63.96,11.4323
6803.2,6856,65031.3,3486.96,3512,65068.7,15502.3,9.84,11.4333
7960.32,7868,66305,49921.2,47544,68812.8,14155.2,415.74,11.4333
46558.7,38125,80033.4,39931.9,33277,78642.3,144596,194.34,11.4333
14538.9,14396,66186.4,7596,6828,72907.4,21255.1,4.92,11.4354
12304.6,11491,70176.4,8674.56,8247,68933.7,27806.4,59.86,11.4354
12151.7,11544,68985.8,5841.36,5564,68802.9,14199.1,77.08,11.4439
15593,15386,66417.5,5461.2,5598,63934.5,8922.24,22.14,11.446
9454.72,9225,67168,3240,3213,66086.7,9339.84,118.08,11.446
10558.7,10245,67542.8,4274.64,4293,65255.7,8640,-68.06,11.4481
15758.7,14784,69856.8,7008.48,6624,69339.9,37354.3,43.46,11.4481
18804.5,17773,69339.5,9686.88,9417,67414.2,22032,66.42,11.4492
13745.3,13301,67725,5298.48,5365,64723.4,20562.5,-14.76,11.4502
5781.76,5737,66047.3,2005.2,2109,62310.5,4913.28,22.96,11.4513
14625.3,14140,67785.2,6318,6060,68326.2,19106.6,58.22,11.4513
12074.2,11316,69927.3,9276.48,8628,70461.7,7045.92,4.1,11.4544
13939.2,13406,68142.6,4420.08,4394,65925,10147.7,30.34,11.4555
15508.5,14812,68617.6,8290.8,8028,67681.4,9559.44,17.22,11.4565
27608.3,22293,81161.7,22973.8,20129,74798,35838,32.8,11.4597
13276.2,12945,67212.5,6372,6417,65076.4,8487.36,36.08,11.4618
6489.6,6701,63468.5,2124.72,2221,62695,7042.32,-30.34,11.4629
11827.2,11593,66860,5464.08,5129,69817.5,21921.1,-36.08,11.4639
13782.4,13324,67790.7,5374.8,5320,66211.1,5169.6,-14.76,11.466
10942.1,9881,72573.6,8126.64,7645,69664.8,12979.4,77.08,11.4682
10368.6,9142,74329.4,8882.64,8162,71322.3,17240.4,30.34,11.4682
8861.44,8928,65047.4,2998.08,3012,65233.1,16097.8,22.96,11.4682
11568.6,11816,64164,4332.24,4344,65358.6,32914.1,-10.66,11.4692
9703.04,9729,65361.1,6645.6,6485,67159,12242.9,110.7,11.4724
16384,15901,67526.7,9136.8,8861,67575.8,16754.4,44.28,11.4745
6791.04,6732,66110.8,5958.72,5660,68994.8,12033.4,-68.06,11.4755
12566.4,11790,69851.7,10259.3,9482,70908.3,22214.2,120.54,11.4766
19753.6,16101,80403.2,15161,12657,78501.5,37274.4,74.62,11.4777
12772.5,12313,67981.6,6073.92,5789,68761.5,9904.32,-19.68,11.4819
6270.08,6345,64762.2,2717.28,2713,65639.4,8121.6,12.3,11.4829
12974.7,12620,67378.1,5043.6,4968,66533.3,43126.6,-46.74,11.4871
11564.2,11219,67552.3,4649.04,4595,66306.7,8417.52,59.86,11.4882
12933.8,12597,67288,8030.16,8037,65480.2,4875.84,-44.28,11.4893
10617.6,10680,65153.1,5186.88,5068,67073.3,5673.6,31.16,11.4914
9845.12,9597,67230.4,7760.88,7421,68537.5,10476,82.82,11.4914
4886.4,5348,59879.4,2483.28,2560,63572,17550.7,3.28,11.4914
13198.7,12457,69438.2,8827.92,8009,72237.1,20561,106.6,11.4924
8933.12,8781,66671.3,2601.36,2525,67517.9,11789.3,75.44,11.4935
11667.8,10993,69559.1,10464.5,9585,71549.3,11340,135.3,11.4935
11076.5,10248,70834.1,9337.68,8536,71691,23503,177.12,11.4966
9330.56,8713,70181.1,6890.4,6585,68575.4,26480.9,69.7,11.4966
12382.7,12007,67586.7,4960.08,4819,67454.6,4777.92,35.26,11.4977
9153.92,9421,63678.1,2997.36,3049,64426,13591.4,-43.46,11.5009
17139.2,13685,82077.8,12085.2,10133,78162,22019.8,70.52,11.5009
15440.6,14929,67782,3286.08,3281,65637.5,16385.8,32.8,11.5019
10298.9,9737,69317.8,6441.84,6073,69516.3,8234.64,-15.58,11.503
12450.6,12085,67518.4,5215.68,5045,67753.2,18628.6,-9.02,11.504
13527,13244,66936.6,7950.24,7660,68019.2,8681.04,16.4,11.5061
12700.2,13058,63740.1,4641.12,4822,63077.7,6402.24,34.44,11.5072
11312,10585,70037.2,7725.6,7369,68707.4,5208.48,-37.72,11.5093
12025,11048,71331.3,7375.68,6604,73193.9,32733.4,39.36,11.5093
10954.2,10488,68449.4,4844.16,4684,67776.9,43691.8,-46.74,11.5104
22893.4,22090,67919.6,6740.64,6490,68067,32190.5,13.12,11.5114
12536.3,12401,66251.1,5638.32,5461,67664,19528.6,-79.54,11.5135
14106.2,13179,70146.9,5265.36,5199,66372.5,28581.8,-26.24,11.5156
13038.7,12557,68050.1,6344.64,6185,67227.5,32029.9,43.46,11.5178
21061.1,17444,79125.3,21409.9,18708,75001.1,32133.6,86.92,11.5199
13226.9,13302,65165.9,5166,5286,64048.2,10797.8,-22.14,11.522
5587.84,5605,65335.4,2281.68,2405,62175.5,14440.3,-53.3,11.5273
15662.1,15185,67595,8459.28,8289,66882.3,4804.56,27.06,11.5283
8082.56,7938,66729.5,3497.04,3570,64196.6,6211.44,74.62,11.5294
8408.96,8233,66936.7,3563.28,3565,65504.4,8043.84,41.82,11.5315
9767.04,9162,69863.9,6199.2,5946,68326.7,18056.2,41,11.5346
8624,8225,68715.2,3339.36,3089,70847.6,9298.08,14.76,11.5346
10519.7,10304,66907.8,7809.84,7796,65652.4,9201.6,-18.04,11.5367
10879.4,10264,69465.1,4747.68,4696,66257.2,5040,68.06,11.5367
11147.5,10915,66932.1,5019.12,4967,66223.7,19302.5,-3.28,11.5389
13873.3,12908,70436.9,9629.28,8888,71001.9,9605.52,65.6,11.5389
12809,12510,67102.2,7506,7374,66709.1,10248.5,27.06,11.542
10796.2,10857,65168.8,3823.2,3997,62686.3,46663.2,65.6,11.5431
12405.8,12183,66734.3,9553.68,9379,66756.6,21731.8,71.34,11.5441
18409,17277,69829.8,3918.96,3693,69545.9,5450.4,9.02,11.5452
13261.4,12942,67153.6,6198.48,6154,66009.7,42288.5,79.54,11.5462
7608.96,7491,66568,2108.88,2215,62396.2,17118.7,-16.4,11.5462
13804.8,12933,69953.7,5518.8,4721,76610.9,19697.8,-18.04,11.5505
13584,11973,74354.1,8054.64,7285,72459.7,36913.7,-15.58,11.5536
12622.7,9881,83720.5,63025.2,54569,75691.7,82329.8,3187.34,11.5536
16273.3,15377,69355.9,6960.24,6677,68316.1,20193.8,55.76,11.5547
10269.4,9993,67348.9,3510.72,3549,64829.1,20132.6,-20.5,11.5547
19428.5,16816,75717.5,16348.3,14916,71829.1,22628.9,109.06,11.5557
13397.1,12572,69837.2,8332.56,7672,71178.7,20377.4,37.72,11.5579
9137.28,8972,66743.3,3759.84,3788,65048.8,4973.76,22.14,11.5589
10991.4,11124,64754.6,4045.68,4192,63248.5,4939.2,-60.68,11.5589
15088.6,15100,65486.7,4605.12,4392,68716.1,11616.5,-28.7,11.5621
9883.52,9536,67924.3,7054.56,6564,70433.8,19396.1,-52.48,11.5621
16485.8,15533,69555.8,10236.2,9565,70135.1,17386.6,-16.4,11.5631
6391.04,6408,65362.5,2306.16,2396,63078.7,8043.12,45.92,11.5652
10454.4,10733,63834.9,4646.16,4733,64333.6,10376.6,128.74,11.5726
11303.7,11336,65349.1,7027.2,6796,67765.5,15478.6,55.76,11.5747
12710.4,12267,67904.8,6930.72,6383,71159.6,15962.4,69.7,11.5747
5208.32,5568,61302.5,2075.04,2128,63905,6099.12,66.42,11.5758
17062.4,16890,66204.9,7195.68,7033,67051.9,9691.2,30.34,11.5769
7029.76,7300,63109.9,3024.72,2960,66968.9,38317.7,-11.48,11.579
11856.6,12333,63004.7,5234.4,5341,64228,20242.1,-4.92,11.5811
10442.9,10409,65749.3,5731.92,5565,67501.7,9183.6,-1.64,11.5811
7374.08,7773,62172.6,3104.64,3166,64265.9,7477.2,30.34,11.5853
9726.72,10135,62895.9,4752,4659,66844.2,15167.5,33.62,11.5874
6049.92,6528,60736.4,2302.56,2304,65495,10419.1,48.38,11.5885
10470.4,10733,63932.6,8306.64,7833,69498.8,12597.8,-36.08,11.5885
8899.84,9160,63674.7,4566.96,4508,66393.1,10526.4,75.44,11.5916
10675.2,11260,62132.3,4991.04,5100,64135.9,14670.7,-89.38,11.5927
12060.2,12336,64070.6,4394.88,4436,64928.5,40318.6,44.28,11.5937
13120,13196,65158.6,6277.68,6184,66528.8,7811.28,52.48,11.5969
10650.2,10357,67391.5,6911.28,5973,75830.9,14105.5,45.1,11.598
15132.2,15073,65793.2,13669.2,12961,69116.9,12132.7,56.58,11.599
12074.2,11316,69927.3,7002,6480,70815.3,19018.8,14.76,11.599
19066.2,17818,70127.1,13971.6,13102,69885.7,20393.3,35.26,11.6001
11353,10832,68687.9,6480,5316,79885.9,12684.2,185.32,11.6043
17104,16901,66323.2,9449.28,9173,67509.9,10355.8,38.54,11.6043
6188.8,6380,63572,2095.92,2136,64306.3,11759,89.38,11.6053
22710.4,18048,82466.1,54504.7,42656,83740.2,16221.6,919.22,11.6053
14469.1,14148,67023.5,6606,6656,65043.7,10307.5,42.64,11.6075
13313.3,12764,68356.2,5920.56,5720,67833.9,7963.2,75.44,11.6106
13043.2,12469,68554,6155.28,5989,67355.6,17362.8,-8.2,11.6117
11442.6,11560,64870.2,4986.72,4616,70799.3,6692.4,255.02,11.6117
13077.1,12150,70536.8,7973.28,7426,70365.9,19447.9,44.28,11.6127
9544.32,9513,65751.8,3387.6,3353,66212.3,13678.6,51.66,11.6127
13358.1,12333,70983.1,10355.8,9757,69557.8,39160.1,84.46,11.6138
16151,14907,71005.2,11265.8,10575,69817.3,18997.9,27.88,11.6148
10650.2,11205,62291.3,4641.12,4709,64591.3,11317,93.48,11.618
14657.3,14136,67952.7,9943.92,9448,68975.9,10895,54.12,11.6191
10363.5,10375,65463.5,7118.64,6695,69682.9,19844.6,-18.04,11.6201
12897.3,12789,66090.9,8975.52,8725,67417.7,52678.1,61.5,11.6201
12371.2,12833,63177.7,6438.96,6481,65110.9,11284.6,-5.74,11.6286
9386.88,9405,65409.7,2350.08,2361,65232.9,18951.8,-4.1,11.6296
12697.6,12568,66211.8,7642.08,7612,65795,4893.12,35.26,11.6307
11821.4,11545,67105.2,6301.44,6025,68542.9,13247.3,26.24,11.6317
7604.48,7493,66511,3152.16,3141,65768.9,23001.8,17.22,11.637
11821.4,9968,77721.7,8696.16,7844,72655.7,52312.3,62.32,11.6391
15730.6,15084,68345.1,7732.8,7672,66055.4,16225.2,73.8,11.6402
15338.9,14453,69552.9,5716.08,5589,67026.1,16538.4,63.14,11.6412
6929.92,6712,67663.8,2874.24,2892,65133.5,12747.6,81.18,11.6412
11236.5,9920,74233.3,4924.8,4564,70716.9,22460.4,24.6,11.6423
28561.9,21265,88024.2,19892.2,16145,80746.5,28729.4,118.08,11.6433
9904,9257,70116.5,7173.36,6841,68720,12050.6,62.32,11.6454
14970.9,14494,67692.3,6244.56,6142,66630.3,16506,-6.56,11.6465
8681.6,7970,71387.4,6384.96,5954,70279.6,11232,100.04,11.6476
25455.4,19141,87155.4,16002,12917,81188.1,28136.9,131.2,11.6528
9279.36,8510,71460.9,7336.8,7054,68163.4,9858.96,50.84,11.6528
10228.5,10049,66706.5,3968.64,4005,64941,10985.8,-68.88,11.6539
10362.2,9652,70358.4,10316.2,10016,67500,24724.1,68.88,11.6581
9532.16,9685,64501.8,3476.88,3601,63277.1,12222,24.6,11.6602
11182.1,11024,66475.8,4068.72,4160,64098,39557.5,66.42,11.6602
11065,10855,66803.6,5793.84,5427,69965.9,7513.92,135.3,11.6602
19527.7,17017,75205.1,11205.4,10313,71206.7,33049.4,92.66,11.6602
14517.1,13919,68352.2,6385.68,6127,68302.9,4887.36,50.02,11.6602
11999.4,11897,66099.9,5665.68,5561,66769.6,38259.4,117.26,11.6655
11829.8,11353,68288.1,4687.2,4569,67231.4,11080.8,-52.48,11.6676
9768.32,9157,69911.2,7158.24,6725,69758,22506.5,22.14,11.6676
13180.8,12615,68475.4,6416.64,6183,68012.4,32006.2,29.52,11.6697
9159.68,9161,65526.6,4090.32,3693,72586.8,11127.6,-68.88,11.6708
9754.88,9683,66022.5,3486.24,3431,66591.1,9168.48,100.04,11.6761
15273,14115,70912.4,7828.56,7523,68197.9,8387.28,127.92,11.6771
7112.96,7200,64743.7,3008.88,3076,64106,12206.9,45.92,11.6803
11428.5,11439,65475.7,5451.84,5499,64974,14289.1,52.48,11.6813
6417.92,6236,67447.9,3295.44,3240,66657.4,15626.2,49.2,11.6845
19191,18347,68550.9,15356.2,15275,65884.2,6041.52,50.84,11.6855
11040,10138,71366.9,7261.2,6830,69673.5,12445.2,47.56,11.6866
18588.8,17089,71287.7,12215.5,11621,68888.8,8028,16.4,11.6866
6174.08,6076,66593.9,2975.04,2920,66771.3,23392.8,9.84,11.6877
8993.28,8569,68780.9,4443.12,4265,68273,16082.6,10.66,11.6908
12764.2,11956,69965.9,6562.08,5972,72011.5,11246.4,40.18,11.6908
13306.9,11289,77250.4,9033.84,7869,75237.2,37253.5,70.52,11.6929
16331.5,15252,70174.6,10094.4,9824,67339.9,7986.96,0.82,11.6929
17711.4,16176,71756.4,10872,10340,68907.9,44005.7,56.58,11.695
15248,14097,70886.9,8794.08,8369,68864.7,11049.1,-24.6,11.6961
12105,11821,67110.3,5001.12,5017,65328.6,11910.2,13.94,11.6982
20453.8,14488,92521.9,11695,8968,85464,45710.6,88.56,11.7003
15843.2,14108,73596.5,12380.4,11260,72057,16398,81.18,11.7014
12847.4,11968,70351.3,4498.56,4452,66221.4,9162,-54.94,11.7024
13278.1,12540,69393.3,6470.64,6620,64057.4,8563.68,-29.52,11.7045
13132.8,12713,67700.1,5602.32,5709,64311.4,11389.7,4.1,11.7045
6534.4,5944,72045.5,2634.48,2700,63945.7,10129.7,0.82,11.7045
13852.8,12818,70826.7,7650,7618,65811.3,5860.8,-13.94,11.7056
12142.7,11576,68744.4,5128.56,5212,64486.8,32209.2,-13.94,11.7056
11791.4,10959,70513.6,6783.84,6571,67658.8,34383.6,32.8,11.7067
20159.4,17990,73438.8,14892.5,13698,71250.8,18114.5,25.42,11.7077
12611.8,11420,72375.6,6780.24,6444,68955.6,13436.6,21.32,11.7077
14026.9,13641,67389.9,4602.96,4605,65507,20198.2,-25.42,11.7109
7903.36,7805,66361.9,3471.12,3625,62754,8629.2,19.68,11.7109
6620.16,6264,69262.3,2396.16,2460,63835.3,6279.84,13.12,11.714
11346.6,11171,66565.9,4971.6,5079,64150.2,14687.3,45.92,11.7151
10895.4,10640,67108.9,4305.6,4208,67056,9032.4,8.2,11.7162
8719.36,8368,68287.8,6623.28,6800,63832.8,8208,-29.52,11.7172
7466.24,7524,65032.9,2652.48,2772,62710.3,22749.8,4.1,11.7183
14385.3,14260,66111.8,6056.64,6208,63938.1,11576.9,10.66,11.7204
16046.1,15985,65786.4,5183.28,5013,67762.1,8653.68,59.86,11.7257
12797.4,11093,75605.6,12053.5,15845,49854.2,10634.4,240.26,11.7267
8285.44,7928,68490.7,4471.92,4332,67652.8,6013.44,44.28,11.7278
11481,11736,64111.8,5953.68,6216,62770.3,10044.7,71.34,11.7288
12026.2,11204,70345.6,7848.72,7348,70001.9,21787.2,-8.2,11.7288
10801.3,10732,65959.1,5418,5388,65900.9,7690.32,-19.68,11.7299
15756.2,15290,67534,10244.9,9902,67805.3,51931.4,-10.66,11.7299
13052.2,12585,67968.7,4572.72,4569,65589.4,28371.6,-8.2,11.7341
13940.5,13436,67996.7,11136.2,11032,66155.2,13867.9,115.62,11.7425
12678.4,11451,72560.6,10213.9,9839,68033.3,12106.8,40.18,11.751
10002.6,10008,65500.4,3805.2,3912,63746.8,41459,22.96,11.752
13419.5,12361,71148.1,6161.76,5657,71383.6,33127.2,63.96,11.7531
8424.96,8381,65879.8,4529.52,4473,66364.1,8125.92,-13.94,11.7531
7824.64,7845,65365.9,3516.48,3541,65082.2,14982.5,88.56,11.7541
13660.8,13735,65182,5540.4,5699,63712.2,10459.4,16.4,11.7584
9615.36,9602,65627.2,5096.88,5030,66407.4,18061.9,32.8,11.7584
14659.2,14772,65035.6,5855.76,6096,62953.3,14277.6,12.3,11.7594
5369.6,5496,64028.8,2845.44,2840,65661.5,8951.76,-22.14,11.7647
13473.3,12691,69575.7,10130.4,9699,68451,19867,-59.86,11.7668
5644.8,5872,63000.3,2341.44,2352,65241.8,6603.12,23.78,11.7731
7409.92,6413,75723.8,5966.64,5561,70316.4,32734.1,46.74,11.7753
8640,8673,65286.6,3407.04,3425,65192.3,7446.96,9.84,11.7753
9075.2,9399,63278.3,3584.16,3687,63708,9257.76,36.9,11.7774
9859.2,9644,66998.4,5055.84,5100,64968.5,12924,7.38,11.7826
12471.7,11740,69620.4,9448.56,8716,71044.2,54070.6,47.56,11.7826
11547.5,9958,75997,10617.8,9730,71516,33616.8,112.34,11.7847
13619.2,13616,65551.4,11003.8,11024,65415.7,34566.5,177.94,11.7921
14731.5,14631,65986.3,5322.96,5367,64998.2,24974.6,20.5,11.7932
11497,11111,67812.5,7776.72,7447,68437.6,41988.2,109.88,11.7932
17864.3,16150,72492.6,12847,11510,73148.4,19203.8,101.68,11.7932
11373.4,10892,68432.8,7423.2,7116,68365.2,9861.84,-9.02,11.7953
10672.6,10194,68613.1,8608.32,7810,72234.9,13806,77.9,11.7953
7068.16,7082,65407.9,4991.04,5098,64161,5046.48,1.64,11.7974
12057.6,11820,66853.4,5896.8,5864,65902.6,12392.6,41.82,11.7985
10060.8,9187,71769.3,6478.56,6071,69935.6,10521.4,61.5,11.7985
7233.28,7548,62803.4,3250.8,3404,62586.5,6360.48,75.44,11.7995
16145.9,15654,67595.4,9017.28,8598,68731.9,13456.8,72.98,11.8006
5950.08,5976,65251.7,2247.12,2280,64590.9,5375.52,8.2,11.8027
17662.7,16877,68587.1,6978.96,6685,68417.8,15169.7,92.66,11.8037
10090.2,10090,65537.6,6416.64,6206,67760.4,11065.7,54.94,11.8059
6081.28,6276,63502.7,3891.6,3984,64016,42973.2,38.54,11.808
16968.3,16429,67687.4,8606.88,8221,68612.1,13138.6,6.56,11.8101
12155.5,11884,67033.3,6201.36,6236,65172,5050.08,-15.58,11.8111
11239.7,10032,73425.4,7176.96,6544,71874.9,22114.8,-59.86,11.8111
12472.3,12409,65870.4,7206.48,7037,67114.4,6394.32,42.64,11.8164
13792,12989,69587.5,6563.52,6249,68834.5,5080.32,13.94,11.8185
7456.64,7767,62917.3,3294,3335,64730.3,21163,-55.76,11.8196
14297.6,14244,65782.6,5841.36,5840,65551.3,13309.2,22.96,11.8196
9551.36,9425,66414.6,4978.08,4785,68180.5,11677,37.72,11.8227
6501.12,6789,62757,2329.2,2245,67994,23369.8,59.86,11.8249
21434.2,21112,66536.3,10561,10552,65591.6,8262.72,38.54,11.8249
17659.5,16001,72328.9,12070.8,11425,69240.4,10329.1,100.86,11.8259
16868.5,16453,67191,6442.56,6225,67826.4,12759.8,-6.56,11.827
13328,13185,66246.8,7888.32,7617,67870.4,21945.6,119.72,11.827
5713.28,5149,72718.1,3943.44,2793,92530.4,14170.3,70.52,11.828
15326.1,14744,68123.3,6684.48,6380,68663.7,22789.4,54.94,11.828
8712.32,8502,67157.2,7083.36,6761,68660.7,22239.4,27.06,11.828
8647.68,8265,68570.4,6395.04,6109,68604.6,6349.68,98.4,11.828
11422.1,11132,67243.8,7111.44,6488,71833.4,13739.8,64.78,11.8301
9789.44,9696,66167.6,6212.88,6080,66968.3,25474.3,65.6,11.8312
12744.3,12579,66397.3,4848.48,4227,75171.5,15345.4,74.62,11.8312
14915.2,13833,70663.1,10252.8,9421,71322.3,19635.8,36.9,11.8322
33438.1,28240,77599.1,17658.7,15412,75089.7,36971.3,49.2,11.8333
8066.56,7653,69077.5,5689.44,5493,67879.7,9432.72,-25.42,11.8343
11235.2,10379,70942.3,6410.16,6127,68564.8,24411.6,27.88,11.8343
13331.8,12985,67286.5,5626.8,5677,64956.5,11003.8,-49.2,11.8365
10947.8,10629,67501.9,4348.08,4353,65461.9,27596.2,-1.64,11.8396
9970.56,9818,66554.3,3098.88,3130,64884.4,19609.9,-51.66,11.8396
9478.4,9249,67161.5,3546.72,3489,66620.2,22441.7,-114.8,11.8407
17983.4,17483,67411.6,6480,6603,64315.2,9865.44,111.52,11.847
10719.4,10464,67135.3,5515.2,5188,69669.3,17102.2,-91.84,11.8481
9721.6,9617,66248.8,4201.2,3953,69650.9,8393.04,-30.34,11.8502
10108.8,9801,67594.2,5949.36,5501,70877.5,12582,149.24,11.8502
5754.88,5900,63924,2689.2,2664,66155.9,15976.1,1.64,11.8512
7336.32,7498,64122.8,3291.12,3390,63624.4,8319.6,21.32,11.8512
6547.84,6624,64782.5,3062.16,2948,68073.9,13425.8,-2.46,11.8565
9953.92,9876,66053.1,3824.64,3764,66591.8,23046.5,-20.5,11.8565
10636.8,9601,72606.3,7878.24,7217,71540.6,14462.6,-19.68,11.8586
10648.3,10337,67509.7,5321.52,5189,67209.7,5112,46.74,11.8597
10521,9357,73688.3,13135.7,8713,98801.8,41919.8,282.08,11.8607
14105,13421,68875.8,7246.8,6749,70369.9,13546.8,86.92,11.8618
19467.5,16250,78512.2,11610.7,10078,75503.1,78213.6,-3.28,11.865
9550.72,9808,63816.9,4072.32,4164,64093.1,10360.1,-53.3,11.865
6208.64,6376,63815.8,2877.12,2860,65928.3,25542.7,26.24,11.866
9022.08,9149,64626.8,3476.88,3497,65158.9,7825.68,-50.02,11.8671
11181.4,10965,66829.6,4643.28,4497,67667.8,19624.3,10.66,11.8692
8741.12,8704,65815.5,2976.48,2928,66621.1,36822.2,19.68,11.8692
7146.24,7174,65282.4,2605.68,2626,65028.9,10323.4,91.84,11.8713
9217.28,8269,73051.6,7020.72,6397,71925.9,29440.8,59.04,11.8713
6891.52,6808,66340,3003.12,2968,66311.5,10949.8,-45.92,11.8745
12380.8,11780,68878.4,7112.16,6832,68223.4,38885,96.76,11.8755
8187.52,7978,67257.1,5458.32,5226,68449.4,19545.1,-2.46,11.8766
11557.1,10909,69429.6,4225.68,4089,67726.6,7051.68,-8.2,11.8797
17449,16104,71009.4,7493.04,6888,71292.7,6944.4,0,11.8808
15568,15025,67904.5,5563.44,5605,65050.1,5707.44,14.76,11.8808
13299.8,12268,71048.1,5143.68,4984,67635.7,18009.4,-13.94,11.8818
9834.88,9176,70241.8,6174,5816,69570,12247.9,43.46,11.8839
15102.1,13522,73194,9272.16,8486,71607.4,34580.9,-4.92,11.885
9608.32,8885,70871.2,5942.16,5537,70331.5,13800.2,53.3,11.8871
17793.3,16097,72442.1,11014.6,10193,70818.2,15007.7,53.3,11.8913
6078.72,5702,69865.8,2684.88,2658,66198.8,26164.1,-54.12,11.8945
8705.28,7777,73358.5,5798.16,5329,71305.7,17560.8,9.84,11.8966
12142.7,10738,74109.3,7977.6,7590,68882.8,18137.5,60.68,11.8977
24960,18908,86512.5,14333,11996,78303.6,26797,188.6,11.9008
8529.92,8197,68197.7,2973.6,2997,65024.3,22875.1,24.6,11.904
15497.6,14855,68371,7757.28,7703,65997.8,15004.8,18.04,11.904
12041.6,11469,68807.9,5666.4,5549,66922.5,10674,-28.7,11.9072
10269.4,9977,67457,4926.24,4877,66197.7,30286.8,11.48,11.9082
9363.2,8898,68962.3,5237.28,5090,67432.3,9567.36,-18.04,11.9082
12202.2,12005,66612.7,4658.4,4613,66181,7207.92,2.46,11.9103
8746.88,8578,66826.3,7350.48,6738,71493.2,7709.76,3.28,11.9124
6889.6,7150,63149.2,2851.2,2926,63860.6,13663.4,-24.6,11.9146
14504.3,14211,66888.7,6000.48,6119,64266.6,8798.4,-57.4,11.9156
10812.8,10404,68111.1,6726.96,4228,104271,28503.4,254.2,11.9177
12724.5,12096,68941.1,8442.72,8420,65712.8,10314.7,-57.4,11.9177
9520,9316,66971.1,3372.48,3380,65390.2,31918.3,27.88,11.9177
6146.56,6277,64174.1,3016.8,3061,64589.7,16288.6,69.7,11.9198
14588.8,14304,66840.9,4759.2,4544,68639.7,22654.8,78.72,11.9198
13514.9,12422,71301.8,9720.72,8966,71052.6,38607.1,105.78,11.9219
19446.4,16737,76145,13284,11493,75748.7,23248.1,144.32,11.9219
8307.84,7836,69482.2,6380.64,6008,69600.8,8887.68,40.18,11.9241
7220.48,7004,67561.6,3132,2968,69157.3,8119.44,29.52,11.9241
7370.24,7097,68059.2,4119.12,3913,68988.2,5031.36,3.28,11.9241
10375,10097,67340.7,5117.76,5077,66062.1,6999.84,-32.8,11.9251
9114.88,8561,69776.1,6459.12,6325,66925.7,10234.1,27.88,11.9304
7505.28,7885,62380,2747.52,2841,63379.6,11505.6,-45.92,11.9357
14981.1,12758,76955.9,17018.6,14678,75986.8,13226.4,38.54,11.9367
11391.4,10193,73240.9,9793.44,8929,71880.7,10612.1,-18.04,11.9367
8485.12,8449,65816.2,4880.16,4817,66395.3,20682.7,0.82,11.9367
12288,11233,71691.1,7619.04,7153,69805.9,27423.4,132.84,11.943
14240,13480,69230.9,9073.44,8568,69402.1,34621.9,5.74,11.9462
10454.4,8928,76740.5,8253.36,7504,72080.5,18772.6,41.82,11.9504
14138.9,13743,67423.8,3503.52,3455,66456.4,21036.2,50.84,11.9557
14773.1,14812,65364,4842.72,4920,64506.6,10505.5,46.74,11.9557
7834.88,8188,62709.7,3089.52,3192,63432,11662.6,-14.76,11.9568
7781.12,7368,69210.6,5729.76,5320,70583.8,10876.3,-43.46,11.9568
12271.4,11534,69725.7,7460.64,7118,68690.7,24648.5,128.74,11.9578
8460.16,8393,66060.4,5173.2,5017,67576.4,4998.96,-65.6,11.9578
7717.76,7567,66841.7,4594.32,4479,67223.4,9980.64,-77.9,11.9578
12538.2,12262,67012.4,6816.24,6534,68366.9,9054.72,35.26,11.9599
9333.12,9077,67385.2,5587.2,5361,68301.2,15203.5,60.68,11.9631
10903.7,10684,66883.5,4724.64,4744,65268.6,12087.4,104.96,11.9642
13259.5,11693,74315.9,10394.6,9725,70048.7,28784.2,37.72,11.9642
6965.12,7108,64218.6,3610.08,3716,63668,9483.12,14.76,11.9684
18030.1,15027,78633.1,10582.6,9447,73413.6,37144.8,4.1,11.9684
13740.2,12864,69999.6,10368,8964,75800.7,10282.3,42.64,11.9694
11514.9,11037,68373.6,9036,8717,67934.3,25470.7,-50.84,11.9705
17676.8,17129,67631.9,7921.44,8029,64658.1,10962,32.8,11.9705
8951.04,8913,65815.7,3466.08,3573,63574.9,6711.12,98.4,11.9715
14496.6,14257,66637.6,5816.88,5925,64340.1,4793.04,22.14,11.9737
13016.3,12573,67846.8,3560.4,3501,66647.9,5263.92,-9.02,11.9747
12012.2,11843,66472.1,3845.52,3651,69027.7,22144.3,68.06,11.9747
10818.6,10377,68324.7,5540.4,5257,69069,14536.1,47.56,11.9758
6160.64,5972,67606.1,2417.76,2340,67713.8,41778.7,78.72,11.9768
6826.88,6645,67329.8,2889.36,2865,66093.2,7806.96,-76.26,11.9779
12897.3,12912,65461.3,4746.96,4868,63906.5,12844.8,39.36,11.9779
9909.12,9161,70887.9,9295.2,6377,95526.2,10363.7,225.5,11.9821
17107.8,16029,69946.9,7282.08,6889,69275.4,11782.8,97.58,11.9821
7418.24,6752,72002.6,6184.08,6048,67010.6,21480.5,41.82,11.9831
8044.16,7665,68777.8,3146.4,3109,66324.4,12965,-27.88,11.9842
14872.3,14520,67126.2,5796,5884,64555.9,9279.36,45.1,11.9874
11042.6,10905,66362.7,3747.6,3753,65441.7,5158.8,68.06,11.9905
14853.1,14096,69056.1,10883.5,10164,70175.4,19846.8,155.8,11.9958
17977,14602,80683.3,12142.1,10557,75375.9,8794.8,-4.92,11.9979
14447.4,14612,64797.6,4965.84,5044,64520.5,9546.48,22.14,11.9979
16113.9,15336,68860.3,12052.1,11724,67369.9,10084.3,-60.68,11.999
25913,22742,74673.8,17232.5,15666,72089.1,34813.4,91.02,12.0032
7282.56,7677,62168.8,2252.16,2329,63373.8,4926.96,37.72,12.0053
11700.5,11429,67092.7,6390.72,5921,70735.1,6090.48,46.74,12.0053
6679.04,6809,64285.1,2675.52,2653,66092.3,30931.9,27.06,12.0085
14665.6,14581,65916.2,6557.76,6385,67309.2,21289.7,131.2,12.0095
7434.88,7395,65889.4,2303.28,2263,66702.5,6972.48,5.74,12.0148
8871.68,9068,64117.2,3211.92,3192,65945,25162.6,-39.36,12.0148
6901.12,7117,63548.1,2784.24,2889,63159.6,19797.1,63.14,12.0169
12836.5,12616,66681.3,6404.4,6152,68224.8,4990.32,9.02,12.018
12301.4,12149,66358.3,3474.72,3489,65267.8,19442.2,20.5,12.019
11735.7,11557,66549.2,4801.68,4709,66825.9,15759.4,44.28,12.019
9537.92,9761,64038.2,3219.84,3269,64550.5,12786.5,-59.86,12.0243
15691.5,15588,65971.2,8528.4,8448,66159.7,7709.04,-77.08,12.0264
12872.3,12644,66719.4,5901.84,5744,67336.9,10892.2,82.82,12.0285
11143.7,10972,66561.5,5764.32,5580,67700.8,14523.8,-49.2,12.0296
12556.8,12245,67204.8,7727.04,7446,68009.6,9685.44,-37.72,12.0338
9916.8,9800,66317.1,3867.84,3740,67776.1,16394.4,74.62,12.0349
11056,10446,69363,9984.24,9518,68746.3,16488.7,113.16,12.0349
5305.6,5573,62391.5,3116.88,3169,64458.1,16827.8,68.88,12.0349
10398.7,10468,65102.3,5312.88,5392,64574.4,5149.44,-47.56,12.0359
13484.8,13616,64904.5,4595.04,4628,65069.3,46769,0,12.037
6369.92,6567,63569.2,2278.8,2340,63822,15437.5,-75.44,12.037
13811.8,12884,70255.6,8243.28,7620,70896.5,28524.2,50.84,12.0401
13022.1,11620,73443.6,9814.32,8896,72301.2,21808.1,84.46,12.0401
11764.5,11547,66770.3,5926.32,5819,66744.7,8906.4,123,12.0412
6422.4,6617,63608.6,3357.36,3193,68909.5,18470.9,59.86,12.0412
5667.2,6032,61572.6,2019.6,2160,61276.2,12422.9,63.14,12.0412
16178.6,16221,65364.5,6898.32,6925,65283.5,52158.2,36.9,12.0412
10790.4,10653,66381.3,5996.16,5865,67001.6,11599.9,51.66,12.0422
14313.6,14261,65777.7,6507.36,5861,72763.4,15627.6,37.72,12.0422
8419.84,8258,66820.4,5906.16,5782,66943.3,12676.3,92.66,12.0433
10956.2,10801,66477.4,7368.48,7269,66432.9,23608.8,37.72,12.0444
11509.1,11288,66819.8,7024.32,6568,70089.2,20346.5,46.74,12.0444
8222.08,8392,64209,3595.68,3692,63826.2,7683.84,16.4,12.0454
5020.8,5236,62842.5,2468.16,2480,65223.1,5090.4,-86.1,12.0454
8878.72,7961,73090.8,8974.08,8381,70173.6,38430.7,13.94,12.0507
7226.24,7525,62934.1,2091.6,2161,63431.3,23889.6,-20.5,12.0528
15579.5,15025,67954.7,7567.92,7397,67050.3,21752.6,52.48,12.057
11168,11060,66176,5019.12,4996,65839.3,8471.52,9.84,12.057
7884.8,7901,65401.6,3114,3033,67286.2,16562.2,2.46,12.0581
6037.12,6432,61512.5,2594.88,2656,64027.9,8484.48,70.52,12.0634
11825.3,12022,64463.6,4255.92,4274,65258.8,29885.8,64.78,12.0655
13884.2,13952,65217.3,4961.52,5044,64464.4,18796.3,-2.46,12.0665
12958.1,12531,67769.6,7722,7319,69144.6,18074.2,75.44,12.0665
12967,12388,68599.3,9880.56,9440,68594.5,37176.5,34.44,12.0697
13212.8,12481,69378.6,9838.8,8961,71955.8,14614.6,-54.12,12.0697
15456.6,12068,83938.2,15532.6,13024,78158.9,36421.2,23.78,12.0707
8944.64,8913,65768.6,5872.32,5681,67743.1,18499.7,88.56,12.0707
10541.4,10423,66280.7,6881.04,6615,68171.7,9977.04,74.62,12.0718
8041.6,7920,66542.2,3418.56,3376,66362.2,9279.36,-9.02,12.0739
17035.5,15129,73794.7,8931.6,7897,74122,31605.8,61.5,12.0739
14727.7,13724,70328.9,9732.96,8824,72286.9,15336,20.5,12.0739
5724.16,5812,64545.5,2528.64,2436,68028.3,16513.2,-18.04,12.076
11314.6,11476,64614.1,6004.08,6080,64717.7,6518.16,-14.76,12.0771
12191.4,11540,69235.1,5984.64,5396,72685.2,15151,56.58,12.0781
8732.16,8912,64213.5,3224.88,3344,63201.5,19784.2,-36.08,12.0834
10308.5,9892,68295.2,5219.28,4996,68464.9,23971,-29.52,12.0855
6449.92,6307,67021.1,2320.56,2163,70309.9,8069.04,36.9,12.0876
7096.96,6712,69294.8,7024.32,6712,68585.5,13099,32.8,12.0876
8920.32,7760,75335.3,5649.12,5124,72252.3,40759.9,10.66,12.0876
8107.52,8198,64812.7,3656.16,3734,64169.8,7394.4,39.36,12.0887
11201.3,9641,76142.2,43629.8,32541,87868.4,24641.3,10441.9,12.0887
10337.3,10128,66890.2,5508,5536,65204.5,14579.3,-58.22,12.0897
14027.5,13346,68882.6,6629.76,6338,68552.9,6276.24,-102.5,12.0897
5411.2,5068,69974,2268,2268,65536,12029,-22.96,12.0908
15562.2,14761,69093.4,6191.28,5965,68022.1,10745.3,-39.36,12.0908
9473.28,9281,66893.8,3034.8,2993,66451.3,7436.88,-16.4,12.0918
11425.3,11134,67250.5,5481.36,5646,63624.9,7208.64,-59.86,12.0918
10258.6,9743,69003.9,5678.64,5483,67874.4,14687.3,-16.4,12.095
7144.96,6716,69721.9,3359.52,3356,65604.7,13821.1,86.92,12.095
7521.28,7230,68176.3,3107.52,3118,65315.7,26920.1,59.86,12.0982
11761.3,10967,70282.4,8519.76,8227,67868.1,19453,66.42,12.1003
12828.2,12684,66280.9,6280.56,6472,63597.5,7778.16,-22.14,12.1013
7576.96,7221,68766.6,2543.04,2577,64672.4,6887.52,-51.66,12.1024
8181.12,7695,69676.1,3497.04,3595,63750.2,17608.3,8.2,12.1045
11577.6,10941,69349.2,6676.56,6553,66771.7,10291,36.08,12.1056
13008,12504,68177.6,5907.6,5912,65487.2,14351.8,42.64,12.1066
8011.52,7693,68249.5,15187,14381,69208.9,11455.2,3405.46,12.1087
8689.28,8351,68190.7,3553.92,3535,65886.8,18432.7,31.98,12.1087
13127.7,11798,72922.2,7030.8,6134,75117.5,25626.2,72.16,12.114
20519.7,18957,70938.3,11292.5,9693,76350.4,35313.1,64.78,12.114
12236.8,11764,68169.9,4701.6,4512,68289.9,26137.4,7.38,12.1151
6594.56,6645,65038.5,2171.52,2257,63053.9,12587,-31.98,12.1161
9735.68,9601,66455.3,5436,5589,63741.9,7439.76,-10.66,12.1161
11018.9,10197,70818.2,7756.56,7477,67986.4,33292.1,10.66,12.1172
23011.8,17933,84096.6,73905.8,56893,85133.4,37520.6,1882.72,12.1172
6662.4,6460,67589.3,2995.2,3020,64997.8,7016.4,-9.02,12.1182
8908.16,8861,65884.8,3440.16,3513,64177.2,12407,100.04,12.1182
10830.7,10257,69201.7,5594.4,5361,68389.2,45720.7,-2.46,12.1214
9667.2,7869,80512.1,10140.5,9373,70902.2,37815.8,22.96,12.1235
8924.16,8635,67730.6,4453.92,4431,65875,10284.5,22.96,12.1246
11888,11484,67841.5,5614.56,5388,68291.7,10961.3,53.3,12.1246
12649.6,11840,70017.2,6002.64,5860,67131.2,12068.6,-105.78,12.1288
8727.68,8844,64674,2693.52,2792,63224.4,12942.7,45.1,12.1309
9080.32,9276,64153.5,3593.52,3804,61909.8,4921.2,-18.04,12.1309
17624.3,17305,66745.3,8243.28,8393,64366.9,12276,50.84,12.133
7401.6,7393,65612.2,2499.12,2577,63555.4,7279.92,3.28,12.1362
13309.4,12661,68892.5,9469.44,9249,67098,9546.48,4.92,12.1372
7157.76,7345,63865.3,3540.24,3717,62419.5,9768.96,44.28,12.1383
12631,12177,67979.6,5580.72,4773,76626.5,14730.5,127.1,12.1425
12789.8,12235,68507.5,6467.76,6319,67078.8,9083.52,111.52,12.1436
13906.6,13417,67927.3,4669.92,4541,67396.6,43997,23.78,12.1436
10254.1,10133,66319.1,5407.2,5333,66447.8,10945.4,73.8,12.1446
12255.4,11884,67583.9,5023.44,4956,66427.8,7632.72,30.34,12.1457
7456.64,7472,65401.3,3031.92,3008,66057.2,8149.68,31.16,12.1467
10455.7,9648,71022.3,5687.28,5316,70113.2,31812.5,82,12.1488
11973.8,11657,67316.8,4996.08,4537,72167.3,30511.4,33.62,12.1488
16423,16262,66185,6814.8,6930,64446.6,10777.7,13.12,12.1499
7242.88,7356,64528.2,3080.16,3164,63799.4,8013.6,-0.82,12.1499
12451.8,12241,66664.8,7208.64,5249,90002.9,15580.1,64.78,12.1499
10394.2,9445,72122.5,7729.2,7377,68664.9,19633.7,16.4,12.1509
10288,10016,67315.7,5212.8,5140,66464.2,9343.44,77.08,12.1509
16197.1,15813,67128,5001.12,4901,66874.8,13032,-37.72,12.152
13857.9,12208,74393.2,10663.2,9584,72915.6,27237.6,77.9,12.1531
10172.2,9360,71222.5,9037.44,5840,101417,16362.7,71.34,12.1531
5776,5765,65661.1,2594.16,2597,65464.3,7901.28,63.14,12.1541
10586.2,9948,69740.6,5232.24,4892,70094.1,8744.4,-22.96,12.1552
11509.8,11444,65912.6,8506.08,7588,73465.3,12805.2,37.72,12.1552
10768.6,10672,66129.5,3728.88,3760,64993.6,32109.1,22.96,12.1562
5205.12,5505,61966,2335.68,2213,69169.1,14564.2,-54.12,12.1562
12467.8,12304,66408.7,10407.6,10448,65282.6,6129.36,48.38,12.1583
11224.3,10792,68161.3,10327,9628,70293.7,13155.1,95.94,12.1604
9582.72,8952,70153.4,6063.84,5816,68328.7,12980.9,41,12.1604
8153.6,8001,66785.9,3245.04,3297,64503.2,26714.2,-19.68,12.1615
18292.5,17624,68021.8,5798.16,5784,65696.4,36169.2,18.04,12.1636
9534.72,9441,66186.6,8827.92,7057,81981.9,9440.64,70.52,12.1636
10931.8,10025,71464.2,9218.88,8681,69596.7,27329.8,31.16,12.1647
15740.8,15284,67494.7,7616.16,7296,68411.8,20571.1,69.7,12.1668
19418.9,17527,72610,12067.2,10707,73861.6,26024.4,-20.5,12.1668
10175.4,9425,70753.6,6696,6401,68556.3,13544.6,8.2,12.1699
15697.3,13597,75659.1,10764.7,9625,73296.3,34317.4,79.54,12.1721
13088.6,12965,66161,5639.04,5665,65235.7,14731.2,8.2,12.1742
12978.6,12617,67414,4090.32,3597,74524.1,22353.8,-6.56,12.1773
9100.16,8728,68330.5,4119.84,4024,67096.9,9276.48,77.08,12.1805
24329.6,20500,77778.8,13666.3,12004,74611.5,61177.7,77.08,12.1826
8858.24,7504,77363.2,7288.56,6576,72637.3,11859.1,74.62,12.1847
12394.9,11981,67799.9,5484.24,5421,66300.5,5858.64,16.4,12.1858
5452.8,5582,64019.1,2109.6,2186,63245.5,12262.3,44.28,12.1868
16643.8,15677,69577.8,7124.4,6745,69222.4,23665.7,82.82,12.1868
23979.5,19168,81986.8,19659.6,17392,74080.7,76383.4,54.94,12.1868
12112.6,11084,71618,7893.36,7560,68425.8,13258.1,4.1,12.1868
10858.2,10909,65231.1,3371.04,3453,63980.4,17724.2,164,12.1879
6874.24,6772,66525.4,2337.12,2352,65121.4,6904.08,39.36,12.1879
7576.96,6893,72038.8,13995.4,12125,75645.4,10409.8,1722.82,12.191
12153.6,11224,70963.9,6736.32,6252,70612.8,16472.9,97.58,12.191
8613.12,8769,64371,3627.36,3649,65147.4,21626.6,9.02,12.1921
11232,10657,69072,8913.6,8353,69934.4,23719,36.08,12.1921
10515.2,10656,64670.1,4268.16,4272,65477.1,6215.76,103.32,12.1942
60345.6,50373,78510.5,57559,44737,84319.1,69205.7,386.22,12.1953
9508.48,8885,70134.8,5526,5045,71784.3,13750.6,72.98,12.1953
7183.36,7154,65805,3527.28,3490,66236.1,18855.4,41.82,12.1963
7324.8,6621,72502.4,5587.2,5257,69652.4,20539.4,51.66,12.1995
6821.12,6817,65575.6,2207.52,2209,65492.1,24847.9,21.32,12.1995
9031.04,9160,64613.3,3802.32,3916,63633.5,7096.32,23.78,12.1995
10584.3,9600,72255.6,9074.88,8384,70936.5,21417.1,-17.22,12.2016
8595.84,8276,68068.8,5746.32,5476,68771.2,26787.6,11.48,12.2037
11914.9,11659,66974.3,4272.48,4155,67389,21218.4,-55.76,12.2037
14028.2,13723,66993.3,8012.88,7279,72143.4,21390.5,52.48,12.2048
15862.4,14452,71931.8,9521.28,8912,70016.5,40479.1,55.76,12.2048
8153.6,8225,64967.1,3570.48,3553,65858.4,31167.4,82.82,12.2048
14089,13556,68112.6,9179.28,8640,69626.5,18951.1,-22.14,12.2058
18970.2,16064,77392.5,18213.1,15444,77286.7,20823.8,147.6,12.2058
13431,13076,67315.4,6986.88,6896,66399.7,6593.76,44.28,12.2069
8733.44,7633,74984.2,5582.16,5153,70994.1,25624.8,-64.78,12.2069
5028.48,5249,62782.7,2801.52,2833,64807.8,10481.8,-54.94,12.209
11251.8,11333,65066.7,3636,3665,65017.4,11932.6,-12.3,12.209
10067.8,9761,67596.1,8180.64,7637,70201.2,11460.2,42.64,12.2111
18033.3,17125,69011.9,13075.9,12065,71027.2,19859.8,55.76,12.2122
9668.48,9265,68390,6157.44,5857,68897.7,20573.3,19.68,12.2164
10702.1,10316,67988.7,4152.24,4092,66500.8,6747.12,-77.9,12.2174
6252.8,6161,66512.5,3721.68,3221,75723.1,7237.44,30.34,12.2185
13849.6,13941,65106.3,5784.48,5909,64155,8548.56,36.08,12.2195
14569,14404,66286.5,6322.32,6340,65353.3,11587,-63.96,12.2195
13998.7,13470,68108.4,8807.76,7598,75970.7,33495.8,102.5,12.2227
7034.88,6785,67949.6,3757.68,3761,65478.2,12648.2,-3.28,12.2238
13793.3,12875,70210.2,6045.12,5695,69565.1,17949.6,18.04,12.2248
15363.2,12960,77688.5,11113.2,10240,71124.5,20086.6,-38.54,12.2269
10024.3,9694,67769.1,7277.04,7070,67455.2,9411.84,-40.18,12.228
5190.4,5273,64509.4,1933.92,2009,63086.8,9766.08,-65.6,12.2301
21248.6,17836,78075.3,10878.5,9276,76857.7,28319.8,13.12,12.2322
14679.7,14184,67826.3,7254.72,6956,68350.4,13536.7,37.72,12.2343
15914.2,14949,69767.6,9536.4,8753,71401.5,28072.1,0.82,12.2375
12564.5,12375,66539.5,2725.92,2759,64750.2,7014.24,69.7,12.2385
6257.92,6261,65503.8,3231.36,3173,66741.4,14967.4,-9.02,12.2396
5904.64,6017,64312.2,2207.52,2241,64556.9,4888.08,-46.74,12.2406
10243.8,10336,64951.7,4734.72,4752,65297.7,8600.4,-58.22,12.2406
7886.08,8052,64185.6,2846.16,2916,63966.4,20148.5,66.42,12.247
13246.1,12700,68353.9,9766.08,9212,69477.8,22425.1,-34.44,12.247
12753.3,11349,73645.2,10599.1,9761,71163.2,60871.7,44.28,12.248
8208.64,8391,64111.7,3949.2,3939,65705.7,19775.5,12.3,12.2491
10803.2,10508,67377.1,8685.36,8216,69279.9,23984.6,-0.82,12.2491
7559.04,7648,64773.7,2306.16,2340,64588.3,5708.88,-24.6,12.2501
11025.9,10169,71058.6,7796.16,7065,72318.4,14225,72.98,12.2565
7480.96,7324,66940.5,2781.36,2808,64914.3,7811.28,0,12.2575
8604.16,8288,68036,3647.52,3568,66996.6,16423.2,12.3,12.2586
6166.4,6156,65646.7,3228.48,3228,65545.8,6372,-7.38,12.2639
9233.28,8962,67519.8,9318.96,5874,103971,23279,100.86,12.2649
12398.7,12024,67578.4,8804.16,8444,68331.3,15619.7,-17.22,12.2649
16042.9,15512,67778.9,5699.52,5640,66227.6,33480.7,43.46,12.2649
12903,12691,66631,5951.52,6019,64801.3,9272.88,31.98,12.2691
13013.8,12517,68136.9,6118.56,5857,68462.7,5528.16,63.14,12.2723
11422.7,10964,68278,7435.44,7092,68709.7,14125.7,68.88,12.2734
8000.64,8089,64820.1,4574.88,4541,66025,7156.8,16.4,12.2797
12506.9,11431,71704.2,10554.5,9923,69706.6,43420.3,-20.5,12.2818
16170.2,15772,67190.8,6628.32,6520,66624.8,36882,39.36,12.2818
13735.7,13793,65263.6,6661.44,6597,66176.2,6810.48,45.1,12.2839
5519.36,5813,62225.5,2797.2,2689,68173,8965.44,-14.76,12.285
6744.96,7027,62905.6,2430,2519,63220.5,34302.2,-26.24,12.286
16755.2,14151,77596.5,18729.4,15991,76758.6,160896,109.06,12.2871
13677.4,13228,67762.7,6364.08,5000,83415.3,17707.7,23.78,12.2881
11495.7,11108,67823.3,8174.88,7648,70050.9,12257.3,105.78,12.2892
8088.96,8185,64767,2823.84,2841,65140.2,17584.6,-35.26,12.2892
10794.9,10018,70618.2,7860.96,7302,70552.7,31491.4,53.3,12.2892
10175.4,8973,74317.7,9216,8521,70881.3,11637.4,77.08,12.2924
10795.5,10196,69389.5,6302.88,5904,69963.7,23807.5,45.92,12.2924
18169.6,16216,73431.4,9014.4,8316,71039.9,28074.2,-18.86,12.2934
11530.2,10796,69993.1,7119.36,6716,69472.1,51525.4,20.5,12.2945
8666.88,8565,66315.5,3137.76,3253,63214.3,7524.72,-6.56,12.2945
13909.8,12992,70165.5,5302.08,5140,67602.6,23551.9,99.22,12.2955
15886.7,15336,67889.4,6666.48,6568,66518.6,9174.24,28.7,12.2976
13098.9,12049,71246.4,9299.52,8849,68872.6,31050.7,-33.62,12.2976
9148.16,9251,64807.5,2419.2,2483,63852.1,6300,31.98,12.2997
15039.4,12137,81207.8,13052.2,11241,76095.2,57170.2,126.28,12.2997
8912,8438,69217.4,6963.84,6642,68711.6,23561.3,22.96,12.305
6283.52,5949,69221.2,2601.36,2493,68384.6,18047.5,-9.84,12.3082
6078.72,6067,65662.6,2295.36,2339,64313.3,6897.6,36.9,12.3092
8816.64,9076,63663.2,3556.8,3488,66828.7,8001.36,66.42,12.3124
12673.9,11773,70551.1,7721.28,7069,71583.2,46165,15.58,12.3156
10296.3,10368,65082.9,3178.08,3140,66330.8,11350.1,-22.96,12.3156
12917.8,12604,67167.4,5986.8,5912,66365.2,5808.96,-21.32,12.3209
11152,10806,67634.4,3635.28,3426,69539.3,6309.36,20.5,12.3209
11431,10085,74283.1,7272,6657,71590.5,22154.4,-20.5,12.323
13115.5,12329,69716.8,5567.76,4761,76641.2,34187,1.64,12.323
24748.8,18624,87088.6,19288.8,15732,80352.8,25721.3,95.94,12.324
10211.8,9895,67634.5,4076.64,3895,68592.2,10339.9,57.4,12.3251
11466.2,10497,71587.3,7833.6,7313,70201.4,18337.7,51.66,12.3261
6624,6464,67158.2,2583.36,2612,64817.4,11332.1,-14.76,12.3272
13728.6,13456,66863.9,3097.44,3140,64647.7,6104.16,102.5,12.3293
5625.6,5224,70574.1,2579.76,2568,65836.1,8494.56,-31.16,12.3303
10568.3,9779,70825.8,6388.56,6003,69745.2,14758.6,1.64,12.3303
12569.6,11749,70113.3,7362,7109,67868.4,21545.3,12.3,12.3303
12153,11104,71727,6716.88,6372,69083.1,11651,16.4,12.3335
13587.8,12347,72122.2,8107.2,7339,72395.9,12098.2,25.42,12.3346
9820.16,9170,70182.6,3911.04,3810,67274,14915.5,-53.3,12.3346
23885.4,18566,84313.1,16056,14230,73945.6,27046.8,68.06,12.3377
17726.7,15853,73281.9,6816.96,6685,66829.7,25598.9,4.92,12.3398
13993,12798,71655.2,3533.04,3530,65592.4,20196.7,-1.64,12.3398
12364.2,11413,70997.8,3738.24,3733,65628,7563.6,-31.98,12.3409
14897.9,14049,69496.1,5802.48,5909,64354.6,15079.7,-18.04,12.3409
9061.76,8088,73426.2,5460.48,5384,66466.9,5965.2,52.48,12.342
6634.88,6119,71061.2,2740.32,2835,63347.3,10448.6,50.84,12.342
14682.2,12904,74567.2,10008.7,9212,71204,12759.1,156.62,12.343
13832.3,11405,79484,10924.6,9933,72078.1,56033.3,77.08,12.3451
10234.9,9896,67780.2,4037.76,4072,64984.9,17727.1,0.82,12.3472
16855,13204,83657.4,17432.6,15780,72399.6,29553.1,50.02,12.3472
15752.3,15134,68213.6,7851.6,7614,67581.1,49100.4,0,12.3493
13747.2,12914,69764.3,6559.2,6290,68340.8,10457.3,-28.7,12.3504
13553.3,13021,68215,6302.16,6221,66391,15811.2,-40.18,12.3504
8731.52,7689,74421.8,6114.96,5629,71193.8,42657.1,23.78,12.3525
27574.4,24679,73224.8,13243.7,11303,76788.3,53596.1,50.02,12.3536
24709.1,23376,69273.5,16210.8,15280,69528.2,9563.76,61.5,12.3536
10684.2,10653,65727.7,5644.8,5577,66332.7,13259.5,91.84,12.3567
11971.2,11853,66189.5,4068.72,4025,66247.9,27015.1,17.22,12.3578
11350.4,11445,64994.3,4507.2,4497,65684.7,16965.4,33.62,12.3599
9936,9657,67429.4,4867.92,4729,67461.2,40802.4,87.74,12.362
7726.08,7281,69542.1,5075.28,4789,69453.7,7021.44,45.1,12.3631
12832,12212,68863.2,6711.84,6404,68686.3,12993.1,145.96,12.3641
11897.6,11669,66819.9,6589.44,6545,65981,4988.16,47.56,12.3641
16608,16088,67654.3,7927.2,7916,65628.7,14469.8,-19.68,12.3652
9239.04,8225,73615.8,5474.16,5157,69566.5,36090.7,27.88,12.3652
14470.4,13836,68540.9,4925.52,4824,66915.2,12354.5,41.82,12.3662
16627.2,16048,67901.3,6942.96,6660,68320.4,6372.72,11.48,12.3683
7259.52,6373,74652.4,5876.64,5461,70524,26122.3,54.12,12.3715
6371.2,6446,64775.5,2908.8,2910,65509,17921.5,47.56,12.3715
12013.4,12060,65283,5210.64,5256,64970.4,5474.16,29.52,12.3715
11339.5,10709,69394.6,6579.36,6069,71047.1,9725.04,-35.26,12.3747
8913.92,8760,66687.5,4127.04,4040,66948,5596.56,164.82,12.3768
12365.4,12304,65863.3,5223.6,5216,65631.5,5328,-7.38,12.3768
8972.16,8721,67423.4,5588.64,5397,67863.1,19933.2,86.1,12.381
8367.36,8303,66044,3218.4,3163,66683.9,8359.92,67.24,12.3821
12157.4,12397,64269.6,6175.44,6061,66773.4,14020.6,-53.3,12.3863
7045.76,7069,65320.5,3178.8,3049,68326,7923.6,7.38,12.3873
9892.48,9462,68517.6,7963.2,7478,69788.2,33365.5,54.12,12.3894
8597.12,8860,63591.5,2924.64,3064,62555.2,6475.68,9.84,12.3916
12147.8,11921,66783.1,4969.44,4913,66288.9,9260.64,6.56,12.3926
10517.8,9220,74760.5,8819.28,8224,70279.7,14172.5,73.8,12.3937
9374.08,9428,65161.2,3387.6,3376,65761.2,24687.4,6.56,12.3947
15303,14469,69313.7,7988.4,7685,68123.3,16933.7,-9.02,12.3947
6535.68,6595,64946.5,3456.72,3367,67282.3,27054,27.88,12.3958
9512.96,9600,64941.8,4505.04,4528,65203.7,9540.72,27.88,12.3958
11315.8,11550,64207.3,3659.76,3790,63283.9,19478.2,-26.24,12.3979
22203.5,18660,77981.2,20002.3,17232,76072,47731,150.06,12.4021
7307.52,7390,64804.6,2986.56,2990,65460.6,18665.3,-50.02,12.4021
11719,10684,71885,6544.08,6140,69849,7737.84,-36.08,12.4084
10414.1,9920,68800.1,6265.44,5188,79146.5,8197.92,54.94,12.4095
12704.6,12541,66391.1,4350.96,4381,65086.6,7880.4,20.5,12.4106
5845.76,5817,65860,2921.04,2941,65091.2,6978.96,-55.76,12.4106
9595.52,9296,67647.6,4873.68,4788,66708.8,5968.8,-51.66,12.4116
15537.3,15241,66810,6264,6349,64658.6,10823.8,5.74,12.4127
12741.8,12821,65131,6009.84,6145,64094.5,9475.2,31.16,12.4158
6540.8,6784,63186.6,3423.6,3476,64548.1,9031.68,-28.7,12.419
20623.4,19177,70478.8,9360.72,8653,70896.1,51883.9,5.74,12.419
15684.5,15461,66483.3,5548.32,5589,65059,8182.8,119.72,12.419
10083.2,9817,67313.1,6569.28,6617,65063.4,7076.16,81.18,12.4201
12950.4,12712,66765.1,8063.28,7900,66890.5,17198.6,1.64,12.4201
9675.52,9437,67192.4,6398.64,6029,69554,19375.2,43.46,12.4201
10783.4,10331,68405.6,4615.2,4415,68507.8,7039.44,-13.12,12.4222
12048,11689,67548.8,6013.44,5853,67332.4,29684.2,-40.18,12.4243
11691.5,11500,66627.4,8141.76,7868,67816.3,25765.2,91.02,12.4274
10691.2,10560,66350.2,3430.8,3364,66837.4,7647.12,98.4,12.4274
11164.8,11120,65800,4815.36,4608,68485.1,5083.2,4.1,12.4285
23193.6,22288,68198.8,14022.7,13460,68275.9,25589.5,133.66,12.4327
5596.16,6164,59498.7,2064.24,2144,63098,14616,-8.2,12.4327
7730.56,8261,61327.9,4129.2,3829,70674.1,15827.8,-1.64,12.4348
9317.76,9676,63109.6,3453.12,3436,65862.5,7730.64,-87.74,12.4348
17111,16633,67419.5,9961.92,9513,68628.6,7390.08,72.98,12.4348
12261.8,12213,65797.6,4764.24,4657,67045.1,31877.3,46.74,12.4348
15842.6,15357,67608.1,6779.52,6553,67801.4,18056.2,70.52,12.4359
12179.8,12389,64429.6,6927.12,6897,65822.2,10207.4,50.84,12.438
5367.68,5298,66397.9,1767.6,1846,62752.7,5671.44,73.8,12.4433
13266.6,12440,69890.5,5130,5016,67025.5,10802.9,8.2,12.4454
10757.8,10193,69167.1,6526.8,6513,65674.9,13955,-59.04,12.4475
13350.4,12828,68204.8,3109.68,3160,64492.4,10155.6,-10.66,12.4485
6986.24,6943,65944.2,1782,1915,60984.4,5705.28,-74.62,12.4496
10620.8,9935,70059.9,6621.84,6367,68159.1,23416.6,4.92,12.4496
14864,13661,71307.2,9998.64,9789,66939.5,21658.3,-18.86,12.4528
7757.44,6736,75473.8,7396.56,6932,69928,13178.9,-32.8,12.457
8448,8281,66857.6,3374.64,3485,63460.7,5756.4,14.76,12.458
12766.7,11484,72856.1,9521.28,8748,71329.1,15380.6,29.52,12.458
19914.9,18744,69629.8,7150.32,6972,67212.2,5960.16,33.62,12.4602
11475.8,10661,70545,7222.32,6421,73714.7,11448,100.86,12.4633
10376.3,9768,69617.4,6100.56,5944,67262.2,12870,3.28,12.4654
13822.7,12517,72372.4,6738.48,6305,70041.7,37290.2,8.2,12.4697
14654.7,13557,70842.5,9403.92,8725,70635.6,31073.8,151.7,12.4707
13994.2,13151,69738.2,6595.2,6367,67884.9,32014.8,144.32,12.4707
16888.3,15929,69482.9,10047.6,10057,65474.8,25519.7,76.26,12.4739
14993.9,13596,72274.3,8719.92,8156,70067.3,44588.2,-76.26,12.4739
9569.28,9152,68524.1,4415.76,4320,66988.7,12675.6,-32.8,12.476
6380.16,6412,65210.6,2333.52,2472,61864.7,8403.84,29.52,12.477
12974.7,12337,68923.7,6364.08,6289,66318.4,9678.96,-52.48,12.477
16793,14888,73921.5,9492.48,8668,71769.6,28064.2,123.82,12.4791
29014.4,24441,77799.1,18529.2,16701,72710,32269.7,95.12,12.4802
15775.4,14725,70210.8,9682.56,9605,66065.2,12093.8,13.94,12.4813
29145,23109,82653.7,18994.3,15825,78661.1,17386.6,67.24,12.4823
15421.4,14260,70873.7,6963.12,6644,68683.8,16706.2,-9.02,12.4834
8407.68,8044,68499,3995.28,3932,66590.7,10728.7,131.2,12.4855
9133.44,9308,64307,2241.36,2332,62988.8,21383.3,-48.38,12.4876
10913.3,10616,67371.2,5446.8,5176,68964.8,10363.7,31.98,12.4886
8521.6,8696,64221.7,4469.76,4380,66879,13181,28.7,12.4886
13799,13600,66495.1,6061.68,6000,66209.7,10426.3,-39.36,12.4886
10307.8,8950,75478.7,7301.52,6706,71355.9,32247.4,10.66,12.4918
8368.64,8554,64115.9,4846.32,4958,64059.8,5200.56,-72.98,12.4929
12856.3,12729,66191.5,7243.92,7149,66406.1,8483.04,48.38,12.495
12697,11600,71733.5,6729.84,6032,73117.9,30972.2,95.94,12.495
13271.7,12557,69266,7812,7309,70046.1,8127.36,21.32,12.496
11611.5,11617,65505.1,5772.24,5781,65436.7,10811.5,5.74,12.4981
9969.28,9748,67023.7,3564.72,3504,66671.7,15176.9,14.76,12.4992
6906.24,7005,64612,2815.2,2461,74968.3,7603.2,84.46,12.5013
5453.44,5480,65218.4,3104.64,3048,66753.8,8067.6,15.58,12.5024
16288.6,15316,69697.9,12193.9,11380,70223.3,17857.4,3.28,12.5034
7546.24,7855,62959.9,2553.12,2623,63790,8227.44,45.92,12.5034
9964.16,9736,67071.8,3816.72,3836,65206.6,8777.52,3.28,12.5076
10697.6,10432,67204.5,4073.76,3940,67760.9,23701.7,41,12.5098
10374.4,9729,69883.5,5459.76,5281,67754.4,12620.2,44.28,12.5108
13905.3,12913,70572,4339.44,4289,66306.7,10677.6,-4.1,12.514
7486.72,7217,67985.3,2355.84,2353,65615.1,37176.5,-36.9,12.514
11809.9,10676,72496.7,8072.64,7588,69721.7,20407,63.14,12.5193
10531.8,9768,70660.8,4396.32,4424,65126,28478.2,-27.88,12.5193
12495.4,11492,71257.9,6057.36,5988,66295.1,6222.24,-5.74,12.5214
11765.8,10580,72881,5227.92,5024,68196.1,30265.9,47.56,12.5224
10382.1,9921,68581.8,3585.6,3633,64681,10198.8,-16.4,12.5266
8881.92,8428,69065.7,2617.92,2652,64693.8,9979.2,13.94,12.5277
10987.5,9236,77964.3,10612.1,9712,71609.7,48268.1,10.66,12.5277
16789.1,15388,71503.2,7861.68,7496,68733.1,10478.9,15.58,12.5287
10533.1,9401,73428.2,7922.16,7513,69105.1,13194.7,58.22,12.5287
10302.1,9876,68363.4,4083.12,4052,66039.3,6999.84,3.28,12.534
18248.3,17081,70014.8,10569.6,10297,67271,11070.7,29.52,12.5361
6967.68,6673,68430.1,2797.2,2785,65823.1,45086.4,-32.8,12.5361
11877.1,10981,70884.2,9911.52,9125,71184.8,43003.4,27.88,12.5372
10183,9933,67185.7,4512.96,4521,65419.4,6716.88,59.86,12.5393
12469.8,12308,66397.3,3520.08,3632,63516.5,32965.9,34.44,12.5446
12359,12164,66586.8,4726.8,4784,64752.4,31784.4,-8.2,12.5446
9564.8,9357,66991.4,4306.32,4297,65678.1,5850.72,37.72,12.5456
23739.5,20812,74754.6,11186.6,9848,74444.3,37537.2,63.14,12.5477
13753.6,12448,72409.7,7207.2,6964,67824.7,48544.6,-13.12,12.5488
15792.6,14956,69202.1,6486.48,6312,67347.6,16575.8,-16.4,12.5499
15212.2,14629,68148.5,5472.72,5409,66308,19588.3,-18.04,12.5499
11118.1,10657,68371.4,8148.96,6129,87135,8997.12,41,12.5509
11596.2,11281,67366.9,4366.8,4373,65443.1,6284.88,6.56,12.552
10360.3,9928,68389.8,4969.44,4764,68362.1,16567.9,8.2,12.552
13718.4,13100,68629.7,4114.8,4028,66948.3,9524.16,-4.92,12.553
8181.12,8118,66045.6,3286.8,3334,64608.2,21728.9,78.72,12.5541
6838.4,6768,66217.7,2416.32,2480,63853.2,13913.3,40.18,12.5551
16449.9,15472,69678.3,8523.36,8304,67267.2,9689.04,128.74,12.5572
6250.88,6325,64768,2424.24,2449,64873.4,13920.5,-12.3,12.5572
23332.5,19648,77825.6,19395.4,17920,70931.6,38846.9,71.34,12.5594
21732.5,20361,69950.4,10748.2,10361,67984.9,11260.1,2.46,12.5594
6600.32,6884,62835.4,3412.08,3556,62883.6,17147.5,25.42,12.5604
9811.2,9757,65900.1,3969.36,3933,66141.9,10372.3,-34.44,12.5615
14479.4,14634,64843.5,3915.36,4074,62984.1,24629.8,15.58,12.5615
8675.84,8109,70117.1,7398,7053,68741.7,15593.8,47.56,12.5625
13121.3,12893,66696.4,8233.2,7949,67879.1,36046.8,-22.96,12.5636
9057.92,9000,65957.8,5294.16,5160,67239.9,8723.52,-32.8,12.5657
15429.1,14929,67731.4,8453.52,8213,67455.2,11095.2,23.78,12.5678
8371.2,8500,64542.9,3731.04,3348,73033.9,5799.6,-40.18,12.5689
13102.7,12304,69790.3,9223.92,8372,72204.8,20368.1,50.84,12.5699
10374.4,9994,68030.5,8025.84,7550,69666.4,29133.4,29.52,12.5731
23191,21970,69178.3,12075.1,11602,68208.5,17830.1,103.32,12.5741
10048,9944,66221.4,4278.24,4220,66440.5,11601.4,118.9,12.5762
8199.68,7813,68779.5,7878.96,7361,70147.5,14184.7,62.32,12.5773
8373.12,8485,64671.9,4499.28,4385,67244,8548.56,-9.02,12.5773
11063.7,10259,70676.4,8852.4,8103,71597.1,14431.7,-0.82,12.5794
8732.16,8573,66752.7,6133.68,5789,69438,28767.6,-29.52,12.5805
13453.4,13051,67556.9,6414.48,6175,68077.6,18563.8,54.94,12.5815
19717.1,17324,74589.1,14492.2,13192,71995,27625.7,68.88,12.5815
25619.8,20989,79995.3,26426.9,21929,78978.2,57471.1,168.1,12.5836
11407.4,10600,70527.6,9737.28,9084,70249.1,10276.6,25.42,12.5836
18798.7,17832,69088.9,12950.6,12312,68935.5,29810.9,30.34,12.5857
7136,7209,64872.4,3075.84,3049,66112.9,8862.48,9.02,12.5868
12193.9,12188,65567.8,3976.56,3916,66549.5,7528.32,53.3,12.591
8775.04,8725,65911.9,4002.48,3969,66088.8,8283.6,-13.94,12.5942
6642.56,6589,66068.7,3706.56,3625,67010.5,31741.9,10.66,12.5942
14941.4,13880,70547.7,9861.84,9064,71304.7,57917.5,19.68,12.6016
8775.04,8436,68169.9,3633.84,3556,66970.6,24202.1,-15.58,12.6026
10718.7,10225,68700.4,5901.12,5585,69245.4,18784.8,16.4,12.6026
15863.7,15428,67386.7,5879.52,5812,66297.4,19556.6,-53.3,12.6058
6882.56,6861,65741.9,2514.24,2509,65672.9,9671.04,57.4,12.6058
8167.68,8384,63845.1,2880.72,2900,65100.3,16970.4,-13.12,12.6079
11225,10693,68796.3,9700.56,8965,70913.1,19697.8,21.32,12.609
8056.32,7723,68364.5,5012.64,4683,70149.1,5366.16,56.58,12.609
9536.64,9676,64592.1,7954.56,5196,100329,10101.6,-16.4,12.6111
9536.64,9456,66094.9,5209.92,5040,67745.5,8632.08,-9.84,12.6121
6017.92,6064,65038,3258,3232,66063.2,6824.88,-18.86,12.6121
8260.48,7973,67899,4165.92,4001,68237.4,14271.8,9.02,12.6132
10979.2,10532,68318.7,6073.92,5920,67239.9,13585.7,10.66,12.6142
10037.1,9765,67362.3,6712.56,6353,69245.1,12111.1,118.9,12.6142
14624,14036,68281.5,7490.88,7156,68602.9,29354.4,17.22,12.6174
9609.6,9703,64905.2,4071.6,4103,65034.5,6767.28,-48.38,12.6248
8670.72,8855,64172.1,3651.12,3747,63859,22127.8,58.22,12.6248
14146.6,13296,69728.4,4612.32,4368,69201.7,57372.5,29.52,12.6269
9178.88,9148,65757.2,3394.8,3336,66691.1,5467.68,113.16,12.6279
6967.68,7453,61268.5,2822.4,2953,62637.6,14560.6,0,12.629
12355.2,12609,64216.9,9531.36,9505,65717.8,22717.4,88.56,12.6301
8556.8,8462,66270.2,6475.68,6270,67685.8,14797.4,64.78,12.6301
11769.6,11705,65897.7,5084.64,4937,67495.9,7568.64,-18.04,12.6301
11113,10748,67761.4,6821.28,6296,71003.7,5984.64,25.42,12.6332
8786.56,8336,69078.2,7122.96,6752,69136.6,21523.7,91.02,12.6353
15693.4,13232,77727.1,11497.7,10212,73786.9,52095.6,7.38,12.6353
7733.12,7377,68699.7,5112.72,4725,70913.7,18027.4,-68.06,12.6406
15354.9,14988,67140.2,7603.92,7240,68830.2,25372.8,26.24,12.6406
17278.1,17006,66584.5,6916.32,7002,64734.1,11049.8,46.74,12.6438
8083.84,8032,65959,3231.36,3220,65767.2,7351.92,53.3,12.6438
12977.3,12533,67859.2,4912.56,4881,65959.8,12599.3,44.28,12.6448
9370.24,9005,68194.1,6732,6297,70063.3,8978.4,89.38,12.6469
11475.8,11157,67408.9,7922.88,6401,81117.6,11901.6,63.96,12.648
15997.4,14779,70939,9922.32,9147,71091,45776.9,58.22,12.6522
10910.1,9841,72655.5,9042.48,8549,69319,10834.6,-0.82,12.6586
5953.28,5749,67864.7,2195.28,2209,65129,17041.7,2.46,12.6596
9137.28,8792,68109.7,3265.2,3308,64688.1,9177.84,29.52,12.6607
12570.2,12208,67480.6,4968,5056,64395.3,6395.76,50.02,12.6617
11740.2,10624,72421.2,8595.36,7568,74432.5,19355.8,-46.74,12.6649
10032.6,9590,68560.9,4025.52,4069,64835.7,9451.44,16.4,12.667
15725.4,14073,73231.2,7774.56,7049,72281.7,38653.2,60.68,12.6712
12594.6,11673,70709.9,4384.08,4265,67365.8,11989.4,79.54,12.6712
7029.12,6545,70383.6,1804.32,1909,61942.3,12202.6,64.78,12.6733
15399.7,13421,75198.1,12998.2,11885,71674.2,47743.9,95.94,12.6744
12524.8,10940,75029.7,11411.3,10620,70419,12106.8,2.46,12.6765
10471.7,9624,71308.4,4161.6,4040,67508.6,21085.9,31.98,12.6807
13112.3,11716,73346.6,7425.36,6820,71353.1,25429,60.68,12.6839
5979.52,5723,68473.5,3165.12,3115,66590.5,32847.8,52.48,12.6849
6739.84,6629,66631.8,3554.64,3509,66388.4,23989.7,-55.76,12.6881
10705.9,10696,65596.8,6339.6,6332,65614.7,11939,37.72,12.6892
7502.08,8012,61365,3038.4,3084,64567,11299.7,-33.62,12.6934
11141.1,11016,66280.4,4672.08,4584,66795.3,9990,115.62,12.6944
25768.3,19669,85858.6,22354.6,18721,78255.9,32730.5,126.28,12.7018
8642.56,8605,65822.1,3391.92,3469,64079.8,25622.6,38.54,12.705
11048.3,10685,67764.4,4208.4,4153,66410.3,41436.7,118.9,12.7071
9710.08,9497,67006.4,5190.48,5069,67106.6,4878.72,-59.86,12.7071
13440.6,12864,68473.7,6946.56,6864,66324.3,21938.4,-21.32,12.7082
8501.76,8040,69299.9,4148.64,3116,87254.6,15572.2,127.92,12.7082
23039.4,20512,73610.9,14549.8,13088,72855.5,22270.3,54.94,12.7092
12745,12284,67995.3,8876.16,8504,68404.1,12642.5,46.74,12.7103
13345.9,13276,65881.2,4697.28,4876,63133.9,15498,-25.42,12.7113
20264.3,15272,86959.3,18984.2,15868,78406.3,25017.8,186.96,12.7134
10129.9,9788,67825.3,6814.08,6412,69645.6,10321.2,7.38,12.7177
19987.8,16521,79288.4,17095,14185,78980.3,23161.7,101.68,12.7219
12535,12474,65856.7,6584.4,6154,70119.5,30928.3,-22.96,12.7229
10030.7,9640,68192.3,4070.88,3944,67644.3,7211.52,4.92,12.725
6162.56,6044,66821.6,2354.4,2296,67203,16283.5,69.7,12.7271
8633.6,8376,67551.5,2412.72,2332,67804.5,22785.8,32.8,12.7271
8568.96,8373,67069.8,3131.28,3073,66778.9,14194.8,28.7,12.7293
9553.92,9540,65631.6,3610.8,3556,66546,24687.4,0,12.7303
16593.3,13172,82558.2,15668.6,13584,75593.4,61585.9,-4.92,12.7303
17477.8,15017,76275.1,14346.7,12713,73957.9,50579.3,-40.18,12.7314
6338.56,6261,66347.9,2918.16,2901,65923.7,6038.64,32.8,12.7398
11985.9,11296,69538.7,9037.44,8356,70880.5,7363.44,18.86,12.7419
11667.2,11733,65168.5,3697.92,3813,63558.1,10864.1,85.28,12.743
8341.12,7559,72316.9,5045.76,4739,69778.2,10010.2,51.66,12.744
12689.9,11552,71991.6,10483.9,9552,71929.9,28321.9,39.36,12.7472
20383.4,19212,69531.8,11816.6,11500,67340.5,8996.4,104.96,12.7483
11586.6,11540,65800.4,5492.16,5556,64783,10273.7,64.78,12.7483
10769.9,10028,70384.7,9857.52,9096,71022.7,17600.4,110.7,12.7493
6259.84,6393,64170.9,2682,2713,64787.2,33804.7,-34.44,12.7514
11754.9,11669,66018.3,2473.92,2417,67079.4,15187.7,-57.4,12.7546
9240.96,9304,65092,3939.12,4024,64153.6,6516.72,-22.14,12.7567
15477.8,14640,69286.2,7601.76,7316,68095.8,34621.9,-5.74,12.762
9760,9874,64779.4,3597.12,3558,66256.6,9650.88,-18.86,12.763
11789.4,11821,65361,5496.48,5481,65721.1,7950.24,70.52,12.763
7565.44,7850,63160.3,2915.28,3002,63642.8,12426.5,-41.82,12.7641
11065,10940,66284.6,7485.12,6760,72565.8,32315,18.04,12.7694
12593.9,12764,64662.7,5452.56,5564,64223.4,13580.6,-19.68,12.7715
12694.4,12373,67238.4,5471.28,5349,67034.2,5015.52,11.48,12.7725
15020.8,14525,67773,6678,6557,66745.4,12235.7,8.2,12.7746
8517.76,7848,71128.9,8049.6,7324,72028.8,13152.2,34.44,12.7746
14889.6,14544,67093.3,4822.56,4756,66453.2,13757,-33.62,12.7746
9669.12,9969,63564.6,3366.72,3477,63457.4,20028.2,-102.5,12.7757
11502.1,11665,64620.7,4003.92,4113,63797.9,7891.92,22.14,12.7767
10938.2,10496,68297.3,6117.84,5748,69752.7,10993.7,87.74,12.7767
13823.4,12757,71014.2,8733.6,8053,71074.8,22587.8,62.32,12.7778
11230.7,11396,64585.5,3985.92,4096,63774.7,11753.3,-32.8,12.7789
17603.2,17346,66507.7,6307.92,6418,64411.9,15212.2,13.12,12.7789
17487.4,15854,72287.9,12561.8,11806,69731.7,8457.84,-53.3,12.781
31421.4,21984,93669.7,35401,23940,96910.5,25385,220.58,12.782
5306.24,5293,65699.9,2335.68,2413,63436,5660.64,-27.06,12.782
17244.8,16069,70331.4,12264.5,11285,71224.2,11153.5,57.4,12.7831
8570.24,8389,66951.9,4470.48,4453,65793.3,6053.04,-35.26,12.7841
11305,11344,65310.5,4253.76,4384,63589.1,10568.2,11.48,12.7852
10031.4,9177,71637.3,6836.4,6493,69002.1,17747.3,15.58,12.7852
14177.3,13729,67675.9,5324.4,5333,65430.3,10806.5,-86.92,12.7852
8446.72,8377,66081.4,1577.52,1625,63621.1,8925.12,24.6,12.7862
5900.16,6159,62781.8,3362.4,3103,71014.6,6316.56,980.72,12.7915
15219.2,15316,65121.8,4073.76,4208,63445.3,5098.32,105.78,12.7926
11481.6,11124,67642.8,4656.96,4528,67402.5,6266.88,16.4,12.7936
7920,8016,64751.1,3141.36,3188,64577.2,18092.9,17.22,12.7947
8017.92,8340,63005.1,3034.8,3152,63099.2,10080,13.94,12.7957
13922.6,12780,71395.1,10381.7,9368,72627.4,14649.1,-11.48,12.7957
12260.5,11833,67903.6,8022.24,7789,67498.5,16176.2,-19.68,12.7968
12643.8,12532,66120.9,6084,5904,67534,22525.2,37.72,12.7979
9427.84,9588,64441.3,4448.16,4528,64380.4,58312.1,48.38,12.7989
15548.8,12701,80230.4,19900.1,17769,73395.9,25848.7,151.7,12.8
20149.1,16340,80813.5,15701,13620,75549.4,12220.6,169.74,12.8
8504.96,8709,64000.6,3071.52,3025,66543.8,4852.08,40.18,12.801
7423.36,7736,62887.5,2919.6,3020,63357.3,7672.32,12.3,12.8021
14253.4,12221,76435.1,10793.5,9609,73614.8,53373.6,53.3,12.8031
17207.7,15385,73300.1,10046.9,9165,71842,20427.8,38.54,12.8031
12669.4,11113,74714.7,6042.24,5437,72831.4,23733.4,-50.84,12.8042
12608.6,12213,67659,9617.76,9249,68148.9,14385.6,4.92,12.8052
15078.4,13873,71230.3,6986.88,6405,71489.8,54437,182.86,12.8052
13594.2,13172,67636.8,8330.4,8144,67036,10625,15.58,12.8052
10096.6,9941,66562.1,4722.48,4737,65335.1,11685.6,7.38,12.8084
10744.3,10821,65071.6,3527.28,3589,64409,22413.6,68.88,12.8158
13257.6,13081,66420.8,7740,6969,72786.4,13251.6,-15.58,12.8179
10416.6,10324,66124.1,3906,3776,67792.3,39748.3,24.6,12.819
11706.2,11281,68006.4,5917.68,5729,67694.4,6699.6,84.46,12.82
6204.16,6260,64951.4,1848.24,1956,61925.5,8749.44,-41.82,12.8211
15303,14617,68611.9,9180,8829,68141.4,8302.32,50.02,12.8221
5448.32,5307,67281.2,2278.08,2319,64379.6,9897.12,16.4,12.8232
16356.5,13958,76797.4,14243,13058,71483.5,54867.6,111.52,12.8232
6133.12,6048,66458.4,2123.28,2164,64302.8,18447.1,-15.58,12.8242
10434.6,10053,68023.4,7216.56,6833,69214.8,15832.1,-2.46,12.8274
13069.4,12661,67650.2,8478.72,8165,68054.1,9591.12,36.08,12.8285
7255.04,7234,65726.6,2705.04,2770,63999.1,23475.6,59.86,12.8285
15928.3,15918,65578.5,6503.04,6762,63026.2,8087.04,-5.74,12.8295
8544.64,8088,69236.1,7043.76,6684,69063.4,15489.4,16.4,12.8295
8092.8,7934,66847.7,3076.56,3102,64998.5,18854.6,20.5,12.8306
8093.44,8137,65185.2,2587.68,2729,62142.3,5815.44,51.66,12.8358
20558.1,17874,75377.3,14935,13266,73780.9,15272.6,208.28,12.8358
15827.8,14316,72456.9,12636.7,7724,107219,13826.2,463.3,12.8358
18230.4,17641,67725.6,8624.88,8569,65963.4,8937.36,-59.04,12.839
13293.4,12680,68706.5,5182.56,5080,66859.1,23847.1,-9.02,12.8401
6670.08,6724,65010.5,2633.76,2772,62267.7,15760.1,10.66,12.8411
11491.8,11465,65689.4,6690.96,6521,67244.1,13897.4,10.66,12.8485
10058.9,9270,71113.1,7377.84,6834,70751.3,19149.1,59.04,12.8496
11878.4,11565,67312,5019.84,4989,65941.1,9473.76,16.4,12.8506
22751.4,19928,74821,14146.6,12328,75203.5,49796.6,45.92,12.8538
9420.8,8996,68630.7,6366.24,6036,69121.6,14945,41,12.8548
11351.7,10905,68220.4,4208.4,4157,66346.3,5526.72,24.6,12.8548
16614.4,15706,69326.5,6962.4,6750,67598.2,7786.8,30.34,12.8548
10721.9,9824,71526,7137.36,6752,69276.4,6544.08,0.82,12.857
8148.48,8100,65928.2,3411.36,3508,63730.6,20351.5,3.28,12.8612
9882.24,9317,69511.9,4631.04,4373,69403.1,16054.6,26.24,12.8665
17760.6,15107,77047.8,16696.8,15427,70930.3,72015.8,99.22,12.8665
15389.4,15062,66960.7,5164.56,5170,65467,29648.9,-12.3,12.8675
10289.3,10045,67129.7,4259.52,4285,65146.3,30152.2,59.86,12.8686
10345.6,10172,66654.5,4119.84,4188,64469.4,6935.76,-73.8,12.8686
12000,11646,67528.1,3980.88,3950,66048.3,12866.4,-0.82,12.8707
9397.12,9280,66363.1,5279.04,5188,66686,12504.2,53.3,12.8728
11046.4,10616,68193,5441.76,5180,68847.7,15175.4,47.56,12.8728
10372.5,10148,66985.7,6426,5808,72509.4,6179.04,2.46,12.8749
27633.9,17821,101623,22960.8,16697,90121.5,19085,87.74,12.8749
5568.64,5395,67645.3,2252.88,2215,66656.8,10039,-13.12,12.8759
5888,5767,66911,2250.72,2228,66204.3,12300.5,52.48,12.8781
10862.1,10353,68758.6,8371.44,7733,70946.7,10516.3,-5.74,12.8833
11271.7,10602,69675.6,7565.04,7242,68459.3,14822.6,-16.4,12.8833
13648.6,12405,72106.2,11326.3,10689,69443.5,16152.5,-7.38,12.8844
9872,9687,66787.6,6557.76,6375,67414.8,5531.04,-16.4,12.8844
7180.8,7412,63491.8,2883.6,2964,63758.3,6050.16,2.46,12.8844
10252.2,10122,66378.7,6598.08,6302,68615,36510.5,40.18,12.8844
11779.8,11596,66575,5582.16,5384,67948.1,14879.5,22.14,12.8854
11243.5,10943,67335.8,5124.96,4987,67349,30687.1,-47.56,12.8865
15691.5,14525,70799.3,10939.7,10057,71288,41557,100.04,12.8886
6590.08,6716,64307.3,2743.92,2728,65918.5,21741.1,41.82,12.8886
9951.36,9652,67568.6,5174.64,4992,67933.7,7499.52,32.8,12.8907
12941.4,12612,67247.9,4838.4,4532,69966.8,12049.9,-21.32,12.8918
8209.92,8320,64668.9,2337.84,2336,65587.6,12877.2,27.88,12.8918
6816,7105,62870.3,3387.6,3445,64444.1,17348.4,21.32,12.8949
12156.8,11808,67471.9,5676.48,5524,67345,10244.9,-19.68,12.8949
8679.04,8041,70736.2,6393.6,5757,72782.9,13387.7,56.58,12.9013
9936,10353,62896.3,4216.32,4129,66922,7322.4,38.54,12.9023
9674.24,9893,64086.8,5384.16,5221,67584.1,14917.7,307.5,12.9055
22043.5,19140,75477.8,5333.76,4260,82054.8,11876.4,50.84,12.9055
7443.2,8093,60274,3264.48,3245,65929.4,17855.3,-44.28,12.9055
10439.7,10920,62653.4,5679.36,5640,65993.4,7223.76,26.24,12.9097
10667.5,10981,63665.1,5578.56,5509,66363.5,12331.4,-70.52,12.9118
12111.4,11461,69254.9,10917.4,10197,70165.8,12506.4,82,12.9161
7820.16,7780,65874.3,3686.4,3504,68947.5,7798.32,13.94,12.9203
6632.96,6688,64996.7,2772,2708,67084.9,6524.64,64.78,12.9224
9215.36,9268,65163.8,3181.68,3188,65406.1,16714.1,33.62,12.9234
12615,12425,66538.4,4905.36,4829,66572.3,16591.7,-3.28,12.9234
13171.2,13037,66210.6,4366.08,4393,65134.4,18476.6,65.6,12.9277
16164.5,14821,71476.6,10041.1,9505,69232.5,5969.52,58.22,12.9287
11779.8,11409,67666.2,7568.64,7509,66056.5,9161.28,41.82,12.9287
10368.6,9500,71528.3,8177.76,7608,70444,9822.96,40.18,12.9298
10602.2,10187,68207.4,4476.24,4431,66205.1,10858.3,-2.46,12.9308
5396.48,5393,65578.3,1411.92,1505,61482.8,7057.44,-1.64,12.9319
12227.2,11493,69722.6,5006.16,4885,67161.5,11221.9,79.54,12.934
22399.4,18192,80692.9,17339,14948,76019,14310,75.44,12.935
7020.8,6600,69714.4,2764.08,2728,66402.8,10060.6,-7.38,12.9361
9454.72,9085,68203,3115.44,3161,64591.4,13821.8,46.74,12.9372
25223.7,18272,90469.5,22610.9,18740,79072.9,59119.2,105.78,12.9393
9699.2,9017,70494.3,3906,3545,72209.8,16191.4,-8.2,12.9414
11265.9,10741,68738.8,3317.76,3361,64692.9,13382.6,-3.28,12.9424
15347.8,13824,72760.1,9069.12,8308,71540,22613,13.94,12.9424
8321.28,7337,74327.9,5261.76,4973,69341.4,14061.6,18.04,12.9435
11376.6,10100,73819.8,6922.08,6624,68485.1,4838.4,-14.76,12.9477
14244.5,12829,72766.9,6285.6,6057,68009.4,22807.4,-1.64,12.9477
12446.1,11849,68838.4,3291.84,3337,64649.1,8247.6,1.64,12.9498
8989.44,8140,72374.9,5119.92,4760,70491.4,12008.9,12.3,12.953
10664.3,9978,70043.8,6056.64,5790,68554.1,10389.6,70.52,12.953
35459.8,25181,92287.7,38137,27561,90684.1,75940.6,300.12,12.9593
15364.5,11801,85325.5,19661,17261,74648.4,28979.3,106.6,12.9614
10949.8,10656,67342.7,4566.24,4484,66738,13960.8,-27.06,12.9688
10844.8,10280,69136.7,5633.28,5436,67914.4,6935.04,-75.44,12.9699
10481.3,10573,64967.5,3612.24,3737,63348.1,19928.9,63.14,12.9709
9207.04,8729,69125,3587.04,3561,66015.2,16931.5,-31.16,12.9709
16051.2,14289,73618.3,14907.6,13781,70893.6,27087.8,32.8,12.973
16416.6,15253,70535.7,6976.8,6773,67508,5646.24,39.36,12.9751
19808.6,17948,72330,11396.9,10488,71215.3,23471.3,-32.8,12.9751
12051.2,11384,69377,6895.44,6668,67771.4,9902.16,39.36,12.9804
13433,13245,66466,7444.8,7485,65184,22802.4,56.58,12.9815
11580.8,11011,68927.4,7074.72,6691,69294.4,11111,39.36,12.9825
8374.4,8360,65648.9,3462.48,3448,65811.2,6117.84,-52.48,12.9846
21850.9,19501,73433.1,13049.3,11497,74384.4,38096.6,116.44,12.9857
10999.7,10832,66550.5,7981.92,7636,68504.9,5839.2,9.84,12.9857
15462.4,15624,64858.2,6606.72,6748,64163.9,11743.2,121.36,12.9868
12976.6,13241,64227.6,6202.08,6201,65547.4,11626.6,10.66,12.9868
9091.84,9164,65020,3067.2,3000,67004,17445.6,54.94,12.9899
5699.84,5868,63657.9,2288.88,2268,66139.4,8611.2,12.3,12.991
12986.9,12552,67806.6,10068.5,9324,70768.8,18732.2,60.68,12.991
13721,13989,64280.3,7243.2,7361,64487.2,29086.6,-95.12,12.9941
15680.6,14908,68932.5,10453,9884,69308.5,24880.3,50.84,12.9952
9946.24,10253,63575.2,4236.48,4205,66026.6,9947.52,70.52,12.9952
19650.6,17452,73792.1,10986.5,9244,77889.4,17425.4,27.06,12.9984
14003.8,13533,67816.1,6300,6041,68345.8,9774,-36.08,12.9984
5541.76,5588,64993.7,3079.44,3044,66299,8493.84,118.08,13.0005
11379.8,11625,64153.9,4372.56,4413,64935.4,6482.88,84.46,13.0026
13174.4,13592,63522.5,5536.8,5612,64657.8,21568.3,15.58,13.0026
11978.9,11196,70118.6,5618.16,5276,69786.2,20422.8,59.86,13.0036
10446.7,10534,64993,4466.88,4470,65490.3,27362.2,-30.34,13.0047
9258.88,8992,67481.1,5375.52,5316,66269.8,9237.6,100.04,13.0047
5628.8,5480,67315.5,2578.32,2508,67373.5,6328.08,-20.5,13.0058
14630.4,14345,66839.9,7009.2,6985,65763.1,18377.3,54.94,13.0068
11552,11409,66357.4,4412.88,4065,71144.5,5197.68,167.28,13.0079
11342.1,11060,67207.5,5136.48,5076,66316.9,24248.2,-71.34,13.0079
12599.7,12495,66085,5645.52,5691,65012.3,8138.16,14.76,13.01
9304.96,9167,66522.3,3443.04,3183,70890.1,6753.6,91.02,13.0121
9965.44,9696,67357.2,6181.92,5940,68205.1,11951.3,4.1,13.0121
9645.44,7934,79672.7,7036.56,6302,73174.9,40095.4,43.46,13.0131
14059.5,14202,64878.5,4762.08,4938,63201.2,16001.3,56.58,13.0153
8323.2,8258,66053.4,4612.32,3494,86512,12960,68.88,13.0163
13398.4,12333,71197.4,11324.2,10317,71933.7,20807.3,29.52,13.0195
5434.24,5585,63766.9,2699.28,2657,66578.9,22209.8,12.3,13.0205
10693.1,9942,70487.3,7146,6950,67384.2,27321.8,0,13.0226
13739.5,14176,63518.1,5260.32,5428,63511.5,10453,14.76,13.0226
7990.4,7992,65522.9,3230.64,3180,66579.6,4872.24,6.56,13.0226
11685.8,11599,66026.2,7246.8,7099,66900.5,16901.3,81.18,13.0226
10849.9,10284,69142.4,6437.52,6060,69618.7,9718.56,-52.48,13.0247
10385.3,9964,68306.9,4110.48,4088,65896.4,20636.6,70.52,13.0258
14585,14389,66428.5,6071.04,6149,64705.1,5325.84,80.36,13.0269
6797.44,6915,64421.8,2889.36,2903,65228.1,9172.8,24.6,13.0279
13687,13481,66537.6,6836.4,6557,68328.6,9625.68,11.48,13.03
10579.8,10228,67790.4,5099.76,4992,66950.7,13959.4,148.42,13.0311
12753.3,12589,66391.2,6405.12,6329,66324.2,20867,-43.46,13.0311
5325.44,5353,65198.6,2648.88,2733,63518.8,9311.04,60.68,13.0321
12552.3,11520,71408.8,7176.96,6944,67734.6,20262.2,53.3,13.0364
27113,20945,84835.3,23639,18181,85210.3,57368.2,122.18,13.0416
11989.8,11688,67228,7865.28,7576,68038.4,14063,-59.86,13.0416
13739.5,13360,67397.7,7344.72,7108,67718.6,7594.56,-88.56,13.0448
8904.32,9013,64745.8,2507.76,2549,64475.7,21614.4,-13.12,13.0459
16842.2,15897,69432.8,15183.4,14269,69735.6,42721.9,25.42,13.0469
10938.2,10391,68987.4,8882.64,8247,70587.2,10823,86.92,13.049
5933.44,5791,67148,3097.44,3007,67507.1,4813.2,-36.9,13.0511
14743,14193,68075.8,6546.96,6389,67156.3,5891.76,-24.6,13.0522
11365.1,11075,67252.8,7107.12,6727,69239.2,19628.6,13.12,13.0522
16686.7,15609,70060.9,7870.32,7469,69057.3,28385.3,24.6,13.0554
9141.76,9533,62846.4,3137.76,3229,63684.2,22490.6,-47.56,13.0627
9813.76,9421,68268.2,6639.12,6189,70302.4,11960.6,76.26,13.0649
8570.88,8324,67479.7,3416.4,3332,67196,10018.8,26.24,13.0649
7847.68,7813,65826.9,3531.6,3121,74157.9,24280.6,-14.76,13.0649
9681.28,9616,65980.9,3821.04,3716,67388.5,11980.1,28.7,13.0649
10817.9,10617,66776.2,6991.2,6781,67567.5,9138.24,139.4,13.0649
12791.7,12652,66259.5,5454,5388,66338.8,8658,53.3,13.0659
9616,9121,69092.7,3992.4,3937,66458.2,12809.5,-18.86,13.068
6993.92,7035,65153.3,2467.44,2495,64812.1,8529.84,-46.74,13.0691
6720,6770,65052,3049.92,3026,66054.1,27862.6,-18.04,13.0712
9089.92,8853,67289.8,4007.52,3953,66439.9,5031.36,-43.46,13.0722
8069.76,7797,67828.6,3134.16,3025,67900.9,8868.24,9.84,13.0754
11416.3,11320,66093.6,7816.32,7704,66491.5,12843.4,-0.82,13.0754
13545.6,12316,72079,6706.8,5932,74095.9,24375.6,0.82,13.0796
7056,7084,65277,2937.6,2476,77753.9,29428.6,63.96,13.0817
6627.84,6193,70137.6,2846.16,2773,67265,9682.56,2.46,13.0849
35927.7,24969,94299.2,30694.3,23261,86478.8,9998.64,74.62,13.0881
6993.92,6940,66045.2,2925.36,2984,64248.1,8647.92,36.08,13.0933
7583.36,7358,67543.2,3003.84,2974,66193.6,15613.2,-9.02,13.0955
8410.88,8216,67090.5,4153.68,4072,66850.6,9097.92,8.2,13.105
10303.4,10072,67041.4,4340.16,4088,69578.5,23162.4,104.14,13.1071
36805.8,27873,86539,21693.6,16405,86663.3,55833.1,88.56,13.1092
14148.5,13797,67205.5,5659.92,5521,67185,22399.9,-30.34,13.1092
11870.1,11432,68047.4,6935.04,6392,71103.7,26953.2,-51.66,13.1102
24661.1,17817,90710.6,28417,23961,77723.5,17834.4,100.86,13.1113
11827.8,11289,68664.1,5332.32,5085,68723.5,5406.48,-56.58,13.1123
15002.2,11985,82034.8,13290.5,10721,81242.9,35327.5,-17.22,13.1134
18051.8,16688,70892,12018.2,11076,71111.2,28890.7,53.3,13.1134
14229.1,13384,69674.2,6734.16,6396,69000.9,19437.8,72.16,13.1166
12244.5,11857,67677.7,5428.8,5265,67574.9,16247.5,37.72,13.1176
14228.5,12761,73072.5,11829.6,10825,71618,21081.6,0,13.1187
8900.48,7613,76619.2,6932.16,6265,72514.9,22892.4,30.34,13.1187
9257.6,8629,70310.1,5788.8,5349,70924.4,20742.5,67.24,13.1208
11725.4,11018,69743.9,6580.08,6174,69846.5,15327.4,13.12,13.1239
9602.56,9552,65882.9,2800.8,2868,64000.4,5171.76,22.14,13.125
11257.6,11104,66442.5,4002.48,3812,68810.7,18146.2,-41,13.1292
9669.76,9726,65157,4592.88,3834,78507.8,25153.2,-37.72,13.1324
15230.1,15224,65562.2,11290.3,11164,66277.5,12227.8,3.28,13.1345
11339.5,11428,65028.6,6234.48,4836,84487.8,20719.4,268.96,13.1345
8339.84,8549,63932.6,3409.2,3505,63744.8,6781.68,36.08,13.1366
7319.68,7537,63646.4,3427.2,3509,64008.3,30578.4,-27.88,13.1387
7916.8,8093,64109.2,3203.28,3309,63442.2,24036.5,37.72,13.1398
9901.44,9607,67544.6,3806.64,3555,70175,7315.2,-18.04,13.1429
8574.08,7561,74317,5633.28,5097,72431.4,22333.7,156.62,13.144
14193.9,13657,68112.5,7799.76,7773,65761.6,12574.1,28.7,13.1451
17370.9,16524,68894.8,8342.64,7480,73094,6129.36,118.08,13.1451
21775.4,18812,75859.6,14561.3,13512,70625.2,47645.3,109.88,13.1461
11356.8,10917,68176.2,5078.88,4821,69041.6,15369.1,36.9,13.1472
10140.8,10113,65716.1,3122.64,3185,64252.9,19912.3,-9.84,13.1503
10481.9,10100,68014.2,5303.52,5200,66840.7,29025.4,113.16,13.1514
10415.4,9409,72545.5,5374.08,5109,68936.3,9585.36,60.68,13.1514
9408,8758,70399.9,3162.24,3061,67703.6,6571.44,-12.3,13.1546
11632.6,10597,71940.8,5767.92,5457,69270,31661.3,55.76,13.1546
13370.2,12080,72535.8,7642.08,6932,72249.2,18788.4,83.64,13.1556
9679.36,8965,70758.1,3555.36,3409,68349.7,6672.96,-103.32,13.1556
9730.56,9013,70753.6,3292.56,3249,66414.7,20440.8,-21.32,13.1567
15723.5,15448,66704.9,4608,4792,63019.6,24408,66.42,13.1567
9574.4,9184,68321.9,4127.76,4244,63741,7481.52,50.02,13.1577
11317.8,10005,74135,6530.4,6097,70194.6,7400.16,36.9,13.1588
11565.4,10432,72656.5,4834.8,4404,71946.8,13867.9,-26.24,13.1598
10194.6,9543,70010.5,4286.88,4151,67681.3,9776.88,39.36,13.1598
13708.2,12952,69362.1,5407.2,5356,66162.5,10090.8,-25.42,13.1609
9432.96,8325,74258.1,6682.32,6101,71780.5,35877.6,16.4,13.163
8765.44,8277,69403.4,3720.24,3685,66162.7,5438.88,72.98,13.163
12317.4,11353,71103.3,8770.32,8105,70915.7,24938.6,100.86,13.163
9558.4,8824,70990.4,2976.48,2968,65723.3,10400.4,-27.06,13.1651
10060.2,8489,77665.5,7375.68,7097,68109.4,12240.7,-41.82,13.1662
10532.5,9704,71131.1,5027.04,4920,66961.8,39534.5,7.38,13.1672
11189.8,10137,72342.1,7475.04,7181,68219.5,31579.2,58.22,13.1672
9663.36,8763,72269.5,6549.12,6171,69551.6,15671.5,32.8,13.1683
5283.2,5166,67022.8,1710.72,1838,60997.7,19089.4,-7.38,13.1683
9076.48,8469,70236.9,3331.44,3317,65821.3,9869.04,41,13.1725
10429.4,9052,75508.6,5399.28,5052,70041,10112.4,-3.28,13.1725
16264.3,15336,69503,6991.2,6636,69043.9,16929.4,27.06,13.1725
6638.08,6480,67134.8,3419.28,3424,65445.7,20720.2,46.74,13.1746
18147.8,16790,70836,6040.8,5718,69235.7,59138.6,-21.32,13.1778
12926.1,12524,67640,6005.52,5688,69194.4,13277.5,39.36,13.1788
11214.7,11210,65563.6,4500.72,4650,63432.1,7097.76,69.7,13.1799
60612.5,46179,86019.6,52119.4,42679,80032.2,125062,235.34,13.1809
19137.9,17185,72983.6,8393.76,7285,75510.4,36047.5,112.34,13.1809
13866.9,13236,68659.7,6770.16,6720,66025.2,7511.04,35.26,13.182
9755.52,9312,68657.4,2548.08,2608,64030.3,17961.1,-95.94,13.1841
10572.2,10101,68592.9,5454,2197,162692,22196.9,127.92,13.1841
17612.8,15665,73684.8,9757.44,9141,69955.5,54275.8,50.02,13.1852
9395.2,8865,69455.6,3630.96,3585,66376.2,8861.76,39.36,13.1852
10297.6,9385,71908.7,4619.52,4537,66728,15684.5,69.7,13.1883
13710.1,12676,70882.3,7166.88,6848,68587.7,8638.56,41.82,13.1894
5651.84,5124,72287.1,20626.6,20816,64939.6,9038.16,1110.28,13.1904
9415.04,8535,72293.4,3597.84,3619,65152.8,13851.4,-99.22,13.1904
6894.08,6201,72860.9,2307.6,2265,66768.6,16940.9,-3.28,13.1915
9248,8232,73624.5,1983.6,2008,64739.6,14112.7,-90.2,13.1925
18041,16061,73615.1,11130.5,10765,67761,40521.6,20.5,13.1947
11559.7,10341,73259.4,8504.64,8161,68295.6,12518.6,22.96,13.1947
17219.2,16564,68128.3,4910.4,4976,64672,30152.9,45.92,13.1968
19639,12241,105144,6714.72,3777,116509,12159.4,33.62,13.201
14017.3,12832,71589.5,5825.52,5488,69566.6,12220.6,-62.32,13.2073
11337,10788,68870.9,6344.64,6160,67500.4,5283.36,-24.6,13.2084
24643.2,21390,75503.4,16369.9,15002,71511.8,28972.1,70.52,13.2084
13280,12685,68610,5266.8,5017,68799.1,6986.16,73.8,13.2094
22846.7,17705,84568.4,18183.6,14749,80797.4,17132.4,118.08,13.2105
7818.24,7997,64071,4302,4345,64887.4,15996.2,-40.18,13.2115
13388.2,13220,66369.6,5897.52,5840,66181.5,9334.08,36.08,13.2126
13473.3,13116,67321.2,7228.08,6828,69376,20064.2,40.18,13.2137
13927.7,12473,73179.2,11762.6,10413,74030.2,11295.4,7.38,13.2137
5077.12,5321,62532.3,2844,2809,66352.6,9517.68,57.4,13.2168
11537.3,12017,62919.8,4370.4,4513,63465.2,20304.7,108.24,13.2168
10370.6,8809,77153.5,10503.4,8697,79147.8,18771.1,77.9,13.2168
9278.08,9400,64686,4506.48,4408,67000.2,17796.2,18.04,13.22
11663.4,11849,64509.2,4855.68,4749,67008.2,14015.5,-12.3,13.22
7215.36,7545,62672.7,3979.44,3565,73154.7,10465.2,4.92,13.221
12648.3,11413,72629.5,8094.96,7493,70800.9,20772.7,-11.48,13.2221
13520.6,12317,71940.3,10907.3,9545,74889.4,24634.1,6.56,13.2231
23142.4,17632,86017.5,19612.8,15876,80961.5,18444.2,112.34,13.2242
12108.8,12318,64423,5967.36,5822,67172.3,14832,40.18,13.2263
24183,17791,89082.1,24618.2,18063,89319.7,27316.1,159.08,13.2274
6824.96,6469,69142.1,6360.48,5925,70352.8,29715.1,5.74,13.2274
8563.2,8441,66484.8,5292.72,4633,74868.1,14016.2,-18.04,13.2284
10861.4,10372,68628.5,8173.44,7748,69134.6,20044.8,12.3,13.2295
15968,15581,67163.8,5945.76,5821,66940.6,16345.4,-2.46,13.2295
14441,13937,67905.8,10810.1,9841,71989.6,30428.6,90.2,13.2295
9964.16,9124,71570.7,7228.08,6736,70323.6,32169.6,91.02,13.2305
11073.3,11412,63590.8,5095.44,5108,65374.9,14109.1,59.04,13.2316
9784.96,9158,70022.6,5490.72,5314,67715.4,10483.9,-50.84,13.2421
15179.5,14484,68683,6850.8,6896,65106.4,31363.9,54.94,13.2421
13392,12530,70044.5,6802.56,6342,70295.3,20482.6,90.2,13.2453
13285.1,11089,78515.1,10029.6,9029,72798.7,47566.1,22.14,13.2474
10478.1,9120,75295.1,7345.44,6596,72982.2,17549.3,12.3,13.2474
10361.6,9570,70956.9,6730.56,6486,68007.1,15439.7,32.8,13.2495
8581.12,7801,72089.8,7626.24,7033,71064,16714.8,146.78,13.2516
14800.6,14680,66074.6,5513.76,5624,64251.4,11384.6,89.38,13.2538
10032.6,9185,71584,5427.36,5009,71009.7,18843.8,93.48,13.2601
12281,11489,70053.5,7045.92,6661,69323.1,19922.4,72.16,13.2633
10107.5,9404,70438.8,6225.12,5916,68960.4,11934,-54.94,13.2643
9242.24,8696,69652.6,6285.6,5852,70391.9,21953.5,87.74,13.2664
17665.9,17395,66556.7,9347.76,9207,66538,6174,-10.66,13.2675
8257.92,8121,66640.9,4795.2,4621,68006.5,15388.6,96.76,13.2685
12429.4,12029,67717.7,6853.68,6537,68710.9,11271.6,-6.56,13.2727
12569.6,12681,64960.3,5852.16,5837,65706.2,12541,-25.42,13.277
10336.6,9476,71488.2,7094.16,6468,71880.5,9510.48,11.48,13.2791
13777.3,12220,73887.7,9964.08,9260,70519,31444.6,35.26,13.2812
13513.6,13789,64227.1,5924.88,5917,65623.3,7580.16,-4.1,13.2822
26454.4,23325,74328.6,18001.4,14509,81311.1,50369,91.02,13.2854
23862.4,15824,98827.5,9233.28,5600,108056,5547.6,27.06,13.2886
8091.52,7853,67526.5,8416.8,7757,71110.4,18486,-16.4,13.2886
13452.2,13642,64624,4369.68,4253,67334,32774.4,12.3,13.2896
16912,15748,70380,10791.4,10052,70356.4,29277.4,0,13.2917
15764.5,14052,73522.7,9877.68,8964,72215.9,20170.8,23.78,13.2928
15962.9,15440,67755.4,8636.4,8320,68028.3,16170.5,67.24,13.2939
36527.4,26368,90786.5,19808.6,15040,86315.1,51806.2,153.34,13.2949
8362.88,8109,67587.8,6649.92,6073,71761.8,12709.4,0,13.297
6255.36,6416,63895.1,2427.84,2468,64469.6,20738.9,-54.12,13.2981
12135.7,11857,67076.3,5074.56,4913,67691.1,6390,-56.58,13.2981
7335.04,7413,64846.8,2934.72,2833,67889.1,10241.3,-74.62,13.3002
11403.5,10779,69333.1,5472.72,5071,70727.7,16304.4,68.06,13.3002
10599,10320,67308,4009.68,3972,66157.7,11990.2,81.18,13.3002
7555.84,7449,66476,2670.48,2665,65670.8,7554.96,-12.3,13.3012
5679.36,5693,65379,2590.56,2585,65677,15500.9,-29.52,13.3012
7186.56,7109,66251,2791.44,2725,67133.9,11671.2,-47.56,13.3023
13786.9,11625,77723.6,7909.2,7081,73201.1,28895.8,37.72,13.3055
28574.1,27013,69323.3,16289.3,15841,67390.6,22082.4,112.34,13.3097
19212.8,16058,78411.4,20185.2,17850,74109.7,23653.4,6.56,13.3107
15292.2,13519,74131.7,8352,7355,74419.7,31104,38.54,13.3171
11802.9,11524,67122,5032.8,4996,66018.7,9721.44,-27.06,13.3181
9362.56,9166,66941.4,4237.2,4190,66274.3,30229.9,19.68,13.3181
19291.5,17889,70674.1,13504.3,12753,69396.9,23514.5,69.7,13.3181
9648.64,9236,68464,3589.2,3552,66222.4,11268,-30.34,13.3192
8433.92,8412,65706.8,3685.68,3672,65780.2,11250,3.28,13.3213
5841.28,5916,64708.3,2761.2,2620,69067.9,4800.24,26.24,13.3213
11580.2,11967,63417.5,5053.68,5215,63508.7,24405.1,53.3,13.3213
9710.72,9569,66506.6,6198.48,5813,69881.9,10242.7,34.44,13.3223
9826.56,9649,66742,3981.6,3861,67583,7430.4,-19.68,13.3223
9740.16,9723,65651.7,4299.84,4267,66040.4,14927.8,-31.16,13.3234
14235.5,13600,68598.5,4818.96,4436,71193.7,18247,72.16,13.3255
47798.4,31400,99761.6,200006,147452,88893.9,38013.8,8134.4,13.3266
7619.2,7997,62439.9,2966.4,2749,70718.8,11135.5,99.22,13.3276
7430.4,7589,64166.4,1587.6,1649,63095.8,16565,-20.5,13.3276
13173.8,13188,65465.2,6779.52,6180,71893.6,26203,98.4,13.3308
7139.84,7184,65133.1,2687.04,2736,64363.3,28876.3,93.48,13.3318
8814.72,8623,66993.1,4098.96,4027,66707.1,7448.4,21.32,13.3329
20334.1,16686,79864.2,13785.8,12366,73060.7,34315.2,-29.52,13.335
10398.7,9108,74823.3,6706.08,6276,70027,24505.9,-26.24,13.335
9226.88,8881,68088.4,4399.2,4389,65688.3,12550.3,71.34,13.3361
16000.6,14828,70718.8,9304.56,8748,69705.5,44854.6,48.38,13.3371
16337.9,13161,81355.7,13423.7,11901,73921,62923.7,139.4,13.3382
14787.8,14089,68786.7,7164,7245,64803.3,24773.8,-36.9,13.3392
10630.4,10352,67298.5,4909.68,4960,64871.1,24272.6,46.74,13.3435
10139.5,9845,67496.6,4244.4,4273,65097.4,5936.4,100.04,13.3435
17073.3,16039,69762.1,7498.08,7155,68678.4,58913.3,-30.34,13.3445
12921,12222,69283.9,7686.72,7514,67042.4,26870.4,2.46,13.3466
13468.2,12938,68221.5,6849.36,6798,66031.1,7899.84,-10.66,13.3487
13141.8,12776,67412.2,5797.44,5544,68531.9,13307,41.82,13.3508
11239,10856,67848.4,7914.24,5592,92751.7,11982.2,-36.9,13.3519
17051.5,15569,71776.5,7378.56,6837,70727.1,20604.2,70.52,13.3551
10457.6,9573,71591.9,4832.64,4597,68895.4,8151.84,-4.92,13.3551
13706.2,12585,71374.8,7849.44,7641,67323.8,18214.6,21.32,13.3551
10695.7,9988,70179.4,4798.08,4528,69445,27354.2,11.48,13.3572
14012.2,13096,70120.7,4261.68,4172,66944.7,17914.3,-45.1,13.3593
9032.32,7725,76626.8,11202.5,10077,72855.6,19614.2,31.16,13.3603
11542.4,10777,70190.5,4322.88,4217,67181.5,13181.8,92.66,13.3614
10627.8,9933,70120.4,3381.12,3305,67045.4,10138.3,34.44,13.3614
9967.36,10009,65263.4,3871.44,3357,75579,16878.2,34.44,13.3656
10096,9916,66725.6,4937.76,4968,65137.1,6927.12,68.06,13.3656
12405.8,11225,72429.7,7157.52,6729,69709.5,16480.1,-42.64,13.3677
8965.76,8596,68355.1,2827.44,2864,64699.4,5603.76,2.46,13.3677
10553.6,9100,76004.5,7465.68,6780,72163.8,23756.4,-9.02,13.3688
9877.12,9316,69483.4,6758.64,6644,66666.8,10668.2,60.68,13.3709
8295.04,7761,70045.6,1724.4,1729,65361.6,14732.6,17.22,13.373
13330.6,12761,68461.1,3379.68,3389,65355.8,20346.5,-50.84,13.373
14279,12945,72289.8,5050.08,4897,67584.7,4860,-42.64,13.3741
9345.28,7485,81824,8315.28,7629,71431.4,8147.52,-7.38,13.3751
8581.76,7889,71290.9,3113.28,3045,67005.6,36206.6,-41.82,13.3772
7351.04,6669,72238.4,3216.24,3165,66597,8306.64,13.94,13.3772
18506.9,17348,69913.9,7824.24,7300,70242.4,8069.76,41.82,13.3804
9914.24,9046,71826.2,7911.36,7318,70849.8,13324.3,-76.26,13.3804
12876.2,12196,69190.9,7356.24,6544,73670.3,15244.6,-41,13.3825
9120,8621,69329.4,4537.44,4509,65949.4,9383.04,69.7,13.3846
7260.8,7229,65824.3,2756.16,2793,64671.6,19873.4,-23.78,13.3857
12123.5,11761,67556.1,7593.84,7205,69072.9,29165.8,142.68,13.3878
9228.8,8980,67351.7,4335.84,4132,68769,12124.8,11.48,13.3878
9024.64,9125,64815.2,4219.92,4193,65956.8,8763.12,53.3,13.3899
11207,10615,69191.2,7685.28,7015,71797.9,17940.2,120.54,13.3899
10086.4,9531,69355,7228.8,6575,72052.7,22518,54.12,13.3909
9346.56,9073,67512,7880.4,7173,71999.2,12492,74.62,13.3941
10173.4,10280,64856.7,5038.56,5112,64594.5,7897.68,88.56,13.3941
8575.36,7852,71573.5,5685.12,5272,70671.5,56137.7,-46.74,13.3973
8220.16,8319,64757.4,7405.2,6799,71379.2,18511.2,104.96,13.3973
7251.84,7678,61898.5,3183.12,3114,66990.7,22955.8,23.78,13.3973
9203.84,9520,63359.5,4627.44,4448,68179.8,18291.6,63.14,13.3983
13048.3,12517,68317.9,9399.6,9121,67537.8,5623.92,2.46,13.4004
10390.4,10369,65671.3,5829.84,5525,69151.9,18589.7,-10.66,13.4015
20124.2,19177,68772.9,12747.6,12413,67302.6,6348.24,18.04,13.4057
13687,13748,65245.4,5798.88,5696,66719.7,7571.52,-20.5,13.4068
14606.1,12801,74777.3,6478.56,5813,73039.6,27794.9,-33.62,13.4089
6479.36,6595,64386.9,2365.92,2419,64098,10723,31.16,13.4089
10753.3,10009,70409.3,4437.36,4365,66622.4,5099.76,-53.3,13.411
11710.7,10860,70669.8,7178.4,6904,68140.7,6924.24,28.7,13.4131
19101.4,16917,73998.5,9613.44,9201,68473.7,18936,0,13.4173
14885.1,12081,80747.6,13339.4,12321,70953.1,33409.4,-14.76,13.4173
22564.5,17220,85876.1,15262.6,12068,82884.3,50175.4,36.08,13.4184
13652.5,12156,73603.9,6226.56,5852,69730.7,19847.5,54.12,13.4194
8170.24,7005,76437.5,4020.48,3865,68172.4,13879.4,25.42,13.4205
9232,8485,71305.6,3996.72,4021,65140.3,5466.24,83.64,13.4215
15022.7,12448,79091.3,9984.96,8868,73790.5,20592.7,-7.38,13.4215
12971.5,11990,70900.9,4366.8,3826,74799.4,13253,61.5,13.4247
9276.16,8325,73023.7,3196.8,3153,66446.4,9210.96,62.32,13.4247
6928.64,6185,73415.6,2806.56,2749,66908.2,8272.8,-5.74,13.4258
8970.24,8277,71025,4008.24,4005,65589,11481.8,11.48,13.4289
5796.48,5476,69371.5,2544.48,2512,66383.4,11489,-27.06,13.4321
12210.6,11380,70319.1,6984.72,6448,70991.1,16596,22.14,13.4332
13908.5,13274,68668.5,6425.28,6446,65325.3,12781.4,-40.18,13.4353
8396.16,7496,73405.9,7897.68,7464,69343.8,18120.2,49.2,13.4395
7322.24,7561,63466.5,2982.24,3117,62702.6,9318.96,-4.92,13.4416
10547.8,9303,74305.4,9714.24,8951,71124.2,19924.6,86.1,13.4469
30183.7,25860,76493.3,19746.7,17396,74391.9,26508.2,136.12,13.4479
9825.28,9624,66906.6,5668.56,5516,67348.6,11191.7,77.9,13.4543
10881.3,10421,68430.6,6824.88,6581,67964.6,9813.6,12.3,13.4574
10425.6,10603,64439.5,3417.12,3371,66432.6,11602.8,26.24,13.4574
17397.1,17174,66387.4,6492.24,6418,66294.1,9785.52,17.22,13.4595
8092.8,8043,65941.8,4120.56,4107,65752.4,16479.4,85.28,13.4595
11454.7,11182,67134.4,6163.2,5978,67566.3,10061.3,26.24,13.4595
20009,17300,75798.1,12020.4,10740,73349.1,21266.6,146.78,13.4627
21402.9,17053,82252.9,15194.9,12829,77621.9,37784.9,50.84,13.4659
12074.2,11542,68558.1,7318.08,6998,68533.5,12399.8,-1.64,13.4669
10669.4,10123,69073.6,7828.56,7579,67694,5204.88,-3.28,13.4711
10191.4,10081,66253.4,4995.36,4913,66634.6,40986.7,44.28,13.4722
8674.56,8388,67774.9,3044.88,2996,66605.2,18177.8,45.92,13.4743
15593.6,14712,69463.2,6768,6168,71911.1,9527.04,64.78,13.4754
14797.4,14365,67508.9,6855.84,6745,66613,7966.08,68.88,13.4754
16103,14984,70430.4,11156.4,10220,71540.7,27799.2,74.62,13.4785
10275.2,10236,65787,2998.08,3160,62177.9,18463,8.2,13.4796
14601,13772,69480.7,9550.8,9420,66446,17969,75.44,13.4806
8744.96,8309,68974.6,3265.2,3265,65540,7012.08,13.12,13.4817
10963.8,9858,72887.6,9315.36,9029,67614.5,15402.2,-65.6,13.4817
8422.4,8285,66622.9,3011.04,3033,65061.5,23989,47.56,13.4859
6828.8,6581,68003.7,22108.3,20929,69228.9,8686.08,896.26,13.4859
14481.3,13816,68691.8,8048.88,7864,67076.7,7444.8,3.28,13.488
6851.2,7197,62387.1,2568.24,2633,63924.1,11741,-34.44,13.4923
12785.9,12453,67288,6619.68,6321,68632.7,11746.8,123.82,13.4923
12110.7,12193,65093.8,5455.44,5413,66049.8,13687.9,41.82,13.4944
8035.2,7634,68980.2,8037.36,7782,67686.5,15295,104.14,13.4954
15906.6,15405,67669.7,6819.84,6749,66223.9,37078.6,109.88,13.4954
15827.2,15162,68411.3,11525,10970,68851.9,27125.3,-26.24,13.4965
7246.08,7696,61704.7,2390.4,2560,61194.2,7063.92,40.18,13.4996
12160,11487,69375.6,5134.32,4731,71123,23170.3,-17.22,13.5007
17367.7,16736,68009.6,11188.1,11104,66032.3,10638.7,62.32,13.507
11334.4,11461,64812.1,7737.84,7461,67967.7,12780.7,29.52,13.507
11806.7,12004,64458.9,4331.52,4416,64282.3,6725.52,54.94,13.5102
10745.6,11148,63170.4,5050.08,5196,63695.5,8501.76,70.52,13.5102
10872.3,10945,65100.8,6515.28,6469,66004.9,8557.2,64.78,13.5113
5185.28,5336,63684.9,2512.8,2572,64027.6,6797.52,78.72,13.5134
6762.24,6936,63894.2,3610.08,3704,63874.2,9774,-16.4,13.5134
6541.44,6656,64408,2518.56,2548,64778.8,19789.2,23.78,13.5144
13038.1,12073,70774.8,7953.12,7401,70425,18351.4,140.22,13.5155
8853.76,8937,64925.6,4119.12,4201,64258.7,6336,50.84,13.5155
12794.2,12386,67696.1,9092.16,8726,68286,21510,42.64,13.5186
15015.7,14736,66779.8,6590.16,6576,65677.1,10798.6,-9.84,13.5197
9454.72,9580,64679,3103.92,3144,64700.5,12634.6,1.64,13.5218
9011.2,9236,63940.9,3931.92,4048,63656.7,8075.52,91.02,13.5229
15714.6,15182,67834.9,7323.84,5626,85313.8,12119.8,215.66,13.5239
11874.6,11368,68456.3,7109.28,6620,70379.7,18013,-64.78,13.5239
11307.5,11672,63489.5,6036.48,6284,62954.6,8985.6,66.42,13.525
14837.8,14742,65961.7,8440.56,8566,64576.3,6814.08,26.24,13.526
9615.36,9707,64917.3,3646.8,2043,116983,23960.9,-19.68,13.526
10393.6,10785,63157.6,3422.16,2485,90251.4,5970.96,82,13.526
13086.1,12160,70527.1,9326.16,8804,69422.9,25701.1,69.7,13.5292
13470.1,13205,66851.6,7336.08,7237,66433.2,34335.4,96.76,13.5292
15099.5,15261,64842.5,4881.6,5037,63514.1,10034.6,31.98,13.5313
9699.84,9296,68383,5085.36,4948,67355.3,17318.2,-12.3,13.5324
8069.76,7884,67080.1,3551.76,3544,65679.5,8362.8,-9.02,13.5366
9525.76,8305,75169.2,14813.3,8421,115284,30738.2,416.56,13.5366
14309.8,12021,78013.8,13165.2,11925,72351.8,18909.4,61.5,13.5387
18761.6,17713,69415.7,6642,6305,69038.9,51494.4,-43.46,13.5387
12664.3,12203,68013.5,8077.68,7963,66479.8,16137.4,30.34,13.5387
16336.6,13924,76891.6,8643.6,7088,79919.2,26440.6,116.44,13.5397
11695.4,11141,68797,33590.2,27233,80834.5,29702.2,11293.9,13.5397
7453.44,7256,67319.3,5981.04,5544,70702.3,32773.7,22.14,13.5419
20325.8,19978,66676.8,15822.7,15594,66497.2,34498.1,131.2,13.5461
14249,12793,72994.6,9987.12,8925,73335.1,39798.7,52.48,13.5471
9256.32,9288,65312.5,5678.64,4952,75152.5,11517.8,63.14,13.5471
10675.8,10169,68802.4,9477.36,7725,80402.4,34495.2,96.76,13.5482
11049.6,10709,67620.4,7663.68,7189,69863.3,15308.6,53.3,13.5492
10531.2,10500,65730.7,4439.52,4356,66792.6,10224.7,56.58,13.5524
13235.8,12872,67388.4,7306.56,7080,67633.1,25668,104.96,13.5535
11143.7,11064,66008,5107.68,4908,68202.3,6060.96,12.3,13.5556
6695.04,6977,62887.5,5439.6,3765,94685.2,7775.28,46.74,13.5556
9260.16,9429,64362.5,4371.84,3733,76751.4,19236.2,79.54,13.5577
16909.4,15669,70724.2,8953.2,7921,74076.1,34002.7,25.42,13.5598
12208,11753,68073.1,7197.12,6717,70220.4,24827,35.26,13.5619
6264.96,6571,62483.7,2278.8,2303,64847.3,5850.72,-4.1,13.563
18923.5,18832,65854.5,7333.2,7172,67009,23150.2,103.32,13.5651
12215.7,11878,67399.1,6932.16,6578,69064.5,21948.5,-22.96,13.5651
17118.1,15761,71178.9,17782.6,16097,72398.5,24295,86.92,13.5661
18220.2,16685,71565.9,11808,10669,72532.5,31329.4,13.12,13.5672
11971.8,12052,65100.1,6653.52,6708,65003.7,8274.96,-3.28,13.5672
8912.64,8780,66526.1,4163.04,3948,69105.6,23346,65.6,13.5703
17673.6,13703,84525.8,16596,14455,75242.9,37789.2,-27.06,13.5714
12867.2,12893,65404.9,6330.24,6073,68312,16820.6,-31.16,13.5725
12518.4,11649,70427.1,9795.6,9269,69259.3,24942.2,50.84,13.5756
13429.8,12652,69564.7,8045.28,7736,68156.1,9292.32,58.22,13.5767
18300.2,16941,70793.9,22798.1,21321,70076.2,14040,71.34,13.5809
14298.2,14065,66622.8,5454.72,5413,66041.1,8143.92,86.1,13.582
6222.72,6369,64030.8,2512.8,2497,65950.7,18881.3,55.76,13.5851
10346.9,10035,67572.8,5394.96,5095,69394.3,19697,164,13.5851
9715.2,9197,69228.6,8807.76,8109,71183.3,7753.68,84.46,13.5851
9805.44,8797,73048.7,6538.32,6073,70557.4,39990.2,20.5,13.5862
11002.9,11235,64182,5342.4,5264,66512.1,9436.32,-59.04,13.5883
12503,12725,64392.9,6670.08,6517,67075.4,19001.5,-52.48,13.5883
7699.2,8070,62524.8,3080.16,2998,67332,14183.3,32.8,13.5925
10326.4,10177,66498.1,7629.84,7173,69709.9,19545.8,36.08,13.5936
8891.52,9229,63139.5,4160.88,3993,68291.4,10320.5,87.74,13.5946
11883.5,11484,67815.9,4826.88,4472,70736.7,11795.8,-50.02,13.5999
8385.28,8362,65718.5,5282.64,5166,67015.7,16014.2,65.6,13.5999
15400.3,13224,76321.5,13608,11932,74741.4,48879.4,29.52,13.5999
13145.6,12693,67872.9,10651.7,10225,68270.8,7184.88,-31.98,13.5999
12947.8,13041,65067.8,5766.48,5585,67665.5,18985,12.3,13.601
10933.1,10841,66092.9,6469.92,6205,68334,27470.2,22.96,13.6031
12286.7,12341,65247.8,5393.52,5381,65688.5,6613.92,-31.16,13.6031
10087,10134,65232.3,4169.52,4198,65091.4,8673.12,-14.76,13.6041
17744.6,16913,68758.5,6219.36,6129,66502.2,24959.5,20.5,13.6052
9073.28,8941,66505.6,6864.48,6329,71080.8,16816.3,-70.52,13.6062
7801.6,8197,62374.7,3214.08,3361,62671.2,11582.6,-4.92,13.6073
13019.5,12772,66806.1,6510.96,6464,66012.1,10093,63.14,13.6083
10426.9,9825,69550.7,5960.88,5637,69301.4,25688.9,36.9,13.6083
14532.5,13093,72741.2,9439.2,8609,71855.9,22848.5,-13.94,13.6094
4929.92,5484,58914.5,2094.48,2200,62392.7,9406.8,4.92,13.6105
11918.1,11697,66774.7,8363.52,7685,71322.3,12947.8,94.3,13.6115
8933.12,8800,66527.4,3642.48,3588,66531.1,18080.6,-15.58,13.6115
10412.2,10484,65086.9,6565.68,6416,67064.9,15534,-19.68,13.6126
10300.8,9085,74306.3,7292.16,6713,71190.1,31867.9,5.74,13.6126
12307.8,11717,68840.7,8693.28,8101,70327.5,16000.6,-41,13.6126
11495,11694,64421,3555.36,3706,62872.1,10437.1,-24.6,13.6126
9697.28,9432,67379.2,3540.96,3512,66076.4,7963.92,67.24,13.6126
5484.8,5585,64360.2,2149.92,2161,65200,12025.4,4.92,13.6157
6091.52,6313,63236.8,2579.76,2589,65302.1,15251,-51.66,13.6178
13948.2,13462,67902.7,5896.8,5542,69731.6,14562,-69.7,13.621
6437.12,6564,64269.2,2572.56,2592,65044.5,10227.6,-77.9,13.621
13500.8,13485,65612.8,4268.16,4253,65769.6,10504.1,-2.46,13.6221
9685.12,10012,63396.3,7198.56,7192,65595.8,9182.16,-52.48,13.6242
17056.6,10036,111381,262143,168144,102173,62333.3,10910.9,13.6252
16840.3,13778,80102.1,15421.7,12358,81783.1,29791.4,92.66,13.6263
6670.72,7036,62133.6,2244.96,2312,63635.7,52601.8,-32.8,13.6273
13253.8,10209,85081.6,5554.8,3429,106165,5307.84,279.62,13.6294
12771.8,11325,73908.6,15574.3,13789,74021.2,46874.2,115.62,13.6326
12017.9,12304,64012.2,4539.6,4496,66171.5,11872.8,74.62,13.6337
8787.2,9333,61703.4,3430.8,3557,63210.8,9281.52,31.16,13.6337
7977.6,8200,63758.5,3038.4,3116,63903.9,7541.28,22.14,13.6347
14834.6,13729,70813.4,7623.36,7201,69379.9,28071.4,3.28,13.6379
11304.3,10860,68217.3,6469.92,6268,67647.2,9388.8,10.66,13.64
10306.6,9937,67973.3,3939.12,3941,65504.7,16863.8,8.2,13.6421
15664,14840,69174.9,5482.8,5260,68311.9,17824.3,25.42,13.6442
12830.1,12554,66977.2,4225.68,4190,66094.1,5276.16,54.12,13.6442
51629.4,40794,82943.3,148969,111598,87482,44990.6,4646.12,13.6453
17923.2,16516,71119.8,8979.84,8592,68494.3,16420.3,55.76,13.6463
10010.2,9465,69311.3,4497.12,4137,71240.8,11130.5,14.76,13.6474
8935.68,8509,68822.3,3556.8,3545,65754.1,18565.2,-20.5,13.6495
5629.44,5560,66354.5,2468.88,2508,64513.8,7943.76,5.74,13.6495
5991.68,6108,64287.9,2522.88,2648,62439.4,9113.04,116.44,13.6506
10469.8,9888,69391.8,5933.52,5476,71011.5,7948.08,77.9,13.6516
8875.52,8837,65821.7,3984.48,3745,69726.8,6567.84,-37.72,13.6537
14442.9,14407,65699.2,7984.08,8007,65348.4,12862.1,-31.98,13.6537
17674.9,17041,67973.8,6557.04,6341,67768.8,19497.6,124.64,13.6537
6841.6,6857,65388.8,2887.92,2909,65061.1,7402.32,-75.44,13.6548
10489.6,9225,74519.9,5123.52,4729,71003.4,32263.2,5.74,13.6558
11644.8,11558,66028.2,6024.24,6102,64700.9,10664.6,68.88,13.6558
14932.5,13984,69981.1,6253.2,5876,69743,25542,85.28,13.6558
13712,13372,67202.3,6246.72,6072,67421.8,5368.32,19.68,13.6601
8570.24,8299,67677.9,5546.16,4671,77814.8,16105.7,18.86,13.6611
9320.32,9241,66098.5,4179.6,4041,67783.8,10249.9,4.92,13.6622
15303.7,15505,64685.1,6644.16,6693,65057.8,10106.6,36.9,13.6653
6456.32,6408,66030.2,4137.84,3868,70107.9,13862.9,-19.68,13.6664
9197.44,9024,66795.6,9041.04,6724,88119.2,10133.3,2.46,13.6664
9091.2,9184,64873.8,4266,4160,67205.9,12853.4,12.3,13.6674
11653.8,12077,63239.3,3779.28,3913,63296.4,14335.9,75.44,13.6706
18519.7,15645,77577.9,17002.1,14729,75650,40304.2,69.7,13.6706
19874.6,19289,67525.5,8835.12,8649,66946.3,7434,47.56,13.6717
6828.8,6936,64523.1,4055.76,3448,77087.7,19561,62.32,13.6748
14939.5,13945,70209.9,6413.04,6141,68439.2,8991.36,64.78,13.6769
13130.9,12980,66297.8,7312.32,7216,66410.8,6379.2,58.22,13.678
7888.64,8008,64559.2,2982.96,3096,63143.2,13452.5,63.96,13.679
16033.3,14492,72506,10383.1,9340,72855.3,7336.08,76.26,13.6833
7059.84,6657,69501.8,2668.32,2689,65032,16681.7,-101.68,13.6833
6319.36,5940,69721.5,2562.48,2436,68938.7,6195.6,-71.34,13.6864
12210.6,11849,67535.8,4216.32,4189,65963.4,5586.48,36.08,13.6875
15964.2,12449,84041.1,14050.8,12325,74712.6,22548.2,58.22,13.6885
8935.04,8727,67098.3,2503.44,2535,64720.1,5671.44,-35.26,13.6885
17577,16409,70200.7,9645.12,9517,66418.3,34970.4,13.94,13.6928
8894.08,8528,68349.3,2819.52,2884,64070.8,53712.7,9.84,13.697
11566.7,9954,76154,6585.84,6002,71911,35835.1,-31.98,13.698
6266.88,5840,70326.4,2903.76,2772,68651.1,5216.4,65.6,13.698
16944,16584,66958.6,5704.56,5820,64236.1,18622.8,111.52,13.7012
14118.4,13023,71048.4,15121.4,6043,163991,12106.8,145.96,13.7012
13850.2,13161,68968.1,6956.64,6717,67874.1,8148.96,-10.66,13.7023
16157.4,15561,68047.9,6396.48,6505,64442.7,14223.6,-46.74,13.7023
12248.3,11333,70829.1,6336.72,6241,66541.1,10324.8,-12.3,13.7033
11049.6,10065,71947,8020.08,7141,73603.7,16218,59.86,13.7065
11489.3,10978,68588.2,5942.88,5478,71097.6,7924.32,104.14,13.7075
10672,10369,67451.1,6568.56,6501,66217.1,24657.8,0,13.7075
7214.72,6721,70350.2,2632.32,2577,66942.9,10054.8,95.12,13.7086
15773.4,14517,71208.1,8535.6,8257,67747.3,10309.7,18.04,13.7086
18567.7,17321,70253,8843.04,8845,65521.5,9691.2,-5.74,13.7097
9464.32,8853,70061.4,3427.2,3409,65885.9,7986.24,-59.86,13.7097
14037.1,12948,71048.6,4406.4,4320,66846.7,14929.2,-159.08,13.7181
11107.8,10277,70834.2,4170.96,4245,64392.9,15775.2,-24.6,13.7191
14280.3,12436,75255.3,7863.12,7236,71215.8,87793.9,-52.48,13.7213
11988.5,11448,68630.1,4726.08,4892,63313.2,13741.9,-25.42,13.7234
12758.4,12356,67670.3,3945.6,3936,65695.9,29198.2,-7.38,13.7234
8816,7329,78832.8,7148.16,6565,71357.5,57729.6,-49.2,13.7244
12661.8,11787,70399.7,5063.04,4987,66535.3,21847,0,13.7276
12417.9,11448,71088.5,4360.32,4328,66025.4,11270.9,-22.96,13.7276
14949.1,13832,70828.9,6045.12,5788,68447.3,11918.2,-46.74,13.7297
9202.56,8933,67513.6,4270.32,4325,64707.4,21294.7,-47.56,13.7297
19994.9,18673,70175.4,5678.64,5553,67018.8,35506.8,25.42,13.7318
8981.12,8484,69376.1,3471.12,3428,66360.4,14534.6,68.06,13.7318
16578.6,15145,71739.4,9676.08,7193,88159.5,4944.96,59.86,13.7329
5800.96,5592,67984.9,2366.64,2504,61940.9,7193.52,-10.66,13.735
10962.6,9880,72716.8,8918.64,8168,71558.8,20329.9,65.6,13.736
14327,13709,68490.5,3647.52,3661,65294.7,14347.4,-9.02,13.7381
13728,12191,73798.6,9868.32,9291,69608.2,24243.8,112.34,13.7403
9893.76,9090,71330.9,5240.88,4006,85738,6196.32,267.32,13.7413
16742.4,15871,69134.3,6251.76,6383,64188.5,24906.2,28.7,13.7434
6314.88,5688,72758.8,3189.6,3212,65079,16687.4,-15.58,13.7434
7621.12,7201,69359.5,2841.84,2897,64288.2,8608.32,-22.96,13.7434
10867.2,10025,71041.7,3423.6,3517,63795.6,11700.7,4.1,13.7445
14774.4,13953,69394,4799.52,4913,64022.3,12137.8,27.88,13.7445
10985,9607,74936,6399.36,6067,69126.2,23801.8,-20.5,13.7445
12157.4,9957,80019.1,6719.76,5809,75811,24617.5,124.64,13.7476
8568.32,7312,76796.1,7043.04,6592,70020.1,16251.1,-10.66,13.7487
6229.12,5961,68483.7,3180.24,3165,65851.6,8242.56,66.42,13.754
7366.4,7304,66095.9,2960.64,3048,63657.6,6945.12,18.04,13.755
15631.4,14846,69002.9,4692.96,4586,67064.5,14557.7,-88.56,13.7561
14679,14000,68714.7,7510.32,6884,71498.6,5520.96,41.82,13.7571
14433.3,13329,70965.5,8054.64,7473,70636.8,27585.4,50.02,13.7635
11714.6,10760,71349.9,6740.64,6380,69240.5,22147.9,26.24,13.7635
12067.2,11009,71835.4,7482.96,7057,69491.8,40122,-4.92,13.7645
10606.1,9925,70033.3,4147.92,4373,62162.8,8607.6,10.66,13.7698
7590.4,6773,73445.2,2494.08,2485,65775.5,7758,21.32,13.7698
8238.08,7328,73675.1,2677.68,2708,64802.2,6856.56,-56.58,13.7709
16958.7,15304,72622,5808.24,5720,66547,60518.2,-45.92,13.773
8308.48,8029,67817.2,4970.16,3229,100875,12155,194.34,13.7793
22105,19284,75122.9,23726.2,21604,71973.6,14988.2,112.34,13.7825
10155.5,10333,64410.4,8192.16,7881,68123.5,15948.7,-5.74,13.7856
10425,11112,61484,6248.16,6056,67615.5,9081.36,64.78,13.7856
7944.32,8085,64395.7,1473.84,1505,64179.1,26806.3,28.7,13.793
10816.6,10732,66052.9,4609.44,4524,66773.7,8573.76,71.34,13.793
11971.2,11565,67837.8,6246,5853,69936.4,32099,-9.84,13.793
8392.96,8207,67021,6989.76,6639,68998.5,13380.5,22.96,13.7941
11461.1,11869,63283.8,4546.08,4493,66310.2,7118.64,18.86,13.7941
14622.1,14301,67007.4,4986,4649,70286.6,11892.2,18.04,13.7941
14409.6,14269,66181.8,9437.76,8429,73379.2,23080.3,173.02,13.7962
7421.44,7969,61032.9,2345.76,2337,65781.7,26471.5,62.32,13.7972
12582.4,12128,67991.4,9226.8,8484,71273.9,45841.7,-18.86,13.8025
5850.24,6357,60311.7,2728.08,2705,66095.2,15837.8,-24.6,13.8036
13079,13060,65631.5,16125.8,10452,101112,7704.72,1945.04,13.8046
10751.4,10225,68909.6,11718,10529,72936.7,14006.2,59.86,13.8046
11555.8,11505,65825.6,6223.68,6005,67922.6,21023.3,-45.1,13.8046
10431.4,9740,70187.8,6406.56,5884,71356.3,16103.5,-39.36,13.8131
13714.6,13244,67864.5,9712.8,9036,70444.7,11347.9,2.46,13.8152
7407.36,7600,63874.8,2925.36,2976,64420.8,18312.5,9.02,13.8173
14753.9,13778,70178,13585,12930,68855.7,10249.9,54.12,13.8205
8346.88,7906,69190.6,7994.16,7270,72064,10215.4,37.72,13.8215
10997.1,10867,66320.7,5219.28,4439,77055.8,32577.8,198.44,13.8226
15680.6,14636,70213.6,11167.9,9880,74079,30465.4,38.54,13.8236
16695,16244,67355.7,8372.16,8356,65662.7,9309.6,-105.78,13.8247
14583,14233,67147.8,4025.52,3993,66069.7,19903.7,-10.66,13.8257
12101.8,11909,66596.8,7710.48,7413,68165.9,6702.48,41.82,13.8268
12954.2,13189,64369.5,6841.44,6213,72164.9,10490.4,-95.12,13.8289
4986.24,5240,62362.3,2059.2,2072,65131.1,17708.4,41,13.83
9732.48,9782,65204.2,3630.96,3714,64070.7,35861.8,-31.16,13.8342
7342.08,7225,66598,3030.48,2937,67621.9,5020.56,12.3,13.8342
5839.36,6216,61565,2676.24,2764,63455.2,6339.6,-41.82,13.8373
11209,11116,66084.1,4588.56,4616,65146.4,7517.52,-79.54,13.8373
9054.08,9020,65783.6,4819.68,4872,64832.2,7553.52,54.94,13.8395
10132.5,9980,66537.3,5971.68,5880,66557.8,6947.28,58.22,13.8416
15885.4,15369,67738.2,7623.36,7165,69728.5,11524.3,81.18,13.8416
13729.3,13197,68179.3,6973.92,6893,66305.4,6184.8,-1.64,13.8437
11627.5,11024,69123.8,7436.88,7076,68878.4,18977,-8.2,13.8468
12579.2,12478,66067.5,4061.52,4186,63587.1,13065.8,52.48,13.8479
13052.8,11844,72224.6,7039.44,6416,71904.1,39095.3,-67.24,13.85
18298.9,16136,74320.5,12200.4,11132,71825.9,27050.4,32.8,13.85
9728,9364,68083.5,3382.56,3184,69622.9,19396.1,50.84,13.8511
12169,11579,68875.1,7879.68,7835,65909.7,10376.6,66.42,13.8511
15627.5,14449,70881.4,11187.4,10465,70059.7,47119.7,36.9,13.8521
10375.7,9980,68134.3,6951.6,6616,68860.3,35201.5,42.64,13.8521
11753,11209,68716.4,5181.84,5017,67689.3,7489.44,-52.48,13.8532
11103.4,11019,66037.7,4331.52,4507,62984.4,7138.08,32.8,13.8585
8412.8,8177,67425.9,2774.16,2789,65187.3,37396.1,91.84,13.8585
42824.3,31431,89291.9,121525,85895,92721.1,56543,8514.88,13.8627
7368.32,7108,67936.2,3381.12,3396,65248.9,13423.7,71.34,13.8627
5836.8,5849,65399.3,1931.76,2041,62028.3,34873.2,45.1,13.8627
10348.2,9075,74730.3,8685.36,7635,74551.9,28806.5,30.34,13.8627
10643.8,10236,68147.2,6032.16,5948,66463.3,12984.5,-46.74,13.8658
9990.4,9580,68343.5,6338.88,6248,66489.3,6660,-48.38,13.8658
15403.5,14796,68226.9,8874,8668,67093.5,18928.1,38.54,13.8658
11045.8,10952,66097,4694.4,4872,63147,12458.9,16.4,13.8679
6551.04,6413,66946.7,2604.96,2653,64349.3,11461.7,-44.28,13.869
9917.44,9737,66750.5,4813.92,4761,66264.5,20553.8,45.1,13.8701
11695.4,10805,70936.3,8555.76,8129,68976.5,18617,156.62,13.8701
9969.28,9580,68199,6240.96,6300,64921.8,18282.2,40.18,13.8711
13017,12397,68813.4,5988.24,5785,67838.4,5348.88,118.08,13.8711
11509.1,11020,68444.8,8390.16,8140,67550.1,30379.7,-27.88,13.8722
13131.5,12221,70418.7,7207.2,6953,67932,19707.1,31.98,13.8785
16048,14900,70585.4,7336.8,7236,66448.9,21257.3,4.92,13.8785
14737.3,12600,76652.6,14402.2,10300,91636.9,32583.6,27.88,13.8796
19699.8,17845,72347.9,10352.9,9713,69853.4,47006.6,73.8,13.8796
9385.6,9219,66720.3,2394.72,2467,63615.9,6091.92,22.14,13.8848
5317.76,5331,65373.2,2365.92,2483,62445.8,7661.52,36.08,13.8869
6746.24,6677,66215.6,2849.76,2869,65096.5,6763.68,36.9,13.888
11825.3,11845,65426.9,4238.64,4149,66951.9,5979.6,35.26,13.8922
65776,37999,113442,59647.7,31343,124719,167186,298.48,13.8943
8495.36,7825,71150.4,6963.12,6433,70936.6,10336.3,32.8,13.8943
13196.2,12621,68522.6,11956.3,11449,68440,11083,-82,13.8954
14742.4,14281,67653.4,4915.44,4861,66270,4777.92,36.9,13.8964
8875.52,8841,65791.9,3139.92,3101,66358.5,40196.2,-16.4,13.8996
10627.2,9853,70685.5,10506.2,9341,73711.3,13052.9,-16.4,13.8996
6333.44,6657,62350.7,2755.44,2785,64840.4,11949.1,-35.26,13.907
9599.36,10053,62578.7,5180.4,5009,67778.5,17127.4,18.04,13.9081
9013.76,9141,64623.8,3646.08,3621,65989.9,9761.76,20.5,13.9091
8701.44,9012,63277.6,4049.28,4048,65556.7,20191,73.8,13.9091
10945.9,10760,66668.4,6184.8,6024,67285.4,8167.68,47.56,13.9133
18737.3,18132,67723.7,9232.56,8864,68261,6691.68,23.78,13.9197
7322.24,7385,64979.1,2823.84,2825,65509.1,14322.2,81.18,13.9228
10188.8,9289,71884.3,5819.04,5305,71886.3,17575.9,-48.38,13.9228
14894.7,14588,66913.9,8186.4,7864,68222.8,27425.5,12.3,13.9228
12614.4,12741,64884.8,6927.84,6801,66758.3,11345.8,13.12,13.9239
25889.3,11333,149711,124042,27265,262143,8470.08,3029.9,13.926
9535.36,9383,66600.2,7688.88,7223,69763,8081.28,41.82,13.926
18545.3,15433,78752.3,13559,11565,76835.7,29381,-38.54,13.927
7146.88,7615,61507.3,1574.64,1503,68659.8,8319.6,-1.64,13.9281
7715.84,7781,64987.2,3422.88,3489,64294,8560.8,55.76,13.9292
19783.7,17338,74780.4,14162.4,12654,73348.1,33955.2,86.1,13.9292
13657,12743,70236.4,8179.2,7015,76412.3,32343.8,22.96,13.9302
8943.36,8938,65575.3,3359.52,3358,65565.7,11747.5,10.66,13.9302
9688.32,9537,66575.8,4501.44,4373,67460.9,21710.9,61.5,13.9323
15754.9,14857,69496.7,12599.3,11869,69568.3,23755,72.98,13.9323
11501.4,11221,67173.9,5952.96,5717,68240.9,10967.8,45.1,13.9334
10820.5,9909,71564.3,7208.64,6737,70124,13200.5,49.2,13.9376
14682.9,13877,69341.9,5936.4,5701,68242.1,10522.1,-13.94,13.9397
19069.4,17608,70975.4,11808.7,11164,69320.7,29015.3,85.28,13.9408
8071.04,7197,73495,5877.36,5325,72334,14896.1,-4.92,13.9418
7921.28,8077,64272.5,4054.32,4029,65947.9,5131.44,-22.96,13.945
9671.68,9544,66412.7,4939.92,4680,69175.8,15284.9,-23.78,13.945
8320.64,8264,65985.2,3720.96,3628,67215.2,6840,-45.92,13.946
13518.1,13119,67529.6,6372.72,6123,68208.8,10194.5,-86.1,13.946
5294.08,5730,60550.2,2516.4,2534,65080.8,9072.72,27.88,13.9513
13428.5,13261,66363.7,5130,4989,67388.2,9611.28,-51.66,13.9524
8412.8,8481,65009,6310.08,5845,70750.6,18569.5,-53.3,13.9524
10433.3,10473,65287.4,3751.2,3693,66568.8,20216.2,72.16,13.9566
10231.7,10590,63318.5,3530.16,3566,64877.3,24990.5,4.92,13.9566
6720,6125,71902.4,4612.32,4285,70542.1,19699.2,-20.5,13.9598
11316.5,10845,68385.1,8778.96,8045,71515,10586.2,123.82,13.9619
14189.4,13808,67346.4,3612.24,3552,66647.5,24227.3,39.36,13.964
5150.08,5076,66492.5,1527.84,1540,65018.5,5728.32,55.76,13.964
12240.6,12060,66517.6,4693.68,4552,67575.8,11784.2,60.68,13.965
10100.5,9624,68780.7,7320.96,6796,70598.4,13135.7,130.38,13.9682
8975.36,9072,64837.9,5609.52,5636,65228.1,9433.44,-13.94,13.9714
14252.2,13716,68097.8,6346.08,6192,67166.8,12389,63.96,13.9724
10733.4,10505,66961.1,5685.12,5613,66378.1,10046.9,118.08,13.9745
7323.52,7299,65756.2,2659.68,2679,65063.4,7937.28,5.74,13.9745
5738.88,5594,67233.3,2605.68,2426,70389.9,13921.9,5.74,13.9745
22058.9,17686,81739.8,17332.6,14594,77833.8,27234.7,113.16,13.9756
11069.4,10548,68775.8,8794.08,8240,69942.8,9828,152.52,13.9766
6477.44,6404,66287.6,2404.08,2448,64360.2,9949.68,13.12,13.9777
7419.52,7123,68264.2,4213.44,4087,67563.5,14716.1,56.58,13.9788
10730.9,10415,67523.7,3911.04,3867,66282.4,15698.9,-22.14,13.984
14293.1,13649,68628.8,14261.8,13957,66967,35233.2,48.38,13.9861
9136.64,9016,66412.9,4849.92,4744,66999.2,5220,47.56,13.9872
10412.8,8769,77821.1,7652.16,6913,72543.3,22370.4,81.18,13.9872
11915.5,11704,66720.4,5883.84,5848,65937.6,7574.4,39.36,13.9904
15262.7,14621,68412.4,6333.84,6205,66896.8,56437.2,-27.88,13.9925
13362.6,11678,74989.6,13538.2,12590,70471.6,19823.8,41,13.9978
7513.6,7467,65945,2689.2,2731,64532.9,7876.8,-11.48,14.0009
12548.5,12307,66821.9,7143.12,7175,65244.8,7243.2,18.86,14.002
5589.12,5618,65199.1,3280.32,3314,64870,21294,-80.36,14.0041
10689.3,10155,68984,7105.68,6859,67893,18092.2,14.76,14.0083
15089.3,13845,71425.9,8576.64,7697,73025.7,19441.4,69.7,14.0094
10357.8,9892,68621.7,4180.32,4032,67946.8,28676.9,18.04,14.0104
14291.8,13293,70460.4,4773.6,4425,70698.9,9956.88,-55.76,14.0115
7171.84,6724,69900.9,2039.76,2064,64766.3,7335.36,-23.78,14.0136
9987.84,9570,68397.4,5803.2,5650,67313,9195.84,27.88,14.0146
5689.6,5508,67696.7,2172.24,2196,64826.9,10813,32.8,14.0167
7388.16,6784,71372.4,4649.76,3908,77975.1,17213.8,94.3,14.0178
8091.52,7906,67073.9,2849.04,2885,64719.1,39929,22.14,14.0178
5486.08,5283,68055.2,2573.28,2615,64490.4,8875.44,24.6,14.021
6428.8,6169,68296,1997.28,2073,63142.2,17121.6,-11.48,14.0241
11496.3,11281,66786.9,4475.52,4561,64307.8,10638.7,50.84,14.0252
6513.28,6113,69827.3,2062.8,2069,65339.6,20139.8,23.78,14.0284
17136,15889,70679.4,8958.96,8533,68807.5,38058.5,36.08,14.0284
13281.9,12937,67283.3,5139.36,5101,66028.8,14614.6,-13.12,14.0326
9719.04,8520,74759,5612.4,5244,70140,17714.9,-22.96,14.0347
8352,6409,85404.4,158281,108253,95822.9,22279,3732.64,14.0368
6386.56,6347,65944.5,2501.28,2363,69371.1,10206,-1.64,14.0389
22014.7,17401,82912.3,23093.3,19853,76232.4,34740.7,80.36,14.0431
10780.8,10032,70427.7,5299.92,3988,87095.2,41551.2,55.76,14.0452
11191.7,11096,66101.1,4421.52,4444,65204.5,4885.2,110.7,14.0463
15171.2,14725,67521.9,9208.08,8869,68041.6,8709.12,20.5,14.0484
8227.2,8145,66197.4,3454.56,3429,66024.5,9262.8,71.34,14.0495
7955.84,7788,66948.4,3222.72,3192,66166.7,20270.9,77.9,14.0495
12730.9,12084,69044.3,8122.32,7744,68737.7,8681.04,168.1,14.0516
11488,11000,68443.4,5685.12,5484,67939.5,7490.16,65.6,14.0537
13818.9,13105,69106,3937.68,3861,66837.6,4908.24,29.52,14.0547
15981.4,15187,68964.2,10854,8595,82760.6,14574.2,189.42,14.0579
12535.7,11871,69205.5,5163.84,5103,66317.4,5519.52,22.14,14.0579
12780.8,12119,69114.8,10970.6,10307,69755.7,13795.9,127.1,14.06
8000.64,7677,68298.8,6017.04,5641,69904.8,14755.7,100.04,14.06
10283.5,9688,69564.5,4063.68,3976,66981.2,21963.6,-13.94,14.0611
15346.6,15220,66081,4775.04,4884,64073.9,21205.4,-4.1,14.0653
6266.88,6405,64122.8,2287.44,2369,63279.7,7785.36,-29.52,14.0653
14937,14888,65751.5,5932.8,5996,64845.2,4875.84,-59.04,14.0653
6926.08,6132,74022.8,6909.12,2964,152765,10965.6,231.24,14.0653
7638.4,7364,67978,4703.76,3008,102482,9407.52,43.46,14.0674
14785.9,14292,67800.9,5472.72,5492,65305.9,12666.2,-33.62,14.0706
14385.3,13446,70114.1,5950.08,5794,67301.4,10894.3,105.78,14.0716
10768,10234,68955.6,19532.2,18650,68635.9,7622.64,1577.68,14.0727
7987.2,7225,72449.7,6698.16,6121,71715.5,40464,66.42,14.0727
12042.9,11053,71405.2,6307.92,6045,68386.4,12368.9,-13.12,14.0748
17866.2,16112,72671.4,11682.7,10772,71076.8,21342.2,54.12,14.0748
11940.5,11017,71029.4,8501.04,6249,89154.1,16561.4,162.36,14.0769
10217,9193,72835.7,6394.32,6109,68596.9,32047.9,68.06,14.0853
8740.48,8205,69813,2351.52,2445,63030.4,10547.3,-32.8,14.0853
9697.28,9019,70464.7,2891.52,2911,65097.4,17881.2,-38.54,14.0864
38839,27285,93287.7,30985.9,23281,87225.4,25813.4,244.36,14.0864
15321.6,13934,72062.3,9236.16,8974,67450.5,11882.2,-32.8,14.0864
13289.6,11404,76372.1,5000.4,4732,69253.2,46310.4,89.38,14.0875
12819.8,11405,73666,7129.44,6649,70271.5,17618.4,97.58,14.0875
7767.04,7328,69462.4,2816.64,2852,64723.5,7287.84,18.04,14.0885
11706.9,10777,71190.7,8239.68,7773,69470.7,27796.3,84.46,14.0885
11759.4,10736,71782.9,7085.52,6688,69431.3,10954.1,-39.36,14.0885
18119.7,16616,71466.7,13711,12716,70663.9,27362.2,113.16,14.0896
20338.6,18494,72072.4,13581.4,12030,73987.4,16021.4,25.42,14.0896
14160,13606,68204.5,8249.76,8338,64842.4,15931.4,-8.2,14.0917
7496.32,7204,68195.3,5301.36,3504,99152.4,8815.68,6.56,14.0917
9808.64,9360,68677.3,4018.32,4052,64991.3,14962.3,-25.42,14.0917
9152,8247,72727.7,5972.4,5607,69806.9,17744.4,18.04,14.0917
11765.8,11302,68225.2,4180.32,4198,65260,12858.5,13.94,14.0927
9009.92,8820,66947.2,4780.08,4388,71391.8,34803.4,60.68,14.0938
8085.76,7549,70195.8,6357.6,5981,69662.5,13017.6,96.76,14.098
14662.4,14640,65636.3,8435.52,8036,68794.2,15339.6,-29.52,14.1022
16115.2,13940,75762.2,12391.9,10900,74506.1,24837.8,59.04,14.1022
6197.12,6540,62100.1,2623.68,2684,64063.2,12299,5.74,14.1043
8680.96,8772,64855.8,8323.92,5876,92838.1,6484.32,67.24,14.1054
8430.08,8468,65242.5,5263.2,5124,67316.4,8834.4,11.48,14.1054
29315.8,22537,85248.4,22554,17897,82589.2,54908.6,150.06,14.1054
10441,10600,64552.7,4587.84,4604,65306,7537.68,-48.38,14.1054
6603.52,7293,59340.2,2597.04,2653,64153.6,9944.64,96.76,14.1075
13778.6,14040,64315.7,8383.68,8328,65974.2,14257.4,-9.84,14.1075
10078.7,9896,66746.1,5664.24,5416,68539.8,8778.96,50.84,14.1096
10484.5,10234,67140,7054.56,6574,70326.7,10730.2,75.44,14.1117
21377.3,15988,87627.1,16111.4,13136,80380.6,24733.4,57.4,14.1138
14499.2,13673,69496,5738.4,5625,66857.2,20002.3,88.56,14.1202
13665.3,12846,69715.7,5578.56,5502,66447.9,48736.1,13.94,14.1212
11975,11205,70039.8,6536.88,6373,67221.3,13138.6,-11.48,14.1212
12745.6,11870,70370.3,4804.56,4478,70315.3,21551.8,-21.32,14.1212
9221.76,9101,66405.6,3875.76,3933,64582.2,10788.5,0.82,14.1223
10837.1,10480,67769.2,6226.56,5968,68375.3,5603.04,23.78,14.1223
12472.3,11303,72315.8,10489,9539,72062.5,27985.7,30.34,14.1233
10663,10113,69100.5,6343.92,6069,68504.7,10921.7,63.96,14.1244
16710.4,15595,70223.3,7373.52,7247,66680.2,20653.9,77.08,14.1276
11718.4,11385,67455.2,8085.6,7933,66796.7,10680.5,-2.46,14.1307
10864.6,10316,69021.4,4703.76,4568,67483.7,29242.8,-15.58,14.1392
11781.8,10799,71500.1,6831.36,5787,77363.1,30148.6,195.98,14.1402
16332.2,15657,68362,5226.48,5209,65755.9,9942.48,59.04,14.1413
23374.7,18298,83718.8,18295.2,14906,80437,61520.4,9.02,14.1413
8384,8097,67858.9,2558.88,2677,62644.3,11664.7,53.3,14.1423
11892.5,10597,73547.8,9223.92,8705,69442.7,25236.7,36.9,14.1455
15017,13300,73996.4,8730,8000,71516.2,22021.2,41.82,14.1466
25025.3,20553,79796.5,17255.5,14653,77175.9,56608.6,115.62,14.1476
31596.8,23724,87284.1,19816.6,15564,83442.4,36378.7,56.58,14.1508
8420.48,8536,64649.1,4304.16,4348,64875.2,9810.72,53.3,14.1529
13784.3,13372,67556.8,5173.2,5228,64849.1,6397.2,8.2,14.1539
7687.04,7461,67521.5,2244.96,2277,64613.8,12416.4,27.06,14.155
13203.8,12464,69426.1,4430.16,4320,67207.2,13122.7,18.04,14.155
14137,13313,69592.1,6528.96,6229,68691.9,21288.2,-22.14,14.1582
15491.2,14707,69030.5,8069.04,7795,67840,30798.7,32.8,14.1592
14800,14309,67784.8,5975.28,5953,65781.3,27966.2,-6.56,14.1613
6465.92,5797,73098.2,5157.36,4833,69934.4,5621.76,90.2,14.1666
13814.4,12973,69786.5,7255.44,7097,66999.1,6220.08,76.26,14.1677
8773.76,7660,75064.9,6438.24,5868,71904.7,11365.9,-8.2,14.1698
8895.36,9029,64566,3604.32,3749,63006.9,6184.08,21.32,14.1708
14109.4,13480,68596.2,3051.36,3064,65265.6,11047.7,-16.4,14.1708
16949.8,15876,69968.5,10820.2,10260,69114,11745.4,145.14,14.1719
6246.4,6053,67629.9,2766.96,2609,69503.8,21499.9,9.84,14.174
12681.6,11597,71665.2,7978.32,7417,70495.8,10531.4,19.68,14.174
8738.56,8525,67177.7,4782.24,4765,65773.1,12552.5,-51.66,14.174
10059.5,9728,67769.4,2689.2,2704,65177.3,18419.8,-22.96,14.174
14151,13685,67767.8,8640,8625,65650,4978.08,124.64,14.175
11878.4,11261,69129.1,8272.8,7757,69893.8,13691.5,21.32,14.175
10059.5,8769,75180.8,7819.92,7221,70971.7,32362.6,68.88,14.1761
10665,10248,68202.5,6771.6,6492,68358.5,16850.9,15.58,14.1782
24775,23676,68578.2,16754.4,16332,67231,27931,51.66,14.1782
9860.48,10012,64544.2,4170.24,4188,65258.1,5693.76,40.18,14.1782
12256,11853,67764.2,11239.2,10397,70844.7,5042.88,111.52,14.1803
8783.36,8741,65853.6,3827.52,3489,71894.6,8448.48,89.38,14.1803
14847.4,12815,75929.5,13513,11547,76694,26601.8,77.9,14.1814
28262.4,20529,90223.8,26539.9,20817,83552.9,67675,141.86,14.1824
11057.3,11012,65805.5,6645.6,6532,66675.8,6758.64,45.92,14.1824
11613.4,11788,64565.5,4822.56,4844,65245.9,4890.96,-45.1,14.1845
12151.7,12257,64972.9,5522.4,5493,65886.8,5141.52,-10.66,14.1888
6528,6753,63352.4,2571.84,2545,66227.2,27576,6.56,14.1888
13107.2,12465,68912.4,8466.48,7973,69592.3,20620.1,31.16,14.1909
8580.48,8476,66343.8,8944.56,8584,68288.8,7821.36,36.9,14.1919
13362.6,13292,65883.9,7833.6,7672,66916.4,25741.4,-55.76,14.1919
13251.2,11921,72848.8,17001.4,15445,72139.9,43340.4,-21.32,14.194
13457.9,13340,66115.3,12188.2,11576,69001.7,25556.4,22.96,14.194
21972.5,20354,70747.2,16744.3,15174,72318.2,53261.3,91.02,14.1951
7697.28,8297,60799,4016.88,4105,64129.2,21325.7,99.22,14.1962
7030.4,7464,61728.9,3011.76,2972,66412.8,10056.2,100.86,14.1983
9922.56,9476,68624.4,6397.92,6112,68601.8,6924.24,55.76,14.2004
13970.6,14021,65300.2,4868.64,4929,64733.5,17693.3,-21.32,14.2025
15927.7,15218,68592.2,6847.92,6594,68059.6,14486.4,103.32,14.2025
7143.04,7416,63123.8,3116.88,3160,64641.7,5822.64,7.38,14.2035
11645.4,10832,70457.5,8798.4,8068,71469,28816.6,23.78,14.2046
11129.6,11529,63265.6,5116.32,5225,64172.9,11279.5,5.74,14.2057
19520,19313,66238.4,7308.72,7205,66479.4,16782.5,68.06,14.2067
14000,13694,67000.4,9320.4,8922,68462.4,16830.7,-4.1,14.2078
12599,12928,63868.4,4240.8,4224,65796.7,20719.4,-28.7,14.213
12307.2,12716,63429.1,4690.08,4732,64955.4,13021.9,72.98,14.213
6025.6,6713,58825.2,3024.72,3069,64590.4,8324.64,12.3,14.2141
8876.16,8192,71009.3,7986.96,7264,72058.6,13685.8,54.94,14.2162
5688.32,5962,62527.6,2332.8,2350,65056.3,16645,-6.56,14.2183
12874.9,12972,65045.3,5758.56,5688,66349,6313.68,-6.56,14.2194
8787.2,8448,68167.4,7690.32,6912,72915.6,15517.4,-18.86,14.2215
12474.2,12561,65083.3,7547.04,7201,68685.3,30577,24.6,14.2215
15347.2,14337,70153.7,18106.6,16549,71704.1,13213.4,122.18,14.2225
11497.6,10983,68606.6,11443,10471,71619.3,30204.7,56.58,14.2246
9020.8,8812,67088.9,5205.6,4924,69284,14954.4,4.92,14.2278
10465.3,10460,65569.1,4258.8,4284,65150.5,7308,50.84,14.2289
8109.44,8369,63503.4,4126.32,4021,67252.6,14372.6,-22.14,14.2299
7787.52,7768,65700.7,3081.6,3036,66520.3,8827.92,0,14.232
22567.7,20972,70522.4,12154.3,11768,67687.4,27925.2,182.86,14.2331
18438.4,17849,67700.1,11887.9,11277,69086.4,17444.2,-4.92,14.2341
12841,12982,64824,5181.12,5218,65072.8,20895.1,123.82,14.2341
30898.6,24754,81803.7,38279.5,30722,81657.7,6356.16,404.26,14.2363
9347.2,9308,65812,3260.16,3240,65943.8,7714.08,67.24,14.2384
12362.2,12129,66796.3,4249.44,4177,66672.6,19498.3,-28.7,14.2384
12129.9,11192,71028.1,5698.08,5004,74626.2,49716,19.68,14.2384
7587.2,7832,63487.6,2488.32,2604,62624.6,9053.28,-45.1,14.2405
15957.1,15642,66856.3,6289.92,6314,65286.1,8797.68,39.36,14.2415
9229.44,9385,64449.7,2919.6,3065,62427.1,15053.8,58.22,14.2426
16036.5,15129,69467,8100.72,7689,69045.2,32238,-43.46,14.2426
16462.7,15389,70108.6,10949.8,8025,89421,14629,63.96,14.2436
20097.9,19556,67352.1,11534.4,10880,69477.8,34390.8,64.78,14.2447
9748.48,9695,65897.5,6944.4,6667,68262.8,28295.3,81.18,14.2489
6307.2,6744,61291.3,2831.76,2856,64979.8,7513.92,26.24,14.25
10715.5,11009,63788.9,3574.08,3669,63840.5,16392.2,50.84,14.2521
9184.64,7805,77120.4,71799.1,48441,97137.3,10060.6,1377.6,14.2531
6220.16,6380,63894.1,2725.2,2744,65087,5974.56,16.4,14.2542
13586.6,12644,70421.4,8511.12,8148,68456.7,16763,12.3,14.2542
12230.4,12377,64759.8,4363.92,4393,65102.2,37321.2,20.5,14.2553
6603.52,6771,63915,2790,2736,66829.5,9424.08,-21.32,14.2574
9372.16,8678,70778.3,7275.6,6662,71572.2,17451.4,145.96,14.2595
13305,12813,68052.3,6042.96,5689,69613.5,14896.1,36.9,14.2616
13835.5,14012,64710.6,5409.36,5516,64269,9807.84,0,14.2626
9523.2,9756,63972.2,3952.08,4028,64300.8,28197.4,31.16,14.2637
13459.2,12684,69541.3,7460.64,7096,68903.7,8818.56,-11.48,14.2647
9985.92,9744,67163.1,5314.32,5092,68397.4,22869.4,-46.74,14.2647
18132.5,17601,67514.9,7827.84,6065,84584.6,21434.4,113.98,14.2658
17370.9,17036,66824.3,9538.56,9212,67859.2,24217.2,9.84,14.269
5027.2,5256,62683.1,2111.04,2088,66259.2,6334.56,-3.28,14.27
6883.84,7028,64191.7,3151.44,3124,66111.6,8149.68,95.94,14.27
16819.2,16097,68476.3,8012.16,7697,68219.4,7281.36,24.6,14.2764
21568.6,13941,101393,7935.84,4657,111678,6999.84,-31.16,14.2774
12003.8,11536,68193.8,6557.04,6240,68865.7,30982.3,34.44,14.2785
6220.8,6416,63542.1,2809.44,2800,65757,5649.84,-18.04,14.2785
17721.6,18064,64293.8,5901.12,5956,64932.1,21417.1,15.58,14.2785
12056.3,12100,65299.4,7348.32,7264,66296.7,11543.8,16.4,14.2795
6221.44,6352,64189,3963.6,3732,69603,4946.4,-26.24,14.2795
9150.08,8980,66777.2,3456.72,3424,66162.3,26834.4,41.82,14.2806
10154.2,10045,66248.7,6377.76,6329,66040.9,6680.88,-30.34,14.2837
5203.2,5181,65816.8,2611.44,2605,65698,8971.2,-25.42,14.2837
9509.12,9312,66923.3,4689.36,4496,68354.5,14569.2,23.78,14.2837
10591.4,10572,65656,5104.08,3736,89534.5,19533.6,0.82,14.2848
13749.1,13393,67278.6,5122.08,4965,67609.4,29796.5,28.7,14.2859
7911.68,7660,67689.3,2936.88,2888,66645.2,34036.6,63.96,14.2859
10152.3,8905,74715.6,5681.52,5373,69299.1,20383.2,9.84,14.288
7601.28,7085,70311.6,4198.32,4109,66960.6,12178.1,95.12,14.2901
5971.84,5789,67605.9,2167.2,2249,63152.4,8178.48,-30.34,14.2901
8510.72,8260,67525.3,4297.68,4320,65197.4,5567.04,66.42,14.2911
9272.32,9048,67160.8,4040.64,3896,67969,17410.3,13.94,14.2911
13408.6,13236,66390.8,6572.16,6596,65299.1,7940.88,41,14.2911
14593.9,14180,67449,6341.04,6272,66257.4,17770.3,108.24,14.2922
13603.2,13233,67369.4,5999.76,5925,66362.9,8285.76,1.64,14.2922
13503.4,12717,69588.4,6023.52,5785,68238.1,24073.2,-17.22,14.2922
9124.48,8852,67553.3,4510.08,4372,67605.8,7513.2,108.24,14.2932
12759,12732,65675.2,7909.2,7816,66317.5,11794.3,4.1,14.2932
10329.6,9945,68070.5,8020.08,7597,69185.7,19765.4,-24.6,14.2954
18244.5,16757,71353.5,9427.68,8629,71601.9,37505.5,114.8,14.2964
12293.8,12245,65797,4960.8,4965,65480.6,16132.3,-97.58,14.2975
10921.6,10226,69993.9,5833.44,5458,70044,17899.2,20.5,14.2985
8961.92,8521,68927.2,6449.04,5757,73414,23408.6,118.08,14.3027
9665.92,9398,67404.3,5608.08,5430,67685.3,8223.84,-28.7,14.3049
10677.1,10637,65783.2,5520.96,5469,66158.6,10705,55.76,14.3059
7939.84,7585,68601.9,2241.36,2165,67847.5,10365.1,134.48,14.308
11653.8,11001,69424.7,4937.76,4797,67459.1,10391.8,-11.48,14.3091
9125.76,9217,64887.3,4120.56,4197,64342.4,5810.4,15.58,14.3122
12812.8,12400,67717.7,7092,6708,69287.6,9627.12,18.86,14.3154
18375.7,17701,68033.9,10098,10001,66171.6,9984.96,38.54,14.3165
25146.9,21108,78075.9,22495,20116,73286.4,135106,159.9,14.3165
11338.2,10520,70633.4,5386.32,5032,70150.6,16613.3,71.34,14.3196
10931.8,11065,64747.3,6654.96,6505,67046.8,27887.8,57.4,14.3207
11288.3,11032,67058.7,4543.2,4332,68731.1,7708.32,113.16,14.3217
16692.5,15584,70197.5,9600.48,8868,70949.1,45774.7,20.5,14.3228
15384.3,14956,67412.9,9288.72,8856,68738.2,24797.5,85.28,14.3249
13466.9,12641,69817.7,9449.28,8853,69950.1,12255.8,46.74,14.3249
11156.5,11369,64310.9,6740.64,6893,64087.4,14202,78.72,14.3281
9531.52,9596,65095.6,2667.6,2648,66021.1,11019.6,-22.96,14.3281
11480.3,11492,65469.4,7440.48,7328,66541.9,5793.84,19.68,14.3323
5584.64,5771,63419.7,2172.24,2155,66060.3,5454.72,-4.92,14.3333
9400.32,9254,66572.2,8516.16,7350,75934,8337.6,45.92,14.3344
11424,11265,66461,7076.88,6673,69502.5,28818,54.12,14.3355
5504,5779,62417.4,2493.36,2451,66668.6,7678.8,45.1,14.3355
8319.36,8301,65681,6545.52,6121,70081.2,12633.8,89.38,14.3376
7854.08,8514,60456.3,3533.76,3650,63448.9,18805,10.66,14.3386
22788.5,19613,76146.7,20581.2,18109,74482.8,20393.3,62.32,14.3397
18649.6,18257,66945.3,11222.6,10821,67968.5,5294.88,46.74,14.3407
14236.8,14325,65132.5,5507.28,5557,64949.6,8499.6,42.64,14.3428
5898.24,5849,66087.7,2723.76,2601,68629.1,7771.68,2.46,14.3439
11399,11416,65438.6,7454.88,7144,68387.9,17733.6,45.92,14.3439
6377.6,6908,60504.1,3086.64,3164,63933.6,9361.44,-20.5,14.3471
13811.2,13209,68523.8,9025.92,8125,72802.8,21780.7,31.98,14.3502
11685.8,11984,63905,7331.04,7248,66286.9,5036.4,22.96,14.3523
13569.3,13736,64740.6,4345.92,4476,63631.4,19737.4,10.66,14.3576
15130.9,14052,70567.7,8498.16,7760,71770,25138.8,5.74,14.3587
8654.08,8414,67406,3129.84,3006,68235.9,15051.6,24.6,14.3587
13296,12184,71517.3,10050.5,9020,73023.1,32726.9,24.6,14.3597
6845.44,6921,64820.5,2795.04,2841,64475.8,14271.8,-62.32,14.3608
5233.92,5417,63321.1,2754,2701,66822,6350.4,35.26,14.3618
6844.16,6788,66078.2,2714.4,2743,64852.7,42071.8,-75.44,14.3629
12676.5,12156,68342,5631.12,5496,67147.2,6264.72,-30.34,14.3629
5903.36,5684,68065.2,2280.24,2272,65773.7,6703.92,5.74,14.365
8094.72,7869,67415.9,3950.64,3997,64775.9,10964.2,-31.98,14.365
7907.84,7796,66476.2,2164.32,2228,63662.9,18179.3,15.58,14.3661
12196.5,11214,71277.7,7161.84,6654,70537.8,15496.6,82.82,14.3692
14348.2,12932,72712.7,9465.84,9172,67635.6,11794.3,-18.04,14.3713
6211.2,5724,71114.1,2499.84,2408,68035.5,7812.72,4.1,14.3713
9755.52,9145,69911.2,3628.08,3609,65882.5,24015.6,-24.6,14.3734
12407,11788,68977.6,7192.8,6908,68237.9,12670.6,91.02,14.3787
7768.32,7345,69313.1,2867.76,2789,67386.7,12827.5,3.28,14.3787
7975.68,7598,68793.6,2791.44,2734,66912.9,8696.88,0,14.3798
5610.88,5377,68386.6,2052.72,2069,65020.3,5214.96,37.72,14.3808
11983.4,11688,67192.1,5896.8,5932,65147.1,6251.76,14.76,14.3819
17390.7,14370,79312.3,11574,10050,75474,56836.1,37.72,14.384
11112.3,9809,74243.8,7210.8,6577,71851.5,6674.4,95.12,14.384
11367,9532,78152.6,8795.52,8076,71374.8,39418.6,-31.16,14.3851
7097.6,6616,70306.6,2221.92,2232,65240,18059,4.1,14.3872
16333.4,14653,73051.8,16291.4,13181,81001.1,13393.4,100.86,14.3903
6867.2,6776,66418.1,3579.84,2968,79046,5900.4,-8.2,14.3924
12217,11593,69063.3,8084.88,7565,70039.8,8122.32,-79.54,14.3924
17056.6,15949,70087.4,8108.64,7837,67807.6,15748.6,88.56,14.3946
12986.9,11189,76066.5,7820.64,7073,72463.4,45965.5,205,14.3946
13929,13276,68759.3,7087.68,7004,66319,10743.8,65.6,14.3956
10327.7,9336,72497.3,6111.36,5628,71164.6,22781.5,-11.48,14.3977
12601.6,11012,74996.2,7445.52,6960,70107.7,23312.9,69.7,14.3988
5871.36,5444,70680.7,3022.56,2848,69552.8,17611.9,6.56,14.3988
14345,12877,73007,8812.08,7913,72982.2,37915.9,45.1,14.3998
7129.6,6700,69738.1,1779.84,1820,64089.9,15264,-9.84,14.4019
12589.4,10573,78034.8,8658,7885,71960.8,14420.2,70.52,14.4019
6228.48,5877,69455.4,1992.96,1969,66333.5,13373.3,19.68,14.4019
11772.8,11436,67466.1,4266,4312,64836.9,11669,9.84,14.4051
11211.5,10324,71169.9,6715.44,6308,69769,11516.4,68.06,14.4062
9580.16,8972,69978.3,2774.88,2764,65794,27706.3,63.14,14.4062
8715.52,8244,69284.4,3438,3428,65727.2,12710.9,56.58,14.4083
11964.2,11599,67599.2,5149.44,5167,65313.3,7994.16,94.3,14.4093
11335,10282,72247.9,6464.16,6238,67912,6134.4,-17.22,14.4146
17861.8,16149,72486.7,14605.2,13669,70024.6,8297.28,31.98,14.4146
11370.2,10897,68382.1,3602.88,3589,65789.5,21511.4,-10.66,14.4157
13857.9,12274,73993.2,10961.3,10070,71336.5,11670.5,13.94,14.4157
12033.9,10008,78802.5,15056.6,13244,74505.6,16947.4,13.12,14.4188
8369.92,8053,68115.1,3373.2,3109,71105.2,7336.8,10.66,14.4209
6362.88,6113,68214.9,3145.68,3029,68060.5,5028.48,29.52,14.4209
10943.4,9927,72245.8,7205.04,6567,71903.4,43520.4,60.68,14.422
7466.88,7676,63750.6,3052.08,3176,62978.9,36977.8,47.56,14.4241
8529.92,8477,65945.1,7017.84,6573,69971.3,12161.5,39.36,14.4241
13352.3,12800,68363.9,6452.64,6212,68074.7,14132.9,-8.2,14.4283
7053.44,6951,66501.8,2720.88,2775,64257.9,24381.4,86.92,14.4304
8795.52,8453,68191.5,5258.88,5045,68314.4,11675.5,21.32,14.4304
8197.12,8251,65108,2851.2,2875,64993.5,7301.52,43.46,14.4315
19525.1,16912,75662.1,18126.7,15380,77240.1,38665.4,72.98,14.4357
6418.56,6621,63532.2,2456.64,2542,63335.3,7075.44,-20.5,14.4442
10109.4,8608,76967,6629.04,6052,71784.7,27156.2,84.46,14.4452
5163.52,5200,65076.2,2507.04,2564,64080.1,9266.4,93.48,14.4463
13169.3,12343,69923.2,7654.32,7287,68839.5,14116.3,72.16,14.4473
7696.64,7209,69969.1,3474.72,3405,66877.9,11770.6,91.84,14.4484
23601.9,20612,75042.5,20340,18208,73209.7,23819.8,115.62,14.4484
9456,8309,74582.8,6556.32,6293,68278.3,12895.9,-8.2,14.4484
14206.1,13447,69235.5,4504.32,4455,66261.5,6300.72,-48.38,14.4494
13500.2,12588,70284.9,9293.76,8620,70658.5,22946.4,110.7,14.4505
6592,6463,66844.1,2593.44,2591,65597.7,20910.2,121.36,14.4515
11552.6,10944,69180.7,5919.84,5508,70436.2,11033.3,68.06,14.4526
14681.6,14304,67266,5895.36,5412,71389.2,5288.4,26.24,14.4537
6632.32,6537,66491.6,2728.08,2745,65132,39616.6,43.46,14.4537
6800.64,6469,68895.8,2787.84,2545,71789.3,10024.6,-13.12,14.4537
14380.8,13536,69626.2,5605.92,5360,68542.8,39057.1,14.76,14.4547
13312,12561,69454.3,4391.28,4261,67539.8,5379.12,-12.3,14.4547
19116.8,17712,70733.9,8384.4,8080,68005,8493.12,28.7,14.4547
8206.72,7839,68610.2,3453.84,3483,64987.3,5690.88,9.02,14.4568
10684.8,10521,66556.3,3818.88,3913,63959.7,12483.4,47.56,14.4589
22028.8,18452,78239.7,40286.9,37760,69921.6,29204.6,888.88,14.46
9088.64,8071,73799.2,7817.04,7315,70033.8,14810.4,20.5,14.46
13187.8,9816,88047.9,218758,165996,86366.5,8891.28,4974.94,14.46
11228.8,10848,67836.5,4695.12,4624,66544,6006.24,5.74,14.4621
12674.6,11768,70584.6,4489.92,4380,67180.7,19090.8,53.3,14.4631
9409.28,8793,70129.3,3145.68,3149,65466.9,14173.2,-34.44,14.4631
9246.08,8853,68445.9,4433.04,4245,68439,18905,-86.1,14.4653
12066.6,11477,68902.5,7052.4,6469,71446.3,47022.5,-41,14.4663
15900.8,15365,67821.3,5896.08,5829,66290.2,6929.28,-4.92,14.4674
14021.8,13379,68684.5,8045.28,7159,73649.3,23155.9,67.24,14.4705
12029.4,11356,69422.5,9477.36,9004,68981.4,6040.8,-34.44,14.4748
8537.6,7944,70433,8668.8,8364,67924.3,24020.6,95.94,14.4769
6527.36,6556,65249.7,2625.12,2712,63436.5,20221.2,56.58,14.48
13483.5,13152,67188,6248.88,6304,64963,12769.9,-0.82,14.48
11109.8,10293,70736.3,6618.96,6181,70179.6,10827.4,194.34,14.48
11984.6,11502,68286,5481.36,5438,66058.6,21258.7,35.26,14.4811
7612.8,7245,68863,2659.68,2729,63871.3,16593.1,-32.8,14.4832
9223.04,8920,67762.5,2756.88,2860,63173,6904.8,-6.56,14.4832
16099.8,15144,69672.4,9555.12,9320,67189.3,9002.16,15.58,14.4843
14183,13243,70188,3905.28,3775,67797.7,13929.1,32.8,14.4853
12574.7,11529,71480.3,4597.2,4605,65425,25177,26.24,14.4864
11778.6,10537,73258,8219.52,7929,67937.3,19808.6,18.04,14.4874
12264.3,11113,72325.6,4014,4041,65098.1,14946.5,18.86,14.4885
11408.6,10157,73612,4136.4,4189,64713.1,5191.2,54.94,14.4885
14369.9,12749,73868.3,3998.88,3869,67736,18144.7,-2.46,14.4885
14428.2,12092,78197.5,7750.8,7100,71543.2,36452.2,24.6,14.4885
17917.4,16199,72488.3,6660,6439,67785.3,7531.2,-53.3,14.4895
15824.6,14335,72346.3,3264.48,3388,63146.7,7918.56,-6.56,14.4916
12750.7,11040,75691.2,7554.24,7092,69807.5,10303.2,45.1,14.499
14395.5,13417,70315.6,4456.8,4457,65533.1,16394.4,25.42,14.5011
9438.08,8997,68748.9,4314.24,4213,67110.9,21754.8,47.56,14.5054
18563.2,15843,76788.3,14367.6,12935,72794.4,22759.9,52.48,14.5064
7186.56,6992,67359.6,3108.24,3172,64218.7,11599.9,43.46,14.5064
8549.76,8238,68016.1,4315.68,4266,66299.2,7694.64,36.08,14.5127
12414.1,12572,64712.8,4086,4092,65439.9,4855.68,-23.78,14.518
13068.2,11961,71602.3,10861.2,9769,72863.1,36051.8,79.54,14.5233
8972.8,8811,66739.5,6671.52,6507,67193,11713,34.44,14.5233
14494.7,13564,70032.9,17550.7,16380,70220,17444.9,936.44,14.5265
6705.92,6908,63618.9,3583.44,3272,71773.9,13447.4,70.52,14.5286
7251.84,7551,62939.6,2851.2,2847,65632.7,17348.4,9.02,14.5307
7008,7073,64933.7,3780,3029,81784.8,12242.9,-27.88,14.5317
13552,13053,68041.4,5691.6,5613,66453.7,18095,181.22,14.5339
10896.6,10654,67028.6,4060.08,4062,65505,13235.8,63.96,14.5339
10879.4,10488,67981.5,5673.6,5448,68249.8,14294.9,50.84,14.5349
7037.44,7444,61956.7,2051.28,2112,63651.8,12343.7,-12.3,14.536
10750.1,10651,66145.6,7177.68,6831,68862,10513.4,98.4,14.5402
32695.7,27164,78881.8,26586.7,22172,78585,89443.4,194.34,14.5434
11381.1,10801,69055.9,7614.72,6997,71321.8,17227.4,78.72,14.5455
21175.7,19902,69730.1,14896.1,13822,70628.7,22918.3,98.4,14.5465
12133.1,11136,71404.1,7359.12,6596,73118.2,61858.1,26.24,14.5486
9284.48,9163,66404.9,4649.76,4427,68833.7,30777.1,50.84,14.5518
7292.16,7265,65781,3255.12,3237,65902.9,4811.04,1.64,14.556
6798.72,6840,65140.5,2754,2732,66063.7,8029.44,-50.02,14.556
9357.44,9676,63378.4,4590.72,4680,64285.8,11728.8,39.36,14.5592
22227.2,20013,72786.8,13791.6,12957,69757.4,39857.8,91.84,14.5592
12872.3,12677,66545.7,5073.12,5057,65744.9,8976.96,59.04,14.5613
11379.8,10161,73397.2,10090.1,9185,71993.8,20594.9,51.66,14.5634
17429.1,16553,69004.7,7626.24,7369,67823.8,20126.2,-9.84,14.5634
22222.1,16112,90388.9,27735.8,22208,81848.7,22275.4,173.02,14.5687
24128.6,21384,73947.6,10931.8,9884,72483.2,35326.8,57.4,14.5697
10825.6,10055,70558.6,5264.64,5076,67971.5,4869.36,-6.56,14.5708
8264.96,7844,69053.1,2421.36,2468,64297.5,9334.8,63.96,14.5708
17937.9,17008,69119.2,8091.36,8048,65889.1,34619.8,39.36,14.5718
11145.6,10765,67853,4467.6,4377,66892.5,16848.7,26.24,14.5729
10734.7,9600,73282.4,5677.92,5172,71946.7,14484.2,107.42,14.574
13060.5,12447,68766.1,5446.8,5468,65281.9,19242,18.86,14.5761
12312.3,11312,71331.4,9267.12,8676,70001.2,13362.5,17.22,14.5771
13942.4,13408,68148,7597.44,7616,65376.3,11739.6,66.42,14.5771
11254.4,11196,65877.8,3383.28,3308,67027.4,7708.32,-19.68,14.5792
12638.7,11774,70349.2,6177.6,5982,67678.9,10988.6,-58.22,14.5803
7799.04,7380,69257.2,4351.68,2820,101132,10783.4,-13.94,14.5824
7799.04,7672,66621.2,4712.4,3068,100662,11592,280.44,14.5845
7240.96,7319,64837.2,2085.12,2183,62597.5,18293.8,20.5,14.5887
5325.44,5317,65640,2251.44,2325,63462.5,9222.48,-63.14,14.5887
11395.2,10256,72815.5,7207.92,6608,71485.8,22950.7,26.24,14.5887
9838.08,9145,70502.8,5222.88,4809,71176.3,12723.8,7.38,14.5908
13292.8,12743,68363.6,3916.8,3783,67853.9,8726.4,178.76,14.5908
10868.5,10472,68017.3,5698.8,5384,69367.9,22290.5,80.36,14.5908
17896.3,16952,69186.7,11065.7,10716,67674.6,6920.64,63.14,14.5919
12946.6,12672,66955.9,6166.8,6080,66471.6,6444,41,14.594
20190.1,17490,75653.3,10899.4,9250,77221.7,29785.7,135.3,14.5951
13004.2,11837,71998,11887.9,10781,72264.8,19748.9,61.5,14.5982
7134.72,7341,63694.5,3070.08,3049,65989.1,5835.6,68.06,14.6014
25153.3,23437,70335.2,101943,87897,76008.4,18327.6,1184.08,14.6025
9469.44,9610,64577.4,2953.44,2970,65170.6,8539.2,22.96,14.6035
16667.5,15792,69169.4,9609.12,9024,69785.4,18575.3,45.92,14.6067
15297.3,14421,69518.2,8663.76,8305,68367,17941,9.84,14.6067
17636.5,16155,71545.9,11494.8,10779,69888.1,31631.8,22.96,14.6067
14203.5,14225,65437,5518.08,5617,64381.9,12999.6,27.88,14.6077
7441.92,7276,67030.5,2432.16,2428,65648.3,8015.04,0.82,14.6109
7289.6,7310,65353.1,3235.68,3390,62552.7,5222.16,27.06,14.6162
16949.8,15912,69810.2,5841.36,5672,67492.8,10672.6,78.72,14.6172
8128,7758,68661.6,3324.24,3310,65818,12147.1,-12.3,14.6193
13264,12639,68776.8,5369.04,5295,66452.4,7020.72,-2.46,14.6193
8799.36,8498,67860.1,3690.72,3622,66779.4,12350.9,106.6,14.6225
5434.24,5533,64366.2,2130.48,2045,68275.4,14459,-47.56,14.6278
13649.3,13569,65923.7,7848.72,7637,67352.9,8203.68,54.94,14.6278
16149.8,16064,65885.9,5812.56,5844,65183.4,12803,52.48,14.6278
9557.12,8404,74528.3,6023.52,5476,72088.6,17051,-28.7,14.6288
12480,11725,69756,9005.04,8285,71231.7,18842.4,-13.94,14.6299
10378.2,10389,65468.1,4965.12,5073,64142.3,16122.2,-33.62,14.6299
12499.8,12086,67780,5143.68,4934,68321.1,8394.48,-59.04,14.6309
11738.2,11005,69902.5,6520.32,6073,70363.2,15662.2,-67.24,14.6341
15037.4,14100,69893.2,7257.6,5008,94974.9,6604.56,-21.32,14.6341
16967.7,15596,71299.9,9028.08,8316,71147.7,28555.9,20.5,14.6341
11241.6,10625,69339.2,9843.12,9281,69505.3,10939,115.62,14.6352
11093.8,10797,67337.3,4065.12,4077,65345,21444.5,-24.6,14.6362
11617.3,11077,68732.5,8370,8129,67478.9,9729.36,50.84,14.6373
11148.2,10773,67818.2,4529.52,4481,66245.6,6914.88,-50.02,14.6415
9006.08,8781,67215.9,3036.96,3085,64515.5,23608.8,-50.84,14.6415
9652.48,9752,64867.2,3494.88,3644,62854.1,25690.3,0.82,14.6436
13811.2,13196,68591.3,4793.04,4664,67349.2,7626.96,47.56,14.6468
7109.76,6597,70629.9,3224.16,3077,68670.3,6055.92,-48.38,14.6468
14871,14482,67296.5,6022.08,6086,64847.7,8113.68,50.84,14.651
12886.4,12336,68460,7032.96,6752,68263,10114.6,54.94,14.651
13977.6,11820,77498.8,7976.88,7224,72366.1,17251.9,-8.2,14.651
12705.3,11721,71039.4,6657.12,6285,69416.2,11956.3,-18.04,14.6521
9161.6,8764,68509.2,3813.12,3532,70752.2,17911.4,22.96,14.6521
9206.4,9086,66404.4,1770.48,1882,61652.6,7970.4,-23.78,14.6521
10351.4,10085,67266.9,4114.8,4081,66078.8,21946.3,18.86,14.6521
5436.16,5396,66023.8,2036.88,2144,62261.6,8471.52,43.46,14.6531
5715.84,5592,66987.4,2146.32,2156,65241.8,11639.5,28.7,14.6584
11932.2,11452,68283.8,7398,5676,85418.5,6881.76,208.28,14.6605
12977.9,12049,70588.5,8475.84,8005,69390.7,45399.6,12.3,14.6615
18666.9,16141,75791.6,14991.1,13273,74019.3,55627.9,91.84,14.6626
7296.64,7228,66158.4,2918.88,2744,69712.7,10080.7,-5.74,14.6626
11509.1,11236,67129,6631.92,6676,65103.3,8054.64,-25.42,14.6637
6480.64,6481,65532.4,2751.84,2837,63568.8,9661.68,36.9,14.6647
15203.8,14700,67782.2,8756.64,8584,66854.1,19322.6,27.88,14.6647
13710.1,12752,70459.8,6300.72,5712,72290.6,17257.7,41.82,14.6668
7343.36,6993,68819.5,4250.16,4133,67393.8,5601.6,15.58,14.6679
10010.9,9765,67186.2,5159.52,5137,65823.3,11286.7,55.76,14.6679
9816.32,8909,72210.4,7087.68,6541,71013.3,53429.8,54.94,14.6689
6080.64,5961,66851.3,2880.72,2905,64988.3,4898.16,48.38,14.6732
7958.4,7857,66381.8,3183.84,3249,64221.7,10252.1,-36.9,14.6732
13310.7,12213,71426.5,8413.2,7617,72386.4,9170.64,-46.74,14.6732
12074.9,10872,72786.9,9108,7884,75710.5,63070.6,58.22,14.6732
11905.3,11424,68297,6590.88,6308,68474.9,22243.7,-0.82,14.6742
7064.32,6981,66318.2,2964.24,2981,65167.5,11066.4,34.44,14.6753
28373.8,22172,83867.2,18406.1,15624,77205.6,16199.3,154.16,14.6753
5309.44,5291,65764.4,2014.56,2095,63019.7,12045.6,-59.86,14.6753
20972.2,17472,78664.8,17843,15844,73804.7,55288.1,132.02,14.6774
13586.6,13349,66702.3,3523.68,3477,66415.8,9231.12,-6.56,14.6795
10900.5,10088,70814.2,6655.68,6152,70901.6,24859.4,28.7,14.6795
14229.1,12464,74817,7948.08,7428,70124.6,10426.3,10.66,14.6805
8645.76,8053,70359.9,7084.8,6641,69915.6,13603.7,-7.38,14.6816
7153.92,7193,65179.9,1614.96,1657,63873.3,24343.2,-4.1,14.6816
11040,10853,66665.2,6222.96,5157,79082.4,9290.88,36.9,14.6816
10451.8,10663,64238.2,3800.16,3895,63940.3,11296.8,36.08,14.6827
10685.4,10684,65544.8,5763.6,5772,65440.6,6529.68,109.88,14.6848
6893.44,7325,61674.9,2661.12,2729,63905.9,6188.4,-35.26,14.69
8160.64,8494,62963.9,3125.52,3146,65109.4,13613.8,113.98,14.69
7706.88,7897,63958.2,4031.28,3929,67242,8861.04,9.02,14.69
9872.64,9377,69000,7483.68,6821,71903,26737.9,-13.94,14.69
18939.5,17208,72130.4,16251.1,14428,73817.1,21746.9,122.18,14.6985
10567.7,10461,66204.3,6363.36,5929,70337.2,8012.16,49.2,14.6995
16615,16312,66753.5,6699.6,6444,68135.5,33611,20.5,14.7006
7090.56,7368,63068.3,3369.6,3260,67739.3,8927.28,88.56,14.7006
12695,11784,70602.7,9203.76,8380,71978.2,34112.9,59.86,14.7048
8776.32,8913,64531,5500.08,5317,67792.6,13788,-9.84,14.708
16106.2,14753,71547.4,11304.7,10197,72655.3,45172.1,31.16,14.709
23694.7,20512,75704.8,14061.6,12064,76387.7,15338.9,118.08,14.7101
4574.08,5120,58548.2,2075.76,2112,64411.5,14788.1,19.68,14.7101
12609.9,11924,69305.9,11108.2,10240,71092.2,18676.1,104.14,14.7122
14657.3,12614,76151.8,15001.2,13090,75104.6,84903.1,73.8,14.7122
22484.5,18089,81460.7,23072.4,18317,82550.2,40763.5,134.48,14.7143
10769.9,10584,66687.2,7111.44,6844,68096.9,13119.1,-63.96,14.7164
8676.48,7952,71506.8,5418.72,5188,68450.5,6181.2,-60.68,14.7206
10458.2,9873,69420.8,5600.16,5297,69286.8,5288.4,21.32,14.7217
14873,14522,67119.9,5438.88,5514,64643.2,5338.08,22.96,14.7217
12739.8,12305,67851.9,7620.48,7377,67699,28046.9,22.96,14.7228
10320,9852,68649.2,5422.32,5372,66149.9,25773.1,93.48,14.7238
6683.52,5945,73677.2,5848.56,5277,72634.3,11039.8,821.64,14.7259
5509.12,5445,66307.8,2313.36,2433,62313.4,17208,83.64,14.7259
7955.84,7544,69113.7,4368.96,4204,68107.6,24549.8,29.52,14.7259
9520,9337,66820.5,6102,4893,81729.1,13403.5,17.22,14.7291
9342.08,9456,64746.5,3844.08,3860,65265.7,22973.8,-64.78,14.7312
17674.9,13761,84175.6,11623.7,9937,76659.9,30961.4,91.84,14.7312
13733.8,13235,68005.7,6932.16,6359,71443,11581.2,50.02,14.7312
18574.1,14065,86546.1,21163,16309,85041.1,35197.9,101.68,14.7333
11468.2,10789,69661.4,7891.92,7061,73248.1,11681.3,50.84,14.7344
29336.3,27499,69914.7,11373.1,10591,70375.7,40631.8,86.92,14.7375
12241.3,11954,67111,6500.16,5954,71547.6,5974.56,71.34,14.7375
12727,12401,67259,9246.96,8773,69076.6,19710.7,64.78,14.7407
14319.4,14389,65218.8,6577.92,6533,65986.6,52265.5,-4.92,14.7407
13690.9,13421,66853.8,7336.8,6825,70450.5,49091.8,7.38,14.7418
48597.1,41044,77596.3,72398.2,57988,81821.9,19671.1,656,14.7428
11287,11224,65904.1,4831.2,4668,67827.2,23016.2,78.72,14.7428
12863.4,12064,69878.4,11115.4,10452,69695.4,13962.2,56.58,14.7439
17075.8,15989,69990.8,14199.1,13409,69397.7,11536.6,91.02,14.747
8177.92,8132,65906.1,4362.48,4212,67877.4,8920.08,50.84,14.7523
11678.7,11824,64730.8,4716.72,4628,66792.4,7182,-17.22,14.7565
16340.5,15584,68717.3,11350.8,10784,68980.5,15404.4,89.38,14.7576
9877.76,9676,66902.5,4775.76,4620,67745.5,12897.4,68.88,14.7576
12614.4,12576,65736.1,4255.92,4288,65045.7,11009.5,89.38,14.7586
12880.6,8717,96839,9785.52,5453,117606,20505.6,1299.7,14.7618
11811.2,11645,66471.3,4377.6,4281,67014.8,11408.4,132.84,14.7618
21569.3,16049,88078,25917.1,22389,75863.4,8853.12,98.4,14.7618
7605.76,7649,65165.5,3090.24,3041,66597.2,7632.72,45.92,14.7629
16096,15636,67464,9685.44,9364,67785.7,9884.88,40.18,14.7639
12423.7,11973,68002.9,6270.48,6085,67533.6,15942.2,59.04,14.765
5712.64,5963,62784.4,2260.08,2283,64878.1,18147.6,129.56,14.7671
10021.8,9765,67259.2,5545.44,5345,67993.6,5834.16,41,14.7671
11823.4,11688,66295,4489.92,4428,66452.4,9250.56,-54.12,14.7766
11069.4,11044,65687,4541.76,4480,66439.5,19312.6,18.86,14.7766
13171.8,12652,68228.7,5263.2,5100,67633.2,11080.8,20.5,14.7819
13283.8,11336,76796.9,7796.16,6856,74522.9,40065.1,100.04,14.7829
7275.52,6480,73581.6,9029.52,8224,71955.1,14685.1,80.36,14.784
6161.92,6009,67203.8,2274.48,2317,64333.3,10487.5,-20.5,14.7861
10349.4,10178,66639.9,3800.88,3874,64299,16275.6,26.24,14.7861
12010.9,11662,67496.6,5420.88,5450,65185.8,11342.2,54.12,14.7871
9111.04,8353,71483.4,5757.84,5493,68695.8,13321.4,-34.44,14.7892
12446.1,10824,75357.2,10206,8972,74549.8,49888.8,32.8,14.7945
9290.24,8857,68741.7,8793.36,5225,110293,11709.4,314.88,14.7956
11669.8,10956,69805.5,8955.36,8440,69537.7,18760.3,84.46,14.7966
10401.3,9950,68508.4,3772.08,3706,66704.6,10385.3,-17.22,14.7977
6971.52,6768,67506.7,2280.96,2224,67214.5,7541.28,30.34,14.7998
11571.8,10734,70651.4,4804.56,4474,70378.1,15038.6,4.92,14.8009
8329.6,8229,66337.2,2586.24,2529,67019.3,14364,-0.82,14.8019
12405.8,12305,66072.6,4166.64,4209,64876.4,27301.7,91.02,14.804
16560.6,13781,78754.7,8021.52,6965,75477.1,23473.4,93.48,14.804
8078.72,8069,65614.9,3191.76,3217,65021.8,12505.7,184.5,14.8051
5893.12,5932,65106.5,2685.6,2664,66067.4,19237,-31.98,14.8082
6785.28,6997,63553,3042.72,3077,64805.9,18044.6,-41.82,14.8103
13888,13777,66064,4324.32,4277,66261.1,9985.68,-34.44,14.8114
18282.9,16980,70564.6,12042,11108,71046.5,12893.8,145.14,14.8125
7776,7732,65908.9,2787.84,2704,67568,24829.2,-22.96,14.8146
15514.2,14984,67855.1,7439.04,7164,68052.1,19499.8,32.8,14.8156
13253.8,12460,69711,7760.88,7308,69597.3,23807.5,64.78,14.8188
12503.7,11885,68947.5,8579.52,7945,70770,10206,91.84,14.8198
20177.9,19100,69234.6,10682.6,10392,67368.9,9024.48,62.32,14.8209
8711.04,8596,66413.1,3683.52,3728,64754.1,9732.24,63.14,14.822
10544.6,10164,67990.3,3348,3316,66168.4,13045,48.38,14.823
15114.9,14112,70193.4,8892.72,8400,69380.2,7507.44,89.38,14.8272
10421.1,9520,71739.3,7742.16,7412,68455.2,8210.16,66.42,14.8304
8167.04,7734,69205.5,2694.24,2658,66429.5,11269.4,36.9,14.8336
11386.2,10533,70844.8,4937.04,4753,68073.6,7873.92,-11.48,14.8346
16997.8,14866,74933.8,8953.92,7954,73774.7,48271,72.98,14.8346
10409.6,9093,75025.1,7654.32,6897,72732.1,14703.1,-24.6,14.8357
12839.7,11532,72967.5,6600.24,6328,68355.5,19079.3,59.86,14.8441
6816,6777,65913.1,1920.96,1901,66224.1,17837.3,18.86,14.8441
13827.2,12760,71017.2,7755.12,7272,69889.9,25461.4,50.02,14.8483
8364.8,8009,68447.4,4778.64,3389,92408.7,54240.5,157.44,14.8505
16336,15430,69384.1,6241.68,6226,65701.1,13688.6,-17.22,14.8515
9797.12,8932,71883.6,5395.68,5268,67124.4,7659.36,27.06,14.8515
20631.7,18780,71997.8,13230.7,12700,68274.7,12939.1,30.34,14.8547
13298.6,12828,67940,4037.76,4188,63185,24344.6,28.7,14.8547
10812.2,9820,72157.4,7358.4,7004,68852.1,9048.24,95.94,14.8557
21242.2,18750,74247,10307.5,9386,71970.3,23773,73.8,14.8578
11995.5,10581,74297.2,9146.88,8341,71867.9,13197.6,18.04,14.8621
11924.5,10696,73063.1,7619.76,7176,69588.7,25755.8,60.68,14.8631
13378.6,12420,70594,5101.2,5108,65448.8,26048.2,147.6,14.8631
11232,10829,67974.9,4317.12,4237,66775.3,11988,28.7,14.8716
9569.28,8869,70710.6,6117.84,5749,69740.6,12375.4,74.62,14.8726
16017.9,14051,74710,9756.72,8679,73674,15999.8,77.08,14.8737
12074.9,11637,68002,6674.4,6373,68635.4,7328.88,9.84,14.8737
14015.4,14117,65064.1,6075.36,6229,63919.5,11926.1,-68.06,14.8747
8407.04,8072,68256.2,2831.76,2908,63817.8,8665.2,33.62,14.8768
6552.32,6428,66803.5,2098.8,2152,63915.9,12505.7,-87.74,14.88
9567.36,8892,70513.6,8555.04,7864,71294.9,15354,68.06,14.8811
10992,9544,75479,8502.48,5580,99860,34059.6,-6.56,14.8842
9700.48,8985,70754.7,4232.88,4105,67577.6,8658,31.16,14.8853
13054.7,12312,69489.5,6796.08,6616,67319.8,9732.24,44.28,14.8853
11583.4,10756,70577.1,7185.6,6832,68927.9,6811.92,46.74,14.8853
10188.8,8181,81620,9821.52,8593,74905.5,27422.6,48.38,14.8874
7454.72,6951,70285.2,2784.96,2663,68537.4,6282.72,40.18,14.8895
10093.4,9415,70258.5,5721.12,5443,68884.7,12562.6,63.14,14.8916
11314.6,9548,77661.4,9702,8764,72550.2,18953.3,28.7,14.8948
17496.3,16049,71446.1,7624.08,7313,68323.8,20777,-29.52,14.8948
13760,12837,70248.1,5290.56,5190,66805.8,17853.1,-26.24,14.9001
12391.7,11812,68752.2,5039.28,4880,67675.1,6766.56,95.12,14.9022
6652.8,6489,67190.3,2927.52,2921,65682.3,8441.28,-36.08,14.9032
9406.08,8856,69606.7,3396.96,3192,69744.1,15986.2,79.54,14.9032
6027.52,5771,68449.1,3082.32,3019,66910.5,10815.1,-47.56,14.9064
13728,12788,70353.3,5803.2,5620,67672.3,16673.8,36.9,14.9074
15013.1,14503,67841.1,7484.4,7379,66472.1,24313.7,-3.28,14.9085
12782.7,12721,65854,5082.48,5185,64240.2,11552.4,76.26,14.9085
5745.28,5864,64209.2,2935.44,2824,68122.2,9759.6,32.8,14.9095
12482.6,12145,67357.5,5101.2,5189,64427.1,6296.4,55.76,14.9117
9532.16,9357,66762.8,5015.52,4973,66096.3,6143.76,-36.08,14.9127
13360,12696,68963.5,5389.92,5256,67205.8,17248.3,18.86,14.9138
12875.5,12889,65467.5,7059.6,7085,65301.1,9286.56,41,14.9148
6040.32,6152,64346.3,2599.92,2700,63106.8,12842.6,-9.02,14.9159
10663.7,10292,67902.7,5123.52,5156,65123.2,8481.6,-37.72,14.9169
9518.72,9317,66954.9,3745.44,3745,65543.7,20774.2,-23.78,14.919
14660.5,14150,67900.3,6140.16,6082,66162.7,16418.9,78.72,14.9201
5360,5201,67539.5,2090.88,2097,65344.7,8832.96,55.76,14.9222
9767.68,9701,65986.5,6409.44,6261,67089.8,6338.16,23.78,14.9222
11778.6,11834,65229,4513.68,4650,63614.8,14007.6,9.02,14.9222
22112.6,20481,70757,8703.36,8005,71253.4,37383.8,36.9,14.9243
14140.8,14048,65968.9,5702.4,4960,75345.3,10409.8,-21.32,14.9254
12280.3,11420,70473.1,7668,7400,67909.5,29623,124.64,14.9264
10548.5,10117,68331,11329.2,6517,113928,6466.32,217.3,14.9307
7239.04,7401,64101.8,4597.2,4397,68519.9,16278.5,151.7,14.9359
9646.72,10104,62570,3695.76,3836,63140.1,7052.4,12.3,14.937
5045.76,5461,60552.8,1824.48,1973,60602.7,21308.4,-0.82,14.937
10402.6,10728,63547.9,4280.4,4360,64339.5,7799.04,-41.82,14.9444
10082.6,10417,63432,3661.2,3781,63459.5,28661.8,-17.22,14.9454
10530.6,9385,73535.5,6625.44,5901,73581.6,5017.68,105.78,14.9454
7645.44,7615,65798,3401.28,3291,67732.1,10893.6,13.12,14.9475
16809,16004,68832.3,8526.96,8160,68483.2,12761.3,-15.58,14.9497
7728.64,7721,65600.8,3339.36,3309,66137.3,5739.12,129.56,14.9497
19339.5,17656,71784.9,11382.5,10316,72311.2,38436.5,5.74,14.9497
11998.1,12398,63422,5612.4,5786,63569.7,8703.36,4.1,14.9497
8684.16,8935,63696.1,3939.12,3939,65538,13407.1,-2.46,14.9507
8651.52,8325,68106.4,6805.44,6181,72156.8,36560.2,43.46,14.9507
10332.2,9590,70607.8,6914.16,6578,68885.1,15951.6,-13.94,14.9539
55790.7,46621,78426,37324.8,29625,82569.4,11260.1,174.66,14.9539
37066.9,29509,82321.2,21865,18261,78470.1,136853,55.76,14.9549
9340.16,9208,66476.6,5379.84,5180,68064.3,18541.4,-28.7,14.9549
14368.6,13816,68157.4,6438.96,6296,67024.1,18760.3,-18.86,14.9591
10992.6,10592,68014.9,7863.12,7760,66406.9,5206.32,40.18,14.9613
11707.5,11844,64780.8,4785.12,4884,64209.2,12672.7,10.66,14.9634
10027.5,9796,67084.9,4538.16,4372,68026.7,10243.4,70.52,14.9634
7457.92,7397,66075.7,3308.4,3233,67064.4,11226.2,16.4,14.9655
13095.7,12133,70735.9,8938.8,8337,70266.7,11635.9,36.9,14.9676
7937.92,7912,65750.7,4862.88,4824,66064.2,5065.2,104.14,14.9676
13987.8,12972,70668.1,8351.28,7752,70602.4,19584,-17.22,14.9686
12206.1,11577,69097.1,8237.52,7469,72279.3,6156,22.14,14.9686
12416,11877,68510.1,6094.08,5905,67634.5,6557.04,-4.92,14.9697
5389.44,5945,59411.7,2664,2761,63233.6,15158.2,50.02,14.9739
13066.2,12313,69545.1,10355,9869,68763.6,36341.3,29.52,14.9739
9712.64,9709,65560.6,3165.84,3113,66648.4,11746.1,13.12,14.976
14745,14713,65678.4,6031.44,5897,67030.1,27408.2,78.72,14.9771
6867.2,6565,68552.8,6686.64,6341,69108.3,10620,16.4,14.9792
11024.6,10647,67860.5,7087.68,6839,67919,5284.08,-13.12,14.9803
11353,10126,73476.9,4940.64,4554,71100.1,21452.4,-77.9,14.9834
13076.5,12238,70026.2,6809.04,6477,68895.7,14383.4,61.5,14.9845
12567,12324,66828.4,7184.16,7040,66878,5660.64,22.14,14.9845
15228.2,13061,76410.1,9044.64,8277,71614.1,23837,9.02,14.9866
13386.9,12959,67699.9,6371.28,6251,66797,5771.52,37.72,14.9887
11912.3,10993,71016.6,8050.32,7781,67804.4,27041,-31.16,14.9887
14092.8,13573,68045.8,6524.64,6533,65452.1,10653.1,2.46,14.9898
7288.32,7001,68225.6,2169.36,2121,67030.3,9007.92,1.64,14.9929
14129.3,13177,70272.2,7654.32,7241,69276.8,25012.8,101.68,14.9961
12272,10618,75744.8,9203.76,8586,70251.3,11080.1,41.82,14.9961
11283.8,10805,68440.3,5508,5361,67333,16241,-25.42,14.9971
15633.3,14885,68830.5,5178.96,4869,69708,21903.8,116.44,14.9971
16069.8,15471,68072.4,4533.12,4571,64992.9,35683.9,-17.22,14.9982
10247.7,9797,68550.8,4717.44,4801,64395.4,29536.6,-69.7,15.0003
12232.3,11382,70432,4794.48,4790,65597.3,9363.6,6.56,15.0024
9505.92,8014,77736.5,6164.64,5674,71203,12451.7,-20.5,15.0035
14170.2,13617,68198.6,5675.04,5761,64558.1,8853.12,-17.22,15.0066
8775.68,8472,67885.1,2723.04,2796,63825.9,10589,-60.68,15.0066
16142.1,15333,68994.2,5814.72,5809,65600.5,10409.8,-47.56,15.0087
15678.7,13488,76180.4,11502,10016,75259.1,26754.5,26.24,15.0087
16736,15724,69753.9,7645.68,7596,65964.6,35174.9,91.84,15.0098
19038.7,15885,78547.1,13615.9,12265,72754.4,10849.7,61.5,15.0098
8578.56,8233,68286.7,5945.76,5913,65899.1,10089.4,77.08,15.0109
12831.4,12569,66904,6269.04,6221,66042.1,22045.7,68.06,15.0151
14073,13724,67202.4,6649.92,5964,73073.3,20190.2,7.38,15.0151
10078.7,9475,69711.8,8621.28,8355,67624.7,19877.8,26.24,15.0172
20729,17684,76820.5,14567,12432,76791,26039.5,77.08,15.0204
7480.96,7012,69919,8108.64,7492,70930,22492.8,42.64,15.0225
5288.96,5806,59699.8,2669.04,2746,63699.3,28600.6,56.58,15.0225
14211.2,13704,67961.6,11354.4,10604,70173.7,26064.7,58.22,15.0277
8080,7971,66432.2,6983.28,6407,71430.7,17789,208.28,15.0288
10686.1,10677,65591.7,5729.76,5633,66661.7,25254.7,54.94,15.0309
10841,10501,67657.7,9429.12,8805,70181.4,20954.9,63.14,15.033
13136,13135,65541,6970.32,6299,72520.5,7912.08,91.84,15.0404
20120.3,19276,68406.6,6073.2,5100,78041.8,23668.6,13.94,15.0415
7995.52,8229,63676.6,2926.08,2865,66933.2,5795.28,82.82,15.0425
11075.8,10012,72499.6,10007.3,8104,80927.6,32866.6,160.72,15.0425
11940.5,12072,64822,4378.32,4248,67546.5,10828.8,95.94,15.0436
9175.04,9504,63267.6,3138.48,3140,65504.3,16536.2,34.44,15.0436
13376.6,13096,66940.4,7583.76,7320,67897.4,21189.6,16.4,15.0436
10160.6,9637,69097,7111.44,6949,67068,46807.2,44.28,15.0446
13895.7,13755,66206.3,5474.16,5323,67397.1,9366.48,86.1,15.0457
5180.16,5383,63066.5,2718.72,2739,65050.8,18982.8,-31.16,15.0467
13722.9,13098,68662.6,8152.56,7454,71677.8,22177.4,-41.82,15.0467
14001.3,14141,64888.5,5582.16,5389,67885,21829.7,45.1,15.0499
9948.16,9381,69498.2,6287.76,5973,68989.6,45194.4,-24.6,15.052
7001.6,7196,63765.5,2694.96,2684,65803.6,15188.4,-13.12,15.052
4954.88,5137,63212.6,2131.2,2133,65480.7,6256.08,-27.06,15.0531
5852.16,6018,63730,2599.92,2566,66402.3,8534.88,20.5,15.0541
12398.1,12200,66600,4842.72,4732,67069.4,10864.1,21.32,15.0552
12210.6,10706,74746.1,9444.24,8230,75205.1,55869.1,42.64,15.0573
15516.2,15217,66824.4,10239.8,9809,68414.5,48909.6,36.08,15.0594
8694.4,8613,66155.4,6129.36,5797,69293.4,9474.48,-38.54,15.0615
7494.4,7565,64924.4,6326.64,6237,66477.9,14282.6,-18.86,15.0615
10867.2,10608,67137.3,2980.8,2980,65553.6,14044.3,38.54,15.0657
11919.4,11393,68563.8,7104.96,6837,68104.5,27285.8,4.92,15.0657
14396.2,11201,84230.6,16793.3,13781,79861,10687.7,75.44,15.0678
19238.4,14605,86327.1,14749.2,12137,79641.1,9111.6,54.94,15.07
9630.08,9623,65584.2,3859.92,3907,64746.3,16300.1,-11.48,15.071
9610.88,8905,70730.9,5847.12,5593,68513.7,19147.7,118.08,15.0731
15475.8,14369,70584.2,7859.52,7333,70241.6,27735.1,-13.12,15.0752
13953.9,13000,70344.9,8962.56,8124,72300.6,41252.4,82.82,15.0763
6333.44,6303,65852.5,3260.88,3295,64857.4,9711.36,60.68,15.0784
16026.9,14241,73754.5,12579.8,11089,74346.9,15556.3,83.64,15.0816
8744.96,8569,66881.8,2572.56,2605,64719.9,17740.1,-41,15.0837
13211.5,12393,69864.5,5475.6,5193,69102.4,16836.5,109.88,15.0837
11971.8,11708,67012.9,7692.48,7528,66967.9,7696.08,141.86,15.089
7200.64,7273,64884,2844,2829,65883.5,7072.56,-4.92,15.0911
12410.2,11896,68369,7624.08,7096,70413.2,12501.4,45.92,15.0911
7649.28,7461,67189.8,4242.96,4161,66826.9,8616.96,-24.6,15.0921
11943,11656,67149.9,6139.44,6060,66395.1,6401.52,73.8,15.0932
11535.4,9780,77298.7,7454.88,6896,70847.3,46645.2,133.66,15.0942
13816.3,13049,69389.7,10728,9885,71125,12266.6,22.14,15.0963
16565.8,14617,74273.4,13068,12089,70843.3,43333.9,74.62,15.0985
9937.28,9604,67810.2,3536.64,3456,67065.2,7241.76,62.32,15.0985
10903,10589,67479.6,4587.84,4585,65576.6,17854.6,-14.76,15.0985
10272.6,8825,76286.4,8686.8,7913,71944.7,12533.8,32.8,15.0995
7907.84,7944,65237.7,2985.12,3032,64522.7,10140.5,18.04,15.1027
8874.88,8936,65087.8,2127.6,2168,64314.8,6912,-55.76,15.1048
12541.4,11973,68647.4,8215.92,7701,69918,8872.56,55.76,15.1069
16800.6,16393,67165.7,6199.2,5597,72587.2,11005.9,20.5,15.1122
8696.96,8260,69002.9,6528.96,5968,71696,22195.4,42.64,15.1174
23014.4,21208,71118.1,9606.96,8524,73862.2,19844.6,14.76,15.1174
12161.3,11374,70072.2,7449.12,7166,68125.3,7597.44,22.14,15.1185
9102.72,9140,65268.7,4152.24,4084,66631,11229.1,37.72,15.1196
8033.28,8344,63095.5,3276,3272,65616.1,14181.8,-39.36,15.1196
7482.88,7625,64314.5,3389.04,3321,66878.7,17329,10.66,15.1206
9732.48,10241,62281.8,4563.36,4657,64218.3,9555.84,-22.14,15.1206
10098.6,10140,65268.2,4034.16,3916,67513.5,32746.3,-76.26,15.1217
26981.8,24960,70844.4,14956.6,14544,67395,15333.1,69.7,15.1227
9540.48,9655,64758.7,4234.32,4183,66340,5801.04,55.76,15.1238
10177.3,10336,64529.6,4613.76,4352,69477.8,23567,6.56,15.1248
10238.1,9989,67170.2,5130,4689,71699.7,17294.4,138.58,15.1269
10228.5,10572,63406.5,6032.88,5784,68356,16845.8,17.22,15.1312
10657.3,11011,63430.7,5518.8,5459,66253.9,28759.7,145.96,15.1333
16924.8,16888,65678.8,9994.32,9944,65867.6,21618.7,35.26,15.1333
15377.9,15616,64536.8,4034.16,4096,64546.6,27641.5,4.92,15.1354
6326.4,6689,61983.4,3510,2645,86968.4,5787.36,-17.22,15.1354
12176,12172,65557.5,4914,4860,66264.2,18668.2,-67.24,15.1396
7351.68,7757,62111.6,2509.2,2605,63125.9,8541.36,-24.6,15.1407
70993.3,49862,93309.9,87163.2,64098,89118.7,21841.9,4478.84,15.1407
10138.9,9749,68156.9,6895.44,6229,72547.7,16895.5,31.16,15.1407
5429.76,5505,64640.3,3335.04,2641,82758.5,6913.44,105.78,15.1417
12303.4,12517,64417.4,5013.36,4897,67093.2,12751.2,75.44,15.1438
12476.8,12323,66353.9,4258.08,4035,69159.2,10699.2,-4.1,15.1438
10361,10402,65277.4,5789.52,5682,66776.1,20229.1,67.24,15.1449
21879,20277,70713.9,8206.56,7745,69441.6,53104.3,8.2,15.1459
7694.72,7693,65550.7,2475.36,2541,63843.1,18382.3,-66.42,15.1481
11815,11377,68059.3,4436.64,4245,68494.6,9769.68,-7.38,15.1481
13568.6,12612,70507,11034,10132,71370.3,38950.6,63.96,15.1502
10990.7,9976,72202.1,8133.84,7580,70324.5,5718.96,34.44,15.1523
12502.4,12004,68257,5101.92,4980,67140.5,14315.8,-59.04,15.1533
17443.8,16609,68830.1,6105.6,5893,67900.3,11557.4,-20.5,15.1565
13017,10913,78170.9,6665.04,5489,79577.3,27491,53.3,15.1565
12958.1,13074,64954.9,6854.4,6534,68749.6,13406.4,68.06,15.1575
12462.7,11980,68176.7,8102.16,7848,67658.4,18748.8,7.38,15.1586
13345.3,12712,68800.8,9066.24,8684,68420.7,6781.68,-9.84,15.1618
12201,12122,65962.9,6574.32,6378,67553.3,11020.3,-45.92,15.1628
9210.88,8437,71547.3,6881.76,6417,70282.5,25306.6,45.1,15.1649
16615.7,16024,67955.9,10882.8,10604,67259.1,13607.3,4.1,15.166
18691.8,17680,69286.7,11687.8,11188,68463.4,18289.4,111.52,15.1681
11214.7,10973,66979.7,3592.08,3641,64655.5,20108.2,9.84,15.1692
10394.9,9868,69035.2,5136.48,4840,69550.5,7281.36,-0.82,15.1702
8602.24,8921,63194.3,2837.52,2957,62888,27592.6,9.02,15.1702
13084.8,12599,68063,4566.24,4199,71267.7,11751.1,17.22,15.1713
9897.6,9736,66623.8,3900.96,3740,68356.5,11224.1,31.98,15.1744
5541.12,5345,67940.7,2046.96,2085,64340.3,6168.96,18.04,15.1744
8990.08,7676,76755.3,21921.8,19708,72897.8,13987.4,4432.92,15.1755
13354.2,12756,68609.5,5115.6,5040,66519,6315.84,26.24,15.1765
13788.2,13061,69184.7,9645.12,9169,68939.1,6422.4,0,15.1765
10940.2,10366,69166,4692.96,4622,66542.1,18967,27.06,15.1787
9628.16,9159,68893,3260.88,3303,64700.3,24904.8,5.74,15.1808
5438.72,5365,66436.5,1998,2037,64281.3,11947.7,-9.84,15.1818
10590.1,9860,70388.6,5491.44,5124,70235.6,17254.8,128.74,15.1818
17115.5,16614,67514.3,7932.96,7442,69859.5,8365.68,24.6,15.185
10686.1,10593,66111.9,4767.84,4881,64016.6,6852.96,91.84,15.1882
11100.8,10124,71859.1,9540,9068,68947.2,33270.5,47.56,15.1882
8122.88,7448,71474.4,17534.9,14972,76754.3,15154.6,1655.58,15.1913
20102.4,19176,68702.1,6771.6,6668,66554.2,17432.6,18.86,15.1924
13180.8,12908,66921,5979.6,5980,65531.6,11407,50.02,15.1945
11578.9,11572,65575,5486.4,5552,64761.7,11263,-29.52,15.1966
12656.6,12460,66570.3,5339.52,5180,67554.2,9602.64,51.66,15.1998
13646.1,11829,75603.1,10160.6,9749,68303.2,37669,138.58,15.1998
12827.5,12396,67817.4,8295.84,8264,65788.5,5380.56,-35.26,15.2008
13829.1,13237,68467.6,5778,5649,67032.6,19269.4,59.04,15.2008
12256,11653,68927.3,5042.88,4997,66137.7,5371.2,-9.02,15.2019
9009.28,7885,74880.4,6554.16,6141,69945.2,49446.7,-36.9,15.2019
8307.2,8012,67950.7,2894.4,2952,64257.3,7092,68.88,15.2029
7267.2,6527,72968.2,4733.28,4523,68582.9,12112.6,14.76,15.205
11320.3,9997,74211.1,9860.4,9101,71004.4,8339.76,66.42,15.2082
8549.12,7912,70813.3,7413.84,6812,71326.1,31648.3,26.24,15.2093
10534.4,10389,66453.2,5631.12,5733,64371.4,6064.56,34.44,15.2093
10308.5,9808,68880.1,6290.64,6256,65898.9,6520.32,-22.14,15.2093
11839.4,11635,66687.1,3546,3655,63581.6,35169.1,45.92,15.2103
9749.76,9199,69459.8,6456.24,6111,69238.5,26463.6,70.52,15.2145
12417.3,11544,70493.7,6926.4,6472,70137.3,29715.1,22.96,15.2145
11137.9,10686,68307.6,7078.32,6234,74412.1,18646.6,9.84,15.2156
5102.08,5188,64450.6,1987.2,1876,69420.6,6606,34.44,15.2166
8090.24,8137,65159.4,2823.12,2921,63340,5220.72,-89.38,15.2166
11985.3,11869,66178.1,4142.16,4201,64618.1,7230.24,77.9,15.2177
8286.72,8477,64064.9,2902.32,3017,63044.9,8724.96,68.88,15.2177
9723.52,9428,67590.2,5698.08,5536,67454.7,18614.9,-54.94,15.2188
7299.84,6898,69353.8,2188.8,2226,64440.8,23206.3,8.2,15.2209
10265,9582,70207.1,9951.12,9278,70290.6,10524.2,13.94,15.2209
9601.92,9469,66456,5328,5321,65622.2,12090.2,-36.08,15.2219
16469.8,15517,69560,7452,7209,67745.1,12957.8,7.38,15.224
13744.6,13173,68379.9,4785.12,4821,65048.3,5621.76,18.86,15.2261
6343.68,5973,69603.1,7394.4,3937,123089,18512.6,217.3,15.2293
11812.5,10938,70775.5,7651.44,7326,68447.3,11409.8,-41,15.2325
8517.76,8005,69733.9,3541.68,3121,74369.6,24081.1,94.3,15.2325
16258.6,15380,69279.6,6431.04,6388,65977.6,14681.5,66.42,15.2335
17957.8,17321,67945.3,8185.68,8105,66188.4,5863.68,103.32,15.2356
15409.3,14125,71494.7,6377.04,6093,68591.1,12029,-92.66,15.2356
23235.8,21362,71284.7,8215.92,7506,71734.4,26665.2,48.38,15.2356
16408.3,14684,73231.8,12073,10972,72112.1,44745.1,68.06,15.2367
12112.6,11817,67175.6,4957.2,5049,64344.4,12547.4,-26.24,15.2409
21484.2,19809,71078.1,9984.24,9665,67700.7,16589.5,13.94,15.243
18041,15519,76186.1,6814.08,6219,71807,52355.5,48.38,15.243
8010.88,7569,69362,3005.28,2993,65804.9,7497.36,28.7,15.243
13603.8,12771,69809.8,5216.4,4963,68882.1,10586.2,4.92,15.243
18227.2,13931,85746.7,12898.1,11019,76711.9,41780.9,25.42,15.2441
11291.5,10392,71208.7,7640.64,7272,68858.2,12374.6,-143.5,15.2462
7673.6,7033,71505.3,2526.48,2601,63658.4,33085.4,-81.18,15.2483
11246.1,10140,72684.7,6148.8,5996,67206.1,35064,-53.3,15.2494
12768,11420,73271.8,7805.52,7512,68096.7,20814.5,104.14,15.2504
17529.6,16135,71200.5,8694,8291,68721.5,30153.6,28.7,15.2504
11884.2,10864,71690,8102.88,7604,69835.7,13405,39.36,15.2536
12585.6,11572,71276.3,7123.68,6612,70607.6,36395.3,8.2,15.2536
14006.4,11449,80175,10147.7,9129,72849,37885,18.04,15.2536
12737.9,12171,68588.6,5471.28,5519,64969.3,6566.4,2.46,15.2567
9981.44,9641,67850.2,3672.72,3757,64065.9,15483.6,-16.4,15.2578
10565.8,10293,67272.7,3718.08,3761,64788.1,13639,-60.68,15.2589
8455.68,8150,67994,5153.04,4982,67786,17425.4,-32.8,15.2599
12293.1,11993,67176,17107.9,12109,92591,15291.4,369.82,15.2599
10009.6,8889,73797.9,5635.44,5133,71951,47864.9,54.12,15.262
9231.36,8477,71368,7176.24,6477,72611.1,16861,3.28,15.2641
10165.8,10063,66205.2,3543.84,3563,65183.6,14022.7,19.68,15.2652
22604.2,17790,83270.7,18820.8,15326,80480.2,78174.7,77.08,15.2652
8312.32,8251,66023,3617.28,3563,66534.4,14564.2,82,15.2652
34673.9,28476,79800.2,29515,24988,77408.9,78224.4,147.6,15.2673
51751,25856,131171,40322.9,20708,127613,66798,84.46,15.2673
6532.48,6565,65211.4,2733.84,2625,68253.3,37177.9,68.88,15.2694
7243.52,7457,63659.8,2737.44,2753,65165.6,9193.68,-24.6,15.2705
5141.76,5365,62809,2097.36,2113,65050.9,9154.08,-3.28,15.2726
5003.52,5232,62674.1,1774.08,1888,61581.6,5299.2,61.5,15.2726
9511.04,9147,68144.3,3656.88,3583,66887.3,5392.08,-33.62,15.2736
9991.68,9644,67898.7,7713.36,7100,71197.6,11437.9,69.7,15.2747
12106.2,12036,65918.5,5085.36,5024,66336.4,18638.6,-21.32,15.2747
8875.52,8928,65150.8,3401.28,3472,64201.1,9298.08,-17.22,15.2757
5704.32,5861,63784,3216.96,3285,64178.6,9782.64,13.94,15.2757
7053.44,7045,65614.5,2289.6,2273,66014.6,33485.8,-95.12,15.2768
13756.2,13029,69193.6,5934.96,5701,68225.5,19499,10.66,15.2779
12427.5,12433,65507.1,5315.76,5361,64983,22389.1,-8.2,15.2779
14634.2,13956,68720.9,7284.96,6960,68595.9,20389.7,-26.24,15.2821
11570.6,11389,66580.8,6338.16,5885,70582.4,23044.3,48.38,15.2863
13445.8,12944,68076.4,7557.12,5684,87132.9,5417.28,83.64,15.2884
9022.72,8801,67187,5326.56,5089,68595.3,17020.8,62.32,15.2895
13365.1,13171,66501.9,5261.04,5187,66471.5,14480.6,109.06,15.2895
12090.2,11944,66338.4,4824,4856,65104.1,5345.28,-35.26,15.2905
5366.4,5217,67412.8,2440.08,2401,66602.7,9788.4,-26.24,15.2916
7484.8,7068,69400.7,6916.32,6428,70514.6,19813.7,27.06,15.2926
13196.8,13265,65199.1,4837.68,4913,64531.3,6698.88,76.26,15.2937
14841.6,13424,72456.7,12858.5,11796,71438.9,50590.1,214.02,15.2958
10062.7,10409,63355.8,3034.08,3065,64874.9,43212.2,34.44,15.2969
39406.1,27332,94486.9,33504.5,24292,90389.8,101025,61.5,15.2969
11260.2,10401,70949.5,7326,6513,73716.7,33106.3,113.16,15.2969
13954.6,13629,67101.5,5379.84,5277,66813.2,26197.2,61.5,15.2969
11141.8,11050,66080.2,5157.36,5118,66040,7771.68,54.94,15.2979
5521.28,5676,63749.6,2818.8,2856,64682.4,6342.48,-4.92,15.299
9889.28,9492,68279,5273.28,4916,70299,9720,11.48,15.3032
6558.72,6620,64929.3,3283.2,3224,66739.4,5367.6,16.4,15.3032
14487.7,13778,68911.6,4939.2,4694,68959.4,17055.4,13.94,15.3042
10900.5,10888,65611.1,5090.4,5064,65877.7,11065.7,72.98,15.3074
14886.4,12993,75086.2,7566.48,6705,73956.3,23672.2,25.42,15.3074
13819.5,12748,71044.6,9354.96,8540,71790,10823.8,67.24,15.3074
8622.08,8064,70071.5,5222.16,4704,72755,17047.4,111.52,15.3085
8375.68,8341,65808.5,3916.08,4033,63636.1,24715.4,29.52,15.3085
9836.16,9629,66946,4448.16,4345,67092,10795.7,102.5,15.3095
7315.2,7160,66956.6,2787.12,2776,65798.5,17168.4,-51.66,15.3095
12739.2,11748,71065.4,8427.6,7920,69736.3,15818.4,-22.14,15.3106
10188.8,9677,69002.1,6752.88,6521,67866.4,12986.6,11.48,15.3106
12720.6,12109,68846.3,5428.8,5401,65873.3,4926.24,94.3,15.3201
11182.7,10848,67558.1,4199.04,4000,68797.1,10998.7,38.54,15.3222
6552.32,6517,65891.2,2227.68,2309,63227.9,8844.48,9.02,15.3222
15637.1,13537,75703.2,14974.6,13381,73340.8,27364.3,21.32,15.3243
13947.5,13149,69515.9,5788.08,5593,67821.9,14269.7,-36.9,15.3253
11987.2,11456,68574.8,7146,7012,66788.4,19622.9,1.64,15.3275
13275.5,12609,69000.3,4140.72,3921,69208.4,11601.4,-22.96,15.3275
13843.2,12037,75369.9,8050.32,7269,72580.3,18484.6,62.32,15.3275
13148.2,11674,73811.7,9069.84,8398,70778.9,19990.8,91.02,15.3285
12723.8,10200,81751.9,12177.4,9068,88007.9,28505.5,188.6,15.3296
13043.2,12024,71091.1,5834.88,5500,69526.3,11139.8,-61.5,15.3296
14140.2,11092,83545.8,9752.4,8512,75086.2,32202,81.18,15.3338
11015.7,9401,76792.2,7918.56,7241,71668.4,20450.2,4.92,15.3348
14259.8,12991,71936.9,7528.32,6891,71597.2,30186.7,16.4,15.3359
12005.1,10001,78668.9,10674.7,9765,71641.4,51187,4.1,15.337
14996.5,13876,70828,10976.4,10388,69248.1,16983.4,55.76,15.337
12121,11642,68232.2,6994.8,5658,81020,10779.1,217.3,15.3412
9092.48,8314,71672.4,7768.08,7214,70569.6,16886.9,42.64,15.3422
7462.4,7269,67279.7,2427.12,2513,63296.4,11085.8,68.88,15.3433
10332.8,9801,69092,4150.08,4141,65679.7,20841.1,-36.9,15.3433
19490.6,16037,79649.1,17650.1,15285,75676.5,24130.1,-23.78,15.3454
13497,12887,68637.9,8209.44,7943,67734.3,6356.88,-11.48,15.3475
17340.8,16608,68427.7,8953.92,8512,68938.5,19075,-29.52,15.3486
10778.2,9623,73403.6,7283.52,6564,72719.8,30600,41.82,15.3507
12474.9,12010,68072.8,6414.48,5998,70086.6,23141.5,2.46,15.3507
10499.2,8381,82099.5,8552.88,7597,73782,18132.5,95.94,15.3517
14742.4,14181,68130.4,5531.76,5409,67023.4,26190.7,78.72,15.3559
11500.2,11681,64521.4,4229.28,4241,65354.9,15909.1,68.06,15.3581
8641.28,8720,64944.4,4390.56,4160,69168.2,16632,166.46,15.3591
6585.6,6977,61859.5,2862,2865,65467.4,5596.56,21.32,15.3602
7249.92,6888,68979.5,5404.32,5004,70778.9,19108.8,15.58,15.3623
10019.2,9893,66372,3856.32,3745,67484.1,13607.3,-24.6,15.3644
6202.24,6536,62189.4,2622.96,2652,64818.4,25002.7,-30.34,15.3676
9773.44,9688,66114,5788.08,5420,69986.6,20423.5,-71.34,15.3676
11647.4,11179,68281.7,7052.4,6431,71868.5,14539.7,54.12,15.3718
10158.1,9874,67421.5,3525.84,3382,68323.3,21657.6,41.82,15.3728
9342.72,8456,72408.3,5370.48,4892,71946,9597.6,22.96,15.3749
12445.4,11851,68823.3,6534,6145,69684.7,11670.5,36.08,15.3749
11507.8,11221,67211.3,3821.76,3749,66807.9,6957.36,38.54,15.376
12759.7,11560,72337.2,8107.92,7340,72392.5,34916.4,22.14,15.3792
21489.3,18035,78088.2,7949.52,6563,79381.4,18900.7,-4.92,15.3813
14718.7,13830,69747.4,7014.24,6578,69882.2,17593.2,8.2,15.3813
15571.8,14372,71007.2,8494.56,8084,68864.4,10851.1,-24.6,15.3855
10935,10297,69596.9,6340.32,4761,87275.6,15435.4,-10.66,15.3876
13724.2,13416,67041.3,4538.16,4456,66744.4,5186.88,153.34,15.3876
13404.2,12660,69388.2,7313.76,6852,69952.5,7527.6,43.46,15.3897
10071,9618,68623,4150.08,4086,66563.8,9705.6,44.28,15.3908
16520.3,14559,74364.7,9932.4,8895,73179.3,62305.2,41,15.3918
22530.6,16241,90915.7,17336.9,13905,81710.9,98983.4,128.74,15.3918
9792.64,9272,69216,4163.04,4028,67733.1,43425.4,25.42,15.3929
22291.2,19559,74690.7,14627.5,13107,73138.7,17520.5,137.76,15.3961
16264.3,14625,72881.9,7932.24,7317,71046.5,26115.8,-43.46,15.3992
21962.2,17488,82303.1,24228.7,19328,82153,25298.6,216.48,15.3992
21047,20183,68341.6,8965.44,8963,65553.8,7195.68,4.92,15.4003
15230.1,13581,73493.8,10512,9833,70061.5,40273.9,171.38,15.4003
14986.9,12764,76949.3,13607.3,12204,73071.7,15113.5,15.58,15.4024
14538.9,13587,70127.3,5823.36,5687,67107.4,56473.9,31.98,15.4098
7396.48,6930,69947.4,2742.48,2822,63689.3,22479.1,-17.22,15.4108
11590.4,11247,67537,4340.88,4479,63515.1,11420.6,-100.86,15.4108
14068.5,13505,68270.4,6536.88,6561,65295.1,10894.3,-9.84,15.415
12281.6,11570,69566.7,6016.32,5926,66534.9,6564.24,19.68,15.4161
14080,12969,71150.2,8850.24,8429,68811.2,16254.7,121.36,15.4161
8668.16,8257,68799.4,3199.68,3189,65755.5,30211.9,-31.16,15.4161
19206.4,14285,88114.1,13546.1,11145,79655.1,37869.8,68.88,15.4203
14438.4,12175,77719.5,9956.16,8971,72732.9,10640.2,77.9,15.4214
9515.52,9518,65518.9,3893.76,3950,64602.9,11421.4,41,15.4214
6300.16,6229,66284.7,2365.92,2309,67151.6,27985,-16.4,15.4245
10346.2,10412,65122.1,3373.92,3416,64728.7,17372.2,14.76,15.4288
16565.1,15689,69195.7,8030.88,7277,72325.4,52832.9,27.88,15.4309
6210.56,6493,62685.2,2793.6,2841,64442.6,6952.32,43.46,15.434
11296,10125,73115.5,10493.3,9529,72167.9,48791.5,-10.66,15.434
10505,10060,68434.7,8624.88,7484,75526.5,40781.5,30.34,15.4383
14845.4,14424,67450.8,4654.08,4408,69194.6,40171.7,20.5,15.4404
21342.1,19761,70779.5,11407.7,10481,71330.4,22168.1,115.62,15.4446
11238.4,10936,67348.2,5289.12,5068,68395.4,15896.9,48.38,15.4478
6802.56,6812,65445.2,2934.72,2924,65776.3,9565.2,-59.86,15.4478
9650.56,9399,67290,7029.36,6631,69473.1,11247.1,19.68,15.4509
11221.8,10521,69901.1,8737.92,8265,69286,10937.5,82,15.4509
9905.92,10045,64628.6,4412.88,4349,66498.6,19285.9,-54.94,15.452
9671.68,9562,66287.7,6268.32,5930,69275,13310.6,-24.6,15.4541
19633.9,18192,70730.5,11041.2,10416,69469.7,31243,41,15.4551
5640.32,5088,72650.2,9667.44,7712,82153.2,7068.96,1764.64,15.4562
8421.76,8287,66601.7,3065.04,3135,64073.5,18677.5,82.82,15.4594
12540.8,10684,76925.7,14179.7,12840,72373.8,35141,92.66,15.4594
9713.92,9216,69076.8,5531.04,5264,68860.6,6973.2,58.22,15.4604
14189.4,13560,68578.1,6815.52,6552,68171.9,7337.52,45.1,15.4615
10432,10232,66817,6646.32,6508,66928.9,8894.16,77.08,15.4615
6729.6,6697,65855,3147.84,3101,66525.9,25657.9,-14.76,15.4615
6725.12,6724,65546.9,3114.72,3044,67058.6,20870.6,26.24,15.4625
5608.96,5527,66507.8,7799.76,7475,68383.3,9149.76,636.32,15.4657
11102.1,10912,66677.6,6233.76,4516,90464.1,14503,74.62,15.4668
11470.1,10387,72369.6,6459.12,5799,72996.2,22579.9,18.04,15.4689
9715.2,10091,63095.4,3907.44,3951,64813.5,10421.3,-13.94,15.472
15376,14322,70359,11814.5,10706,72321.5,16415.3,95.94,15.472
6872.96,7121,63253.2,3210.48,3173,66310.1,7840.8,51.66,15.4731
13207.7,13007,66547.1,5361.84,5003,70236.6,14167.4,-30.34,15.4731
11808.6,12053,64207.3,3720.96,3797,64223.6,13517.3,-99.22,15.4741
28165.1,20381,90566.2,25719.1,20857,80813.6,36222.5,144.32,15.4752
7013.76,6960,66042.2,2522.16,2560,64567.3,9723.6,63.96,15.4805
14525.4,10977,86721.3,19571,11877,107991,10548.7,209.92,15.4858
6512,6357,67133.9,3616.56,3137,75554.6,42490.8,60.68,15.4868
8833.92,8512,68014.5,2828.16,2816,65819,9267.84,-18.86,15.4889
6245.12,6100,67095.1,2610,2612,65485.8,8317.44,-54.12,15.4889
8431.36,8505,64968.6,4036.32,3213,82329.4,10624.3,0.82,15.491
18333.4,17511,68614,10307.5,9955,67856.7,16056.7,168.1,15.491
10769.3,10424,67706.8,5618.16,5368,68590.1,5046.48,-66.42,15.4921
32696.3,24122,88831.2,25728.5,18922,89110.1,135524,119.72,15.4921
13745.3,12460,72296.2,12768.5,11816,70818.8,13509.4,-25.42,15.4931
15729.9,15237,67656.1,7408.08,6737,72064.1,20447.3,95.12,15.4931
6855.68,6440,69766.1,2925.36,2860,67033.7,6056.64,24.6,15.4942
6277.76,5848,70352.1,2521.44,2460,67172.8,7367.76,57.4,15.4963
14618.9,12836,74638.8,8084.16,7488,70753.7,40857.8,-11.48,15.4974
8579.84,8169,68832,4068,3993,66767,9671.04,45.92,15.4974
13117.4,12424,69193.9,4844.16,4904,64736.3,15711.8,-22.96,15.4995
10250.9,8992,74711,4540.32,4340,68560.9,5076.72,42.64,15.5026
15269.1,13753,72760.6,6085.44,5805,68702.1,14490.7,60.68,15.5037
9296,8396,72561.1,2911.68,2924,65259.9,6269.76,-4.92,15.5047
12585.6,11749,70202.6,5137.2,5153,65335.1,8557.92,132.02,15.5058
10889.6,9729,73354,3792.24,3669,67737.3,21312,-24.6,15.51
15780.5,14321,72214.9,5930.64,5893,65954.6,8794.08,-26.24,15.5111
6155.52,5412,74539.6,3181.68,3188,65406.1,9185.04,54.94,15.5132
15366.4,14161,71114.5,6744.96,6705,65926.6,12674.2,103.32,15.5142
16170.2,14815,71531.1,6840.72,6796,65967.3,5131.44,-33.62,15.5164
15962.9,14788,70742.7,5474.88,5396,66494,20103.8,34.44,15.5174
22253.4,18153,80339.4,18234,15577,76714.6,50263.9,104.96,15.5185
23911.7,17755,88261.1,14930.6,12511,78210.7,15661.4,-22.14,15.5216
12159.4,11572,68862.4,6119.28,6116,65571.2,9549.36,-50.02,15.5227
10928,10224,70048.6,2924.64,2912,65820.5,8557.2,-4.1,15.5248
9295.36,8861,68748.5,7722.72,4857,104203,9256.32,271.42,15.5259
15179.5,14392,69122.1,5158.08,4876,69327.3,21377.5,46.74,15.528
11570.6,11239,67469.4,4135.68,3859,70234.8,17810.6,57.4,15.528
13472.6,12400,71205.1,7187.76,6816,69110.5,33239.5,112.34,15.529
12794.9,10472,80073.1,9042.48,8040,73707.5,24696,75.44,15.5311
11817.6,11425,67788,3980.88,3925,66469,11782.1,3.28,15.5311
10717.4,10749,65343.6,8200.08,7885,68154.8,32110.6,72.16,15.5343
8165.76,7574,70656.4,6877.44,6370,70756.7,26794.1,116.44,15.5354
16707.8,12059,90800.7,8110.8,5851,90847.6,10174.3,-15.58,15.5375
7514.88,7965,61832.4,2730.24,2733,65469.8,10633.7,83.64,15.5375
10100.5,10661,62090.3,4029.84,4005,65942.5,22519.4,-2.46,15.5396
22133.8,19509,74353.3,17545.7,15637,73535.4,27473.8,51.66,15.5417
13857.3,14309,63467.1,5401.44,5441,65059.5,20980.8,11.48,15.5417
9570.56,9827,63825.8,6137.28,5763,69792.3,15575.8,-30.34,15.5417
10286.1,9690,69567.5,7023.6,6542,70360.5,9505.44,50.84,15.5427
16179.2,14265,74330.2,41642.6,34521,79056,4831.2,679.78,15.5427
6305.28,6696,61711.9,2325.6,2360,64580.7,14217.1,34.44,15.5438
11658.9,11461,66667.5,8099.28,7649,69394,12572.6,-3.28,15.5438
30182.4,18247,108403,35581.7,24391,95604.2,113453,-31.16,15.5449
17173.8,16508,68179,8232.48,7772,69418.9,8763.12,-95.12,15.548
25418.2,13924,119636,13030.6,6624,128921,35500.3,41.82,15.548
11483.5,11374,66167,5970.24,5806,67389.9,8822.16,84.46,15.5491
5869.44,6317,60892.8,2694.96,2845,62079.8,17540.6,85.28,15.5512
6713.6,6520,67482,6791.04,6396,69583.7,15081.1,85.28,15.5512
9736.32,9568,66688.9,5644.8,5392,68608.6,15279.8,57.4,15.5512
10858.9,10740,66261.4,10923.8,10512,68103.6,14477,28.7,15.5522
15491.2,15513,65443.9,5545.44,5689,63882.2,21209.8,-24.6,15.5522
13872,13485,67416.8,8560.08,8237,68106.5,13085.3,-13.12,15.5543
8483.2,8468,65653.6,3408.48,3444,64860.1,19158.5,-38.54,15.5554
7291.52,7160,66739.8,3386.88,3288,67506.9,12077.3,-43.46,15.5565
14198.4,11712,79449,11076.5,10064,72129.2,29921.8,127.92,15.5596
23376.6,16246,94300.8,20293.9,16134,82433.5,29471.8,130.38,15.5596
12447.4,12188,66930.6,6223.68,6328,64455.6,9582.48,-27.88,15.5628
9632.64,9147,69015.5,3252.24,3215,66295.1,19589,30.34,15.5638
13318.4,11279,77385.8,10831,9647,73579.1,17677.4,113.16,15.5638
15521.9,14489,70208.1,9834.48,9721,66301,12301.2,44.28,15.566
29919.4,18068,108523,13446,6868,128305,5082.48,90.2,15.567
8064.64,7723,68435.1,3939.84,3967,65087.3,18044.6,57.4,15.567
12876.2,11000,76713.8,8473.68,7800,71196.3,18842.4,15.58,15.5702
11495.7,10131,74363.9,8295.12,6823,79676,42689.5,63.14,15.5733
12491.5,11252,72755.4,8154.72,7524,71029.7,33850.8,100.04,15.5755
10235.5,9852,68087.2,5145.84,4972,67827.4,15733.4,40.18,15.5776
7253.12,7068,67252.5,2813.76,2760,66812.5,22708.1,48.38,15.5797
10428.8,8842,77297.2,8534.88,7902,70784.9,10219.7,68.06,15.585
15457.9,14183,71427.1,6259.68,5975,68658.5,54351.4,18.86,15.5871
9042.56,8928,66376.9,2464.56,2564,62994.3,33102,-13.94,15.5892
13534.7,12028,73745.5,10737.4,9672,72754.7,21296.2,0.82,15.5955
17892.5,17044,68798.5,9609.12,9540,66010.8,19462.3,-15.58,15.5966
9630.08,9400,67140.1,7773.84,7384,68996,16061.8,65.6,15.5966
6469.12,6636,63887.9,2312.64,2328,65103.6,12217.7,82.82,15.5966
34561.9,29941,75650.4,13919.8,11317,80608.4,19132.6,2278.78,15.5976
8836.48,8573,67550.2,3883.68,2973,85610.8,7207.2,31.98,15.5987
14283.5,13561,69027.7,8380.8,7725,71099.6,19981.4,71.34,15.5987
8851.84,8103,71592.5,5505.84,5059,71324.5,26233.2,8.2,15.5987
25440.6,22314,74718.9,10517,9018,76429.9,28869.8,7.38,15.5987
10915.8,10990,65093.8,4237.2,4330,64131.4,17803.4,2.46,15.6039
18394.9,17084,70564.7,10550.2,9756,70870.8,29953.4,-47.56,15.6071
12878.1,13020,64821.6,6050.88,6056,65480.6,10981.4,27.88,15.6103
8918.4,8768,66660.2,5574.96,5380,67910.9,14770.8,-27.06,15.6134
9672.96,8519,74413.3,7395.84,6659,72787.8,16533.4,75.44,15.6145
11268.5,11174,66090.1,6167.52,6018,67164.3,10933.9,-0.82,15.6187
20092.8,15742,83648.9,9920.88,7130,91188.6,7110,83.64,15.6187
11260.2,10464,70522.4,8287.2,7668,70828.1,20324.2,86.92,15.6187
11534.7,10275,73570.7,7171.2,6247,75231.6,14531,-3.28,15.6198
13263.4,12948,67132.2,9233.28,9040,66937.2,12335.8,41,15.6219
5776.64,5959,63530.4,2649.6,2567,67644.8,7017.12,27.06,15.6251
14567,14384,66370,7215.12,6832,69211.1,22484.9,65.6,15.6261
7562.24,8237,60167.4,3196.08,3161,66263.3,13979.5,-41.82,15.6303
13411.2,13796,63708.1,5859.36,5904,65040.5,7153.92,49.2,15.6314
10554.9,10147,68170.4,11245,10087,73059.4,18420.5,23.78,15.6324
15365.1,13682,73598.1,12733.2,11218,74387.9,48754.8,36.9,15.6356
9340.16,9428,64925.4,4056.48,3744,71005.7,29989.4,29.52,15.6367
11358.1,11395,65323.7,6044.4,5687,69654.6,19447.9,73.8,15.6377
9301.12,9949,61268.3,3422.88,3373,66505.2,7160.4,-76.26,15.6398
8337.92,8377,65230.3,3281.76,3181,67611.9,42253.9,27.06,15.643
14298.2,12891,72690.2,9105.84,8255,72290.8,17826.5,38.54,15.6441
14236.2,13156,70916.8,12505.7,10644,76998.5,14268.2,102.5,15.6451
5484.8,5948,60432.4,2301.84,2312,65248,5939.28,65.6,15.6462
11370.9,11184,66631.1,8583.12,8016,70172.6,35799.1,-50.84,15.6472
7200,7853,60086.5,2922.48,3033,63147.9,36177.8,-24.6,15.6493
11315.8,11005,67387.1,5229.36,5001,68528.6,8177.04,69.7,15.6535
6583.04,6302,68458.6,2936.16,2890,66582.8,9127.44,-103.32,15.6588
8336,8305,65780.6,3810.96,3733,66904.7,18282.2,89.38,15.662
10318.7,9501,71176.5,7454.16,7097,68834.1,18106.6,24.6,15.662
22782.1,21132,70653.4,14270.4,13724,68145.2,19211,-26.24,15.662
8453.12,7885,70257.9,2993.04,2909,67429.3,30542.4,-21.32,15.6641
14508.2,13677,69518.7,5351.04,5213,67271.4,4942.08,39.36,15.6652
26267.5,22328,77099.1,14662.8,12712,75593.2,86914.1,60.68,15.6662
11636.5,11704,65157.9,3026.16,3112,63728.3,8617.68,-62.32,15.6662
19050.9,14729,84766,31661.3,26873,77213.3,26041.7,102.5,15.6673
7278.72,6889,69243.5,1838.88,1929,62474.3,7053.84,-10.66,15.6694
11289,9857,75056.6,7978.32,7009,74599.4,22517.3,64.78,15.6694
20755.8,19321,70402.9,12048.5,11389,69330.9,39777.1,74.62,15.6694
11612.2,10556,72093.1,6073.92,5816,68442.3,9178.56,-5.74,15.6704
11178.2,10602,69098,3925.44,3994,64411,4792.32,72.16,15.6704
7622.4,7329,68159.6,3063.6,2997,66992.4,8444.88,-5.74,15.6736
12266.9,11261,71390,7879.68,7513,68734.6,17391.6,78.72,15.6747
12762.2,12362,67657.8,5078.16,5034,66110.9,14310.7,-16.4,15.6768
13953.9,13646,67014.8,4898.88,4890,65655,5102.64,81.18,15.6799
6858.88,6979,64408,2978.64,2995,65178,6783.84,28.7,15.681
15356.2,15205,66187.5,6181.2,6197,65368.9,12115.4,32.8,15.682
6432,6506,64790.6,2818.08,2942,62775.6,10374.5,18.04,15.682
6370.56,6637,62905.1,2324.88,2365,64424.2,13703.8,-45.92,15.682
10744.3,9409,74836.8,8958.24,8165,71902.9,24827.8,18.04,15.6831
22264.3,20284,71934.3,8625.6,8204,68903.9,13240.1,45.1,15.6842
8813.44,8540,67634.4,4547.52,4408,67610.3,7340.4,21.32,15.6842
10314.2,10268,65831.1,3810.96,3928,63583.3,20099.5,-98.4,15.6852
25873.3,21529,78760.3,8182.08,6509,82381.5,15911.3,-13.94,15.6852
12958.1,11832,71773.2,11381.8,10376,71888.5,18074.2,100.86,15.6894
10222.7,9829,68161.2,5854.32,5621,68256.3,60274.1,24.6,15.6894
5328,5381,64890.5,3544.56,3425,67823.7,5865.84,7.38,15.6979
9369.6,9527,64453.3,2907.36,3063,62205.9,23149.4,-27.06,15.6989
8666.24,8886,63915.2,4012.56,4033,65203.9,23724.7,9.02,15.7
8776.96,9136,62960.5,5837.04,5716,66923.8,21496.3,52.48,15.701
6085.76,6453,61806.3,2302.56,2373,63590.6,6030,11.48,15.701
6554.88,6509,65997.9,3553.2,3417,68148.2,9267.84,36.08,15.7053
12970.2,12305,69079,11066.4,10533,68854.8,13591.4,62.32,15.7053
9694.08,9676,65658.5,5629.68,5372,68679.6,10527.8,86.1,15.7084
15059.8,15258,64684.9,5729.76,5866,64013.9,13628.2,-21.32,15.7095
9372.16,9297,66065.8,3908.88,3909,65534,16986.2,62.32,15.7126
7099.52,7219,64451.3,3466.08,3299,68855.1,6616.8,80.36,15.7126
6611.2,6501,66646.9,2963.52,2881,67413.1,9786.24,-12.3,15.7137
6165.76,6024,67078.2,2341.44,2172,70648.5,8592.48,-10.66,15.7137
11635.8,11132,68502.2,6403.68,5980,70179.2,7310.88,106.6,15.7137
9084.16,8985,66259.3,3902.4,3789,67497.4,8269.2,66.42,15.7148
16316.2,15041,71092.1,9758.16,9093,70330,28658.9,-31.16,15.7169
7400.32,7343,66047.6,3245.04,3343,63615.6,51559.2,89.38,15.7179
12277.8,11893,67656.2,6546.24,6305,68043.5,11046.2,162.36,15.7179
10438.4,10452,65450.7,5707.44,5844,64004.6,11077.9,73.8,15.7221
17859.8,15948,73392.4,14083.9,13400,68880.9,9573.12,0,15.7221
21189.8,19401,71578.4,16637.8,16189,67352.7,12723.8,46.74,15.7221
14961.3,14273,68696.3,6058.08,6017,65983.4,4983.12,-3.28,15.7221
11564.8,10112,74951.6,6548.4,5984,71717.2,40662,68.88,15.7264
10232.3,9065,73975.2,7047.36,5977,77272.2,50474.2,119.72,15.7274
21950.7,18855,76296.1,16784.6,15095,72871.7,31812.5,-6.56,15.7295
13881.6,13624,66775.1,7253.28,6952,68376.1,4934.88,97.58,15.7306
8796.8,8945,64450.2,3126.96,3121,65661.2,5186.16,-42.64,15.7327
12921,12765,66336.7,5778,5661,66890.5,10223.3,3.28,15.7338
10403.2,10112,67423.3,6935.04,6512,69793.4,12807.4,71.34,15.7359
14165.1,12545,73999.6,10499,9493,72481.3,13608,25.42,15.739
5276.8,5439,63581.6,2739.6,2623,68449.3,26013.6,36.08,15.739
6467.84,6672,63530.6,4538.16,4212,70610.9,8390.16,-2.46,15.7401
9460.48,9707,63871.6,2994.48,3083,63654.3,16238.2,11.48,15.7401
21049.6,14685,93939.8,18259.2,14185,84359.2,11719.4,58.22,15.7454
19292.8,18051,70044.5,15035,14115,69807.8,64822.3,125.46,15.7454
13854.7,14309,63455.4,5127.84,5265,63828.7,21780,36.9,15.7464
16771.8,16797,65437.8,6372,6381,65443.6,5647.68,-59.04,15.7475
12477.4,12656,64611.4,4208.4,4272,64560.3,13222.1,50.84,15.7485
6652.16,7196,60583.1,2650.32,2700,64330.1,27717.1,54.12,15.7485
8458.88,9088,60999.2,3481.92,3572,63883.3,5211.36,79.54,15.7506
6462.08,6665,63540.7,4666.32,4477,68307.3,19352.2,14.76,15.7517
8648.32,8504,66648.2,4853.52,4568,69632.3,16918.6,-6.56,15.7559
10760.3,10604,66502.1,5442.48,5432,65662.4,13132.1,-6.56,15.7559
11692.2,12089,63384.7,1869.12,1981,61834.8,11907.4,36.08,15.758
9372.8,9861,62291.4,3017.52,3025,65373.9,10103.8,55.76,15.7601
12037.8,11693,67468.3,6748.56,6425,68836.4,16004.2,60.68,15.7644
12568.3,13008,63320.8,6724.8,6624,66533.3,11656.8,8.2,15.7665
9020.16,9292,63618.7,5497.2,5160,69818.7,20551,53.3,15.7728
10745.6,10869,64791.9,5691.6,5329,69995.3,8059.68,95.12,15.7728
9825.28,9873,65219.2,7328.88,6805,70581.3,5303.52,109.06,15.7739
10759,10757,65548.4,4855.68,4645,68508.5,10938.2,70.52,15.776
18978.6,18124,68626.1,9776.88,9308,68837.3,18799.2,132.84,15.7812
11115.5,11020,66104.1,4700.16,4552,67669.1,23765,-7.38,15.7812
16886.4,15780,70131,13735.4,12784,70413.5,27282.2,89.38,15.7823
10874.2,10000,71265.4,7728.48,7056,71782,25598.2,38.54,15.7834
10168.3,10041,66367,4395.6,4349,66238.2,13387.7,-82.82,15.7834
11653.1,11001,69420.9,4237.2,3977,69823.8,13271,91.84,15.7865
6561.28,6565,65498.9,13487,12977,68111.8,6754.32,898.72,15.7876
12104.3,11116,71362.8,7400.88,6972,69567.4,28270.1,2.46,15.7886
6097.92,5708,70012.8,3222.72,3128,67520.5,5561.28,5.74,15.7897
7247.36,6758,70281.6,3281.04,3314,64884.2,26806.3,18.86,15.796
53407.4,33008,106038,94569.1,51536,120259,235510,15568.5,15.796
17585.3,13625,84584.9,12305.5,10621,75930.2,29965.7,83.64,15.7992
18649,16925,72211.4,13613,12717,70153.7,30592.1,61.5,15.8002
13363.2,12925,67757.9,7807.68,7453,68654.8,33672.2,141.86,15.8002
18485.1,16184,74854.2,13045.7,11740,72824.7,61832.2,129.56,15.8013
12536.3,10874,75554.6,8823.6,8046,71869.7,28894.3,-1.64,15.8013
17159.7,15793,71207.3,7209.36,6885,68623.5,5546.88,28.7,15.8013
6209.92,6136,66325.5,2214.72,2252,64451.1,10043.3,-10.66,15.8055
15521.3,14832,68581.6,6337.44,6304,65883.6,16199.3,-40.18,15.8055
14985.6,14601,67262.3,5033.52,4989,66120.8,18609.1,7.38,15.8055
12514.6,11603,70684.7,7592.4,7219,68925.8,19422.7,-70.52,15.8055
8258.56,7917,68363.4,2909.52,2905,65638,16533.4,-10.66,15.8055
19621.1,18220,70575.7,10576.1,10296,67318.8,5540.4,37.72,15.8076
11905.3,10954,71227.4,11811.6,11178,69250.8,10878.5,113.98,15.8076
15638.4,14651,69952.8,5395.68,5231,67599.2,14055.8,64.78,15.8087
7180.8,7125,66049.3,2843.28,2789,66811.5,6251.04,91.02,15.8108
12160.6,12204,65303.2,3834.72,3896,64505.2,62076.2,13.94,15.8129
12679,11969,69423.8,10323.4,8353,80995.1,12593.5,87.74,15.8129
14275.2,12596,74272.7,9988.56,8896,73584.8,39469,39.36,15.814
25730.6,15664,107653,16623.4,11232,96993.3,58011.8,60.68,15.815
6915.84,6816,66496,9761.04,5920,108057,28262.2,223.04,15.815
15757.4,13815,74750.6,12727.4,11399,73173.6,38653.2,-31.98,15.8161
15954.6,15563,67184.9,10198.8,9727,68714.8,15123.6,38.54,15.8161
11802.9,11521,67139.4,9048.96,8673,68376.9,14718.2,-58.22,15.8182
13955.2,12589,72648.2,11144.9,10265,71153.5,15818.4,72.16,15.8235
15772.2,13227,78146.5,8005.68,7227,72597.2,25920.7,51.66,15.8245
9535.36,8804,70980.2,8909.28,8032,72694,11301.8,-11.48,15.8256
9330.56,8968,68185.5,3491.28,3400,67295.5,14957.3,117.26,15.8266
12372.5,11994,67604,4561.92,4366,68476.9,35160.5,-22.14,15.8298
12218.9,11493,69675.1,5535.36,5381,67416,10010.9,66.42,15.8308
14527.4,14572,65335.2,8029.44,8044,65417.4,32740.6,50.84,15.8319
18570.9,17808,68343.5,9703.44,9568,66463.7,24827,76.26,15.833
11207.7,10977,66913.2,4968,4757,68442.9,12403.4,84.46,15.833
5808.64,5710,66668.1,2517.84,2462,67022.4,8560.08,24.6,15.834
8680.96,8472,67152.4,5140.8,4904,68700.5,24967.4,59.04,15.8351
11946.2,11577,67626.2,7030.8,6605,69760.9,15339.6,48.38,15.8351
11932.8,11824,66139,5504.4,5636,64005.7,4955.04,116.44,15.8372
11616.6,10820,70361.2,6886.08,6596,68418.2,17107.2,55.76,15.8393
9785.6,8745,73334.4,6413.04,6057,69388.3,18892.1,-85.28,15.8393
11783,11656,66250.3,4500,4536,65015.9,20849.8,106.6,15.8403
14702.7,14141,68139.3,7182,7049,66772.5,5995.44,24.6,15.8414
11119.4,10405,70035.4,5860.08,5857,65570.5,6895.44,114.8,15.8456
21671.7,17193,82607.8,21780,17609,81059.4,47106.7,63.14,15.8456
10121.6,9633,68860.1,4315.68,4305,65698.6,16923.6,59.04,15.8467
14222.7,12108,76982.2,11292.5,10296,71878.8,13554,44.28,15.8477
11097.6,11148,65239.7,4741.2,4856,63986.7,13180.3,-51.66,15.8477
22815.4,16456,90862.1,13592.2,10988,81068.1,58580.6,-24.6,15.8488
8972.16,8624,68181.8,3670.56,3636,66158.9,7737.84,-86.92,15.853
13038.1,11193,76339.1,9634.32,8653,72968.3,19555.2,50.84,15.8541
7410.56,7405,65585.2,3174.48,3145,66150.3,15380.6,50.84,15.8583
7612.8,7201,69283.8,6642.72,6229,69888.8,8486.64,116.44,15.8593
6632.32,6632,65539.2,2282.4,2328,64252.3,10678.3,-50.02,15.8593
10958.1,10718,67004,3813.84,3786,66017.9,14325.1,135.3,15.8604
14976,14468,67837.1,7863.84,7712,66826.3,17740.1,30.34,15.8614
15036.8,13793,71445.8,10185.1,9361,71305.6,68971,34.44,15.8614
4844.16,5060,62740.5,1999.44,2036,64359.2,13048.6,16.4,15.8625
6120.32,6128,65453.9,3564,3472,67272.6,5508,-23.78,15.8625
9708.16,9520,66831.3,3972.24,3872,67232.6,16922.9,-9.02,15.8646
8273.28,8626,62856.2,7597.44,6546,76062.6,11085.8,161.54,15.8657
34928,24752,92479.1,28520.6,21280,87835,89078.4,141.04,15.8667
10125.4,9283,71483.4,7492.32,6903,71130.9,19082.2,13.12,15.8678
10549.1,10452,66145,4817.52,4752,66439.6,11821.7,-61.5,15.8699
12496,12124,67546.8,7881.12,7788,66319.6,20227.7,-47.56,15.8709
11435.5,11360,65971.7,6312.96,6112,67690.8,8482.32,-4.1,15.872
10364.2,10140,66984.8,4340.16,4248,66957.8,14790.2,-71.34,15.872
11249.3,10772,68439.7,4535.28,4548,65352.7,6633.36,42.64,15.8752
13438.1,12595,69922.8,9138.24,8435,70999.8,20617.2,130.38,15.8762
12864,12269,68714.3,6691.68,6473,67750,36942.5,89.38,15.8794
16789.8,16204,67905.1,5911.2,5592,69276.9,11955.6,-16.4,15.8804
7230.72,7393,64097.5,4171.68,4197,65140.6,9886.32,4.1,15.8847
12416.6,11926,68232.2,10040.4,9430,69778.1,35417.5,47.56,15.8868
11675.5,11125,68779,7636.32,7157,69925.1,8971.92,36.08,15.8868
9715.84,9052,70342.2,5720.4,5244,71489.7,15587.3,-15.58,15.8878
10918.4,10524,67992,3806.64,3704,67352,8749.44,48.38,15.8889
21382.4,17276,81113.5,11738.9,9464,81289,50095.4,241.08,15.8889
17401,14945,76305.7,11694.2,10549,72650.8,35949.6,82,15.8899
15080.3,14285,69184.7,8724.96,7929,72114.9,58224.2,-74.62,15.8899
14448,13552,69869,10560.2,9456,73189.1,28049,41,15.8921
9875.2,9813,65951.4,3688.56,3729,64825.3,15353.3,15.58,15.8921
8567.68,8513,65956.9,3493.44,3489,65619.4,10635.1,21.32,15.8931
9392.64,8612,71476.6,6084,5776,69030.6,21610.8,9.84,15.8942
12185,11437,69822,5631.84,5321,69364.5,20149.2,82,15.8942
9427.2,9377,65886.9,5783.04,5829,65019.3,14881.7,-0.82,15.8952
11274.2,9721,76007.5,6324.48,5789,71598.1,23032.1,72.16,15.8963
10505.6,9636,71450.3,6276.24,5840,70431.5,22189.7,24.6,15.8973
11454.7,11022,68108.9,5605.2,5374,68355.5,18895,-4.92,15.8994
13557.1,12449,71369.6,6203.52,5921,68663,32883.1,-10.66,15.8994
10406.4,10369,65772.4,3638.88,3669,64998,29063.5,91.02,15.8994
5308.8,5164,67373.6,2653.92,2600,66895.1,8094.24,78.72,15.8994
12053.1,11585,68184.1,6105.6,5893,67900.3,10152,-36.08,15.9005
14372.5,14397,65424.4,7260.48,7213,65967.4,21612.2,48.38,15.9037
10798.7,10552,67068.3,4528.8,4572,64916.8,5344.56,1.64,15.9047
14938.2,13944,70208.9,6842.16,6588,68064.3,11620.8,117.26,15.9068
17434.9,14989,76230.1,13216.3,11693,74073.8,34825.7,198.44,15.9068
10668.2,9961,70188.6,4355.28,4157,68661.9,29614.3,4.92,15.9089
13480.3,12879,68595.9,5919.12,5691,68163,15410.2,90.2,15.911
9149.44,8944,67041.3,3857.76,3728,67817.1,11419.2,44.28,15.9121
12092.2,11784,67249.8,5574.96,5336,68470.9,12911,-32.8,15.9132
12993.9,12593,67622.5,5721.84,5665,66193.6,7778.16,-13.12,15.9163
9778.56,9853,65040.9,3381.12,3401,65152.9,13345.9,153.34,15.9174
9116.16,9133,65415.2,3150,3197,64572.5,5689.44,74.62,15.9174
9790.08,9877,64959.3,4260.24,4293,65035.9,29657.5,0.82,15.9184
7032.32,6883,66957.7,2111.04,2083,66418.2,11366.6,99.22,15.9216
13639,13248,67470.4,5233.68,5120,66991.1,8947.44,-4.92,15.9216
13694.7,13101,68506,4057.2,3869,68723.9,35815,31.98,15.9237
15265.3,13512,74039.8,5621.04,5080,72515.8,65948.4,70.52,15.9248
6441.6,6305,66955.9,2527.2,2465,67189.7,16287.1,-28.7,15.9258
10084.5,10216,64692.3,5770.08,5852,64618.6,15463.4,50.84,15.9258
10439.7,9550,71641.3,7135.2,6430,72723.6,18452.9,68.88,15.9269
13486.1,12679,69707.7,4723.92,4435,69805.4,24730.6,68.88,15.929
18594.6,18329,66485.5,5702.4,5753,64959.6,15727,74.62,15.93
12882.6,11325,74549.4,8708.4,8109,70380.3,42161.8,7.38,15.93
13396.5,11820,74276.8,9272.88,8328,72971.6,8455.68,-49.2,15.93
11466.9,10697,70252.7,8459.28,7885,70309.1,37974.2,8.2,15.93
12583.7,10827,76169.2,8781.12,7899,72854.7,36076.3,54.94,15.9311
11283.8,11277,65575.8,4818.96,4877,64756.1,11624.4,-64.78,15.9322
12513.3,10740,76356.6,7645.68,7024,71336.5,31692.2,100.86,15.9343
8603.52,8248,68360.9,2884.32,2808,67317.2,17102.9,38.54,15.9374
12928,11989,70668.9,12269.5,11461,70159.3,50043.6,34.44,15.9385
9886.72,9352,69283.2,3630.24,3464,68681.1,11405.5,7.38,15.9385
13763.2,12989,69442.2,5276.88,5101,67795.7,13426.6,5.74,15.9395
6197.76,6023,67437.6,2777.04,2631,69173.7,6870.24,64.78,15.9459
9667.84,8996,70430.4,5014.8,4576,71820.4,7192.8,-72.98,15.948
9371.52,8714,70481.1,4157.28,3870,70400.9,10842.5,5.74,15.949
20838.4,16721,81673.7,12797.3,11153,75197.9,19793.5,126.28,15.949
12533.8,11528,71253.7,10017.4,9160,71670.1,24149.5,77.9,15.949
14012.2,13152,69822.2,8236.08,7556,71434.6,23192.6,28.7,15.9501
6057.6,6059,65520.9,7549.92,7151,69191.9,5910.48,501.84,15.9501
16665,14257,76604.8,11038.3,9921,72916.8,18244.1,75.44,15.9511
11185.3,10453,70127.1,5994,5509,71305.6,25377.8,-63.96,15.9533
10566.4,10245,67592,5439.6,5205,68489.9,12974.4,-4.1,15.9554
11142.4,10561,69143.9,4043.52,3905,67860.7,7724.88,-70.52,15.9575
8559.36,8308,67518.8,4435.92,4404,66011,12603.6,-94.3,15.9575
16135,14325,73816.8,11684.2,10481,73059.2,42922.8,5.74,15.9585
8246.4,8010,67470.2,3479.04,3450,66087.6,6412.32,91.02,15.9585
12951.7,12588,67429.4,6629.76,5848,74296.9,11637.4,105.78,15.9585
12407.7,11965,67960.7,5855.76,5725,67032.9,21870,104.14,15.9585
7472,7404,66137.9,2330.64,2380,64176.8,15842.9,74.62,15.9596
12792.3,11809,70993.1,8223.84,7589,71018.3,16593.8,72.16,15.9606
38748.2,28312,89693.4,25886.9,21400,79276.8,43769.5,245.18,15.9617
10938.9,10528,68093.7,4530.24,4512,65800.9,8718.48,76.26,15.9628
10910.7,10116,70684.5,9179.28,8640,69626.5,30846.2,130.38,15.9638
7328.64,6548,73349.1,6520.32,6148,69504.8,17040.2,45.1,15.9659
10562.6,9421,73477.1,7655.04,6957,72111.7,32621,19.68,15.967
12671.4,11464,72438.1,10112.4,9288,71353,17254.1,74.62,15.9701
15620.5,15580,65706.3,7098.48,7084,65670,10180.8,24.6,15.9712
5936,5997,64869.4,2541.6,2541,65551.5,17454.2,50.84,15.9744
12276.5,12220,65838.9,5582.88,5432,67356.3,21772.1,-6.56,15.9765
12725.1,12505,66689.6,5147.28,5066,66587.5,40245.1,6.56,15.9786
8529.92,8420,66391.6,2518.56,2420,68205.1,15526.8,-28.7,15.9786
11305.6,10429,71044.6,8175.6,7433,72083.4,29237,-9.84,15.9807
12347.5,11965,67631.2,4637.52,4409,68932.8,19396.8,9.02,15.9818
262143,147392,116559,211104,127120,108833,262143,41442,15.9839
11267.8,9971,74059.7,12104.6,10887,72865.8,44071.9,117.26,15.9849
11649.3,10340,73834.4,9023.76,8372,70638,15271.9,66.42,15.987
13892.5,13609,66901.1,6303.6,6265,65939.8,11734.6,19.68,15.9891
10442.2,10493,65219,3919.68,3817,67299,12641.8,83.64,15.9902
10263.7,9949,67608.9,4209.84,3997,69025.8,10825.9,-26.24,15.9965
5264,5389,64015.9,2551.68,2601,64293.3,10221.8,-123.82,15.9976
13118.1,12421,69214,8168.4,7781,68798.9,17335.4,-13.12,15.9997
13733.8,12608,71387.7,6415.2,5904,71210.5,38009.5,63.96,15.9997
12435.2,11933,68294.1,8038.08,6601,79803.6,32523.1,45.1,16.0007
9635.2,9278,68059.1,7234.56,6874,68973.5,13016.9,-32.8,16.0018
8094.72,7807,67951.3,3263.76,2875,74397.8,9820.08,-39.36,16.0018
13888.6,12748,71399.9,7474.32,6616,74038.3,8087.04,22.96,16.0039
9594.24,9611,65421.7,5153.04,5067,66648.8,5017.68,-1.64,16.0039
6730.88,6661,66223.5,2163.6,2149,65981.2,6869.52,-8.2,16.005
10469.8,9988,68697.1,3896.64,3760,67917.6,12240.7,37.72,16.005
12688.6,12764,65149.1,3265.92,3404,62877.6,11530.1,-52.48,16.0081
10163.8,8300,80252.7,8025.84,7020,74926.1,30331.4,109.88,16.0145
11166.1,9789,74755.4,7822.08,7033,72888.9,38380.3,4.92,16.0176
13965.4,13712,66747.3,5869.44,5504,69887.3,10038.2,88.56,16.0229
11436.8,11169,67107.4,8004.24,7489,70044.9,20924.6,56.58,16.0229
12190.1,11972,66729.8,9128.16,8788,68072.7,15384.2,18.04,16.025
8671.36,7460,76177.8,9692.64,8320,76348.2,19833.8,136.12,16.0271
10489,9931,69218.1,4836.96,4559,69531.7,20389.7,-51.66,16.0271
14366.7,12137,77575.8,10697.8,9341,75055,16482.2,68.88,16.0282
14332.2,13889,67627.1,7896.96,7765,66649.7,9978.48,44.28,16.0282
11336.3,10836,68561.9,5415.84,5216,68046.9,15013.4,-32.8,16.0292
6247.68,5980,68469.6,3120.48,3052,67006.5,17734.3,0.82,16.0314
5434.88,5178,68787.2,2376,2350,66261.1,5493.6,-2.46,16.0345
9482.88,9032,68807.6,4931.28,4808,67216.4,9793.44,103.32,16.0345
11374.1,11217,66453.8,4943.52,5009,64679.3,22806.7,47.56,16.0398
13075.8,12096,70844.8,6695.28,6244,70272.6,9090,59.04,16.0398
11758.7,11501,67004.6,6064.56,5881,67581.5,15132.2,-31.16,16.0409
10536.3,9777,70625.8,7854.48,6913,74461.3,13223.5,1.64,16.0493
10945.3,10348,69318.7,4972.32,4732,68864.3,16762.3,69.7,16.0503
9391.36,8585,71691.6,5990.4,5085,77204.9,20417,13.12,16.0503
12626.6,11769,70311.4,4841.28,4009,79141.5,11525,50.84,16.0525
12388.5,11540,70354.5,11488.3,10816,69609.7,10025.3,36.08,16.0525
9134.72,8272,72371,6869.52,6176,72895.2,6013.44,28.7,16.0546
13861.1,12589,72158.4,7954.56,7453,69946.3,57676.3,-28.7,16.0556
6248.96,6098,67158.4,4217.04,3746,73776.8,7259.04,9.02,16.0556
15395.8,14226,70925.2,9334.8,8578,71318,63257,-86.1,16.0556
11015.7,11203,64440.2,5166,5187,65270.7,19939,45.1,16.0609
10588.8,9999,69401.7,7653.6,7211,69558.5,8776.8,37.72,16.062
15354.9,14845,67787,8271.36,7997,67784.4,49009.7,109.06,16.062
7434.24,6657,73187.7,7334.64,6161,78020.3,17103.6,118.9,16.063
13942.4,13781,66303.5,6145.2,5905,68201.8,17257.7,24.6,16.0641
7019.52,6199,74210.6,6822.72,5956,75072.8,8498.88,-1.64,16.0725
11241,11357,64866.4,5032.08,4973,66314.6,7179.12,-59.86,16.0736
10841.6,10705,66372.3,6217.2,6033,67537,11427.8,14.76,16.0767
9756.16,8717,73348.6,6557.04,5949,72234.4,12480.5,100.04,16.0778
7992.96,6983,75014.6,6418.08,5367,78370.7,33330.2,21.32,16.0852
46540.8,36734,83032,33044.4,26698,81114.6,119509,176.3,16.0852
10405.1,9852,69215.4,5507.28,5372,67186.4,22952.2,-1.64,16.0862
10229.8,9576,70010.2,6050.16,5884,67386.7,7662.96,-60.68,16.0894
5786.24,5756,65880.3,2679.12,2808,62528.1,8980.56,19.68,16.0905
12823.7,11800,71221.4,6500.16,6056,70342.6,22105.4,28.7,16.0926
12668.8,12369,67124.5,4638.96,4693,64781.4,12433.7,59.04,16.0926
10327,9332,72523.9,8920.8,8112,72070.2,13379,45.1,16.0947
8474.24,8357,66455.4,3588.48,3745,62797,8911.44,38.54,16.0957
13145,12216,70519.6,5275.44,5100,67790.5,12079.4,110.7,16.0968
11648.6,11522,66256.3,3067.2,3218,62464.9,5887.44,-110.7,16.0999
16636.2,15388,70851.8,8301.6,7880,69042.3,17434.1,23.78,16.1052
11838.1,11544,67205.5,4850.64,4892,64981.9,19115.3,0.82,16.1063
11305.6,10260,72214.8,9599.76,9028,69686.5,11733.1,95.94,16.1073
12398.1,11898,68290.5,5244.48,5114,67208.1,13091.8,64.78,16.1116
7358.72,7092,68000.7,3460.32,3360,67492.7,21060.7,38.54,16.1137
9719.04,9609,66286.5,6463.44,4873,86925.5,29011.7,125.46,16.1137
8585.6,8603,65403.4,3630.24,3647,65234.8,12179.5,-18.04,16.1211
13254.4,13203,65791.1,5324.4,5335,65405.8,9036,46.74,16.1211
12025.6,10844,72677,11433.6,10220,73318.3,11656.8,99.22,16.1221
9296,8861,68753.3,5561.28,5213,69914.5,10509.1,10.66,16.1221
5212.8,5276,64751,3287.52,2424,88882.4,8928,63.96,16.1221
15866.2,15221,68314.2,6300,6129,67364.5,25506.7,57.4,16.1232
9359.36,6517,94119.2,29780.6,15889,122834,6890.4,1894.2,16.1274
9543.68,9237,67711.9,5262.48,5153,66928.4,34302.2,61.5,16.1327
14974.7,13668,71801.5,9091.44,8320,71612.6,19233.4,5992.56,16.1337
7375.36,6773,71364.5,6896.16,6277,72000.4,12427.9,-4.92,16.1369
6707.84,6513,67496.5,3986.64,4001,65300.8,8859.6,91.84,16.1369
10999.7,10456,68943.7,3969.36,3640,71465.9,8269.92,-18.86,16.139
10666.2,10336,67629.9,3348,3280,66894.7,21046.3,105.78,16.139
15758.1,12679,81451.3,8372.16,7107,77202.5,12166.6,113.16,16.1432
12275.8,12155,66187.5,4714.56,4523,68311.6,29412,26.24,16.1453
13662.1,12752,70213.2,6288.48,5552,74229.4,42475.7,57.4,16.1453
12870.4,11842,71227.4,9216,8530,70806.5,31680,89.38,16.1495
10668.8,10572,66136.1,6901.92,6540,69162.7,9833.76,-13.94,16.1517
16203.5,15057,70526.3,10580.4,10005,69305.1,64222.6,44.28,16.1517
12324.5,11676,69175.8,7228.8,6728,70414.2,14679.4,11.48,16.1517
12192,11496,69503.7,6645.6,6312,68999.7,32026.3,-0.82,16.1538
16613.8,12824,84903.3,19233.4,16808,74992.7,40078.8,150.06,16.1538
9841.92,9261,69646.9,5509.44,5081,71062.1,11915.3,23.78,16.1548
16879.4,16408,67418.7,5870.16,5240,73417.3,13522.3,52.48,16.1548
14921,13964,70027.2,7490.16,7192,68252.9,11319.1,-31.16,16.1548
13051.5,12713,67281.1,6744.96,6665,66322.2,21459.6,117.26,16.1559
10030.7,9813,66990,5553.36,5297,68707.8,22758.5,44.28,16.158
13976.3,12576,72833.3,8791.92,8436,68301,9971.28,-4.92,16.1612
15116.2,14237,69583,8918.64,8713,67082.8,7403.76,27.88,16.1612
10997.1,10281,70100.9,4776.48,4653,67275.2,10007.3,8.2,16.1654
9952.64,8245,79109.3,7613.28,6817,73191.1,26995,31.16,16.1696
10357.1,9580,70852.2,5234.4,4888,70180.4,11792.9,-9.84,16.1696
14099.8,13016,70993.2,5536.8,5324,68155.5,7436.16,36.9,16.1707
15001.6,14088,69786,9957.6,9096,71743.8,22337.3,-2.46,16.1728
12816.6,12520,67088.8,3602.88,3596,65661.4,8468.64,72.98,16.1728
14685.4,13617,70678.2,7576.56,7333,67712.7,19027.4,14.76,16.1738
7740.16,7609,66665.7,2987.28,2973,65850.8,6261.12,91.84,16.177
27280.6,22915,78021.6,17380.1,14535,78364,54983.5,137.76,16.177
28584.3,24628,76063.9,15889,14128,73704.6,44958.2,68.88,16.178
10507.5,10496,65607.9,5124.24,5248,63990.5,5037.12,9.84,16.178
7520.64,7349,67066.6,4921.2,4965,64957.9,13717.4,59.86,16.1823
10187.5,9548,69925.6,4736.88,4568,67958.9,5105.52,82.82,16.1823
6627.84,6440,67447.5,879.84,956,60315.1,5428.8,9.84,16.1844
14933.8,14073,69544.4,7248.96,7405,64155,32078.2,49.2,16.1875
11660.8,10716,71314.1,6008.4,5996,65671.5,13464,-16.4,16.1897
12533.8,11957,68697.2,6894,6785,66588.8,19337.8,-5.74,16.1897
16981.1,14876,74810.1,9099.36,7484,79681.4,39260.9,89.38,16.1897
17185.9,15162,74284.2,20447.3,15518,86353.5,9948.24,145.14,16.1907
10211.2,9733,68755.9,4528.8,4289,69200.2,20289.6,103.32,16.1918
16233.6,15076,70568.1,11893.7,11108,70171.4,14819,138.58,16.1928
7920.64,7389,70251.3,3249.36,3165,67282.8,5450.4,43.46,16.1928
7248.64,6836,69491.9,3042.72,2996,66558,5773.68,71.34,16.1939
19549.4,14469,88547.4,16521.8,13301,81405.6,17285.8,112.34,16.196
9479.68,9164,67793.6,2064.96,2140,63238,11740.3,67.24,16.196
14635.5,13669,70170,4386.24,4353,66036.4,14865.8,-44.28,16.1981
13416.3,12200,72069.8,6693.12,6428,68239,10474.6,-94.3,16.1981
5164.16,5011,67539.1,2863.44,2883,65091.4,16894.8,-40.18,16.1991
11268.5,9665,76408.8,122680,107477,74806.4,24606.7,2446.06,16.2002
14701.4,13904,69294.7,4628.88,4580,66235.4,13158,13.12,16.2013
9912.32,9028,71955.4,6651.36,6080,71694.7,6432.48,101.68,16.2023
10534.4,9324,74043.6,6854.4,6584,68227.5,21276,-17.22,16.2023
9483.52,9371,66322.9,3475.44,3595,63356.5,7691.76,-45.92,16.2034
12771.2,12000,69747.8,6269.76,5940,69174.2,36655.2,42.64,16.2044
9282.56,8837,68840.3,5374.8,5157,68303.8,13565.5,98.4,16.2055
7613.44,7325,68116.6,3484.8,3529,64715.2,12433.7,108.24,16.2055
12453.8,10669,76499.2,9799.2,8797,73002.2,50769.4,-31.16,16.2076
8782.72,8772,65616.1,3158.64,3120,66347.6,21149.3,8.2,16.2086
11460.5,10724,70036.7,6822,6400,69857.3,13186.8,-46.74,16.2118
9738.88,9172,69586.5,7722.72,7236,69944.2,15881.8,40.18,16.2139
21969.9,19540,73685.8,13028.4,12068,70751.5,39492,7.38,16.216
18421.8,15753,76638.6,51391.4,42249,79717.6,7121.52,2248.44,16.2171
14805.8,12872,75381.5,12259.4,11228,71556.3,16017.8,78.72,16.2171
8141.44,8029,66453.8,3587.04,3565,65941.2,12453.8,75.44,16.2181
12564.5,12383,66496.5,7333.92,7116,67543,16657.2,-42.64,16.2213
10759.7,10577,66667.9,5492.16,5473,65765.4,12768.5,45.92,16.2213
16572.8,14629,74244,7380,6657,72653.7,58856.4,15.58,16.2234
9020.8,8781,67325.7,4252.32,4153,67103.3,5519.52,35.26,16.2245
8517.12,8566,65162,4980.24,4946,65989.7,17537.8,107.42,16.2287
14666.9,14283,67297.4,5968.8,5819,67223.1,5959.44,35.26,16.2308
9341.44,9353,65455,3784.32,3501,70839.5,9615.6,-76.26,16.2308
13494.4,12856,68790.4,8280,7852,69108.3,10674,34.44,16.2329
12483.2,11910,68690.1,5878.08,5666,67989,19766.9,-22.96,16.234
13633.3,10905,81932.2,16450.6,14061,76673.3,27362.2,2701.9,16.2403
6797.44,6101,73017.1,2630.88,2593,66493.4,8013.6,70.52,16.2414
13586.6,11812,75381.7,9375.84,8544,71916.6,15541.2,-41,16.2445
14899.8,14094,69283.1,4471.2,4590,63839.8,13683.6,33.62,16.2445
13226.9,12177,71186.4,5585.76,5169,70820,5870.16,53.3,16.2456
12199,11208,71330.9,5243.04,4136,83077.3,13050.7,25.42,16.2466
12254.1,10723,74893.5,7285.68,6867,69531.7,22070.2,65.6,16.2477
22849.9,19484,76857.5,15486.5,14168,71634.8,6379.2,68.88,16.2487
8732.16,7437,76949.2,2381.04,2457,63509.9,8907.12,51.66,16.2519
12659.8,11034,75192.6,4249.44,4202,66275.9,19994.4,113.16,16.2519
15711.4,13305,77388.9,4895.28,4745,67611.6,15008.4,55.76,16.254
13729.9,11268,79854.8,6582.96,6180,69809.2,26964,-18.86,16.2551
13450.9,11106,79373,6327.36,5842,70980.8,16414.6,-12.3,16.2551
14046.1,11888,77433,6514.56,6388,66834.4,8161.92,-56.58,16.2561
15287.7,12141,82521.5,8017.2,7625,68906.9,5567.04,-4.1,16.2572
52394.2,31776,108060,56967.8,37284,100135,94731.1,212.38,16.2572
17847,14712,79501.3,7346.16,7148,67352.8,9643.68,18.04,16.2582
13001,11352,75055.6,6125.04,6120,65590,10996.6,-65.6,16.2656
10332.2,8965,75530.2,3610.08,3585,65994.5,6072.48,7.38,16.2677
30680.3,20785,96736.4,33239.5,26385,82561.5,72673.2,189.42,16.2688
18971.5,16425,75696.6,12940.6,12041,70432.1,37278,31.98,16.2688
31073.9,23927,85111.4,20049.1,16023,82003.3,83265.8,87.74,16.2699
8474.24,7601,73065.1,3309.12,3349,64755.6,12897.4,-45.1,16.2709
12638.7,11195,73987.6,6215.76,6008,67802.3,26796.2,-14.76,16.273
9724.8,9372,68003,3314.16,3436,63212.1,5801.04,-52.48,16.2741
12379.5,11365,71386.2,5028.48,4965,66373.9,12016.8,11.48,16.2762
9948.16,9112,71549.9,7186.32,6632,71013.7,12459.6,66.42,16.2772
10929.9,11336,63188.4,4677.84,4812,63708.8,9323.28,15.58,16.2804
10780.8,10551,66963.4,5726.88,5491,68351.3,15046.6,49.2,16.2804
15724.2,15632,65922.4,9000.72,8724,67614.8,8460,37.72,16.2836
15066.2,15620,63212.6,7623.36,7328,68177.5,61385.8,-18.04,16.2857
5367.04,6225,56503.5,2434.32,2497,63890.9,21012.5,-8.2,16.2867
13764.5,13584,66406.7,9064.8,8372,70959.2,40372.6,66.42,16.2878
9111.68,10209,58491.8,2226.96,2353,62025.5,9861.12,12.3,16.2878
4274.56,5252,53339.2,2877.84,2740,68832.9,12517.2,9.84,16.2899
9015.04,9795,60317.5,4893.12,4787,66988.8,10319,95.12,16.2941
9553.92,10412,60135,9131.04,8716,68656.7,10216.8,-33.62,16.2941
13858.6,11880,76450.7,14632.6,12412,77260.7,11540.9,4.1,16.2952
13779.8,14791,61055.8,6773.04,6691,66339.6,17446.3,77.9,16.2962
8873.6,10229,56852.1,3791.52,3809,65235.3,11216.2,-93.48,16.2973
11817,12841,60309.7,5971.68,5965,65609.4,7731.36,27.88,16.2973
11722.2,12905,59529.5,4955.04,4877,66584.7,26670.2,102.5,16.2983
14398.7,14605,64610.4,8964,8713,67423.9,7970.4,85.28,16.3015
12940.8,13188,64307.6,8670.24,8208,69226.7,6462.72,73.8,16.3015
10266.2,9996,67307.8,11106.7,10392,70043.3,10009.4,137.76,16.3026
4562.56,5304,56374.8,2608.56,2664,64172.1,9543.6,62.32,16.3026
12218.2,11857,67532.6,7598.88,6981,71336.5,17647.2,46.74,16.3078
10129.9,10545,62956.3,8741.52,8593,66668.7,20225.5,3.28,16.3078
15836.8,15765,65834.5,8053.2,8001,65963.6,27936,72.16,16.3121
6372.48,6868,60807.6,2332.8,2308,66240.2,6338.16,65.6,16.3131
6330.88,6407,64757.4,3191.04,3171,65950.2,22908.2,17.22,16.3131
5166.72,5328,63552.2,2354.4,2336,66052.2,6823.44,25.42,16.3131
10544.6,10689,64650.9,3568.32,3637,64298.4,12512.2,33.62,16.3163
6535.68,7086,60446.3,2753.28,2858,63134.7,23694.5,12.3,16.3173
9112.32,8855,67440.4,6927.12,6611,68669.8,13830.5,27.88,16.3184
9316.48,9440,64678.5,4068,4116,64771.7,8269.92,-14.76,16.3205
13252.5,13292,65341.1,4014.72,4168,63125.9,12784.3,46.74,16.3205
12928.6,12276,69020.1,9190.8,8772,68664.9,22897.4,127.1,16.3205
8368,8317,65937.9,2720.16,2777,64194.6,5270.4,41.82,16.3216
12478.7,12060,67811.4,4118.4,4152,65005.7,13521.6,25.42,16.3237
26378.9,17012,101620,124922,90976,89989.7,17380.1,5989.28,16.3258
10505,10520,65442.3,4197.6,4332,63502.8,14149.4,69.7,16.3279
11062.4,10622,68253.2,5117.76,5038,66573.6,15118.6,7.38,16.329
15028.5,14256,69087.2,7195.68,6688,70510.8,9444.96,10.66,16.3311
9097.6,8051,74055.4,8375.76,7687,71408.1,13469.8,77.9,16.3311
12836.5,12377,67968.9,5216.4,5097,67071.2,20758.3,-8.2,16.3321
9215.36,9136,66105.3,6138,6000,67043.3,29886.5,91.84,16.3321
11561.6,11372,66628.6,5742,5580,67438.7,25665.8,-9.02,16.3363
11029.1,10568,68395.6,5502.24,5032,71660.3,17693.3,30.34,16.3363
5230.08,5348,64091,3172.32,3220,64565.6,22898.2,4.1,16.3374
8298.24,7204,75490.5,9023.76,8388,70503.2,36590.4,-38.54,16.3374
7553.28,7858,62994.6,3103.2,3126,65058,17213.8,-56.58,16.3395
10260.5,9696,69351.4,6991.2,6372,71904.5,20771.3,-8.2,16.3406
13443.8,13229,66600.3,5872.32,5481,70215,22878,-31.16,16.3427
6181.12,6375,63542.9,2270.16,2263,65743.4,5058.72,59.86,16.3427
15360.6,13829,72794.5,11469.6,10213,73599.5,18771.1,20.5,16.3427
13135.4,13348,64492,4631.76,4596,66045.9,14009.8,88.56,16.3437
11844.5,12108,64109.7,5839.2,5688,67278.1,11536.6,70.52,16.3469
13326.1,12752,68486.4,6967.44,6452,70771.6,16078.3,-32.8,16.3501
7888.64,8196,63078.3,3187.44,3204,65197.3,15908.4,-0.82,16.3511
10032.6,10203,64441.7,3692.16,3643,66420.4,23842.1,-50.02,16.3532
10245.8,8428,79670.9,7786.08,6892,74037.8,19206,115.62,16.3543
14880.6,14412,67667.1,8836.56,8588,67432.8,5508.72,11.48,16.3553
5797.76,5880,64619.4,2604.96,2488,68616.8,18121,47.56,16.3564
14254.1,13784,67771,5998.32,5736,68533.1,12439.4,113.16,16.3574
8659.2,8004,70900.7,8165.52,7680,69679.1,16032.2,124.64,16.3596
10462.1,10221,67081.8,5328,5261,66370.6,7225.2,69.7,16.3606
12809.6,12525,67025.1,5461.2,5485,65251.6,4885.92,63.14,16.3627
11455.4,11201,67024.2,5934.24,5761,67506.8,12211.9,-37.72,16.3659
16000,14879,70473.6,10997.3,10331,69762.6,7752.24,30.34,16.3669
14467.2,14124,67128.5,8777.52,8492,67739.5,11098.8,8.2,16.3691
18224,15825,75471,9772.56,8629,74221.2,32144.4,36.9,16.3701
16409.6,16068,66929.3,7030.8,7012,65711.7,7812,130.38,16.3733
12376.3,12164,66679.9,4812.48,4788,65871.1,30883,-45.1,16.3743
15223.7,14196,70280.3,9843.84,9264,69637.9,20860.6,90.2,16.3754
17244.8,15557,72646.1,14272.6,13093,71440.2,10188.7,45.1,16.3764
9225.6,9154,66048.6,2690.64,2738,64402.4,9772.56,-59.86,16.3764
12099.2,10748,73775,9350.64,8856,69196.4,28237,38.54,16.3764
11825.3,11915,65042.5,5086.08,5087,65524.2,5586.48,-10.66,16.3786
9178.88,8925,67400.2,4006.08,3901,67301.3,8835.12,27.88,16.3796
7536.64,7727,63921.5,3662.64,3707,64751.8,5775.12,109.88,16.3796
16684.8,10300,106161,61951,36316,111797,7531.92,1643.28,16.3807
9499.52,8832,70489.2,6390,5892,71075.2,21604.3,8.2,16.3828
8430.08,8892,62131.5,3578.4,3688,63588.4,10684.1,-24.6,16.3838
10712.3,9968,70429.6,8898.48,8596,67842.1,11628.7,98.4,16.3849
11653.1,11961,63849.1,4816.08,4889,64558.5,6827.76,-16.4,16.3849
8088.96,8216,64522.6,3402,3404,65497.5,6825.6,-55.76,16.387
13268.5,13253,65612.6,9910.08,9441,68792.2,7206.48,63.14,16.3881
14755.2,10314,93755.7,15922.1,10766,96922.7,18790.6,1041.4,16.3891
9364.48,9748,62957.6,4001.76,4020,65238.6,20118.2,109.88,16.3912
9348.48,9628,63633.4,3204.72,3276,64110.1,7845.12,-34.44,16.3923
16217,16008,66391.5,8188.56,7788,68906.7,29132.6,68.88,16.3933
12001.3,11984,65630.5,6931.44,6768,67118.6,14495,64.78,16.3954
17760,16888,68919.9,12131.3,10200,77944.7,10651,51.66,16.3965
4801.92,5259,59840,2024.64,2091,63456.2,10382.4,27.06,16.3986
17446.4,16417,69645.3,10364.4,9841,69021.6,5815.44,87.74,16.4007
11358.7,11312,65806.7,5547.6,5332,68186,19591.9,41.82,16.4007
9818.88,9981,64471.5,4026.96,3869,68211.6,17300.9,24.6,16.4018
5242.24,5224,65764.8,1611.36,1628,64866.2,6878.16,45.92,16.4018
13537.3,13569,65382.8,5466.96,5345,67031.4,9227.52,77.08,16.4028
9055.36,8272,71742.3,6315.12,5536,74759.4,29934,52.48,16.4028
8781.44,8848,65043,4180.32,4148,66046.6,25736.4,94.3,16.4039
13557.8,12577,70646.5,7374.24,6645,72728.1,41157.4,-5.74,16.4049
11028.5,11037,65485.4,5774.4,5753,65779.8,12404.2,11.48,16.4049
17674.2,16613,69722.5,8560.08,8273,67810.2,5625.36,73.8,16.4049
8094.08,7855,67530.7,3504.96,3519,65274.5,13474.8,-67.24,16.406
6367.36,6089,68532,2249.28,2265,65081.2,8002.08,4.92,16.406
12197.8,11098,72030.3,5886,5582,69105.1,4780.8,7.38,16.4092
13943.7,13056,69991.8,3750.48,3684,66718.6,22485.6,-41.82,16.4092
11244.2,10353,71177.2,5009.04,4757,69008.3,12584.2,-59.04,16.4102
11475.8,10524,71463.4,4417.2,4284,67573.7,16408.1,39.36,16.4102
11509.1,10900,69198.3,5271.12,5284,65376.3,9999.36,13.94,16.4113
7335.68,7076,67941.1,2971.44,3008,64739.5,7990.56,-13.12,16.4123
12876.2,11908,70864.3,6348.96,6100,68210.7,29530.1,-32.8,16.4123
10498.6,9421,73031.9,7207.92,6781,69662,5700.24,32.8,16.4155
10830.1,10304,68882,4429.44,4304,67446.1,16407.4,49.2,16.4155
10328.3,9697,69802.7,6029.28,5953,66375.8,7433.28,33.62,16.4165
11542.4,10488,72124.6,7793.28,7176,71173.4,31632.5,7.38,16.4165
10204.8,8936,74841.3,8367.84,7852,69841.4,7508.16,75.44,16.4197
6824.96,6549,68297.5,2670.48,2709,64604.1,18569.5,-39.36,16.4218
13118.7,11894,72284.2,11427.1,9378,79855.8,19648.1,136.94,16.4239
8673.28,8645,65750.4,2604.96,2641,64641.7,9361.44,-41.82,16.426
13525.8,12533,70727.2,6058.8,5489,72339.1,13263.8,34.44,16.4282
13286.4,12440,69995,6219.36,5900,69083.4,23395,18.04,16.4282
9840,9444,68284,4566.24,4288,69788.5,10110.2,4.1,16.4292
10380.8,9964,68277.4,7176.96,6924,67930.3,4832.64,31.16,16.4303
5126.4,5129,65502.8,3327.12,3277,66538.3,12764.2,-14.76,16.4313
8951.04,8453,69397.3,6387.84,5953,70323.1,11975.8,2.46,16.4324
5873.28,5456,70548.3,2477.52,2452,66218.1,9292.32,-12.3,16.4345
12866.6,11848,71170.1,4644.72,4556,66812.2,20530.1,26.24,16.4377
12661.1,12010,69089,5941.44,5738,67859.6,8087.76,-53.3,16.4377
9508.48,8184,76142.2,6964.56,6380,71540.7,19049,1.64,16.4377
17910.4,16733,70147.4,6312.96,6189,66848.6,17112.2,9.84,16.4387
21079.7,13951,99023.6,25557.1,16383,102235,93777.8,54.12,16.4408
8213.76,7525,71534.5,2049.12,1957,68620.9,9440.64,-53.3,16.4471
10749.4,9844,71563.9,7372.8,7136,67710.7,6043.68,7.38,16.4524
8622.72,8232,68646.6,3159.36,3068,67487.6,10949,-18.86,16.4535
7340.8,7096,67796.9,3465.36,3432,66173,19321.9,-18.04,16.4535
11610.2,11189,68003.3,9732.96,4993,127751,14356.8,188.6,16.4556
10670.7,9876,70809.7,6971.76,6740,67789.5,5681.52,-35.26,16.4566
23193.6,20075,75716.9,13506.5,11887,74464.6,20952,110.7,16.4598
32327,22685,93391.4,27309.6,21709,82443.3,52463.5,206.64,16.463
12633.6,12004,68973.3,6640.56,6512,66829.8,10799.3,32.8,16.464
10201.6,9513,70279.8,3748.32,3629,67690.8,9805.68,10.66,16.4651
7759.36,7429,68450.3,3698.64,3637,66646.7,18176.4,0,16.4651
6668.8,6401,68277.9,2409.12,2485,63534.8,10389.6,63.14,16.4661
22991.4,19000,79303.3,13172.4,11496,75092.8,27001.4,118.08,16.4661
16668.8,15880,68791.3,4452.48,4424,65957.9,6822,36.9,16.4672
13766.4,13364,67509.3,2960.64,3012,64418.5,70470,12.3,16.4672
9130.24,8836,67718.4,2505.6,2464,66642.5,14965.2,-23.78,16.4693
8853.76,8656,67033.3,3880.08,3572,71188.4,8928,-4.92,16.4725
8552.96,8484,66068.7,4127.04,4160,65016.8,13279,75.44,16.4746
16784.6,16012,68698.4,12620.9,12236,67597.4,8812.8,49.2,16.4746
21139.8,19949,69448.1,13528.1,12937,68530.3,29378.2,112.34,16.4778
13786.2,12926,69897.5,8158.32,7950,67253.3,6060.96,63.14,16.4799
9455.36,9181,67494.4,3488.4,3421,66827.2,12294,-66.42,16.4809
16106.2,15405,68519.2,6890.4,6685,67549.6,8981.28,5.74,16.4809
6598.4,6283,68825.8,2727.36,2747,65067.4,12325,25.42,16.483
7990.4,7996,65490.1,2765.52,2876,63018.5,5965.92,-21.32,16.4894
6737.28,6480,68138,2818.08,2736,67502.1,28616.4,29.52,16.4904
11820.8,10701,72394,5239.44,4973,69047.2,25261.2,42.64,16.4915
8387.84,8055,68244,2912.4,2967,64330,12284.6,16.4,16.4925
12956.8,12001,70755.5,5080.32,4965,67058.2,10422.7,43.46,16.4936
24723.2,21676,74749,15143.8,13128,75598.8,23098.3,55.76,16.4946
11262.7,10466,70524.9,5856.48,5714,67170.2,9834.48,-67.24,16.4978
12862.7,11829,71263.1,3769.2,3793,65124.8,8965.44,10.66,16.4989
9402.24,8321,74051.8,3398.4,3377,65951.3,16990.6,3.28,16.4999
12224,11217,71419.5,6909.84,6705,67538.2,17404.6,-18.86,16.501
8866.56,8236,70553.5,2877.84,2920,64589.8,6233.76,-34.44,16.501
13893.1,12632,72078.8,5184,4888,69504.6,13795.9,1.64,16.5052
21241.6,20523,67830.7,7542.72,7067,69947.6,21151.4,2.46,16.5073
9617.28,9004,69999.8,7678.08,7464,67415.7,5761.44,-25.42,16.5084
10222.1,9560,70074.7,5209.2,5020,68006,24134.4,31.98,16.5084
19866.9,18856,69049.4,8172,8008,66878.2,13805.3,-10.66,16.5126
12143.4,11276,70577.1,6051.6,5816,68190.8,5723.28,-106.6,16.5126
9920,9593,67770,3967.92,3961,65650.5,8660.16,32.8,16.5147
9802.24,9621,66770.6,3827.52,3717,67484.6,5628.24,4.1,16.5179
21173.8,19703,70428,13090.3,12515,68548.7,15238.1,67.24,16.5179
14313,13020,72044.1,7523.28,6844,72040.6,49034.9,-5.74,16.5179
16954.9,15583,71305.6,6477.12,5883,72154.4,16432.6,45.1,16.5189
12537,12084,67992.6,9114.48,8480,70439.5,11384.6,25.42,16.5189
10284.8,9360,72011.2,4407.84,3920,73691.9,19656,41.82,16.52
7982.08,8337,62746,2842.56,2901,64215.8,8827.92,61.5,16.5263
10160,10121,65788.5,3832.56,3753,66925.3,26053.2,98.4,16.5274
9884.8,10036,64548.6,7056.72,7044,65654.3,7678.8,-18.04,16.5295
9653.76,10197,62044.6,4439.52,4357,66777.2,6184.8,-0.82,16.5295
8133.76,8468,62949.2,2827.44,2928,63285.2,12650.4,39.36,16.5316
12344.3,12141,66633.5,6961.68,6605,69075,8557.92,52.48,16.5326
7102.72,7474,62280.4,3314.88,3234,67175,21506.4,16.4,16.5337
12979.2,12064,70507.7,15577.9,13968,73089.5,40718.2,91.84,16.5347
7611.52,7972,62572.6,3115.44,3124,65356.4,15651.4,43.46,16.5347
12284.2,12616,63812.2,5534.64,5560,65237.1,36074.9,118.08,16.5358
13899.5,13815,65936.9,10985.8,10067,71517.1,44236.1,86.92,16.5369
10472.3,9157,74949.6,7522.56,4917,100264,6598.8,53.3,16.5369
14111.4,14176,65237.2,5617.44,5552,66308.5,12376.8,-2.46,16.5379
9670.4,10192,62182,6203.52,4964,81900.5,22477,5.74,16.539
11054.7,10924,66320.2,6917.04,6568,69018.8,11765.5,59.04,16.5411
6864.64,7452,60370.5,2522.88,2568,64384.5,10403.3,14.76,16.5432
24389.8,19485,82032.7,17797.7,14825,78677.2,21263,118.9,16.5432
11984.6,12032,65278,7201.44,6804,69364.1,27652.3,52.48,16.5453
8524.16,7979,70013.7,8094.24,7499,70738,12049.9,-36.08,16.5453
8406.4,8851,62244,3628.8,3223,73787.5,14569.9,66.42,16.5463
7652.48,8185,61272.2,3145.68,3229,63844.9,30879.4,-26.24,16.5474
10443.5,9791,69903.6,7827.84,6555,78261.7,4967.28,50.84,16.5485
13610.2,13166,67747.3,10850.4,10234,69483.3,26686.8,4.1,16.5506
14231,14108,66107.6,7236.72,7096,66835.6,8562.96,50.02,16.5506
9576.32,8873,70730.7,9542.88,8457,73950.8,10662.5,68.06,16.5527
11852.8,11705,66363.5,4500,4313,68377.5,7277.76,-29.52,16.558
15972.5,15337,68251.4,6730.56,6429,68610,6949.44,113.16,16.558
15107.2,15496,63891.7,5161.68,5244,64507.2,5772.96,-51.66,16.559
10431.4,10417,65626.3,4281.84,4177,67180.9,7022.16,8.2,16.5601
13758.1,14020,64311.7,5794.56,5840,65026.1,10249.2,-4.1,16.5601
14170.2,13877,66920.9,6424.56,6117,68831.1,11263.7,56.58,16.5611
10652.2,9377,74448.1,7502.4,6837,71914.2,48507.8,54.94,16.5622
5159.04,5293,63877.4,2682,2637,66654.4,9470.16,77.9,16.5664
15249.9,14381,69495.8,8879.76,8537,68167.3,5387.04,-36.08,16.5685
12669.4,12279,67619.9,6462.72,6387,66313,8647.92,-13.94,16.5696
8706.56,8407,67871.2,4241.52,4131,67289.3,6290.64,12.3,16.5717
11022.1,10673,67679.5,3600.72,3605,65458.2,15809.8,26.24,16.5748
8719.36,8416,67898.3,2293.2,2288,65685,13907.5,19.68,16.577
10215.7,9703,68998.7,5509.44,5287,68293.3,16606.8,-45.92,16.578
11329.9,11029,67324.1,3700.8,3749,64693.4,21636,100.04,16.578
5825.92,5785,65999.6,2260.8,2333,63507.8,15451.2,-4.1,16.578
8801.92,8509,67792.1,3166.56,3261,63638,7513.92,40.18,16.5812
10146.6,9441,70433.7,2842.56,2785,66890.5,22797.4,-16.4,16.5822
14889,13441,72596,8163.36,7745,69076,24925.7,18.04,16.5843
6002.56,6087,64626.9,2629.44,2647,65101.2,17706.2,-52.48,16.5917
13852.2,12461,72852.5,9601.92,8589,73264.8,8833.68,-22.96,16.5917
11028.5,11161,64757.9,6045.12,3433,115401,8333.28,269.78,16.5917
19023.4,14960,83336.6,17235.4,14804,76299.4,29630.2,23.78,16.5928
11561,11109,68202.3,6980.4,6357,71962.8,39476.2,-4.92,16.5928
13483.5,13393,65978.9,4721.04,4785,64660,7522.56,-28.7,16.5928
10003.2,9172,71475.1,8435.52,7684,71945.6,14629,-13.12,16.5949
11718.4,11413,67289.7,5286.96,5137,67449.1,23976.7,-17.22,16.5949
6672.64,6793,64374.8,3870.72,2921,86844.1,18470.2,9.84,16.597
7637.76,8125,61605.9,7421.76,4781,101734,21918.2,127.1,16.6002
11925.8,11756,66482.4,4894.56,4908,65356.5,39392.6,-7.38,16.6012
12628.5,12225,67699,6316.56,6037,68570.8,20729.5,-51.66,16.6044
15587.8,14858,68755.2,4915.44,4810,66972.6,7134.48,-9.84,16.6044
39910.4,30149,86754.7,39620.2,30161,86089.6,36863.3,191.06,16.6065
10375,9889,68757.1,7446.96,7045,69275.2,26812.1,162.36,16.6086
13496.3,13577,65146.6,5976,5945,65877.7,7931.52,-40.18,16.6118
9648,9073,69689.3,8928,8017,72983.1,8256.24,53.3,16.6139
14218.2,12933,72048.8,9944.64,9205,70802,31279.7,-13.94,16.616
11629.4,11220,67927.5,7797.6,7472,68391.8,23307.1,151.7,16.616
10611.2,9929,70038.8,6926.4,6301,72040.7,17402.4,34.44,16.6181
6495.36,6622,64282.7,2726.64,2782,64231.9,7728.48,69.7,16.6192
9993.6,9791,66892.1,5542.56,5435,66833,7210.8,-29.52,16.6192
9592.32,9085,69195.6,7373.52,6713,71984.4,7300.08,89.38,16.6266
12629.1,12072,68560.5,5307.12,5096,68251.1,8976.24,46.74,16.6329
48193.9,37468,84296.9,26223.8,20748,82832.4,43180.6,113.98,16.6339
6593.92,6345,68107,4440.96,4093,71107.4,13884.5,13.12,16.635
19567.4,17531,73148.5,14857.2,13675,71201.6,59742.7,36.9,16.6361
15155.2,12205,81377.4,9632.16,8633,73121,26704.1,54.94,16.6392
6922.24,6113,74211.7,5172.48,4805,70548.1,11347.9,20.5,16.6403
5529.6,5313,68207.8,2692.8,2741,64383.6,5999.04,24.6,16.6403
9671.68,9197,68918.5,3770.64,3657,67572.5,5572.08,-51.66,16.6403
13068.8,12504,68496.2,8102.16,7548,70347.5,14544,130.38,16.6424
14041,12515,73526.8,8265.6,7367,73529.9,34513.9,-51.66,16.6424
9725.44,9832,64825.7,4737.6,4680,66342.6,6583.68,27.06,16.6434
8540.16,8128,68859.2,3145.68,3124,65990.8,5475.6,-68.88,16.6477
15328.6,14841,67689.4,5237.28,5081,67551.7,17579.5,-20.5,16.6498
13111.7,12289,69923.3,8615.52,8449,66827.6,13782.2,218.12,16.6519
12357.1,11624,69669.3,6296.4,6140,67205.4,28429.9,93.48,16.6561
12147.8,10168,78296.7,12788.6,10844,77288.5,19970.6,27.06,16.6572
12992,12152,70066.1,4854.96,4588,69349.3,7868.16,28.7,16.6603
7157.12,7305,64209.3,3157.2,3197,64720.1,19758.2,25.42,16.6635
9592.32,9720,64675.1,3625.2,3688,64420,34240.3,-44.28,16.6677
12379.5,12301,65954.3,5506.56,5369,67215.1,6021.36,57.4,16.6688
10638.7,10008,69666.2,7237.44,6460,73423,12798.7,47.56,16.6698
12113.3,12201,65064.8,3297.6,3353,64453.2,5155.92,42.64,16.6709
15386.9,14836,67969.4,6717.6,6512,67605.1,18702.7,7.38,16.674
10339.2,10254,66080.5,2540.88,2542,65507.1,11939,-8.2,16.6751
10348.2,10216,66383.8,4012.56,3932,66878.7,12718.1,0,16.6772
25066.9,19945,82365.7,58768.6,44393,86758.2,60127.2,4314.84,16.6793
12100.5,11404,69538.5,8812.8,8312,69484.6,13360.3,15.58,16.6804
15952.6,15684,66658.5,4639.68,4660,65250.2,8424.72,29.52,16.6814
14569,14235,67073.5,8761.68,8479,67720.9,4986,43.46,16.6835
18817.9,17897,68908.3,8745.84,8589,66732.7,24315.1,100.86,16.6856
12127.4,11832,67172,7174.8,6632,70899.8,6205.68,-49.2,16.6867
17387.5,16105,70755,8910.72,8441,69182.9,40194.7,86.92,16.6878
8118.4,8025,66298.8,2592.72,2649,64143.6,34499.5,-18.04,16.6909
7745.28,7608,66718.5,2525.04,2572,64339.4,10482.5,-93.48,16.692
14501.8,12119,78421.3,7860.96,7123,72325.7,33884.6,20.5,16.693
12709.8,10981,75853.5,9480.96,8817,70471.2,62326.1,35.26,16.6941
11303.7,10873,68131.9,7028.64,6809,67650,16065.4,24.6,16.6962
19384.3,17321,73342.8,13412.9,12505,70294,18957.6,0,16.6973
6814.72,6516,68540.4,2883.6,2884,65526.9,12359.5,-12.3,16.6983
14147.8,13497,68696.2,6873.12,6793,66309,6642.72,9.84,16.6994
14699.5,14501,66433.2,3262.32,3329,64223.3,17512.6,-26.24,16.7015
7217.28,7033,67253.2,3384,3337,66459.1,10453,111.52,16.7025
8389.12,8454,65033,2520,2646,62415.2,7769.52,26.24,16.7025
10593.9,10184,68173.9,6101.28,5672,70496,11649.6,59.04,16.7025
11418.9,10989,68099.7,4897.44,4617,69516.7,17976.2,-22.96,16.7036
9367.68,9191,66795.8,4024.08,3331,79172.1,13708.8,59.04,16.7036
11901.4,11581,67349.3,5150.16,4825,69952.5,10654.6,47.56,16.7046
10885.8,10660,66923.9,5415.12,5168,68669.8,14766.5,63.96,16.7068
11071.4,11489,63153.7,3603.6,3681,64158,14883.1,-2.46,16.7068
6988.8,7357,62256.1,2391.12,2521,62159.6,9439.2,-82,16.7078
20389.1,12512,106795,11445.8,8052,93158.8,26364.2,-4.92,16.7078
5620.48,5725,64339.5,2195.28,2201,65365.7,16084.1,11.48,16.7078
6536.96,5985,71580,8408.88,7425,74220.1,11221.2,43.46,16.7089
13349.1,12629,69272.9,11372.4,10097,73814.2,18885.6,25.42,16.7099
12832.6,12420,67713.4,4455.36,4228,69060.2,5466.96,-5.74,16.7099
10654.1,10733,65054.1,7375.68,6365,75942.3,10021,31.16,16.711
10515.2,9449,72930.9,9910.8,8989,72256.6,20964.2,29.52,16.711
10548.5,10409,66414.2,6790.32,6377,69783.7,7384.32,46.74,16.711
5894.4,6181,62497.2,1895.76,1909,65081.5,7162.56,46.74,16.712
13082.9,12257,69951.8,11911.7,10945,71324.3,30883,49.2,16.7131
7388.16,7625,63500.4,3517.2,3561,64729.9,4884.48,-41,16.7141
9446.4,8380,73875.8,7698.96,7052,71548.4,13459,53.3,16.7152
11688.3,9734,78693.8,9083.52,8166,72899.5,47644.6,13.94,16.7152
12611.8,12348,66936.3,6555.6,6248,68762.5,21636.7,46.74,16.7152
8705.28,8668,65817.9,3446.64,3500,64536.9,18127.4,66.42,16.7163
9240.96,8620,70257,5988.96,5452,71990.6,11904.5,130.38,16.7184
11597.4,11228,67692.4,7385.04,7100,68167,27456.5,41.82,16.7184
14091.5,14003,65950.3,8897.76,8919,65379.9,5446.8,23.78,16.7215
5703.68,5828,64138,13490.6,10384,85142.8,8470.8,1207.86,16.7236
15312.6,15112,66406.1,7277.76,7336,65015.7,8493.84,-16.4,16.7236
8696.96,8784,64886.6,3571.92,3312,70679.1,14978.9,-8.2,16.7236
7847.04,7940,64768.7,2951.28,2948,65608.9,11876.4,-50.02,16.7331
10552.3,10612,65167.4,4314.96,4212,67138,9444.96,-32.8,16.7353
13232.6,12336,70299.5,10131.8,9136,72679.5,19093,-58.22,16.7374
9560.96,9012,69528.1,7169.76,6528,71978.8,49969.4,16.4,16.7384
8946.56,9054,64758.3,4626.72,4702,64486.8,7699.68,25.42,16.7426
9587.84,9657,65066.7,3404.16,3437,64909.8,11283.1,51.66,16.7458
11133.4,10548,69173.4,8339.76,8100,67475.9,33937.9,5.74,16.749
12842.2,12453,67584.4,6055.92,5841,67947.4,24498.7,18.86,16.749
14065.9,13148,70111.4,7954.56,7656,68091.7,31541,50.02,16.75
15164.2,13028,76281.7,10354.3,9028,75164,12633.1,38.54,16.75
16992,15453,72062.9,9172.8,8713,68994.5,54339.8,3657.2,16.7511
14207.4,12772,72901.2,7139.52,6724,69585.9,70925,33.62,16.7553
23200,21452,70876.2,10514.9,10248,67242.7,12381.1,16.4,16.7574
16713,15177,72168.4,7536.96,6937,71204,20442.2,105.78,16.7595
17280,15634,72435.9,13206.2,12694,68180.6,15421,50.02,16.7616
12087,11109,71305.8,7248.96,6705,70852.8,31443.8,27.06,16.7637
9063.68,8901,66733.8,4667.04,4769,64134.9,57010.3,-9.84,16.7637
10977.3,10357,69460.9,7298.64,7009,68244.2,79878.2,60.68,16.7648
13431.7,12877,68359,5666.4,5705,65092.6,6027.84,59.86,16.7648
29910.4,22824,85883.6,15724.1,12236,84218.2,23726.9,109.88,16.7659
15485.4,14408,70436.8,6846.48,6620,67778.1,24961.7,-63.96,16.7669
8616.32,8364,67513,4446,4284,68014.3,12738.2,63.96,16.769
21595.5,15013,94270.6,7074.72,5509,84162.1,37162.1,172.2,16.7711
18160,17048,69810.8,7279.2,7228,66000.2,11623,18.04,16.7743
17818.2,14629,79823.4,12734.6,11381,73330.8,44767.4,1.64,16.7754
14088.3,12865,71767.8,5013.36,4821,68150.9,29917.4,20.5,16.7764
10008.3,8321,78825.3,5541.84,5105,71144,28077.1,-32.8,16.7775
11541.1,9318,81171.8,7945.92,7170,72628.2,31988.9,-4.92,16.7796
6204.16,5797,70139,2647.44,2677,64812.3,8339.76,64.78,16.7806
14878.1,13191,73917.8,8812.08,8467,68207,10400.4,93.48,16.7817
12158.1,11142,71512.5,5898.24,4950,78090.3,12927.6,-95.12,16.7827
15507.2,14353,70806.1,5446.08,5313,67177.5,6410.88,-9.02,16.7838
14631,13009,73707.4,7306.56,6961,68789.4,17655.8,-12.3,16.7849
16053.8,14648,71825.5,8439.12,8024,68926.5,13965.1,43.46,16.7859
7578.24,6594,75318.1,24420.2,20710,77276.9,8043.84,1835.16,16.788
15173.8,13192,75381.1,8254.08,7532,71818.8,28437.8,-9.84,16.788
15024.6,14197,69356.5,6976.8,7061,64754.5,13015.4,41.82,16.788
13843.8,12376,73308.8,7017.12,6572,69974.8,13757.8,64.78,16.7891
9200,8561,70427.7,3396.96,3397,65535.2,7884,45.92,16.7943
8632.96,8341,67830,3662.64,3713,64647.1,5001.12,29.52,16.7965
9007.36,8529,69211.7,3583.44,3605,65144.1,6372.72,-31.16,16.7965
14903,14385,67896.1,16650.7,9877,110481,7614,521.52,16.7996
6149.76,5922,68056.5,2782.08,2850,63974.2,10022.4,-32.8,16.8007
20409.6,17051,78444.9,13567,11755,75638,45666,146.78,16.8017
9831.68,8957,71935.8,7780.32,7161,71203.9,9835.2,-8.2,16.8038
7553.28,6541,75678.3,7724.88,6009,84249.9,22678.6,123.82,16.806
9242.24,8912,67964.5,5045.76,4836,68378.6,11027.5,47.56,16.8091
7994.24,7477,70069.6,7119.36,6369,73257.1,15261.8,57.4,16.8123
6528.64,6845,62507.1,3065.76,3065,65552.3,7792.56,-18.04,16.8133
15252.5,15041,66457.5,11401.2,10757,69460.7,24572.9,54.12,16.8155
17125.8,17328,64771.1,12214.8,9588,83490.7,13658.4,303.4,16.8207
12027.5,11185,70472.6,5201.28,4773,71416.5,28427.8,3.28,16.8218
12934.4,12964,65386.4,6975.36,6564,69643.1,8498.16,3.28,16.8228
13776.6,13696,65921.9,6078.24,5744,69349.5,18295.2,75.44,16.8239
10606.1,10090,68888,8620.56,8074,69972.4,15621.1,-19.68,16.8355
11229.4,11189,65772.9,4291.92,4257,66073.6,9595.44,52.48,16.8397
10275.8,10312,65306.2,4599.36,4360,69133.9,7344.72,-108.24,16.8397
6110.72,6152,65096.3,2305.44,2284,66151.2,39715.2,-22.96,16.8418
11612.8,10504,72454,6894,6348,71172.8,16184.9,-7.38,16.8439
15729.3,15209,67777.9,6826.32,6665,67122.2,15467,-15.58,16.8471
11242.9,10804,68198.2,4856.4,4752,66975.8,16429,42.64,16.8482
13383,11892,73753,10468.8,9664,70993.7,27858.2,53.3,16.8503
10308.5,10352,65260.5,4015.44,3952,66588,5464.08,14.76,16.8545
23564.2,21428,72069.3,14474.2,13728,69098.1,14265.4,70.52,16.8577
12460.8,12208,66893.1,4988.88,4832,67663.8,6077.52,71.34,16.8651
6001.92,6325,62188.4,2511.36,2497,65912.9,9642.24,-31.98,16.8651
10906.2,10192,70128.7,9758.16,9264,69031.8,27246.2,-17.22,16.8651
13264,10081,86228.5,31914.7,25441,82212.3,6551.28,629.76,16.8651
12647.7,12925,64129.8,4322.88,3993,70950.2,6017.04,65.6,16.8672
11005.4,11089,65042.2,3944.88,3921,65935.1,11309,103.32,16.8682
10289.9,10277,65618.4,3942.72,3797,68051.1,6163.92,22.96,16.8693
5266.56,5360,64393.5,2553.84,2532,66101.3,20604.2,53.3,16.8703
12798.7,12232,68572.4,5636.88,5340,69179.5,10856.2,39.36,16.8714
9557.76,9315,67243.9,4435.92,4291,67749.4,19423.4,88.56,16.8724
11431.7,11421,65597.3,3643.2,3645,65503.6,28602,118.9,16.8735
11678.1,11522,66423.8,5667.84,5638,65882.9,12684.2,21.32,16.8777
9338.88,9248,66180,3311.28,3156,68760.5,31507.2,43.46,16.8798
10508.2,10033,68639.8,4620.24,4289,70597.4,28834.6,70.52,16.8809
7309.44,7125,67232.5,2911.68,2801,68125.6,12029,45.92,16.883
13408.6,12885,68199.4,8850.24,6069,95569.2,14467.7,-26.24,16.8872
10193.9,9760,68449.7,3192.48,3216,65056.7,26494.6,-12.3,16.8925
12841,11861,70950.6,8614.08,8161,69174.4,7567.2,-5.74,16.8946
7822.08,7500,68350.4,2176.56,2232,63908.2,5538.96,75.44,16.8967
11289,10940,67626.4,4401.36,4520,63815.8,12643.2,-50.02,16.8967
13846.4,12648,71745.5,7423.92,6924,70267.8,14088.2,3.28,16.8978
10041.6,9161,71835.6,4181.04,4201,65224.6,19766.2,-54.12,16.8999
12405.1,10828,75081.5,9657.36,8680,72915.3,42374.9,98.4,16.902
16027.5,15056,69764.9,4534.56,4132,71920.8,6809.04,145.96,16.9041
10506.2,9928,69353,3672.72,3720,64703.1,24025.7,60.68,16.9052
13150.7,12525,68810,5034.96,4953,66620.5,14149.4,24.6,16.9052
10942.1,10315,69520.1,4210.56,4299,64187.8,30288.2,-12.3,16.9052
9980.8,9330,70107.4,5608.08,5314,69162.8,14179.7,54.94,16.9052
25319.7,21445,77377,18308.9,16469,72857.5,26715.6,-13.94,16.9125
7509.76,7205,68308.1,3273.84,3233,66363.9,13119.8,50.02,16.9125
17589.8,15076,76463.4,13942.8,12724,71813.5,10388.2,75.44,16.9157
8347.52,7964,68692,4778.64,4508,69470.5,15391.4,83.64,16.9157
17789.4,15900,73323.8,9913.68,9340,69561.3,30116.9,149.24,16.9157
13386.9,12797,68556.9,9408.96,9065,68022.7,8698.32,120.54,16.9178
10110.1,9231,71777.1,6984,6575,69612.7,12574.1,56.58,16.9199
11221.8,10875,67625.7,5816.16,5663,67308.5,42319.4,-13.94,16.921
14209.3,12863,72395.2,10900.8,10044,71126.5,55038.2,-14.76,16.922
6828.16,6809,65720.4,3227.04,3165,66820.6,39078.7,-0.82,16.9231
12478.1,12500,65421.1,5293.44,5380,64481.6,10685.5,82.82,16.9231
11034.2,10428,69346,5246.64,5144,66843.7,9975.6,31.16,16.9231
6254.08,6188,66235.8,2718.72,2696,66088.3,24069.6,15.58,16.9231
6485.76,6564,64754.8,2855.52,2436,76822.4,15469.2,1236.56,16.9242
10358.4,10148,66894.8,4291.92,3956,71100.9,17250.5,113.16,16.9252
10334.7,8989,75347.2,8771.76,7673,74920.6,31322.2,-2.46,16.9252
10460.8,9476,72346.9,10024.6,9184,71534.1,16601,23.78,16.9273
6711.68,6959,63206.9,3052.8,3151,63493.6,6979.68,27.06,16.9315
18942.1,16309,76116.8,10327,8741,77426.8,63293,87.74,16.9337
14067.8,13077,70501.6,10554.5,9701,71301.8,48700.8,-68.88,16.9358
8858.24,8911,65148,3285.36,3355,64175.7,17277.8,-22.14,16.9358
9192.32,9005,66899.3,4425.84,4345,66755.3,7928.64,0,16.9389
11772.8,11369,67863.7,5148.72,4809,70165.6,12878.6,-52.48,16.94
12773.8,11345,73789.4,11750.4,10417,73924.8,14415.8,122.18,16.94
15613.4,15061,67939.9,8485.92,8005,69473.2,28597.7,31.98,16.9421
10672,10162,68825.1,4512.96,4326,68368.3,35251.9,91.02,16.9431
9959.04,10152,64290.4,3795.84,3916,63525.1,9191.52,66.42,16.9453
9040.64,8893,66624,4003.92,3609,72707.4,19377.4,127.1,16.9453
8802.56,8720,66156.5,2981.52,3008,64959.1,27432.7,-18.04,16.9463
5967.36,5924,66015.7,2472.48,2528,64096.7,21540.2,-65.6,16.9474
11623.7,11421,66699,4394.88,4361,66045.1,13513.7,-4.92,16.9484
15962.9,14897,70225.1,8455.68,8001,69260.3,11207.5,43.46,16.9495
18573.4,18101,67246.5,6045.84,6129,64646.8,8500.32,25.42,16.9537
8004.48,7952,65968.5,3306.24,3328,65107.5,5109.84,111.52,16.9558
21641,17756,79875.1,16429.7,14540,74053.3,21438.7,99.22,16.9569
15603.2,14456,70736.8,5786.64,5608,67623.6,15361.2,-18.86,16.96
31401.6,18648,110357,21269.5,14568,95683.6,75286.8,137.76,16.96
12451.8,11974,68151.3,8961.84,8898,66006.2,11188.8,-14.76,16.9621
10789.8,8865,79765.1,6496.56,5921,71906.5,30026.9,41,16.9632
7219.2,6860,68967.6,3261.6,3244,65891.6,6489.36,-30.34,16.9632
6691.2,6609,66351.1,2879.28,2913,64777.4,9849.6,-38.54,16.9653
6245.12,5973,68521.7,2984.4,2977,65698.9,17625.6,-12.3,16.9685
11338.2,11132,66750.2,5534.64,5420,66922.2,12916.1,-68.06,16.9695
10920.3,10172,70357.3,5700.96,5228,71464.8,15320.2,33.62,16.9706
12016.6,10743,73305.6,9760.32,8691,73599.4,26036.6,126.28,16.9706
7313.28,7197,66594.9,2535.12,2537,65487.4,7778.16,132.02,16.9716
15888.6,14204,73308.8,8791.92,7992,72095.5,46499.8,76.26,16.9727
6966.4,7140,63942.6,2945.52,3012,64089.5,12834.7,-27.06,16.9727
8213.76,7857,68511.8,2832.48,2789,66557.7,42997,64.78,16.9738
19851.5,19136,67986.5,10609.9,7060,98488.9,43706.9,95.12,16.9822
12698.2,11617,71635.7,7533.36,6897,71582.8,31653.4,32.8,16.9833
9940.48,9696,67188.5,4524.48,4400,67390.1,6709.68,66.42,16.9843
23093.1,18380,82341.2,9136.08,6808,87946.9,33890.4,51.66,16.9843
6168.32,5669,71308.4,5288.4,4709,73599.6,14921.3,15.58,16.9854
11509.1,9637,78267.3,7974,7205,72530.8,24004.8,27.88,16.9854
8422.4,8380,65867.6,6361.92,5864,71100.8,12719.5,41.82,16.9854
12193.3,11398,70108.7,6089.76,5862,68082.3,17295.8,0,16.9885
16207.4,15808,67191.6,6507.36,6448,66139.3,7765.92,119.72,16.9896
8180.48,7945,67478.4,2862.72,2857,65667.2,9914.4,0,16.9959
7388.8,6985,69324.6,2908.8,2925,65173,7683.12,-42.64,16.997
9799.04,9543,67294.3,4246.56,4135,67304.1,16034.4,-47.56,16.9991
9889.28,9442,68640.5,5886.72,5590,69014.7,8984.16,37.72,16.9991
11100.8,10712,67914.7,4841.28,4472,70947.7,17668.8,7.38,17.0001
18946.6,18008,68951.7,7515.36,7432,66271.1,43711.2,15.58,17.0001
14262.4,13490,69288.4,7903.44,7330,70663,7896.96,-29.52,17.0012
18791.7,16853,73074.9,11110.3,10049,72457.6,19190.9,104.14,17.0022
9895.04,8669,74804.6,7536.96,6893,71658.5,16379.3,93.48,17.0022
13778.6,12805,70518.7,4986,4773,68460.6,32143,214.02,17.0033
12507.5,11457,71545.2,9709.92,9125,69736.9,23317.2,104.14,17.0033
13230.7,12557,69052.2,7624.08,7369,67804.5,16862.4,-11.48,17.0044
7857.92,7885,65310.9,2291.76,2413,62243.2,9822.24,16.4,17.0044
9634.56,8933,70682.9,5596.56,5013,73165,12009.6,-75.44,17.0054
11920.6,11193,69796.4,7414.56,6857,70864.9,15393.6,40.18,17.0065
9168.64,9024,66586.4,4183.92,4164,65849.5,11815.9,-39.36,17.0065
8768.64,7355,78132.1,7732.8,7115,71226.5,13144.3,-67.24,17.0086
11203.8,10836,67760.7,4807.44,4724,66693.6,15324.5,87.74,17.0096
14199,13452,69175.5,7240.32,7064,67171.8,12607.9,46.74,17.0128
7462.4,7372,66339.6,2682,2636,66679.7,15817,26.24,17.0128
15912.3,13799,75572.8,13121.3,12499,68798.8,11613.6,130.38,17.017
5760,5520,68385.4,2351.52,2304,66887.7,9366.48,31.98,17.0191
7011.2,6905,66544,2590.56,2601,65273,10576.1,44.28,17.0223
10185.6,9517,70140.1,6960.96,6493,70259.3,16164.7,24.6,17.0234
8325.12,8024,67995.4,3504.96,3292,69775.5,29864.9,16.4,17.0244
10262.4,9481,70937.3,6158.88,5865,68819.9,19000.8,28.7,17.0244
13393.9,12931,67882.1,6041.52,5875,67393.5,7572.24,42.64,17.0276
8851.84,8457,68595.7,5400,5133,68944.9,14095.4,133.66,17.0276
11043.2,9101,79521.7,6765.12,6089,72813.1,20965,15.58,17.0307
8596.48,8257,68230.5,3859.92,3425,73858,10125.4,-60.68,17.0307
14201,13472,69082.1,4512.96,4224,70019.3,22764.2,-9.02,17.0329
14275.2,13968,66977.3,4879.44,5028,63599.6,35490.2,26.24,17.0329
9822.72,9739,66099.4,4145.76,4159,65327.4,14353.9,50.02,17.0339
30476.8,26412,75622,19752.5,17624,73450.9,52286.4,59.04,17.035
13273.6,12557,69276,8117.28,7705,69042.7,27527,-21.32,17.035
30348.8,23086,86153.5,22970.9,18362,81985.6,66718.8,179.58,17.036
14977.3,13328,73645.8,9061.2,8288,71649.9,16120.8,16.4,17.0392
9571.2,8358,75048.8,9031.68,8258,71676,14605.2,60.68,17.0402
7877.76,8228,62746.3,3394.08,3488,63771.3,13185.4,118.9,17.0423
14151,14372,64528.4,5887.44,5732,67313.2,31798.1,71.34,17.0434
12949.8,12657,67051.9,8058.96,7681,68760.8,42585.1,43.46,17.0434
11450.2,11723,64011.2,4777.2,4863,64379.7,11805.8,23.78,17.0445
8801.92,7729,74633.5,8623.44,7873,71782.8,27982.8,36.08,17.0445
11610.9,11476,66306.3,5502.96,5440,66294.5,8242.56,6.56,17.0445
9208.96,8766,68847.6,5491.44,5342,67369.3,31503.6,66.42,17.0455
14873.6,14071,69274.1,14982.5,14167,69308.4,16923.6,146.78,17.0466
23612.8,19572,79066.4,22127,18864,76872.2,23385.6,39.36,17.0476
14082.6,13856,66607.6,8159.04,7856,68064,35430.5,-37.72,17.0487
11566.7,11845,63996.3,4970.88,4929,66092.8,8984.88,7.38,17.0497
9332.48,9296,65793.2,4165.92,4052,67378.5,12065,5.74,17.0497
7992.96,7410,70691.9,6577.2,6086,70825.4,8918.64,-64.78,17.054
12921.6,12836,65973,9061.92,8672,68482.7,13767.1,47.56,17.0561
11069.4,11193,64812.5,6914.88,6717,67466.7,10535,-4.92,17.0571
13433,13177,66809,5274,4937,70009.5,32687.3,5.74,17.0592
11548.2,11314,66892.4,6243.84,6049,67646.9,20184.5,18.86,17.0635
6768,7122,62278.5,2936.88,3058,62940.3,7987.68,-36.08,17.0635
10761.6,10457,67445,6337.44,6073,68389.7,6552,13.94,17.0656
19603.8,18416,69763.1,9965.52,9380,69626.9,25228.1,-21.32,17.0666
12411.5,12077,67351.3,7973.28,7693,67923.7,10554.5,45.92,17.0708
12522.9,12217,67176.8,10482.5,6841,100421,39055.7,369.82,17.0772
6360.96,6152,67762,2228.4,2332,62624.5,9217.44,39.36,17.0814
9395.84,9285,66318.3,4001.04,3985,65799.8,12052.8,37.72,17.0825
13156.5,12849,67104.3,6168.96,6193,65281.6,8701.2,31.98,17.0825
12506.9,11677,70193.6,8068.32,6777,78023.5,48376.8,88.56,17.0877
8810.24,8808,65552.7,4151.52,4236,64229,8635.68,52.48,17.0877
8889.6,8391,69430.2,4245.12,4099,67872.2,10911.6,-4.1,17.0888
10066.6,9685,68117.9,6121.44,5653,70966.7,14895.4,7.38,17.0898
6147.84,6247,64495.7,2439.36,2403,66527.6,25287.8,15.58,17.0909
35393.9,24644,94123.4,30536.6,22724,88067.7,34254.7,152.52,17.0909
9584,9232,68034.8,3775.68,3620,68354.4,20679.8,-0.82,17.0919
10799.4,10893,64972.6,3517.2,3561,64729.9,60735.6,11.48,17.0919
7145.6,7149,65504.8,2930.4,2877,66752.4,7673.76,69.7,17.093
13564.8,13409,66297.5,5472,5377,66693.9,30823.9,-10.66,17.093
14843.5,14657,66370,6302.88,6213,66484.1,13631,87.74,17.0941
10050.6,9459,69634.6,6896.88,6595,68535.9,49235,-0.82,17.0962
20797.4,17307,78753.2,15309.4,13544,74078.1,75952.1,77.08,17.0993
8574.08,7965,70547.5,7488,6989,70215.1,15117.8,-46.74,17.0993
15849,14313,72568.8,15604.6,14313,71449.8,40695.1,41,17.0993
11885.4,11057,70446.3,7349.04,6933,69468.7,23297,-5.74,17.1004
11540.5,11388,66413.5,4055.04,4140,64191.1,16308.7,16.4,17.1014
10531.2,10408,66311.8,4974.48,5080,64174.7,12236.4,-97.58,17.1025
10743,10409,67639.1,3324.24,3341,65207.2,8925.84,-37.72,17.1057
15780.5,15052,68707.8,7288.56,5240,91157.1,19900.1,36.08,17.1057
13436.8,12869,68427.5,7389.36,6773,71499.9,28274.4,65.6,17.1067
9472.64,5653,109818,78338.2,60657,84639.4,11856.2,2083.62,17.1067
9397.12,8663,71089.6,7828.56,7299,70290.8,22767.1,1.64,17.1067
10030.1,8992,73101.8,8610.48,7956,70927.2,16282.1,-51.66,17.1078
6819.84,6657,67139.1,3277.44,3285,65385.2,7418.16,-11.48,17.1078
14214.4,13337,69847.4,8883.36,8697,66940.3,9151.92,40.18,17.112
12366.7,11533,70273.6,9396,8745,70414.7,10164.2,1.64,17.1131
9331.2,8941,68396.1,7009.92,6397,71815.3,20638.1,4.92,17.1131
10314.2,10024,67433.6,3602.16,3592,65721.4,21276,33.62,17.1152
14444.2,13209,71664.2,10014.5,9261,70868,10747.4,129.56,17.1162
13742.7,12984,69365.6,6004.08,5800,67842,6786,-31.98,17.1173
20191.4,17561,75352.3,12071.5,11005,71887.3,29926.8,100.04,17.1278
9015.04,8988,65733.2,5176.08,4968,68280.9,19807.9,72.16,17.131
7829.12,7857,65303.4,2980.8,2897,67431.7,14311.4,-33.62,17.1352
7155.84,7599,61714.1,3404.16,3375,66102.2,7421.76,-4.92,17.1373
21521.3,18048,78148.2,20954.2,18644,73656.5,41395.7,132.02,17.1373
12584.3,12341,66828.1,7949.52,7525,69233.2,8372.88,-32.8,17.1384
5789.44,5953,63735.4,3731.04,3317,73716.4,10684.1,79.54,17.1426
13942.4,13346,68464.6,5489.28,5250,68522.9,11281,60.68,17.1426
5187.84,5360,63431,2800.08,2884,63629,7228.8,113.98,17.1447
9957.76,9716,67166.7,3088.08,3140,64452.4,42558.5,-31.16,17.1489
18505.6,16137,75155.4,12235,11241,71330.9,20141.3,31.16,17.15
15838.7,14617,71013.6,5985.36,5757,68135.6,15152.4,6.56,17.1521
9981.44,8388,77985.6,6473.52,5828,72794.9,13243,95.94,17.1521
9269.76,7613,79798.1,7761.6,6845,74311.8,12396.2,38.54,17.1542
14639.4,13000,73800.4,12360.2,11436,70832.5,26082,59.04,17.1574
11044.5,10580,68413.1,4655.52,4676,65249,11286,-32.8,17.1584
12867.2,12225,68978.7,6513.12,6257,68218.6,9115.92,19.68,17.1584
15031,13092,75242.5,10254.2,9044,74305.8,15325.9,137.76,17.1605
18771.2,17112,71890.4,11733.1,11128,69099.7,24203.5,33.62,17.1627
16620.2,15188,71715.8,12682.1,12144,68439.8,7160.4,15.58,17.1627
9626.24,9360,67400.1,3368.88,3444,64106.5,10391.8,-35.26,17.1648
24332.8,20709,77003.9,13112.6,12305,69837.5,54203,15.58,17.1648
8010.88,7420,70754.9,5624.64,5272,69919.7,15383.5,20.5,17.1795
10459.5,9877,69401.1,4230,4097,67663.5,10471.7,5.74,17.1795
8780.8,8876,64833.1,3441.6,3528,63931,9010.8,-27.06,17.1817
12803.2,12109,69293.1,9117.36,8425,70921.7,16132.3,45.1,17.1848
25388.2,18017,92348.3,27171.4,21009,84759,7418.88,97.58,17.1848
17315.8,17193,66004.2,7452.72,6409,76208.7,4782.24,140.22,17.188
8563.2,8445,66453.3,2936.88,2941,65444.2,36580.3,0,17.189
13570.6,12373,71879.1,9622.8,8833,71395.9,23451.8,82,17.1901
8472.32,7793,71248.8,6688.08,6293,69650.4,15174,97.58,17.1922
9764.48,9637,66402.9,6142.32,6049,66547.1,36576.7,104.96,17.1933
11112.3,10716,67959.8,5904,5612,68945.9,19795.7,-16.4,17.1933
8189.44,8065,66547.2,3299.76,2913,74237.2,11649.6,10.66,17.1943
12142.1,12188,65289.1,4397.04,4504,63979.7,14273.3,31.98,17.1954
13958.4,12573,72757.3,12063.6,11001,71866.2,18410.4,18.04,17.1964
11232,10921,67402.3,8926.56,8697,67265.9,17529.8,86.1,17.1964
12608,12344,66937.6,3780,3832,64646.7,15125,52.48,17.2006
11652.5,11341,67335.9,6545.52,6413,66890.3,15868.8,14.76,17.2028
14841.6,12644,76926.5,14356.8,13200,71279.3,14984.6,58.22,17.2028
9329.92,8809,69411.5,5500.08,5213,69145.1,13574.2,27.06,17.2028
16121.6,15021,70337.9,7840.08,7577,67811.5,5202.72,16.4,17.208
10440.3,9301,73563.8,7637.76,7061,70889.1,12901.7,144.32,17.2091
5571.84,5432,67223.1,2544.48,2524,66067.8,19337,-14.76,17.2112
19145.6,17817,70423,7525.44,7341,67182.6,40748.4,85.28,17.2165
15997.4,14403,72791,7319.52,6791,70636.4,17942.4,59.04,17.2175
14529.3,13425,70926.7,8824.32,8305,69634,6774.48,12.3,17.2186
12550.4,11408,72098.8,7794,7344,69551.7,17825,-47.56,17.2196
11985.9,11128,70588.5,7693.2,7112,70891.7,11686.3,57.4,17.2196
16574.7,15304,70977.6,6376.32,5160,80984.2,45416.2,-4.1,17.2228
12870.4,12526,67337.9,5131.44,5022,66964.2,31803.8,72.16,17.2228
14664.3,13010,73869.4,7820.64,7394,69317.5,27502.6,45.1,17.2239
7534.08,7088,69660.5,3493.44,2320,98683.7,15187,7.38,17.2249
17936,12737,92286.5,13755.6,11029,81737.9,47345.8,150.06,17.226
10058.9,9249,71274.6,12404.9,7013,115923,8166.24,582.2,17.2281
20475.5,18912,70954.1,10941.1,10480,68419.6,52494.5,58.22,17.2291
8184.32,8181,65562.6,21828.2,21605,66213.2,9854.64,132.02,17.2291
10624.6,10274,67772.7,5834.88,5766,66318.9,10960.6,13.94,17.2302
11199.4,10962,66955,3786.48,3830,64791.3,6640.56,-35.26,17.2302
7336.96,7310,65777.7,3227.04,3242,65233.6,18863.3,46.74,17.2323
10874.2,10501,67865.4,3273.84,3269,65633,6187.68,-42.64,17.2334
6706.56,6224,70617.1,2689.92,2676,65876.9,18603.4,-63.96,17.2344
12387.8,12340,65790.1,3715.92,3792,64221.1,18774,81.18,17.2376
19484.8,17032,74973.9,13458.2,12092,72940.7,33151.7,117.26,17.2397
16426.2,10504,102486,108524,41336,172059,19268.6,9967.1,17.2407
10181.8,10524,63404.8,2069.28,2204,61530.1,21013.2,-13.94,17.245
13642.9,12878,69428.5,6842.88,6398,70093,26295.1,-18.04,17.246
13834.9,13698,66190.9,5410.8,5362,66132.5,16159,12.3,17.2471
26980.5,20556,86018.3,20714.4,16104,84298.2,40976.6,137.76,17.2481
32078.1,26028,80769.5,21470.4,17964,78328,38013.8,124.64,17.2492
18400.6,16884,71422.9,11810.2,10656,72634.3,19983.6,24.6,17.2502
16266.9,15080,70694,8457.12,8028,69039.1,23178.2,64.78,17.2513
7965.44,8143,64107,3399.84,3419,65168.7,11617.9,32.8,17.2524
12394.2,11179,72660.2,9609.84,8827,71348.2,30268.1,25.42,17.2524
9584.64,9534,65884.1,7731.36,7386,68600.4,10389.6,46.74,17.2555
21045.1,19440,70947.2,8133.84,7364,72387.2,43411,37.72,17.2555
12975.4,12904,65898.4,4797.36,4908,64058.6,6489.36,119.72,17.2555
8444.8,8401,65877.7,5001.84,4833,67825.5,15696.7,-4.1,17.2566
4993.28,5205,62870.2,2198.88,2257,63848.4,15701,27.88,17.2566
10115.8,10158,65264,4782.24,4718,66428.3,16082.6,73.8,17.2566
11869.4,11424,68091.3,4126.32,3984,67877.1,31447.4,4.1,17.2597
10961.9,10401,69070.3,7117.92,6789,68711.2,8009.28,25.42,17.2619
9773.44,9415,68031,4235.04,4119,67382.3,23173.2,-25.42,17.2619
7478.4,7485,65478.2,3529.44,3545,65248.3,7113.6,75.44,17.2629
30293.1,23577,84204.5,37567.4,30825,79870.9,38991.6,219.76,17.264
16038.4,14789,71072.6,8831.52,7905,73217.3,43985.5,51.66,17.264
6211.2,6408,63523.3,2986.56,3032,64553.8,14302.8,38.54,17.264
12012.8,11733,67098.9,6240.96,6049,67615.7,34722.7,120.54,17.2671
12213.1,11568,69190.8,4905.36,4772,67367.5,27468.7,-23.78,17.2703
18723.8,14983,81898.5,20088,17379,75751.6,51516,137.76,17.2703
11552,11246,67319.2,3677.04,3674,65590.2,8757.36,32.8,17.2714
6903.68,7053,64148.5,2550.24,2633,63476.1,15282.7,97.58,17.2714
12253.4,12328,65139.6,6409.44,6188,67881.2,10752.5,-32.8,17.2745
11755.5,10664,72244,9045.36,8456,70103.7,8523.36,0.82,17.2787
10570.2,10332,67047.2,4800.96,4636,67867.9,5516.64,22.14,17.2798
14805.1,14351,67609.8,7836.48,7563,67905.8,7142.4,-26.24,17.2809
14038.4,14128,65120.4,10786.3,8244,85746.3,8213.04,172.2,17.2809
10929.3,10738,66703.4,4346.64,4278,66587.5,7869.6,36.08,17.283
14590.1,13955,68518.5,7243.2,6791,69899.9,18329.8,-73.8,17.284
15973.1,15536,67379.9,5966.64,6000,65171.6,19942.6,14.76,17.284
9521.28,9296,67124.2,3837.6,3700,67973.2,8023.68,6.56,17.2851
11573.8,10576,71718.8,8987.04,8144,72320.1,9980.64,95.12,17.2861
9649.28,9576,66037.5,3458.88,3496,64840.2,18393.8,-34.44,17.2882
7326.08,7560,63508.2,2993.04,3000,65384,7809.84,-22.96,17.2893
14049.3,12372,74420.8,12074.4,10932,72384.6,12706.6,22.14,17.2925
14810.9,14404,67387.2,4741.92,4548,68330.4,32375.5,-24.6,17.2946
12686.1,12148,68438.8,7793.28,7076,72179.3,20271.6,86.92,17.2946
9857.92,9544,67691.6,4189.68,4108,66839.1,4797.36,-41.82,17.2956
15420.8,14948,67608.9,6899.76,6784,66654.3,21401.3,26.24,17.2988
14204.8,13917,66891.3,5972.4,4029,97147.5,11537.3,113.98,17.2998
12057,11262,70162,7182.72,6670,70573.7,38484.7,65.6,17.2998
15079,13189,74927.6,12161.5,10721,74341.7,19767.6,82.82,17.2998
7874.56,8134,63445.7,2826.72,2914,63573.1,18209.5,4.92,17.303
12979.8,11800,72088.7,9092.16,8488,70200.7,33084,140.22,17.303
13408,12507,70257.2,9825.12,8107,79425.1,5532.48,86.1,17.3051
12855.7,12292,68541.3,7898.4,7776,66567.6,22160.2,113.98,17.3062
27940.5,24229,75575,22520.9,20373,72445.3,33542.6,109.88,17.3062
12343,12136,66654,5246.64,5292,64974.3,10404,16.4,17.3083
10544.6,9889,69881,7925.76,7397,70220.7,29391.1,-6.56,17.3104
9976.32,9412,69465.4,7501.68,7156,68701.8,13486.3,18.04,17.3104
9083.52,7149,83270,26869,16793,104858,50917.7,4229.56,17.3115
11866.2,11201,69428.3,4669.2,4513,67804.3,6078.24,5.74,17.3125
10214.4,9906,67576.3,6075.36,5810,68529.2,17155.4,19.68,17.3146
8010.24,8136,64523,3362.4,2872,76726.4,6441.84,48.38,17.3167
19763.2,14131,91656.7,28847.5,22615,83597.2,30682.1,154.16,17.3178
30548.5,23733,84356.2,21967.9,18053,79747.9,21883,63.96,17.3188
17662.1,16949,68293.2,6950.16,6901,66002.9,22605.8,0,17.322
12635.5,12180,67987,3665.52,3616,66433.5,13809.6,30.34,17.3231
14627.2,13729,69823.6,6979.68,6533,70016.9,41538.2,22.14,17.3262
12209.9,11721,68269.7,4775.76,4729,66184,47056.3,0.82,17.3273
12999,12521,68038.1,5757.12,5641,66885.1,18068.4,-15.58,17.3283
10401.9,9602,70995.6,8420.4,7702,71648.9,20036.2,0,17.3294
9154.56,8776,68362.9,3682.08,3448,69985.1,16346.9,77.9,17.3305
13727.4,13501,66634.8,3630.24,3609,65921.7,30236.4,-8.2,17.3305
10793,10744,65834.7,4286.16,4332,64842.5,22363.2,-9.02,17.3336
10308.5,10441,64704.2,4571.28,4329,69203.8,18430.6,75.44,17.3347
6139.52,6536,61560.5,2916,2940,65001,9591.84,14.76,17.3421
8885.12,9264,62855.7,4122,4180,64626.6,9489.6,-31.16,17.3442
12903,13240,63868.1,6039.36,6040,65529.1,6612.48,80.36,17.3494
11225.6,10519,69938.3,8568,7575,74127.1,29947.7,-0.82,17.3547
16044.8,16109,65274.8,11399,10813,69087.9,18764.6,78.72,17.3547
19904.6,19147,68129.2,8244.72,7583,71254.9,24794.6,23.78,17.3558
11406.1,11625,64301.8,4700.88,4505,68385.5,10476.7,60.68,17.3558
6638.08,7420,58629.8,3615.12,3564,66476,11067.8,14.76,17.3589
7508.48,8209,59943.4,3227.04,3221,65658.9,11824.6,48.38,17.36
11803.5,11356,68118.6,10062,9276,71089.2,22335.8,54.12,17.3621
12519.7,12423,66046,6535.44,6231,68738,15157.4,-53.3,17.3621
10974.1,10984,65476.8,4738.32,4552,68218.5,23340.2,26.24,17.3632
11181.4,11277,64980.7,8137.44,7485,71248.5,12490.6,121.36,17.3632
14200.3,12180,76406.6,9920.88,8784,74018.1,30692.2,41.82,17.3706
11955.8,11201,69952.5,11739.6,11233,68491.6,26802,4.92,17.3737
9653.76,9736,64982.4,5720.4,5420,69168.3,11147.8,-4.92,17.3737
28675.8,23940,78500.4,13637.5,9856,90680.7,26927.3,170.56,17.3801
8880,8907,65337.3,3143.52,3163,65132.4,25575.8,9.02,17.3822
8215.68,8137,66169.7,3023.28,3069,64559.7,26620.6,-46.74,17.3822
6549.76,6440,66653,1278.72,1324,63294.7,22016.9,-48.38,17.3843
8696.96,8467,67315.9,3544.56,3511,66162.4,5534.64,-10.66,17.3853
10968.3,10868,66141,4457.52,4480,65207.1,10080.7,-39.36,17.3853
8364.16,7608,72049.6,6731.28,6156,71660.4,13981.7,13.94,17.3864
5809.28,5562,68449.7,2394,2362,66423.9,7803.36,22.96,17.3885
9904,9332,69553,5722.56,5412,69296.7,18478.1,-32.8,17.3895
14897.9,13673,71407.2,8579.52,8077,69613.4,43361.3,-50.84,17.3917
12975.4,11545,73655.5,7117.2,6749,69111.4,26291.5,79.54,17.3917
16770.6,14220,77290.8,9958.32,8668,75291.7,26097.1,61.5,17.3927
11644.8,10723,71169.8,5606.64,5123,71723,43632.7,130.38,17.3927
13898.2,11837,76948.1,11327.8,9961,74528.3,32485,68.06,17.4022
10516.5,10053,68557.4,2934.72,2897,66389.3,10793.5,54.12,17.4022
16236.2,14905,71389,9560.16,9193,68153.5,5559.84,31.98,17.4022
11285.1,10317,71685.7,8241.12,7389,73093.8,29067.1,-61.5,17.4033
14013.4,13460,68230.7,6089.76,5988,66649.7,23602.3,110.7,17.4054
6105.6,6009,66589.6,2171.52,2173,65491.4,5717.52,-4.1,17.4064
8736,8879,64480.5,2626.56,2735,62937.6,8260.56,32.8,17.4064
16311.7,15853,67432.2,5100.48,5065,65995.1,20240.6,37.72,17.4085
6248.96,6205,66000.3,2936.16,2877,66883.6,5744.88,-39.36,17.4085
17555.8,9950,115632,86382,51786,109318,12366,1232.46,17.4096
11146.9,10457,69859.6,8610.48,8189,68909.1,27366.5,83.64,17.4128
8673.92,8450,67272.7,3970.08,3862,67370.1,16405.2,1.64,17.4128
14222.7,13527,68906.6,5574.96,5223,69952.3,39970.8,72.98,17.4138
9175.68,9086,66182.9,3811.68,3838,65086.6,38700.7,45.1,17.4138
16203.5,15676,67741.4,7040.16,6508,70894.9,5988.24,69.7,17.4149
22352.6,19201,76293,13503.6,12001,73741.5,38558.9,64.78,17.418
13914.2,13661,66750.9,4560.48,4637,64454.5,14009.8,-27.88,17.418
12800.6,12336,68004.4,7223.04,6864,68964,17191.4,68.06,17.4202
7838.08,7529,68226.4,2961.36,2953,65721.5,8207.28,30.34,17.4254
13144.3,11697,73645,6644.16,6021,72318.8,40863.6,-47.56,17.4254
7812.48,7589,67465.9,2985.84,2945,66444.8,20331.4,-20.5,17.4254
12137,11344,70117,5882.4,5504,70041.6,24603.8,49.2,17.4275
15114.9,13908,71222.9,13006.8,12128,70284.8,6976.08,125.46,17.4275
13038.7,12284,69562.5,4950,4780,67866.8,16438.3,79.54,17.4286
19964.8,18729,69860.3,6125.76,5821,68967.2,14477,-38.54,17.4297
9359.36,9185,66780.1,3985.2,4001,65277.2,39925.4,13.12,17.4307
28977.9,22228,85437.2,27153.4,21648,82202.6,42090.5,198.44,17.4307
19503.4,17433,73319.1,15062.4,13529,72964,46540.1,-22.14,17.4307
7219.84,6719,70421.1,35874,33391,70409.3,38017.4,3097.14,17.4307
11014.4,10976,65765.3,5098.32,5204,64205.1,6109.2,121.36,17.4328
10851.8,9924,71663.3,4677.84,4564,67170.7,21780,-12.3,17.4328
7225.6,6989,67754.6,4132.08,4265,63493.6,6340.32,26.24,17.4328
23227.5,20705,73520.4,17347.7,16629,68368.4,7881.12,29.52,17.4349
14657.3,13509,71106.6,8711.28,7717,73979.8,25242.5,100.86,17.4349
11285.1,11094,66665,4386.96,4374,65730.2,19322.6,-13.94,17.4381
12220.8,11796,67896.1,5782.32,5748,65927.3,7721.28,-24.6,17.4391
12780.2,12709,65903,4861.44,4881,65273.4,14978.9,-32.8,17.4423
9557.76,9031,69358.6,5384.88,5171,68246.7,16593.1,-37.72,17.4434
15239,14664,68106,6421.68,5368,78400,16243.2,194.34,17.4444
7275.52,7068,67460.2,3268.08,3224,66432,9102.96,-4.92,17.4476
6997.76,6892,66541.7,3020.4,3036,65199.3,6914.88,22.96,17.4476
14601.6,14081,67959,5472.72,5137,69819,6212.88,89.38,17.4508
18332.2,17836,67359.1,7596,7320,68007,24850.8,78.72,17.4508
10831.4,10353,68564.1,7563.6,7025,70560.6,8467.2,64.78,17.4529
11357.4,10873,68455.9,3998.16,3869,67723.8,7277.04,-1.64,17.4539
13225.6,12750,67980.6,4677.84,4522,67794.5,9670.32,16.4,17.455
10510.1,9912,69490.4,5970.24,5580,70119.3,18188.6,91.84,17.456
5792,5772,65763.1,3104.64,3064,66405.3,12141.4,49.2,17.4592
11360,11221,66347.8,6068.88,5953,66811.7,23870.2,3.28,17.4603
29651.8,15513,125267,17637.8,8541,135337,21040.6,109.06,17.4613
11011.8,10832,66624.1,3848.4,3860,65339.1,6058.08,-36.9,17.4634
8642.56,8306,68191.5,6037.2,5766,68618.4,15732.7,20.5,17.4698
10033.9,8821,74547.4,7872.48,7237,71290.7,16325.3,-64.78,17.4698
15907.2,14632,71247.6,7606.8,7116,70056.1,32936.4,-35.26,17.4698
8452.48,8276,66933.5,3011.76,2848,69304.3,14053,17.22,17.4719
17942.4,17437,67435.5,8776.8,8637,66596.8,29147,22.14,17.4729
14972.2,13361,73438.8,9796.32,8949,71741.2,18944.6,45.92,17.4814
15177,14644,67921.1,7470,7456,65659.1,14571.4,-9.84,17.4824
16272.6,14700,72547.2,11276.6,10504,70356.6,45738.7,34.44,17.4824
7883.52,7609,67900.4,4236.48,4217,65838.7,6030,-33.62,17.4835
14614.4,14005,68387.7,6340.32,6225,66750.1,5004.72,68.88,17.4835
17235.8,11928,94698.9,11196,7660,95788.7,44984.9,95.12,17.4845
26745,24897,70400.4,14941.4,14549,67303.8,8255.52,99.22,17.4845
12259.8,11929,67353.6,4209.12,4269,64616.8,12255.8,0.82,17.4909
14090.2,13184,70040.8,5948.64,5748,67823.6,19481,18.04,17.4909
15280,14289,70081.2,7783.92,7457,68409.1,14903.3,118.9,17.4951
12272.6,11432,70355.1,5358.96,5032,69794.3,15350.4,7.38,17.4961
13014.4,12201,69905.1,6184.08,6189,65483.9,6553.44,-5.74,17.4961
12160,11497,69315.3,5161.68,5017,67425.9,9617.04,54.94,17.4982
14787.8,12966,74744.4,11238.5,10130,72707.3,34792.6,288.64,17.5004
12746.9,12127,68885.9,5514.48,5499,65720.5,8707.68,27.88,17.5025
16626.6,15858,68712.2,6431.04,6358,66288.9,20187.4,31.98,17.5046
14573.4,11461,83333.5,13229.3,10241,84659.1,10678.3,119.72,17.5046
6503.68,6364,66974.4,10457.3,4524,151487,20929,278.8,17.5056
9895.68,9471,68474.6,4428,4315,67252.2,7758.72,-47.56,17.5056
16942.7,15569,71318.5,10474.6,9489,72342.8,20922.5,6.56,17.5067
9352.32,8560,71602.1,6549.84,5936,72313.1,17917.9,-43.46,17.5088
7236.48,7333,64673.4,2484,2561,63565.6,6852.24,-57.4,17.5088
16778.9,16628,66130.7,5227.92,5360,63921.1,11789.3,45.1,17.5088
12833.9,11992,70137.1,8783.28,8232,69924.8,18548.6,-13.94,17.5099
8200.32,7997,67202.2,3707.28,3501,69397.4,19676.9,14.76,17.512
15697.3,15657,65704.6,3345.84,3453,63502.2,20263.7,14.76,17.513
8080,7781,68054.4,2458.08,2465,65352,29494.1,42.64,17.5151
10176,9977,66843.2,4738.32,4669,66509,21775,13.94,17.5162
12743.7,12133,68834.6,5600.16,4913,74702.2,8449.2,256.66,17.5162
7581.44,7592,65444.8,3956.4,3900,66483.8,5875.2,-82,17.5172
11882.9,12132,64190.3,3984.48,3920,66614,30574.1,-15.58,17.5194
14084.5,13997,65945.6,5780.16,5401,70136.8,9449.28,22.14,17.5194
9535.36,9336,66935.4,4074.48,3932,67910.8,10396.1,-75.44,17.5204
15770.2,15605,66230,10270.8,10037,67062.6,23394.2,109.88,17.5289
6595.2,6569,65797.4,2807.28,2797,65776.9,7143.12,40.18,17.532
10623.4,10417,66834.3,4576.32,4385,68395.4,7120.8,-32.8,17.532
8789.12,8812,65365.8,4084.56,4076,65673.6,6012.72,-41.82,17.5341
8921.6,9029,64756.4,4190.4,4214,65169,9473.76,89.38,17.5341
14089.6,13538,68206.2,7755.84,7238,70224.8,24067.4,-42.64,17.5405
16655.4,16441,66390.5,5233.68,5305,64654.9,25313,100.04,17.5405
16010.9,14997,69966.6,6770.16,6385,69489.3,30740.4,10.66,17.5436
9893.12,9559,67826.7,4446.72,4199,69402.3,6090.48,111.52,17.5447
21573.8,18553,76206.4,14189,12745,72961.4,44599.7,57.4,17.5457
6908.16,7167,63169.1,2713.68,2815,63177.2,6447.6,23.78,17.5468
9101.44,8659,68884.6,6429.6,5911,71285.8,15319.4,10.66,17.5489
8228.48,8369,64435.6,2067.84,2021,67054.9,18437,-0.82,17.5489
7904,7818,66256.9,3140.64,3066,67131.4,7225.92,10.66,17.5521
12644.5,12693,65285.5,4590.72,4245,70873.4,9888.48,110.7,17.5521
15191,15101,65926.8,5461.92,5545,64554.1,12956.4,16.4,17.5531
11770.2,11557,66745.2,5336.64,5205,67193.5,7836.48,83.64,17.5531
9601.28,8928,70478.2,6597.36,6116,70694,5195.52,36.9,17.5573
16803.2,15304,71956,9365.04,8840,69428.4,9838.08,58.22,17.5584
8512.64,8497,65656.6,3189.6,3169,65962,19946.2,50.84,17.5595
10932.5,10195,70276.7,8228.16,7555,71375.3,14937.8,33.62,17.5595
8353.28,8441,64854.9,3191.04,3177,65825.6,11250.7,24.6,17.5616
6320.64,6669,62112.7,2815.92,2925,63092,8103.6,75.44,17.5637
13083.5,13102,65443.6,5122.08,5178,64828.2,9889.92,45.1,17.5647
9175.68,8972,67023.8,3186.72,3068,68072,22986,13.12,17.5647
12146.6,11136,71483.2,8902.08,8160,71495.9,38865.6,15.58,17.5658
8894.72,9212,63278.8,3497.76,3564,64318,11752.6,3.28,17.569
7207.68,7498,62998.5,12719.5,12014,69384.6,11802.2,1609.66,17.569
8733.44,8659,66099.4,4019.76,3875,67984.3,5539.68,-41.82,17.569
45864.3,37269,80650.5,33555.6,26485,83031.9,17959,231.24,17.57
13563.5,12838,69239.7,6624,6370,68149.2,18544.3,44.28,17.5721
10198.4,10056,66464,4481.28,4476,65613.3,8261.28,64.78,17.5721
21222.4,17680,78666.9,12894.5,11060,76406.2,58156.6,13.94,17.5742
8951.04,8856,66239.3,3935.52,3256,79213.2,6014.88,47.56,17.5774
12010.2,12120,64942.5,5767.92,5740,65854.8,7153.92,90.2,17.5774
15501.4,15152,67047.4,9506.16,9184,67834.9,11502,85.28,17.5774
12800,12501,67103.5,11021,10801,66871.1,10483.2,108.24,17.5806
15422.1,12557,80489.1,20797.9,13981,97490.3,26181.4,242.72,17.5806
7255.68,7201,66033.6,2427.12,2357,67485.7,17856.7,86.92,17.5806
7407.36,6837,71003.2,7176.96,5761,81643.7,14068.1,72.98,17.5816
18529.3,17832,68098.6,9983.52,9608,68097.4,18262.8,18.86,17.5837
13491.2,12834,68892,4973.76,4678,69679.4,9421.92,45.1,17.5837
14956.8,14740,66499.9,4713.12,4704,65663.1,13864.3,-26.24,17.5879
12200.3,12364,64668.4,2101.68,2172,63414.2,7316.64,107.42,17.5901
15875.2,15244,68249.6,5824.8,5736,66550.6,5348.16,51.66,17.5922
5957.12,6168,63295.4,3183.12,3228,64624.8,16385.8,-16.4,17.5932
12979.2,12807,66417.2,5445.36,5299,67346.1,7890.48,26.24,17.5932
12340.5,11722,68993.8,5435.28,5166,68952.1,6895.44,41,17.5932
14910.7,12645,77278.7,14955.8,13089,74883.2,50282.6,203.36,17.5932
16959.4,14672,75753,12078.7,10448,75764.8,47039.8,32.8,17.5964
7187.2,7220,65238.3,3227.76,3140,67367.7,9357.84,102.5,17.5964
11045.8,10828,66854,4785.84,4584,68421.6,10773.4,68.06,17.5964
10441,10191,67143.4,6125.04,5963,67316.9,28171.4,26.24,17.5996
17086.7,15941,70246.2,7891.2,7617,67895.2,22381.9,-27.06,17.6006
15370.9,14500,69472.1,8303.76,7828,69519.1,22793.8,38.54,17.6027
8623.36,8623,65538.7,3841.92,3855,65313.6,9181.44,97.58,17.6027
18043.5,16999,69562.9,11835.4,11655,66550.2,6979.68,102.5,17.6112
8801.28,8602,67054.3,4020.48,3966,66436.3,14513,16.4,17.6112
12527.4,11784,69670.2,7937.28,7352,70753.2,30334.3,-5.74,17.6112
11306.9,10936,67758.6,3197.52,3144,66651.6,24169.7,6.56,17.6122
21440.6,18777,74832.7,14544,13325,71531.4,10789.2,0.82,17.6122
7683.2,7613,66140.3,3350.88,3145,69826.2,17900.6,-9.02,17.6133
11630.7,10248,74378.5,8993.52,7580,77757.2,14829.1,98.4,17.6133
22598.4,13688,108198,28409,20124,92517.1,88519.7,209.1,17.6143
12954.2,12361,68681.3,5819.76,5613,67950.1,7241.76,16.4,17.6154
14720,13888,69462.1,6372.72,6116,68286.9,7248.24,62.32,17.6154
11302.4,11008,67288.7,3998.16,3936,66571,5446.08,-63.14,17.6164
8717.44,8177,69867.4,5014.8,4769,68913.8,23517.4,41,17.6186
6479.36,6648,63873.5,2355.12,2476,62336.5,7723.44,-22.96,17.6196
17811.2,17129,68146.1,11026.8,10553,68478.4,22511.5,68.88,17.6207
17475.2,14448,79267.4,11759.8,10132,76064.7,7624.08,56.58,17.6217
22088.3,19384,74679.1,8740.08,7768,73737.1,29915.3,33.62,17.6217
6862.08,6605,68086.8,2813.04,2633,70017.2,17714.2,-73.8,17.6217
8020.48,7885,66662,4586.4,4413,68111.1,8140.32,100.86,17.6238
10801.3,10623,66635.9,4813.92,4751,66403.9,52372.8,62.32,17.6249
11413.8,11185,66876.4,4433.04,3713,78245,10579.7,-5.74,17.6259
12268.8,11716,68628.2,6125.76,5920,67813.8,14868.7,75.44,17.627
16352,14058,76230.2,12701.5,11566,71970.2,9647.28,95.94,17.6302
12889,12321,68557,8647.92,8037,70517.6,21974.4,-21.32,17.6333
12885.1,12989,65011.9,3008.88,3161,62382.1,13081.7,-13.12,17.6333
16560.6,15537,69853.8,8777.52,8117,70869,47473.2,127.1,17.6344
10552.3,9962,69419.5,5468.4,5390,66489.3,17472.2,9.02,17.6344
13662.1,12358,72451.7,12526.6,11734,69962.6,30774.2,130.38,17.6354
10000.6,8970,73066,6049.44,5498,72109.2,18699.8,37.72,17.6354
8805.76,8965,64371.9,3032.64,3125,63599.1,15253.2,47.56,17.6439
11559,11609,65254,3314.16,3229,67264.4,30710.2,59.86,17.6439
12280.3,11057,72786.8,11423.5,10641,70355.4,9200.88,82,17.6439
10405.8,10420,65446.4,4974.48,4916,66315.6,4946.4,-49.2,17.647
11358.1,10237,72713,8668.8,7801,72826.4,34129.4,-34.44,17.6513
13701.8,12664,70906.4,14239.4,9996,93356.9,15649.2,78.72,17.6576
11946.9,11518,67976.3,5194.08,5070,67139.9,21016.1,-100.04,17.6587
14520.3,14265,66709,6001.2,5997,65581.9,6990.48,-26.24,17.6608
7127.04,7117,65628.5,3597.12,3597,65538.2,10949.8,-28.7,17.6618
13226.2,12313,70396.7,6297.84,5821,70904.5,21710.2,22.96,17.6618
13193.6,13045,66282.5,5332.32,5365,65136.8,16661.5,42.64,17.665
14357.1,13821,68078.2,7051.68,6781,68152,32832.7,-9.84,17.665
10581.1,9802,70745.2,5466.96,5198,68927,11291,91.84,17.6671
7640.96,7320,68409.6,3821.76,3000,83487.6,11404.8,-11.48,17.6692
12869.8,12220,69020.7,7770.96,7116,71568,14614.6,50.84,17.6703
14299.5,13237,70796.5,11981.5,10901,72032,25771.7,19.68,17.6713
12857,11552,72939.2,10155.6,9088,73234.8,18773.3,99.22,17.6755
12599.7,11728,70406.9,9795.6,9252,69386.6,11684.9,44.28,17.6829
7944.96,7396,70400.3,7374.96,6896,70087.8,10434.2,31.16,17.6829
8385.28,7976,68898.9,5557.68,5032,72382.4,10769.8,47.56,17.6861
13043.8,12920,66164.2,6437.52,6316,66796.9,7525.44,10.66,17.6861
12320,11983,67379.1,9169.92,8587,69984.8,19229.8,49.2,17.6914
11263.4,10845,68064.1,6655.68,6141,71028.6,7091.28,10.66,17.6914
5383.68,5490,64266.8,2835.36,2790,66601.5,30600.7,-4.1,17.6914
6833.92,6953,64413.6,2619.36,2569,66820.7,12528,-65.6,17.6945
12667.5,12517,66324.1,3982.32,3365,77558.8,12699.4,81.18,17.6945
16814.1,14264,77252.4,9670.32,8200,77287.1,41491.4,44.28,17.6945
9274.24,9432,64439.8,4212,4104,67260.6,15145.9,12.3,17.6956
6539.52,6757,63426.7,3599.28,3441,68550.5,7952.4,8.2,17.7009
11211.5,11040,66554.2,8550.72,8224,68139.6,29935.4,40.18,17.7019
10028.8,9967,65942.4,4186.8,3775,72685.1,60670.1,14.76,17.7019
9958.4,9188,71031.1,5394.96,5028,70319,13541.8,61.5,17.7019
14032.6,11707,78555,14186.9,12091,76896.2,33502.3,55.76,17.7061
16478.7,15468,69818.3,6514.56,6360,67128.6,18297.4,31.98,17.7072
10683.5,10622,65915.6,3787.2,3898,63673.2,8336.88,-41.82,17.7083
9903.36,8516,76212.6,8266.32,7536,71887.1,19536.5,13.94,17.7093
7489.28,7476,65652.4,2530.08,2628,63094.1,14006.2,8.2,17.7093
10341.8,9442,71781.1,3665.52,3462,69388.7,25362.7,31.98,17.7104
13249.9,12645,68671.2,7382.88,7137,67793.8,11929,16.4,17.7125
11582.7,11697,64895.7,5098.32,5233,63849.3,4857.12,-4.1,17.7125
9145.6,8949,66975.8,2838.24,2785,66788.8,7563.6,49.2,17.7135
17196.2,16313,69084,10288.1,9913,68015.7,14850,74.62,17.7135
16245.8,14992,71016.7,14888.2,13808,70662.7,47973.6,144.32,17.7178
9508.48,9490,65663.6,5101.2,4882,68478.5,11611.4,39.36,17.7178
10988.2,9929,72527,9171.36,8429,71307.9,5394.24,55.76,17.7199
11248,11144,66147.6,5163.84,5116,66148.8,13153,4.92,17.7241
11672.3,11376,67243.1,5778,5520,68599.1,8025.12,45.1,17.7241
12454.4,11001,74194.3,9240.48,8233,73555.7,20107.4,12.3,17.7273
10611.8,9628,72232.8,9373.68,8616,71299.2,37959.8,-50.02,17.7294
16634.9,9921,109886,8299.44,4529,120095,57713.8,54.94,17.7294
7914.24,7852,66055.5,3121.92,3068,66687.8,13919.8,-8.2,17.7294
17079,17005,65821.3,4145.76,4093,66380.8,10854,48.38,17.7304
18473.6,8695,139239,12901.7,6563,128832,36547.2,-61.5,17.7325
8537.6,8417,66475,4056.48,3877,68569.9,4798.08,31.98,17.7346
9836.16,9388,68664.5,10385.3,9724,69992.8,20054.2,23.78,17.7357
8453.12,8789,63031.5,3414.96,3477,64366.6,8195.76,-73.8,17.7357
10409.6,10164,67119.6,7832.88,7444,68959.6,54588.2,73.8,17.7367
12797.4,12217,68649.7,4577.04,4393,68281.6,9015.84,-77.08,17.7378
14353.3,13401,70193,7344,6925,69501.3,13765.7,107.42,17.7389
11557.1,10328,73335.4,5106.96,4568,73268.3,19424.9,13.12,17.741
5194.88,5316,64042.8,2211.84,2080,69690,7197.84,52.48,17.741
11406.1,11024,67807.4,4004.64,3808,68920.2,23025.6,48.38,17.742
11552.6,11561,65488.6,4752,4749,65577.4,8694,27.88,17.742
11328,10833,68530.6,5748.48,5329,70694.8,27198.7,82.82,17.7441
8592,7708,73052.1,5558.4,5052,72105.2,22232.9,140.22,17.7441
11153.9,11028,66284.3,4908.24,4608,69806.1,9172.8,7.38,17.7452
16222.7,15921,66778,6390.72,6337,66091.6,14320.8,-4.92,17.7462
11202.6,11318,64867.6,5348.16,5190,67533.1,10468.1,16.4,17.7462
9406.08,9105,67703.1,4456.8,4161,70194.9,19350.7,-36.08,17.7484
10273.3,9832,68477.4,5191.2,4920,69148.5,15651.4,-33.62,17.7515
14997.1,14581,67406.3,7101.36,6693,69534.6,8162.64,29.52,17.7515
9596.16,9344,67304.6,3527.28,3360,68798.8,15473.5,127.92,17.76
11681.9,11405,67127.3,6348.96,6025,69059.8,10062.7,-50.84,17.76
8030.08,8293,63458.3,3140.64,3189,64542.2,7674.48,-36.08,17.761
11290.9,11172,66233.4,5830.56,5760,66338.8,11638.8,-59.04,17.7621
21065,17092,80769.6,9048.24,7012,84567.2,24984.7,2.46,17.7621
10645.8,10616,65719.7,3224.88,3180,66460.9,16041.6,13.94,17.7631
11231.4,10941,67275.2,5971.68,5709,68551.4,10907.3,-72.16,17.7642
11127,10209,71429.3,6606.72,5921,73125.8,11051.3,32.8,17.7663
8894.08,8861,65780.7,3686.4,3193,75663,69958.8,400.98,17.7663
6107.52,6054,66115.4,2639.52,2562,67519,22632.5,-6.56,17.7674
13886.1,13085,69548.2,8823.6,8585,67357.4,16960.3,41.82,17.7674
11129,10402,70116.1,6068.88,4834,82277.6,24426,113.16,17.7674
9610.88,9333,67487.3,3783.6,3665,67656.8,17099.3,73.8,17.7684
10095.4,9650,68560.6,5067.36,5094,65193.3,5476.32,6.56,17.7716
8894.72,7437,78381.7,6138.72,5789,69495.1,37820.2,22.96,17.7726
13709.4,12989,69171,5415.12,5401,65707.3,14019.8,-50.84,17.7747
26275.8,20916,82330,13986,11700,78340.7,10921.7,17.22,17.7769
11235.8,9389,78427.1,8993.52,8025,73445.4,4763.52,86.1,17.7779
10684.8,9539,73408,4920.48,4707,68508.3,18675.4,-15.58,17.7779
14284.8,12628,74134.4,9197.28,8564,70382.2,24590.2,105.78,17.779
11071.4,9817,73909.8,8082.72,7357,72000.7,30703,31.98,17.779
16618.9,15914,68438.8,4991.04,5146,63562.5,15438.2,53.3,17.779
9062.4,8468,70136.2,3486.24,3412,66962,20188.8,41,17.7842
12620.2,11331,72992.2,9009.36,8487,69569.6,16688.9,89.38,17.7863
10426.9,9385,72811.5,5788.8,5533,68565.9,14310.7,63.14,17.7885
14632.3,13105,73173.9,7583.04,7057,70421.2,18865.4,63.14,17.7906
10323.8,8968,75444.2,9017.28,7320,80731.8,12551.8,91.02,17.7937
15216,14792,67414.5,7128.72,7148,65359.2,20014.6,-4.92,17.7969
14449.9,12960,73070.2,7881.84,7444,69390.7,18599,68.88,17.798
10425,9533,71667.9,6019.2,5657,69732.1,10358.6,87.74,17.799
11666.6,11337,67441.1,6181.2,6045,67012.6,6135.84,-9.84,17.8001
12551.7,12447,66087.2,3666.96,3807,63125.3,30695.8,18.86,17.8011
13455.4,12792,68934.5,7504.56,7292,67446.4,30481.2,10.66,17.8011
9997.44,9664,67797.2,3592.08,3536,66575.4,19156.3,0.82,17.8043
9984.64,9400,69612.1,5917.68,5468,70925.6,9549.36,103.32,17.8043
9844.48,9657,66808.3,3747.6,3773,65094.8,12952.8,-5.74,17.8053
14284.8,13554,69069.5,5354.64,5234,67046.6,12332.9,106.6,17.8053
12321.3,11758,68675.6,5215.68,4922,69446.3,51069.6,45.92,17.8075
9463.04,8813,70369.9,5970.24,5705,68582.9,11947,118.9,17.8075
10798.1,10057,70365.2,7436.16,6985,69769,22881.6,42.64,17.8085
14529.3,12629,75397.2,10315.4,9121,74118.3,37771.9,104.96,17.8106
7159.04,6973,67284.5,2138.4,2089,67085.8,6148.08,136.12,17.8117
9462.4,9402,65957,3274.56,3354,63983.8,12296.9,33.62,17.8138
20485.1,16377,81975.5,16124.4,13913,75952.6,25153.2,63.14,17.8138
15548.8,14801,68847.1,7418.88,7121,68277.5,19326.2,152.52,17.817
9885.44,9000,71983.6,6790.32,6552,67919.8,19426.3,-24.6,17.8212
14433.3,14103,67070.8,4645.44,4643,65570.4,17023.7,87.74,17.8222
37059.2,26696,90976.6,30857.8,22504,89863.8,113118,214.02,17.8222
14038.4,13048,70510.5,7192.8,4968,94884.7,16122.2,158.26,17.8243
12142.7,11908,66827.8,5201.28,5200,65552.1,5909.76,-14.76,17.8254
15575,14920,68413.3,10832.4,10476,67765.6,14938.6,34.44,17.8254
15012.5,14694,66956.4,9789.12,9638,66563.6,24493.7,36.08,17.8317
13781.8,13140,68736.8,6287.76,6100,67553.2,6124.32,-13.12,17.8317
8055.68,7953,66382.1,3839.76,3845,65446.7,9935.28,59.86,17.8338
8252.8,7963,67921.1,3206.16,3007,69876.6,11488.3,-66.42,17.8349
17126.4,16180,69369.3,8096.4,7860,67507.1,24674.4,13.12,17.8381
24977.9,20164,81182,23422.3,19460,78880,41135.8,158.26,17.8381
7760,7642,66547.9,2771.28,2762,65756.2,8182.08,50.84,17.8391
7449.6,7367,66270.8,3325.68,3315,65747.1,11178,-18.86,17.8402
9402.24,9224,66802.4,3888.72,3884,65615.6,15274.1,46.74,17.8402
19594.9,17342,74049.7,15485,14414,70405.7,28782,22.14,17.8402
13596.2,13364,66674.5,5559.84,5392,67576,8438.4,13.12,17.8412
17525.8,16816,68302.1,7591.68,7552,65880.4,10805.8,-31.98,17.8412
16179.8,14313,74083.8,8287.92,7405,73350.1,25291.4,-45.92,17.8454
12793,11957,70117.9,6924.24,6501,69802.6,10838.9,-9.02,17.8465
18841,17216,71721.7,11137.7,10432,69969.2,20283.8,25.42,17.8476
7669.76,7449,67478.2,2604.96,2557,66765.2,8454.96,54.12,17.8518
6594.56,6596,65521.7,2892.96,2880,65830.9,9243.36,39.36,17.8549
28419.8,22972,81077.9,13812.5,10204,88711.8,21529.4,119.72,17.856
10121.6,9748,68047.7,4059.36,3824,69569.6,9389.52,62.32,17.8592
10522.9,9842,70069.9,7120.8,6754,69095.2,12067.2,-9.84,17.8602
24581.1,13632,118174,218703,117540,121941,5741.28,3677.7,17.8623
12595.8,12205,67634.7,6598.08,6601,65507,6091.92,131.2,17.8623
18547.8,17726,68574.5,7963.92,7806,66861.8,61295,0.82,17.8634
6679.04,6589,66431.6,2892.96,2925,64818.1,14263.2,-5.74,17.8655
16176,16142,65674,6546.24,5258,81592.7,16148.2,20.5,17.8729
7559.04,7382,67107.7,2812.32,2774,66441.3,28887.8,-40.18,17.8739
17011.8,14465,77074.9,12046.3,7521,104968,28334.2,331.28,17.875
8126.08,8061,66065.1,3134.16,3149,65227.2,21811,-16.4,17.8792
13807.4,12632,71633.9,9144,8376,71545,15738.5,13.12,17.8824
14240,13213,70629.9,9601.2,8797,71527.1,16907,57.4,17.8834
15153.9,14653,67776.4,6677.28,6637,65933.7,10586.2,48.38,17.8887
6590.72,6480,66655.8,3183.84,3108,67135.2,8792.64,48.38,17.8898
14032,13885,66229.8,3961.44,4073,63741,7998.48,31.98,17.8929
17855.4,16488,70970.9,13742.6,12988,69343.8,46578.2,18.04,17.895
13085.4,12269,69897.1,5405.04,5065,69935.8,26712.7,68.06,17.8982
11396.5,10920,68395.6,7030.8,5644,81639,13300.6,41.82,17.8982
5338.88,5336,65571.4,1787.76,1800,65090.4,20920.3,-9.84,17.9003
16455,15183,71026.6,13804.6,13403,67499.5,6826.32,50.02,17.9045
11861.1,11661,66660.7,6130.08,6189,64912.1,13512.2,65.6,17.9056
10163.8,9789,68045.5,5500.8,5469,65917.1,11091.6,18.04,17.9056
14891.5,12391,78761.3,9451.44,8599,72032.8,33455.5,88.56,17.9077
8430.08,8053,68604.7,2887.92,2837,66712.3,5691.6,65.6,17.9077
9123.84,8952,66794,2165.04,2252,63005.4,10270.8,27.88,17.9088
11521.9,10800,69916.7,5425.92,5236,67913.1,6603.12,37.72,17.9098
9722.24,8410,75761.8,7398,6666,72732.6,12294,-14.76,17.9109
10315.5,9752,69323,4808.88,4664,67571.8,7017.84,-22.96,17.914
10201.6,9629,69433.2,4453.92,4361,66932.4,5878.08,28.7,17.9162
6294.4,6064,68026,2522.16,2560,64567.3,5898.24,-56.58,17.9172
14064,13813,66726.9,7784.64,7681,66420.3,12646.1,13.94,17.9193
14435.2,13381,70699.1,13032.7,12005,71146.4,15092.6,-7.38,17.9204
11470.1,10945,68680.1,5919.12,5921,65515.2,8930.16,-34.44,17.9225
10237.4,9672,69367.3,6611.04,6284,68946.7,8513.28,-49.2,17.9225
21536,19400,72751.7,17465,15432,74169.8,7133.04,80.36,17.9246
6156.8,6083,66331.1,2674.8,2695,65044.8,6614.64,74.62,17.9246
7320.32,7549,63550.7,2099.52,1913,71925.9,15506.6,-0.82,17.9278
10314.2,10393,65039.4,3862.8,3933,64366.3,10031,108.24,17.9288
7674.88,7593,66242.7,3023.28,3001,66022.5,11144.9,56.58,17.9299
12403.8,12088,67248.4,4146.48,4088,66473.5,11534.4,24.6,17.932
9000.32,8705,67759.3,3153.6,3089,66906.6,7061.76,-16.4,17.9351
14695,13217,72864.8,9445.68,8741,70819.4,17534.2,22.14,17.9362
10625.9,10204,68245.8,5868.72,5644,68145.4,9085.68,49.2,17.9383
4952.96,5048,64302.1,2674.08,2744,63866.1,6716.88,27.06,17.9404
16001.9,14393,72861.9,11354.4,10297,72265.9,34402.3,-4.1,17.9404
16418.6,15952,67452.8,6539.76,6468,66263.1,24876,-22.96,17.9404
16485.1,15392,70190.3,10410.5,9748,69989.9,32127.8,35.26,17.9425
9420.8,9121,67690.1,5071.68,4901,67818.3,17775.4,-21.32,17.9425
12951.7,12413,68380,4934.88,4941,65454.8,11551,-71.34,17.9436
9564.16,9524,65812.4,3598.56,3636,64861.2,23603,-44.28,17.9446
7541.76,7461,66245.4,2978.64,2997,65134.5,17395.9,89.38,17.9446
5593.6,5644,64950.8,2214.72,2232,65028.6,15204.2,103.32,17.9499
14525.4,13597,70011,11172.2,10317,70968.7,18869,86.92,17.951
18457,16108,75092.8,16160.4,13148,80551.3,19073.5,13.12,17.952
8810.88,8581,67291.7,3072.96,3013,66840.2,10707.1,1.64,17.952
11116.2,11125,65483.9,7322.4,7349,65298.8,7805.52,117.26,17.9531
6564.48,6888,62457.9,2431.44,2540,62735,29683.4,-11.48,17.9541
7690.88,7765,64910.4,5248.08,4965,69272.5,8372.16,-13.94,17.9552
11004.2,11160,64620.8,4314.24,4328,65327.6,10038.2,73.8,17.9552
11590.4,11123,68289.9,8740.8,8099,70729.4,11059.9,63.96,17.9563
12465.3,12292,66459.9,6161.04,5972,67610.5,11261.5,-41.82,17.9573
20959.4,18360,74814.4,15816.2,14040,73827.1,5490.72,76.26,17.9594
9946.24,9184,70975.3,6451.2,5936,71224,11396.9,82.82,17.9605
10638.1,10221,68210.3,5574.24,5454,66980.8,27627.1,27.06,17.9615
9500.16,8594,72446.2,7397.28,6678,72594.8,12129.8,93.48,17.9626
16677.8,15144,72173.4,11384.6,10872,68626.2,6174.72,-16.4,17.9658
14267.5,12192,76692.6,14179,12608,73701.8,16249,-36.08,17.9658
10833.9,10392,68322.9,3973.68,3896,66842.7,6101.28,-15.58,17.9658
14282.2,13764,68003.5,6755.76,6736,65728.3,12722.4,13.94,17.9658
8058.88,7960,66350.1,4091.76,4136,64835,22945,63.14,17.9679
11147.5,10887,67104.2,4286.16,4279,65645.7,8892.72,22.14,17.971
12963.2,12753,66616.2,4584.24,4645,64678.7,26093.5,6.56,17.9721
6629.76,6657,65267.8,3360.24,3413,64522.9,7215.12,31.16,17.9837
9584.64,9533,65891,3528,3581,64566,46743.1,-47.56,17.9847
7470.72,6712,72944.1,6333.12,5976,69452.4,14829.8,-1.64,17.9858
9694.72,9456,67190.5,3513.6,3268,70461.2,39822.5,-45.92,17.9879
23317.8,17729,86195.1,15917,12885,80957.6,47687,126.28,17.9879
8438.4,8631,64073.6,3389.04,3479,63841.4,15464.9,-50.84,17.989
8021.12,7877,66735.1,3825.36,3697,67811.4,6591.6,-31.16,17.99
18118.4,17281,68711.7,7415.28,7105,68398,27915.8,64.78,17.99
5356.8,5387,65168.6,2694.96,2543,69452.2,15123.6,99.22,17.9932
23013.8,21197,71153,13054.3,12105,70675.6,7215.12,100.86,17.9932
13859.8,13603,66773.4,7860.24,7607,67717.7,16632.7,44.28,17.9964
11607,10845,70141,5869.44,5549,69320.5,12900.2,89.38,17.9974
9680,9525,66602.5,2929.68,2949,65106.7,48708,16.4,17.9995
13349.1,12249,71422,9020.16,8349,70804.3,13518.7,14.76,18.0006
10742.4,10546,66756.5,6860.88,6786,66259.2,4878.72,128.74,18.0016
9701.76,9477,67090.3,5209.2,4545,75113.4,16752.2,41.82,18.0059
6785.92,6787,65525.6,3183.12,3139,66457.1,13528.8,-10.66,18.0069
8568.96,7799,72006.1,5865.12,5351,71832.6,20875,50.84,18.008
12611.2,12085,68389.5,6182.64,5653,71676.2,23263.2,-7.38,18.009
12010.2,11780,66816.9,6698.88,6640,66117.1,6890.4,109.06,18.009
11962.2,11672,67165.6,4790.16,4744,66173.7,27038.2,52.48,18.0101
14215.7,13707,67968.1,5203.44,5051,67513.9,39741.8,69.7,18.0143
10376.3,10065,67563.1,3441.6,3445,65471.3,24184.1,50.02,18.0143
13361.9,12508,70010.1,5051.52,4716,70198.6,29987.3,51.66,18.0164
16027.5,15033,69871.6,5624.64,5389,68401.6,16441.2,1.64,18.0164
6644.48,6395,68092.7,2610.72,2571,66548.5,7068.96,13.12,18.0175
13002.9,12281,69388.2,7820.64,7341,69817.9,13150.8,36.08,18.0175
10570.2,10317,67144.6,8069.76,6925,76369.6,14711.8,176.3,18.0185
7088,6852,67793.2,3291.12,2576,83729.4,6499.44,-36.08,18.0196
6299.52,6301,65520.6,2854.8,2793,66986.1,7012.08,1.64,18.0238
12817.3,12585,66745.6,8905.68,8413,69373.9,13874.4,14.76,18.0249
12841.6,12140,69323.5,9240.48,8600,70416.8,25142.4,136.94,18.0249
9036.16,9412,62919,3242.88,3344,63554.2,32118.5,-35.26,18.027
9988.48,9287,70486.2,8833.68,7383,78413.1,15339.6,91.84,18.0301
9574.4,9096,68982.8,6053.04,5576,71142.8,46342.1,50.84,18.0312
15622.4,14621,70024.6,11931.8,10857,72024.1,18782.6,4.92,18.0322
5198.08,5353,63639.3,3013.2,2957,66781.6,21666.2,-34.44,18.0333
5609.6,5731,64147.8,3097.44,3059,66359.5,18256.3,56.58,18.0343
19459.2,18124,70364,10847.5,10008,71033.5,23929.2,4.1,18.0343
13299.8,12991,67094,6793.92,6747,65991.8,16891.9,61.5,18.0375
14256.6,13116,71235.4,8350.56,7884,69414.3,10324.8,-95.94,18.0386
17240.3,14817,76254.4,11702.2,10277,74624.2,17999.3,-53.3,18.0396
8634.24,8441,67036.3,4597.92,4365,69033.1,28396.8,111.52,18.0417
14515.2,13625,69817.9,7395.84,6813,71142.5,8753.04,118.9,18.0428
7443.2,7153,68194.8,6259.68,5905,69472.4,15019.2,-74.62,18.046
13801,13441,67291.1,5134.32,5073,66328.2,28318.3,-14.76,18.0491
9568,9462,66270.2,4374,4278,67006.6,16769.5,-31.16,18.0491
5037.44,5217,63280.4,3427.2,3365,66747.4,19723,27.88,18.0523
9463.68,9624,64444.3,5670,5208,71349.7,11876.4,46.74,18.0544
10188.8,9536,70022.4,10939,9568,74926.4,6693.12,55.76,18.0555
14064,14012,65779.2,5403.6,5308,66716.3,15814.1,25.42,18.0555
5466.88,5577,64242,2403.36,2361,66711.8,6913.44,23.78,18.0576
13541.1,12905,68766.4,5450.4,5145,69426.1,9129.6,-164.82,18.0639
10841,10288,69058.4,4879.44,4704,67980.2,11407.7,16.4,18.0681
7356.8,7336,65721.8,2486.16,2456,66340.8,15732,14.76,18.0723
7962.24,7685,67900.2,6166.08,5793,69756.6,7496.64,66.42,18.0723
9996.16,9996,65537.1,3569.04,3560,65702.4,5927.04,55.76,18.0723
10142.7,10112,65735.1,3745.44,3744,65561.2,9414,-2.46,18.0734
14293.8,13740,68177.3,7482.96,6968,70379.4,8053.92,106.6,18.0776
13303,13145,66323.9,8395.92,7821,70353.5,7173.36,4.1,18.0787
7118.72,7313,63794.9,3787.2,3669,67647.3,5657.04,11.48,18.0787
17458.6,16775,68206.5,8820,8359,69150.3,4865.76,-12.3,18.0797
16194.6,15320,69277.2,16178.4,15080,70309.5,21413.5,19.68,18.0829
5729.28,6068,61877.7,3353.04,2880,76300.3,8946,-24.6,18.0829
6634.24,6992,62182.7,3272.4,3140,68299.4,19206.7,54.94,18.085
6942.72,7052,64520.4,2910.24,2892,65949.4,5418,57.4,18.0861
11465,11205,67056.5,4366.08,4005,71444.5,11485.4,82,18.0861
14988.2,14423,68104,8510.4,7767,71808.6,33077.5,41.82,18.0871
12402.6,11180,72702.5,8961.12,8236,71306,11962.8,48.38,18.0871
6901.12,6768,66825,2730.24,2580,69352.3,6506.64,-53.3,18.0892
14130.6,13837,66926.4,7521.84,7513,65613.1,9987.12,-47.56,18.0892
9128.96,9106,65701.2,3868.56,3974,63797.2,31600.1,-8.2,18.0903
5891.84,5905,65389.9,2882.16,2977,63448.2,18948.2,-25.42,18.0913
7854.72,7240,71100.4,2916.72,2924,65372.8,5841.36,13.94,18.0977
12437.1,10464,77893.7,7704,7344,68748.6,63617.8,-60.68,18.0987
10878.7,10157,70192.8,4091.04,4153,64558.3,13111.2,27.88,18.1019
6195.84,5597,72547.9,1252.08,1293,63462,6915.6,-39.36,18.1029
7409.92,6869,70696.8,2231.28,2193,66680,14301.4,-19.68,18.1061
12241.9,10268,78134.6,5196.96,4764,71492,16387.2,-41,18.1103
15937.3,14489,72086.8,5906.88,5625,68820.1,40255.2,59.04,18.1103
12074.9,10804,73245,4561.92,4480,66734.4,16447.7,27.88,18.1124
11237.8,10221,72055.4,5595.12,5613,65327.2,10291,-19.68,18.1124
10954.2,9935,72259.4,3280.32,3339,64384.3,39764.9,-13.12,18.1135
13918.1,12208,74716.2,7349.04,6880,70003.9,23923.4,68.06,18.1167
21383,18157,77180.1,13388.4,12061,72748.7,24901.2,113.98,18.1188
6872.32,5908,76233,2856.24,2836,66003.7,6333.84,91.84,18.1188
34136.3,26637,83986.9,22886.6,19177,78213.4,85069.4,181.22,18.1198
13658.9,11913,75140.5,7940.88,7001,74334.2,9355.68,-19.68,18.1198
12316.2,10680,75576,6312.96,5996,69000.4,19072.8,-72.98,18.1198
9029.76,8248,71747.6,3729.6,3640,67149.2,5225.76,72.98,18.1209
15198.7,12476,79838.4,11207.5,10344,71007,34448.4,30.34,18.1219
18821.1,17691,69722.5,9043.2,9183,64538.3,28294.6,32.8,18.1262
12289.9,10108,79682.6,6425.28,5932,70985.7,38008.1,-36.08,18.1283
14446.7,12680,74667.2,8402.4,7688,71625.9,10985.8,27.06,18.1304
9352.96,8402,72953.5,3713.04,3570,68161.9,10148.4,-4.92,18.1304
11433.6,9875,75879.7,10612.8,9667,71947.9,8820,14.76,18.1304
13115.5,12046,71354.7,4983.84,4846,67400.1,9369.36,-61.5,18.1314
11771.5,11208,68831,4055.04,3944,67381.1,29349.4,-9.02,18.1378
17491.8,11692,98045.3,155194,100972,100729,66532.3,7182.38,18.1378
13249.9,12460,69690.8,10415.5,10012,68177.3,18558,109.88,18.1388
17961.6,13208,89122.6,18120.2,15116,78561,10335.6,48.38,18.1399
13599.4,12944,68854.1,7690.32,7316,68889.1,16734.2,87.74,18.143
12602.2,11536,71593.3,11777,10688,72213.7,25635.6,13.94,18.143
15855.4,14980,69365.6,7188.48,6708,70230.2,48020.4,118.9,18.1441
13541.8,11453,77488.2,7117.92,6541,71316.3,33183.4,31.98,18.1462
12268.8,11253,71451.9,7713.36,6981,72411.2,22905.4,-30.34,18.1473
5488.64,5348,67259.4,2507.04,2128,77209.3,10073.5,29.52,18.1483
11370.9,10091,73848.2,10724.4,9279,75744.6,11336.4,95.94,18.1494
10325.1,9506,71183.2,7773.12,7014,72628.9,24265.4,2.46,18.1536
9432.96,8037,76919.1,7881.12,7105,72694.9,14409.4,-17.22,18.1557
19360,17518,72427,14582.9,13034,73323.9,17277.8,51.66,18.1568
13057.3,12661,67587.2,5337.36,4993,70055.9,6916.32,37.72,18.1578
8215.04,8496,63368.8,3314.16,3328,65263.5,10405.4,-56.58,18.1589
12587.5,12437,66329.1,7985.52,7893,66304.2,7226.64,13.12,18.161
6586.88,6697,64458.4,3090.96,3101,65323.8,13726.8,31.16,18.161
17273.6,16296,69467.5,15810.5,14952,69298.8,30734.6,133.66,18.1631
9352.32,9785,62638.1,4032.72,4121,64132.1,6611.04,-14.76,18.1663
10321.3,9826,68839.3,7187.04,6822,69042.8,7433.28,90.2,18.1673
10396.8,10441,65258.6,4703.04,4585,67223.2,12662.6,31.98,18.1684
41587.8,31308,87054.5,27144,22204,80116.6,123924,158.26,18.1705
18305.3,12139,98826.5,174705,133503,85761.9,171181,22860,18.1715
13684.5,13901,64515.2,4793.76,4861,64629.5,28028.9,9.02,18.1715
23887.4,19184,81603.5,14633.3,11908,80534.7,28964.9,57.4,18.1715
8586.24,5740,98032.7,52820.6,38120,90809.4,10314,824.1,18.1715
13463,12281,71843.8,8953.2,8093,72501.8,51163.2,-8.2,18.1737
8979.2,8996,65413.6,7326,6916,69421.2,12173,54.12,18.1789
12339.2,12611,64123.5,4975.92,4967,65653.7,15126.5,-17.22,18.18
21047,19220,71765.8,32839.2,28996,74222.3,95210.6,7363.6,18.18
36265,25624,92751.3,34372.1,26488,85042.6,13888.1,157.44,18.1821
10347.5,10309,65780.9,4490.64,4277,68809.6,26521.9,37.72,18.1831
4839.04,5424,58468.2,2257.2,2256,65570.9,11095.2,10.66,18.1874
5356.8,6089,57655.3,2742.48,2793,64350.6,12252.2,27.88,18.1874
7579.52,7680,64678.6,5186.88,4884,69600.2,7482.24,-0.82,18.1948
26741.1,22664,77325.5,9529.92,7976,78304,12460.3,11.48,18.199
8207.36,8529,63064.5,5175.36,4997,67875.2,11509.9,-29.52,18.2011
13238.4,13221,65622.3,6553.44,6481,66268.5,8966.16,45.92,18.2011
7274.24,7376,64631.9,4142.88,4116,65964,15672.2,-54.12,18.2064
16318.1,14521,73646.6,12944.2,11385,74511.1,40724.6,-69.7,18.2064
9597.44,8850,71070.9,3827.52,3702,67758.1,7696.08,-10.66,18.2138
7264,6817,69833.3,1729.44,1665,68072.4,8000.64,-6.56,18.2169
11474.6,9758,77064.6,8678.88,7854,72419,20856.2,15.58,18.2169
9859.2,9110,70925.6,4180.32,4054,67578.1,5919.12,-33.62,18.2169
10074.9,9297,71019.4,3184.56,3157,66108.1,12706.6,116.44,18.218
18410.2,16513,73065.7,11687,10853,70572.4,16861.7,40.18,18.2201
11217.3,10312,71289.3,5790.96,5432,69866.8,19442.2,109.06,18.2201
14744.3,12328,78381.2,10930.3,9708,73787.5,23150.2,4.1,18.2211
14152.3,12841,72228.5,8241.84,7449,72511.4,33403,59.86,18.2222
11630.7,9960,76529.2,10022.4,9480,69285.7,23937.8,64.78,18.2222
11587.8,10768,70525.7,6131.52,5792,69377.6,14376.2,0.82,18.2243
20736.6,16664,81552.8,14670.7,12924,74393.4,13795.2,98.4,18.2243
7765.76,7475,68085.2,2435.04,2503,63756.6,5422.32,-36.08,18.2254
5583.36,5156,70968,2193.84,1936,74264.2,6960.24,11.48,18.2264
10747.5,10045,70119.4,5429.52,5385,66077.8,7294.32,36.9,18.2327
9225.6,8865,68201.8,4960.08,4753,68391.3,15084.7,81.18,18.2338
10702.1,10120,69305.5,6504.48,5912,72103.8,6444.72,153.34,18.2359
6675.2,6352,68870.6,2688.48,2656,66337.4,4956.48,-3.28,18.237
12528,11700,70173.9,10581.8,7424,93412.1,17953.9,-41.82,18.237
40311,31625,83535.9,26820.7,21241,82751.4,84943.4,192.7,18.2391
10729,10388,67687.1,4947.84,4628,70065.2,14919.1,136.12,18.2401
7201.28,7070,66752.9,2590.56,2637,64381.9,6649.2,2.46,18.2422
12967.7,12212,69591.4,6041.52,5856,67612.2,13928.4,-58.22,18.2444
10862.7,10144,70179.3,5698.8,5588,66835.5,34173.4,74.62,18.2444
19511,17642,72479.1,12460.3,11642,70142.5,15821.3,58.22,18.2486
7985.92,8000,65420.7,3096,3136,64700.1,18503.3,34.44,18.2496
8842.88,8252,70228.7,3726,3708,65854.1,12920.4,-4.92,18.2549
13758.1,12520,72016.7,5841.36,5404,70840,31585,-32.8,18.256
8712.96,7476,76379.4,6266.88,5712,71902.4,10923.8,44.28,18.2623
11566.7,10917,69436.4,8452.8,7925,69900.7,9986.4,-47.56,18.2634
10642.6,9744,71579.5,5544.72,5316,68355.7,9173.52,-31.16,18.2634
11987.8,11336,69304.4,4478.4,4360,67315.7,24802.6,94.3,18.2665
11121.3,10353,70399.3,6536.88,6309,67903.1,11270.9,30.34,18.2676
14035.2,13068,70386.5,7020,6780,67855.9,6536.16,-42.64,18.2676
14934.4,14017,69825.3,5476.32,5365,66895.8,8881.2,-32.8,18.2676
10018.6,10006,65618.3,3518.64,3650,63177.4,18541.4,79.54,18.2686
8569.6,8112,69232.9,4124.16,4112,65729.8,11663.3,20.5,18.2697
12956.2,12369,68647,5114.88,5041,66496.5,12975.1,-23.78,18.2739
21518.1,20333,69355.7,13151.5,12717,67775.3,22276.8,-6.56,18.275
18879.4,17341,71349.9,9782.64,9353,68546.5,17205.1,40.18,18.275
14026.2,12744,72129.9,7833.6,7324,70096,13718.2,16.4,18.276
16383.4,15869,67660.2,5451.84,5453,65522.1,17399.5,97.58,18.2771
11659.5,10658,71694.3,4201.92,4054,67927.3,8526.24,-52.48,18.2781
8844.8,8429,68768.9,3626.64,3705,64149.9,7526.16,27.88,18.2792
16735.4,15613,70247.1,6690.24,6393,68583.1,11728.1,71.34,18.2845
12157.4,10738,74199.1,7834.32,7441,69000.1,10735.2,10.66,18.2887
12880.6,11640,72521.1,6980.4,6552,69821,26564.4,82,18.2887
15137.3,14336,69199,4644.72,4720,64490.8,6802.56,-6.56,18.2897
24350.7,18473,86388.2,20664.7,16537,81894.1,40657.7,81.18,18.2908
10822.4,10016,70812.4,6112.8,5748,69695.3,16812,-15.58,18.2908
11161.6,10441,70059,13622.4,13101,68144.2,7027.2,2311.58,18.2908
11377.9,10620,70213.1,7305.12,6684,71626,8604.72,18.04,18.2982
12785.3,11962,70046.5,7005.6,6682,68709.8,38189.5,-0.82,18.2982
32567.7,18272,116810,18710.6,11332,108209,53218.1,21.32,18.2992
29949.4,24384,80494,17598.2,15380,74988.2,34418.2,123,18.3013
18425,17017,70958.3,9793.44,8345,76911.1,9429.12,135.3,18.3045
9937.92,9704,67115.8,4465.44,4524,64687.7,10822.3,-45.92,18.3056
20647,15685,86268.7,9971.28,7521,86887.1,27845.3,73.8,18.3056
8426.88,8181,67505.7,3714.48,2821,86292.9,10238.4,45.1,18.3066
13424,12144,72443.6,9266.4,8516,71310.8,28001.5,100.86,18.3066
6605.44,6247,69296.3,2405.52,2435,64742.6,8172,-59.86,18.3087
9265.92,9071,66944.3,4439.52,4475,65016.4,5007.6,45.1,18.3098
11501.4,11168,67492.7,5670.72,5568,66745,7534.08,76.26,18.3098
15754.9,15045,68628.2,5877.36,5781,66628.4,26269.9,-11.48,18.3098
11651.8,10645,71734.6,6723.36,6229,70737.2,59176.8,2.46,18.3098
10753.9,10894,64693.3,4758.48,4762,65487.6,17431.9,99.22,18.3108
13256.3,12901,67341,7329.6,7269,66082.4,13020.5,95.12,18.3108
11297.9,10972,67482.7,7030.8,6664,69143.2,15248.2,-15.58,18.3119
9275.52,9375,64840.6,3476.88,3471,65647,5995.44,15.58,18.3161
10537,10404,66373.5,4071.6,3648,73145.9,10516.3,17.22,18.3161
19405.4,17844,71270.7,12546,11440,71871.9,30895.2,59.86,18.3172
15082.9,14109,70059.7,5448.96,5305,67314.4,11976.5,-2.46,18.3246
18368.6,17924,67161.7,6387.12,6480,64596.6,32010.5,4.92,18.3256
14281,13806,67790.6,7035.84,6846,67353.3,41270.4,40.18,18.3267
8794.88,8529,67579,3761.28,3761,65540.9,9747.36,-38.54,18.3277
15286.4,13517,74114.8,12595.7,11885,69454.8,21847,137.76,18.3277
12586.9,10788,76464,9213.84,8564,70508.9,38224.1,58.22,18.3309
12420.5,11237,72438.2,7756.56,7441,68315.3,25758.7,60.68,18.3319
17891.8,17028,68860.7,7061.76,6932,66762.8,12210.5,18.86,18.333
14663,14196,67692.1,7724.88,7792,64971.5,16873.2,-4.1,18.333
11994.2,10482,74990.9,7343.28,6502,74015.6,41153,15.58,18.3341
19879,18665,69798.7,7507.44,7385,66622.6,11937.6,43.46,18.3351
14172.2,13745,67572.7,5348.16,5141,68176.8,23153,4.92,18.3393
9243.52,8376,72323.7,7422.48,6844,71075.3,10858.3,52.48,18.3393
10931.8,10571,67773.1,5344.56,5199,67370.9,14559.8,43.46,18.3404
9946.24,9420,69197.1,8744.4,8140,70402.1,16293.6,113.98,18.3404
13127,12653,67991.3,4891.68,4829,66386.7,8153.28,-59.86,18.3414
12811.5,11604,72355.7,7053.12,6400,72224,29323.4,34.44,18.3446
14361.6,12756,73785,10935.4,9588,74745.5,17985.6,41,18.3467
11114.9,6637,109752,25238.2,9581,172634,12267.4,1276.74,18.3478
6887.68,7359,61338.6,3454.56,3487,64926.3,27661.7,18.86,18.3488
8618.88,8879,63616,3276.72,3227,66545.8,11801.5,52.48,18.3499
11249.9,11993,61475.4,3301.92,3261,66358.4,24328.1,-68.06,18.352
14604.8,14447,66251.8,11326.3,10283,72185.3,12021.1,-16.4,18.3531
9835.52,10789,59744.2,4299.12,4373,64428.8,19897.9,52.48,18.3541
14398.1,15112,62439.9,7255.44,6920,68712.8,13409.3,77.9,18.3541
14675.8,13433,71599.5,10217.5,9261,72304.9,26195.8,55.76,18.3552
8440.96,9195,60161.7,4312.08,4155,68013.6,14994.7,-47.56,18.3552
14853.1,13752,70783.5,12847,11512,73135.7,40564.8,-23.78,18.3573
6120.96,6820,58818.7,2921.04,2768,69159.4,11522.2,11.48,18.3583
22193.9,17044,85338,22605.1,18000,82302.7,21865,50.02,18.3615
9239.68,9674,62593.7,6845.04,6302,71183.2,19344.2,-22.96,18.3615
11027.2,11057,65359.4,7940.88,7285,71436.3,7552.8,122.18,18.3668
14505.6,14332,66329.8,5831.28,5320,71834.4,14114.2,74.62,18.3678
13878.4,12203,74533.7,9330.48,8111,75389.3,20661.1,49.2,18.3689
17921.3,15948,73644.9,12351.6,10940,73992.2,39137.8,51.66,18.3742
9237.76,9060,66821.8,7472.88,6752,72533,12327.1,-2.46,18.3752
12513.9,12204,67200.3,8516.88,8328,67022.4,8560.8,95.94,18.3752
11751.7,11145,69103.5,9218.16,7901,76461.4,13716,154.98,18.3752
8086.4,7757,68319,2539.44,2509,66331.1,7612.56,32.8,18.3784
15448.3,13470,75161.2,13694.4,9438,95091.8,37355,13.94,18.3805
9406.08,9357,65879.8,3454.56,3481,65038.2,13786.6,-2.46,18.3815
11607.7,11086,68620,4628.16,4570,66370.1,6453.36,-45.92,18.3847
23327.4,17133,89230.3,15019.2,10809,91062.8,44102.9,36.9,18.3847
35043.8,28860,79578.4,21307,18204,76706.9,54031.7,44.28,18.3858
17090.6,14433,77603.2,13451,11873,74246.4,26406.7,132.02,18.3889
13507.8,12321,71848.9,5170.32,4949,68466.8,12916.1,127.1,18.3889
9890.56,8650,74935,7521.84,6814,72343.9,51364.1,6.56,18.391
17016.3,16184,68906.4,6834.24,6744,66412.9,4892.4,62.32,18.3932
12556.2,11090,74200.2,9074.16,8178,72717.6,9689.04,114.8,18.3963
12631.7,11344,72975.1,8421.84,7892,69935.9,25700.4,-16.4,18.3963
8040.96,7730,68172.4,2080.08,2070,65855.1,6451.92,-83.64,18.3963
13539.2,12807,69282.8,7079.04,6567,70646,11422.8,110.7,18.3984
8232.32,7892,68362,4411.44,4272,67675.1,10733.8,67.24,18.3984
8919.68,8967,65190.2,3654.72,3447,69485.3,16151,118.08,18.4027
11493.8,11008,68428,6690.24,6464,67829.8,20479.7,36.9,18.4037
8041.6,7017,75105.4,8304.48,7721,70488.6,10013,25.42,18.41
16707.8,13632,80323.1,10631.5,9408,74059,17196.5,34.44,18.4111
14487,14110,67287.2,6014.88,6078,64855.4,12274.6,-13.12,18.4122
8880.64,8587,67777.1,2614.32,2667,64241.5,19769,-27.88,18.4143
13877.8,13053,69676.9,4383.36,4285,67040.4,12398.4,72.16,18.4143
11365.8,10540,70670.4,5675.04,5512,67474.5,5407.2,8.2,18.4164
12634.2,12001,68994,4510.08,4485,65902.5,6775.2,79.54,18.4174
10670.7,9749,71732.1,6174.72,5761,70242.4,17122.3,17.22,18.4216
10000.6,7857,83416.3,9486,8549,72719,11312.6,19.68,18.4238
19628.8,17442,73752.6,17219.5,15826,71306.6,20031.8,173.02,18.4248
13653.1,12753,70161.6,7130.88,7137,65479.8,9693.36,26.24,18.4248
10312.3,8909,75859,6788.16,6329,70290.5,14110.6,45.1,18.4248
24060.2,19190,82168.1,17289.4,14518,78046.3,30700.8,54.94,18.4259
12313,11475,70321.8,5005.44,5027,65254.9,15043,-10.66,18.4333
10219.5,9487,70596.2,2808,2927,62871.6,27929.5,31.16,18.4333
11845.1,9685,80153,6125.04,5541,72443.7,10937.5,-36.9,18.4343
7692.8,7017,71847.7,2646.72,2733,63467.1,5279.04,18.86,18.4364
15398.4,14061,71769.4,7141.68,6941,67430.8,6829.92,23.78,18.4385
7296,6876,69539.1,1366.56,1400,63970.6,15499.4,-10.66,18.4406
11844.5,10908,71162.4,5873.04,4764,80792.5,9866.88,34.44,18.4417
18867.2,17924,68984.6,9332.64,8976,68139.9,7723.44,20.5,18.4428
20102.4,18985,69393.3,9343.44,9017,67908.6,14723.3,31.98,18.4459
11258.9,11084,66570,5416.56,5548,63983.4,8904.24,79.54,18.4523
6560,6133,70098.8,2962.8,2881,67396.8,12067.9,33.62,18.4544
12814.1,11888,70641.3,9560.16,8784,71326.8,10524.2,-100.86,18.4554
7984,7505,69718.8,3792.24,3825,64974.7,6665.04,-49.2,18.4565
19825.9,16416,79149.1,14413.7,12784,73890.4,24873.1,70.52,18.4596
7183.36,7041,66861.1,2005.2,2129,61725.1,6588.72,-20.5,18.4596
10366.1,9932,68400.3,2787.12,2860,63866,9228.24,12.3,18.4639
30469.1,19064,104743,208664,151592,90209.2,23519.5,49562.4,18.4639
10026.2,8968,73269.4,3595.68,3532,66717.6,16562.2,45.92,18.4649
11388.2,10039,74343.5,4773.6,4755,65792.4,5886,-17.22,18.4702
20255.4,17049,77861.2,14091.8,12909,71541,14392.1,46.74,18.4734
9871.36,8909,72615.3,3251.52,3305,64475.5,13633.2,86.1,18.4744
10490.2,9540,72063.8,5817.6,5428,70239.9,5950.8,81.18,18.4807
15458.6,14437,70173.3,7497.36,7281,67483.5,21921.1,-86.92,18.4807
9050.24,8860,66943.2,2802.96,2780,66077.3,18974.9,72.16,18.4818
12382.1,11862,68409.4,4814.64,4694,67220.3,18283.7,44.28,18.4829
5902.72,6539,59159,2614.32,2747,62370.6,22027,13.12,18.4902
19210.9,18381,68494.9,10535.8,10045,68737.8,5823.36,-42.64,18.4913
18160,15204,78277.7,12628.8,10976,75404.6,8631.36,58.22,18.4934
12004.5,11857,66351.1,6210.72,5861,69446.5,17665.9,9.02,18.4934
10987.5,10456,68867.5,9043.92,8312,71306.8,27362.9,-31.16,18.4945
7643.52,7580,66085.2,7698.96,7228,69806.2,13168.8,19.68,18.4966
15248.6,14472,69053,9010.8,8616,68539,11093,35.26,18.4987
9851.52,10329,62506.5,2614.32,2605,65770.5,6697.44,27.06,18.5029
11560.3,11327,66886,7887.6,7279,71015.5,20041.9,82,18.504
13729.3,13480,66747.9,9778.32,9064,70700.8,12435.8,74.62,18.5071
6649.6,7521,57942.8,2602.8,2641,64588.1,14008.3,17.22,18.5092
19433.6,19537,65189.1,9204.48,8945,67437.1,29415.6,99.22,18.5103
13111.7,9961,86265.1,47997.4,33917,92742.7,6834.96,1466.98,18.5124
30536.3,25754,77705.5,29155,24494,78006.8,96527.5,183.68,18.5145
9115.52,9189,65011.9,7231.68,6693,70810.6,23275.4,5.74,18.5187
9255.68,9636,62949.4,5259.6,4884,70576,17093.5,22.14,18.5187
15505.9,16116,63055.1,13227.8,11988,72314,23275.4,112.34,18.5198
14040.3,13892,66235.7,4538.16,4320,68845.6,12120.5,64.78,18.523
10897.9,11193,63808.3,4493.52,4445,66251.4,10977.8,-79.54,18.523
9112.96,8656,68995.7,8575.92,7680,73181.2,22428,108.24,18.524
11270.4,11157,66202.1,5590.08,5377,68133.1,25910.6,43.46,18.5251
12133.8,12428,63984.4,6791.76,6796,65495.1,8845.2,-9.84,18.5272
12672,12156,68317.9,7567.92,7164,69231,41322.2,-31.98,18.5293
10856.3,11269,63136,4849.2,4929,64475,12232.1,-23.78,18.5293
6855.68,7140,62926.3,3417.12,3364,66570.9,5796,-24.6,18.5303
18620.8,17325,70437.7,9666.72,8825,71786.8,50794.6,50.84,18.5325
11194.9,11308,64880.4,5955.84,5932,65799.4,8157.6,-5.74,18.5346
11235.8,11185,65833.9,6526.08,6517,65627.3,7655.76,18.04,18.5356
12389.8,12840,63238,5841.36,5964,64188.4,12420,-29.52,18.5377
6163.2,6661,60638.3,2867.76,2913,64518.2,14965.2,-11.48,18.5441
11374.1,11812,63106.3,4456.8,4352,67114.2,9583.2,33.62,18.5451
18135.7,11908,99810.2,20682,16304,83133.9,24248.2,75.44,18.5462
13376,12352,70969,9398.88,8512,72364.3,15603.1,132.02,18.5483
10596.5,10657,65163.8,4111.2,4069,66215.7,16943,-15.58,18.5483
13655.7,13468,66449.3,6369.12,6332,65920.2,8140.32,-52.48,18.5493
9415.68,9404,65617.4,6288.48,5900,69851.2,8467.2,64.78,18.5504
19387.5,17917,70914.8,13065.8,12525,68365.9,16269.8,48.38,18.5515
12499.2,12087,67771,6974.64,6835,66874.9,9846.72,28.7,18.5557
10721.9,10414,67473.8,7799.04,7646,66847.8,14179,41,18.5557
15299.2,14624,68561.8,7823.52,7568,67748.7,9106.56,26.24,18.5588
20723.8,17651,76945.1,13600.1,12231,72871.8,77527.4,96.76,18.562
14908.8,12168,80297.8,7151.76,6716,69788.2,40545.4,57.4,18.5652
12870.4,11476,73499,5479.2,5380,66744.4,5114.16,-1.64,18.5673
12855.7,11812,71326.6,3672.72,3780,63676,22650.5,0.82,18.5683
10122.2,9111,72809.9,3138.48,3223,63817.4,28861.9,48.38,18.5726
13975,12704,72092.9,6996.24,6592,69554.9,29238.5,76.26,18.5757
7482.88,6849,71601.4,2293.2,2357,63762.1,5245.92,3.28,18.5757
15896.3,14172,73509.8,9958.32,9144,71372.3,13235,17.22,18.5778
18796.2,17385,70855.6,6909.84,6573,68894.5,9424.08,-9.02,18.5778
10230.4,9496,70604.4,5572.8,5356,68188.8,7321.68,3.28,18.5873
10714.9,9795,71690.7,6893.28,6467,69855.9,14389.2,68.88,18.5894
16140.2,16333,64762.2,6746.4,6793,65086.4,24468.5,73.8,18.5905
18332.8,18161,66156,6824.88,6629,67472.5,25058.9,39.36,18.5916
5612.8,6081,60490.1,4893.12,4197,76405.9,11335.7,1504.7,18.5958
12682.2,12135,68491.4,8064.72,7795,67803.7,25963.2,31.16,18.5958
6677.12,6681,65497.9,2179.44,2189,65249.8,15086.2,-13.12,18.5968
11344,10818,68722.5,6166.8,5906,68430,41023.4,0.82,18.5979
15847.7,15441,67262.1,7395.12,7381,65661.4,8632.8,29.52,18.5989
18767.4,15017,81903,18282.2,15401,77796.6,22479.1,160.72,18.6011
11602.6,9843,77251.4,10519.2,9555,72149.3,27569.5,92.66,18.6021
5928.32,6305,61620.7,2748.24,2581,69782.5,25536.2,-3.28,18.6021
9021.44,8857,66752.8,3696.48,3625,66828.3,8117.28,9.02,18.6032
8239.36,8496,63556.3,3692.16,3760,64353.6,11691.4,1.64,18.6032
8613.12,7804,72330.8,6577.2,6076,70942,21705.8,91.84,18.6084
12680.3,11812,70353.7,8685.36,8388,67859.3,9027.36,-47.56,18.6116
12881.9,11488,73487.9,11263.7,10480,70436.7,38921,-26.24,18.6116
11431.7,10805,69337,6306.48,6193,66736.9,12567.6,-104.14,18.6158
13107.8,12713,67571.4,4845.6,4937,64322.7,7817.76,-17.22,18.6169
16170.2,15221,69623.1,15462,14869,68149.7,5806.8,0.82,18.6169
7333.12,6589,72937.2,3517.92,3129,73681.8,8335.44,138.58,18.6201
19561.6,16597,77242.2,12059.3,11121,71065.3,12803.8,46.74,18.6211
17908.5,16612,70650.8,12088.1,9572,82762.7,47207.5,89.38,18.6222
11082.2,8972,80950.3,37041.1,33932,71540.9,7561.44,1479.28,18.6232
16163.2,14426,73427.9,9853.92,9454,68308.3,27746.6,49.2,18.6253
15324.2,13940,72043.3,6619.68,6372,68083.4,13073.8,-37.72,18.6264
10442.2,9351,73183.9,3118.32,3091,66115.2,18288.7,-54.12,18.6306
18192.6,15891,75028.2,14397.1,13043,72339.9,20047.7,70.52,18.6348
13531.5,12210,72629.1,7137.36,6722,69585.5,43184.9,-1.64,18.6359
14380.8,13681,68888.3,9192.96,8897,67716.1,9725.04,86.1,18.638
11710.7,11108,69092,8346.96,8032,68105.9,10446.5,27.88,18.6401
12984.3,12372,68779.5,6441.12,6112,69065,16441.9,78.72,18.6412
11055.4,11154,64956.4,4106.16,4146,64906.3,9958.32,41.82,18.6422
12878.1,12700,66454.9,6277.68,6056,67934.9,21639.6,58.22,18.6433
8218.88,8408,64061.9,3613.68,3404,69572.9,22797.4,36.08,18.6454
9901.44,10056,64528.7,4429.44,4188,69314.2,14720.4,-8.2,18.6475
9930.88,10365,62791.1,5140.08,5129,65677.6,13060.1,31.16,18.6475
12199.7,11916,67096.2,8998.56,8728,67567.6,17359.9,95.94,18.6475
9794.56,10234,62721.9,3582.72,3662,64117.2,21428.6,-31.16,18.6496
11783,10981,70322.7,8215.2,7365,73101.3,45568.8,-4.1,18.6507
12688.6,12396,67083.1,6137.28,5820,69108.7,15985.4,29.52,18.6538
11825.9,11252,68878.7,11976.5,11408,68801.8,15906.2,86.92,18.6538
12234.2,12340,64974.3,4806,4772,66002.9,8411.76,-22.14,18.6538
11982.7,11016,71287.2,8653.68,8076,70223.8,47684.2,13.12,18.6538
18842.9,18254,67650.2,9698.4,9438,67344.2,4826.88,27.88,18.6549
10560.6,10240,67588.1,9424.8,8576,72022.4,9855.36,45.1,18.6559
8773.76,9152,62827.5,5131.44,4976,67583.2,11688.5,176.3,18.657
19107.8,15868,78916.8,12164.4,10392,76713.5,61043,63.96,18.6591
8110.72,8529,62322,3613.68,3489,67877.9,6937.2,-14.76,18.6644
11207,11516,63777.8,4513.68,4536,65213.5,29376,99.22,18.6654
19472,15229,83795.2,14644.8,12285,78124.7,15457.7,93.48,18.6665
9821.44,9565,67293,5994,5529,71047.7,12633.8,-18.04,18.6686
9989.12,9801,66793.9,5034.24,4857,67927.5,8119.44,2.46,18.6686
18080.6,16639,71214.2,12083.8,11243,70436.8,53794.1,-18.86,18.6697
13047,12812,66738.3,7902.72,7580,68326.2,13232.9,-57.4,18.6697
7357.44,7226,66728.1,4891.68,4666,68705.8,21913.9,13.94,18.6697
14696.3,14325,67234.8,6636.96,6577,66133.5,17512.6,32.8,18.6728
7290.88,7341,65088.6,3690,3661,66055.1,9861.84,-34.44,18.6728
19540.5,18732,68364.6,9873.36,9432,68602.7,7629.12,49.2,18.6749
8139.52,7585,70327.2,8105.04,4517,117594,9806.4,116.44,18.6749
9780.48,8704,73641.3,7400.88,6740,71962,18438.5,36.9,18.677
7786.24,7999,63792.9,3685.68,3775,63985.4,6928.56,-13.12,18.6781
15609,14216,71957.6,9198,8824,68313.7,8355.6,72.16,18.6791
8190.72,8149,65871.5,3229.92,2789,75896.8,13506.5,-79.54,18.6791
12933.8,12330,68745.1,6955.92,6714,67897.4,13020.5,75.44,18.6834
10869.8,9825,72504.9,8315.28,7937,68659.5,23071.7,66.42,18.6844
10604.8,9708,71590,5279.04,5068,68265,7657.2,-12.3,18.6855
6271.36,5825,70557.9,1296,1345,63148.4,28391,15.58,18.6865
12015.4,11388,69146.4,5793.12,5516,68828.5,16595.3,21.32,18.6897
15465,14460,70090.7,5747.76,5724,65808,5614.56,-54.12,18.6939
23122.6,16817,90108.8,68399.3,60229,74426.2,123852,7110.22,18.6939
17089.9,15427,72600.3,14799.6,13395,72408.1,48976.6,88.56,18.695
14115.8,11641,79468.8,9878.4,8153,79405.2,40693.7,66.42,18.696
15750.4,14216,72609.6,10535,9372,73668.8,11854.1,103.32,18.696
8199.04,7808,68818.2,3638.88,3588,66465.3,28527.1,31.98,18.6971
9889.28,9663,67070.7,5644.8,5327,69445.8,11671.9,-6.56,18.6971
14131.2,13400,69112.1,7023.6,6776,67930.7,9020.16,0.82,18.6992
9728.64,9312,68468.2,2770.56,2772,65502,9695.52,-48.38,18.7003
11186.6,10764,68108.7,4363.2,4364,65524,9540,-0.82,18.7013
13551.4,13233,67112.7,3931.2,4033,63881.8,20105.3,-51.66,18.7034
13210.2,10793,80213.7,10885,9501,75082.3,77337.4,9.84,18.7034
12208,11020,72601,6512.4,6012,70990.8,52763.8,27.88,18.7034
18808.3,18188,67771.2,8660.88,8476,66965.5,16641.4,-33.62,18.714
16212.5,15320,69353.9,8819.28,8668,66679.8,12592.8,98.4,18.715
13100.8,13426,63948.6,5811.12,5910,64439.5,5601.6,22.14,18.7182
11156.5,10996,66492.5,5424.48,5204,68312.6,27977,47.56,18.7193
17954.6,15865,74167.7,10755.4,9565,73691.9,29894.4,18.04,18.7245
6465.92,6764,62647.9,2757.6,2776,65101.6,9306,-93.48,18.7266
9140.48,9485,63155.6,5340.96,5337,65584.6,22230,54.94,18.7298
15994.9,15605,67173.4,9364.32,8977,68363.6,26046.7,58.22,18.7319
9225.6,8799,68713.4,5157.36,4815,70195.8,7950.24,36.08,18.7319
11828.5,10143,76426.2,7513.92,7151,68862,57073,37.72,18.7361
9146.24,9146,65537.7,3085.92,2926,69117.9,11132.6,1.64,18.7361
58473,29422,130246,52146,25546,133776,54977.8,290.28,18.7372
10668.2,10236,68302.9,4422.24,3896,74388.1,17653,20.5,18.7372
5767.04,5677,66575.4,3466.08,3565,63717.5,14682.2,31.16,18.7393
8775.68,8584,66999.4,3236.4,3260,65061.6,22421.5,9.02,18.7414
10073,9705,68020.8,6498.72,6345,67123.8,6507.36,17.22,18.7425
12316.8,11929,67666.5,8040.24,7561,69689.9,12998.9,35.26,18.7456
11311.4,11088,66856.2,4184.64,4116,66628.9,13088.9,9.02,18.7456
8002.56,7468,70227.1,4263.84,3404,82090.2,4903.92,69.7,18.7467
10453.8,10634,64425.2,5069.52,4874,68165,11198.2,36.08,18.7467
13014.4,13325,64008.4,5410.8,5277,67197.7,10195.2,34.44,18.7488
12231,11984,66887,8088.48,7252,73095.2,18905.8,59.86,18.753
4876.8,5362,59605.7,2565.36,2514,66874.9,10667.5,91.02,18.7541
10919,10052,71188.8,7072.56,6640,69805.3,19111,138.58,18.7562
11668.5,9906,77196.2,9227.52,7858,76957.9,38513.5,173.02,18.7583
12442.9,12450,65498.5,5314.32,5266,66137.4,8991.36,64.78,18.7583
14138.9,13569,68288.4,7040.16,6737,68485.1,18355,22.96,18.7594
12892.8,12517,67503.6,6251.76,5873,69762.5,21380.4,-55.76,18.7594
10857.6,10489,67839,9377.28,8845,69479.9,12426.5,221.4,18.7604
13515.5,12973,68276.7,9619.92,9193,68579.5,44360.6,84.46,18.7615
9954.56,9787,66658,4986.72,4735,69020,10784.9,27.06,18.7625
10385.9,10356,65725.3,5105.52,4964,67404.4,14134.3,93.48,18.7636
11081.6,10049,72270.3,5535.36,5093,71228.2,26166.2,84.46,18.7636
17566.7,16797,68539.2,8434.8,8089,68337.6,10823,-63.96,18.7667
17564.2,14455,79632.3,18515.5,15799,76804.4,13102.6,-24.6,18.7667
8163.2,7874,67943,4339.44,4178,68068.3,8745.12,27.06,18.7678
7436.8,7180,67880,2640.96,2604,66466.2,10643.8,5.74,18.7678
11111,10832,67224.3,4914,4820,66814.1,21393.4,42.64,18.7699
16735.4,15361,71399.6,11723,10641,72200.1,26416.8,9.02,18.771
12523.5,11505,71337.8,9390.96,7317,84111.8,32233,104.14,18.772
14286.1,13189,70987.4,7526.16,7077,69695.4,6956.64,-19.68,18.772
9205.12,8225,73345.5,6459.12,5781,73223.5,11173,-4.1,18.7752
5134.72,5345,62957.7,2147.04,2097,67099.9,13217,49.2,18.7762
10753.3,10885,64742.9,3371.76,3409,64820.1,14884.6,62.32,18.7815
12019.8,11221,70201.6,5752.08,5509,68427.7,24621.1,34.44,18.7826
17770.2,15768,73857.8,13379.8,11928,73512.4,20831.8,122.18,18.7836
7583.36,7541,65904.1,2804.4,2869,64060.4,16177,-34.44,18.7836
10874.9,10835,65777.2,5022,4951,66475.8,16281.4,126.28,18.7857
10150.4,9461,70311.4,7513.2,7109,69262.2,19095.8,-30.34,18.7857
6585.6,6260,68944.7,6287.04,3744,110050,16464.2,42.64,18.7878
8007.68,7704,68119.3,3052.8,3016,66335.6,5223.6,41,18.7889
16426.9,14891,72295.5,7170.48,6491,72396.3,55769,-41,18.7889
8639.36,8888,63702.6,2838.96,2936,63369.9,25053.1,-30.34,18.7973
13919.4,13367,68244.1,6167.52,5859,68987,20368.8,-22.96,18.7973
9852.8,9749,66233.8,2883.6,2849,66331.9,13255.2,80.36,18.7984
8245.76,8189,65990.2,3553.92,3465,67217.8,16514.6,-27.88,18.7984
8786.56,8784,65555.1,3463.92,3360,67562.9,15706.8,-14.76,18.8016
11237.8,10584,69584.1,7419.6,6760,71930.6,16071.1,40.18,18.8037
12961.9,12617,67327.6,3384,3197,69369.4,11487.6,118.9,18.8079
8824.32,8261,70004.9,8385.84,6993,78589.2,24405.8,61.5,18.809
12497.3,12116,67598.4,7050.96,6512,70960,8388.72,8.2,18.8121
12297,12252,65776.5,2759.04,2652,68181.2,11745.4,-29.52,18.8142
16417.9,15360,70049.8,11273,8416,87784,20500.6,-48.38,18.8153
12550.4,12192,67462.5,5436,5220,68247.8,17784,2.46,18.8174
12363.5,11941,67854.9,5148,4929,68447.8,7791.12,13.94,18.8174
10508.8,10045,68561.9,5929.92,5465,71111.3,5991.12,-5.74,18.8206
15449.6,13901,72836.8,6784.56,6045,73553.8,44383,39.36,18.8206
12951.7,12413,68380,6383.52,5945,70370.1,14723.3,63.96,18.8206
14005.8,13586,67560.8,8534.16,8182,68356.7,13587.1,-15.58,18.8216
13193.6,13233,65340.9,4828.32,4897,64616.9,39332.2,-31.16,18.8216
9454.72,9275,66805.9,4218.48,4079,67777,11774.9,8.2,18.8227
28868.5,23924,79080.6,23306.4,18948,80610.5,77287,141.86,18.8269
12320.6,12443,64891.5,6289.2,6095,67624.1,7709.04,20.5,18.8269
7118.72,7569,61637.3,3209.04,3189,65947.8,5988.96,-5.74,18.8279
15338.9,15100,66572.8,11096.6,9964,72985.7,53079.8,185.32,18.829
11249.9,11700,63014.9,4690.08,4640,66243.3,17768.2,-33.62,18.8301
20597.8,20137,67035.5,12988.1,12121,70224.1,28665.4,46.74,18.8322
6264.96,6948,59093.3,2368.08,2400,64664.4,8174.88,20.5,18.8332
17870.1,13568,86315.9,6518.16,4644,91984.1,10667.5,44.28,18.8364
13644.8,13905,64309.6,8349.12,7957,68765.6,9909.36,-18.86,18.8364
6737.28,7265,60775.6,2486.88,2561,63639.3,9704.16,31.16,18.8438
10535,10842,63680.5,5595.84,5338,68701.6,11386.8,36.08,18.848
9563.52,9380,66818.2,11229.8,10260,71730.9,18151.2,78.72,18.848
11737.6,12276,62661.7,4818.96,4676,67539.6,15835.7,94.3,18.848
20026.2,18586,70614.4,7247.52,6410,74098.8,20265.8,108.24,18.8491
17150.7,14736,76275.1,12726,10928,76318.7,10410.5,19.68,18.8501
11028.5,11648,62050.3,4230.72,4256,65146.7,5616,19.68,18.8522
7473.92,7997,61249.3,3989.52,3869,67577.5,39089.5,3.28,18.8522
12615.7,12960,63794.8,5148.72,5012,67323.7,9661.68,28.7,18.8533
10864,11457,62143.9,3903.84,3877,65989.7,13087.4,-27.06,18.8554
6207.36,6629,61367.6,3214.08,3153,66805.6,19725.8,-22.96,18.8575
14817.3,14661,66234.6,6013.44,5873,67103.2,5233.68,-2.46,18.8586
10222.1,10288,65116.1,5504.4,5232,68948.1,8011.44,-9.02,18.8586
7996.16,7592,69024.8,7121.52,6568,71059.1,7382.88,41.82,18.8628
14484.5,13945,68071.3,11221.9,10461,70303,25901.3,153.34,18.8628
14353.9,13488,69743.4,11707.2,11124,68971.9,16799,9.02,18.8628
12697.6,12103,68755.7,7730.64,7415,68325.7,11523.6,-49.2,18.8638
11072,11285,64299,3528,3605,64136.2,11306.9,-59.04,18.8638
12745,11684,71487,6025.68,5428,72752.2,26025.8,-61.5,18.8638
17924.5,17009,69063.4,8708.4,8193,69658.7,15132.2,-11.48,18.8649
8756.48,8884,64595.3,5279.76,5316,65089.2,7311.6,-27.88,18.8649
13221.1,12713,68155.4,6551.28,6009,71450.3,22656.2,29.52,18.8659
9430.4,9781,63186.9,4893.84,4901,65440.3,17758.8,83.64,18.8659
6398.72,6980,60078.3,3198.96,3232,64866,8043.84,46.74,18.867
6203.52,6760,60141.1,2552.4,2620,63845.1,5950.08,-56.58,18.8681
4732.8,5373,57727.3,2023.2,1837,72178.8,11721.6,58.22,18.8691
18798.7,17319,71135.3,9428.4,8567,72125.6,16019.3,12.3,18.8702
13733.8,14105,63811.1,4996.08,4921,66535.9,31564.1,40.18,18.8702
7992.96,8294,63157.3,4584.24,4566,65797.8,19373,-18.04,18.8733
17438.7,15096,75706.4,9133.2,8044,74409.9,31644.7,74.62,18.8733
12457.6,12695,64310.5,7778.16,7523,67758.8,28206.7,-29.52,18.8744
15953.3,15960,65508.4,8093.52,7436,71331,33359.8,262.4,18.8765
11399,10511,71072.9,6371.28,5131,81377.5,32963.8,141.86,18.8765
6951.68,7201,63266.9,2596.32,1941,87662.3,7916.4,38.54,18.8807
6396.16,6528,64212.4,3214.08,3188,66072.1,8524.08,73.8,18.8849
25294.7,19305,85869.7,23960.9,18989,82695.3,30326.4,142.68,18.8849
10240.6,10656,62981.5,4151.52,4244,64107.9,14919.8,4.1,18.887
7499.52,7230,67979.1,13788,13434,67263,13581.4,929.06,18.8892
13002.2,11956,71270.9,13146.5,12384,69571,20558.2,4.92,18.8902
16398.7,14389,74689.5,11140.6,9857,74070,29202.5,38.54,18.8923
19014.4,14416,86440.6,19033.2,14624,85295.4,81070.6,84.46,18.8944
10219.5,9205,72759,3944.16,3841,67296.1,15572.9,81.18,18.8976
11120,9500,76711.6,7670.16,7020,71605.6,14549.8,-6.56,18.8976
15630.7,14019,73070.5,11865.6,11059,70315.9,16876.8,22.96,18.9008
11842.6,11064,70147.7,5684.4,5644,66005.1,14719.7,-21.32,18.905
10616.3,9953,69903.7,5520.96,5349,67642.9,13176,-38.54,18.906
8154.24,7812,68407.1,3363.12,3376,65286,26365.7,20.5,18.9092
23729.3,17516,88783,19622.2,16412,78354.7,20774.2,154.16,18.9134
6763.52,6576,67404.8,2462.4,2448,65921.5,4758.48,-11.48,18.9155
9491.84,9532,65259.9,3920.4,4056,63345,5491.44,95.94,18.9155
10078.7,9449,69903.6,6508.8,6045,70564.2,9717.12,23.78,18.9166
15871.4,13336,77995.3,8100.72,7256,73165.5,31641.1,98.4,18.9166
10263,10282,65415.2,3431.52,3470,64809.3,27553.7,49.2,18.9177
8677.12,8577,66301,2554.56,2529,66198.4,11920.3,13.12,18.9198
11180.8,10739,68232.1,4554,4451,67052.6,21023.3,35.26,18.9219
13364.5,12724,68834.8,5183.28,4992,68047.2,9275.04,38.54,18.924
7224.96,7257,65246.7,2793.6,2861,63992.1,28041.1,-56.58,18.925
29907.8,21360,91762.2,23457.6,19172,80185.5,46118.9,140.22,18.9261
13587.2,13271,67097.5,9576,9043,69398.7,8913.6,100.86,18.9293
10401.3,10728,63540.1,4970.16,5064,64321.6,10416.2,122.18,18.9293
13643.5,13358,66936.8,9141.84,8414,71205.1,20466.7,95.12,18.9303
13034.9,13032,65550.5,6210.72,6092,66813.2,20548.1,12.3,18.9345
15536.6,14492,70260.1,10211.8,9404,71165.3,40554,51.66,18.9356
7664,8088,62100.4,3175.2,3212,64785.2,12714.5,50.84,18.9356
11162.2,11263,64949.7,4754.16,4507,69129.9,8534.88,-13.94,18.9366
6307.84,6913,59799,2337.84,2401,63812,11029.7,-31.98,18.9388
12399.4,11531,70471.3,8120.16,7567,70326.8,27410.4,76.26,18.9409
14179.2,13814,67268.6,7074.72,6834,67844.4,15679.4,63.96,18.9419
6849.28,7225,62127.9,3664.8,3677,65318.6,12077.3,-39.36,18.9419
16807,15948,69066.1,7706.16,6456,78226.6,21806.6,22.14,18.943
8718.72,8689,65760.2,3376.8,3281,67449.5,9962.64,110.7,18.944
10858.2,9784,72731.6,7436.16,6700,72736.8,44755.9,45.92,18.9461
12599.7,11918,69284.5,8157.6,7450,71760.6,6806.88,33.62,18.9483
8311.04,8404,64811.1,3253.68,3188,66886.2,8174.16,-86.1,18.9535
10428.8,10397,65736.4,4683.6,4413,69554.6,15737,15.58,18.9567
11185.9,11072,66210.3,8097.84,7652,69354.4,20179.4,132.02,18.9588
16342.4,14757,72576.8,12233.5,11477,69855.9,48183.1,-6.56,18.963
12266.9,11597,69321.6,4771.44,4653,67204.2,4806.72,82.82,18.9662
8392.32,8276,66457.1,2988.72,3028,64685.9,20570.4,120.54,18.9683
12670.1,11692,71018.3,6988.32,6696,68397,5929.92,-11.48,18.9778
9491.2,8061,77163.5,34127.3,29545,75700.3,31407.1,6177.88,18.9789
10279.7,9093,74088.8,8745.84,8181,70060.8,48847.7,72.98,18.9799
10677.8,9525,73467.5,7599.6,6885,72338,18488.9,-46.74,18.9841
17917.4,17305,67855.4,7552.8,7245,68320.3,23830.6,139.4,18.9852
13639,13114,68159.8,6576.48,6330,68087.9,27930.2,-0.82,18.9862
11820.2,11149,69481.2,6197.04,5721,70989.2,4990.32,93.48,18.9862
10093.4,9025,73294.6,6493.68,5973,71248.9,17897,79.54,18.9884
18858.9,17597,70235.6,7930.08,7689,67590.8,6013.44,44.28,18.9884
8589.44,7476,75296.6,8749.44,8228,69689.3,7193.52,-5.74,18.9915
11456.6,10564,71073.7,7059.6,6768,68359.6,41969.5,22.14,18.9926
10566.4,10284,67335.6,4157.28,3976,68524,20851.9,-22.14,18.9926
12866.6,12400,68001.8,5462.64,5200,68846.1,29387.5,3.28,18.9947
5214.72,5314,64311.6,2141.28,2166,64788.1,11607.8,-18.86,18.9947
14717.4,13545,71208.7,11702.9,10797,71034.5,17560.8,62.32,18.9957
10308.5,9948,67910.8,3448.8,3416,66165.3,12743.3,-46.74,18.9968
11772.2,11189,68951.7,7173.36,6673,70450.1,13636.8,21.32,18.9968
11557.8,11165,67841.4,6869.52,6573,68492.5,11962.1,66.42,18.9968
13146.9,13194,65301.9,4973.04,5066,64333.4,23311.4,1.64,19
14135.7,13821,67028.1,6667.92,6553,66685.3,11689.9,10.66,19.001
8364.16,8220,66685.4,3503.52,3500,65601.9,8019.36,-26.24,19.0031
13679.4,13113,68366.5,5623.2,5417,68030.7,5906.88,36.9,19.0063
10432.6,10384,65843,8142.48,7648,69773.2,16920,15.58,19.0084
21148.8,19945,69491.5,11362.3,10957,67960.3,10597.7,0,19.0084
9244.16,9352,64780.3,2936.16,2968,64832.9,23360.4,-36.9,19.0095
13869.4,13525,67205,8707.68,7285,78334.5,20574,75.44,19.0105
14227.8,13520,68967.1,5559.12,5444,66921.8,6895.44,13.94,19.0116
9013.12,9180,64344.6,3242.88,3244,65513.4,23503.7,66.42,19.0158
12693.8,11781,70613.5,7371.36,7013,68884.9,9524.88,8.2,19.0169
10439,9157,74711.5,7793.28,7121,71723.1,24238.8,-6.56,19.0169
12255.4,11801,68059.3,3595.68,3641,64720.3,11639.5,116.44,19.019
11086.1,10313,70448.7,5933.52,5593,69526,11054.2,59.04,19.019
29557.1,24437,79267.3,19922.4,17473,74723,51697.4,56.58,19.02
16849.3,15836,69729.4,5567.76,5176,70496.3,68774.4,3.28,19.0221
14529.9,14120,67438.6,4725.36,4492,68940.6,33120.7,26.24,19.0242
13764.5,12780,70584.4,9204.48,8892,67839,11137.7,-20.5,19.0263
18876.2,13569,91168.7,25864.6,20789,81536.4,56900.2,115.62,19.0263
6398.72,6413,65390.1,3448.8,3421,66068.6,12750.5,12.3,19.0285
8902.4,8617,67706.6,3082.32,3069,65820.4,19383.8,-95.12,19.0295
9077.76,8844,67268.2,3617.28,3688,64279.3,16474.3,-15.58,19.0306
9224.96,8828,68482.9,3089.52,3048,66428.7,10946.9,-8.2,19.0306
11329.3,10981,67614.6,4629.6,4545,66755.9,11501.3,54.12,19.0316
8286.72,8153,66610.9,3066.48,3113,64556.6,16429,-50.84,19.0327
7937.92,7760,67038.6,6398.64,5876,71365.1,17113,83.64,19.038
15964.8,14212,73618.7,13551.8,12500,71050.7,29106,58.22,19.0401
11267.2,10941,67489.9,6387.12,6125,68340.6,11466.7,-37.72,19.0411
13060.5,12848,66619.8,4312.8,4320,65426.8,7776.72,9.02,19.0422
12019.8,11532,68308.4,5236.56,5084,67502.6,40271,11.48,19.0443
31493.1,19756,104471,17169.1,10872,103495,38683.4,-97.58,19.0453
13406.7,12915,68031.2,5334.48,5072,68927.5,12964.3,62.32,19.0496
5464.96,5554,64485.4,2749.68,2662,67694.6,6087.6,-66.42,19.0506
8222.08,8161,66026.5,2970.72,3009,64702.3,11725.9,-50.84,19.0517
11484.8,10970,68611.5,6740.64,6698,65953.2,15793.9,-44.28,19.0548
14846.7,13306,73124.5,9190.8,8414,71586.4,17576.6,29.52,19.058
6561.92,6872,62578.9,2576.16,2664,63375.1,25375.7,19.68,19.058
10964.5,10752,66831.1,5057.28,4912,67474.3,9855.36,-37.72,19.0591
18508.8,17278,70204.5,10592.6,10174,68232.7,4962.96,104.14,19.0601
9793.28,9613,66765,4757.04,4669,66771.8,8364.24,-72.16,19.0612
11717.1,10426,73651.8,8121.6,7102,74944.7,14485,34.44,19.0612
16044.2,14932,70417.2,5567.76,5248,69529.1,7208.64,4.92,19.0622
11628.2,11350,67142.1,4141.44,4086,66425.2,22947.8,113.16,19.0622
11961,10912,71835.9,6210.72,5588,72839.3,6427.44,22.96,19.0643
7758.72,7381,68889.8,2805.84,2773,66312.1,14928.5,-63.14,19.0654
10449.9,9652,70953.8,5234.4,4996,68663.3,7014.96,-41,19.0654
12126.1,11684,68015.6,7204.32,7088,66611.5,8297.28,35.26,19.0654
12649.6,11778,70385.8,7873.2,7382,69896.8,14344.6,11.48,19.0665
20762.9,14133,96279.4,24589.4,18165,88714.2,86888.2,197.62,19.0675
9321.6,9041,67570,3449.52,3377,66943.4,4973.04,-26.24,19.0675
13976.3,13301,68863.4,6483.6,6273,67736.2,34550.6,67.24,19.0686
13468.8,12441,70950.2,6724.08,6333,69583,5110.56,6.56,19.0686
8231.04,8364,64494.2,3216.96,3260,64670.8,28563.1,-68.88,19.0696
13073.3,12632,67825.4,8371.44,7528,72878.7,11026.8,145.14,19.0696
7696,7289,69195.4,4137.84,3481,77902.2,14678.6,59.04,19.0696
7905.28,7428,69747,6169.68,5892,68624.6,30367.4,9.02,19.0707
14648.3,13797,69579.8,9753.12,9253,69078.2,9491.76,70.52,19.0707
10682.9,8436,82991.1,12051.4,10580,74650.1,22086,112.34,19.0717
9028.48,8828,67024.3,3031.92,3032,65534.3,73268.6,-54.12,19.0738
13118.7,11504,74734.7,8292.24,7904,68755.1,42093.4,68.06,19.0749
10577.3,9913,69927.6,6833.52,6333,70715.6,33881.8,41.82,19.0802
7488.64,7293,67294.1,2629.44,2573,66973.6,13200.5,14.76,19.0812
18907.5,15933,77770.9,9965.52,8857,73738.3,35879.8,67.24,19.0812
10456.3,10341,66266.8,6819.84,6725,66460.2,19303.2,16.4,19.0844
13975.7,13349,68612.6,5582.88,5445,67195.5,12986.6,-9.02,19.0854
11305,11238,65926.5,3514.32,3542,65023.9,5130,47.56,19.0854
14821.1,14105,68863.3,7935.12,7833,66390.4,15381.4,32.8,19.0886
8833.28,8768,66023.9,2583.36,2660,63647.8,19643.8,-6.56,19.0886
10092.8,9905,66778.6,3910.32,3893,65827.6,7156.08,64.78,19.0897
11550.1,11132,67997.3,5584.32,5416,67572.8,7059.6,-6.56,19.0907
5952,5959,65459,2214,2163,67081.2,13485.6,50.84,19.0928
9011.2,9189,64267.9,3601.44,3665,64399.4,34630.6,-20.5,19.0949
9251.84,8544,70965.4,6419.52,5840,72039.3,16590.2,40.18,19.096
12302.1,11549,69809.4,5081.76,4905,67897.7,12228.5,8.2,19.0971
11928.3,11533,67782.4,5745.6,5609,67132,10993.7,29.52,19.0992
10376.3,9968,68220.6,4721.76,4640,66690.8,13250.9,-54.12,19.1023
5315.2,5073,68664.9,2938.32,2897,66470.7,7644.24,-57.4,19.1023
13053.4,12093,70740.9,4410,4269,67700.6,22736.9,26.24,19.1076
16282.2,14080,75786.4,9642.96,8768,72075.8,7242.48,17.22,19.1087
15745.9,14821,69625.8,12068.6,11925,66325.4,24143.8,37.72,19.1118
8938.88,8477,69106.8,2862,2909,64477.2,23109.8,11.48,19.1161
15015.7,14025,70165.2,6479.28,6349,66880.8,18501.8,0,19.1171
15570.6,14724,69304,7772.4,7796,65337.6,15328.1,-50.84,19.1171
8658.56,8488,66852.9,4658.4,4472,68267.7,13487.8,69.7,19.1192
13662.1,13133,68176.2,5037.84,5005,65966,5178.24,-16.4,19.1203
12740.5,11489,72674.7,8225.28,7713,69888.8,35222.4,6.56,19.1203
11779.2,11821,65304.3,4451.76,4553,64078.8,56883.6,22.14,19.1224
15029.8,14493,67963.2,4181.04,4121,66490.8,20772.7,27.88,19.1255
13204.5,12765,67792.3,6150.96,6045,66684.8,17697.6,22.96,19.1319
8212.48,8080,66610.5,3834.72,3984,63080.4,5376.24,32.8,19.1319
12061.4,11500,68735.5,4310.64,4172,67713.8,9977.04,112.34,19.135
16508.8,15624,69247.4,9300.24,8604,70839.2,16656.5,-60.68,19.1361
18408.3,17724,68066.3,6851.52,6728,66739.2,9893.52,31.16,19.1372
8152.96,8216,65033.2,3764.88,3768,65481.7,8200.08,27.06,19.1382
13040.6,13184,64823.4,4934.16,5024,64364.1,4809.6,33.62,19.1382
9092.48,8236,72351.2,7666.56,7256,69244.2,17767.4,48.38,19.1445
11617.3,11384,66879,3438,3336,67539.8,8245.44,3.28,19.1456
8666.88,8337,68129.1,5775.12,5605,67525.1,13066.6,109.06,19.1467
11055.4,10625,68190.5,6117.84,5969,67170.2,17179.9,51.66,19.1477
10602.2,10456,66452.6,3482.64,3432,66503,6206.4,85.28,19.1477
12617.6,12081,68446.9,6459.84,5377,78733.9,9987.84,-9.02,19.1488
7769.6,7164,71076,5087.52,4828,69058.8,53012.9,-44.28,19.1498
13014.4,11477,74314.9,6750,6149,71941.5,13604.4,9.02,19.1509
8644.48,8544,66306.7,3799.44,3712,67079.8,50712.5,31.16,19.1562
9679.36,9683,65511.4,4053.6,4115,64558.1,7966.8,-54.12,19.1593
10798.1,10593,66804.8,6469.92,6321,67080,11012.4,-26.24,19.1604
85367.7,51652,108314,87035.8,54208,105224,21654.7,500.2,19.1625
14991.4,14893,65968.8,5239.44,5309,64677.3,16250.4,0.82,19.1625
6327.68,6561,63205.4,2982.96,2897,67480.6,9756,-17.22,19.1657
10323.2,10069,67190.5,4065.84,4049,65808.6,12562.6,-34.44,19.1667
10949.1,10665,67281.9,5735.52,5437,69134.3,26149,-9.84,19.1699
13489.3,12969,68165.1,6965.28,6557,69616.7,33397.2,11.48,19.1709
15989.1,14993,69890.1,9681.84,9077,69903,18946.8,148.42,19.172
12632.3,12429,66608.1,6001.92,5689,69140.8,16547.8,-33.62,19.1751
9950.08,10068,64768.4,5263.92,5172,66700.8,12965,150.06,19.1762
12214.4,12329,64926.8,4980.96,4921,66334.5,13993.2,-28.7,19.1815
12081.3,11201,70686.4,7745.76,7333,69224.9,17107.2,77.9,19.1815
11191,10745,68256.5,6960.24,6605,69060.8,23248.1,-0.82,19.1815
10647.7,10323,67597.2,5513.04,5431,66526,9853.2,9.02,19.1868
9916.16,9976,65142.9,5857.92,5836,65782.2,12890.9,-31.16,19.1889
12944,12769,66434.2,5599.44,5541,66227.2,8605.44,-2.46,19.191
22687.4,18617,79864.6,19898.6,17497,74531.5,46701.4,43.46,19.1952
6424.32,6336,66449.5,2452.32,2452,65544.6,15089,-11.48,19.1963
8508.16,8428,66159.3,6372,6312,66159,9698.4,54.94,19.1973
12214.4,12017,66612.5,9874.08,9697,66732.8,8338.32,83.64,19.1994
13225.6,12464,69540.5,8089.92,7604,69724,21148.6,141.04,19.1994
12469.1,12192,67025.6,7907.76,7908,65534,4762.08,43.46,19.2005
14813.4,14068,69008.6,6356.88,6320,65918.4,15472.1,65.6,19.2005
9544.96,9301,67255,4438.08,4401,66088.2,38485.4,46.74,19.2015
21150.7,19184,72254.7,8359.2,7652,71592.9,51138.7,61.5,19.2068
7539.84,7169,68926.1,2224.8,2261,64486.7,11350.8,-18.04,19.2079
9273.6,9150,66421.3,2597.76,2686,63383,9490.32,-34.44,19.2089
8268.16,8064,67195.2,3849.84,3808,66256.1,11517.8,59.86,19.211
11774.1,11600,66519.5,4734,4692,66122.6,36483.8,-36.08,19.2121
15563.5,14745,69174,8012.16,7741,67831.7,17430.5,99.22,19.2131
9121.92,8452,70730.5,4428.72,4068,71347.3,6559.2,150.06,19.2153
13035.5,12918,66132.2,6926.4,6914,65653.5,25001.3,85.28,19.2184
10048,9864,66758.5,3325.68,3340,65255,6851.52,77.9,19.2226
6590.08,6675,64702.2,3096,3143,64556,25454.9,104.14,19.2237
13376,12961,67634.4,6528.96,6417,66679.4,10825.9,-40.18,19.2247
15853.4,15516,66961.3,5024.16,5032,65433.9,5613.84,-4.92,19.2279
14344.3,13508,69593.5,6787.44,6548,67932.5,11211.8,84.46,19.23
18169.6,17049,69843.6,9431.28,8921,69284.6,36667.4,63.96,19.2332
9951.36,9873,66056.1,3520.8,3633,63512,8610.48,-36.08,19.2332
11380.5,10869,68620,6498.72,6129,69489.3,14726.2,-5.74,19.2353
14797.4,14212,68235.6,6145.2,6084,66195.2,6148.8,98.4,19.2374
11672.3,10928,69999.7,7760.88,6964,73035.2,19092.2,46.74,19.2416
8500.48,8293,67175.6,8397.36,7633,72098.7,25990.6,34.44,19.2437
12378.2,11462,70774.8,8699.04,8118,70226.7,13993.9,74.62,19.2448
9692.16,8551,74282,6955.92,6295,72416.7,32381.3,49.2,19.2459
12200.3,11457,69787.9,7516.08,7169,68708.9,22095.4,36.9,19.2469
15215.4,14492,68807.2,9883.44,9512,68095.2,5423.04,42.64,19.2469
24430.7,19008,84232.5,21214.8,17520,79356.9,10606.3,72.16,19.248
7411.2,7297,66561.6,2658.96,2673,65191.8,5343.84,-95.12,19.248
8074.24,8174,64736.2,4917.6,3694,87244.1,20340,37.72,19.249
5686.4,5838,63834.2,2468.88,2542,63650.9,9347.76,68.06,19.2501
10961.3,10017,71713.9,8746.56,8165,70203.9,11348.6,38.54,19.2511
7566.08,7416,66862.3,3139.92,3064,67159.9,7907.76,22.96,19.2511
12518.4,10297,79674.3,9282.24,8269,73566.4,14458.3,48.38,19.2522
14254.1,14293,65357.6,5442.48,5473,65170.5,6647.76,58.22,19.2532
5235.84,5325,64438.7,2219.04,2221,65478.2,8043.84,38.54,19.2532
10681,10792,64861.7,5069.52,5096,65195.5,5106.96,1.64,19.2543
16336.6,15729,68067.8,8237.52,8005,67439.6,7940.16,68.88,19.2543
14707.8,14321,67306.3,8267.76,8261,65589.6,17624.2,-61.5,19.2564
14579.2,14746,64794.7,4825.44,4890,64670.8,23228.6,15.58,19.2585
10905.6,10704,66770.3,6423.84,5828,72236.2,21509.3,45.1,19.2638
10547.2,10396,66489.2,3249.36,3176,67049.8,14242.3,1.64,19.2722
13614.1,13401,66578,6798.24,6813,65394,11088.7,67.24,19.2743
8697.6,8645,65934.7,3137.76,3109,66142.2,12778.6,2.46,19.2743
8298.24,8029,67733.7,3524.4,3405,67834.1,7459.2,-6.56,19.2786
13415.7,13059,67326,5899.68,5763,67090.3,5671.44,-33.62,19.2786
5792.64,6117,62060.9,3083.76,3173,63692.8,21831.1,16.4,19.2796
9895.68,9976,65008.3,3877.92,3992,63663.2,6765.12,-1.64,19.287
24814.1,20000,81310.8,17743,14980,77623.7,18831.6,67.24,19.2912
10325.8,10269,65898.2,5223.6,5017,68234.8,14541.8,-19.68,19.2923
6414.72,6541,64270.8,2954.16,2941,65829.3,16984.8,5.74,19.2955
18359.7,16748,71842.6,11742.5,11228,68538.9,8891.28,15.58,19.2965
18392.3,16718,72099.5,8940.96,8382,69906.3,35027.3,-63.14,19.3007
7463.04,7357,66480.6,2380.32,2409,64755.8,31158,41.82,19.3018
12410.9,11561,70353.7,2957.04,2909,66618.3,21250.1,89.38,19.306
17911.7,16792,69905.9,6912.72,6680,67819.2,5554.8,59.86,19.3081
15148.8,14333,69266.1,6054.48,5945,66742.9,11113.2,-34.44,19.3113
13474.6,12653,69791.3,6099.84,5725,69826.9,4770.72,24.6,19.3134
7546.88,7281,67929.2,2405.52,2449,64372.5,16149.6,2733.88,19.3145
10559.4,9105,76004.2,7014.24,6101,75345.9,21264.5,8.2,19.3155
11736.3,10580,72698.6,7370.64,6816,70868.9,16467.1,-38.54,19.3176
9551.36,9101,68779,3384,3417,64903.1,7740.72,-59.04,19.3187
14393,13636,69174,4691.52,4624,66493,11666.2,69.7,19.3197
17441.3,15984,71511,9182.16,8820,68227,6998.4,80.36,19.3239
6830.08,6199,72207.8,2674.8,2567,68288.2,8372.16,-15.58,19.3239
15278.7,14334,69855.3,6472.08,6522,65034.4,7327.44,103.32,19.3292
11650.6,10096,75627.1,7254,6720,70743.8,14291.3,49.2,19.3303
10110.1,9605,68982.2,3168.72,3285,63216.2,12047.8,50.02,19.3356
16268.2,15437,69064.6,6638.4,6541,66511.9,20354.4,44.28,19.3408
7596.8,7543,66003.4,1760.4,1843,62598.8,36783.4,53.3,19.3419
12364.8,12217,66328.8,5881.68,5645,68283.8,10865.5,36.9,19.3461
11513.6,11728,64337.9,4499.28,4596,64156.8,8370.72,140.22,19.3461
11752.3,11969,64349.6,5955.12,5909,66047.5,14804.6,-91.84,19.3482
16549.8,16212,66901.4,11820.2,11556,67034.6,5942.16,19.68,19.3482
17465.6,15352,74558.7,17504.6,15400,74492.5,58083.8,-4.1,19.3493
11658.2,11848,64486.4,5171.76,5116,66250.3,12898.8,9.02,19.3514
13012.5,13128,64959.3,6992.64,6860,66803.2,6056.64,15.58,19.3514
24643.8,20476,78875.7,21257.3,17916,77758.3,23289.1,31.98,19.3524
12631.7,13189,62766.7,4081.68,4209,63553.6,5870.16,-99.22,19.3535
6372.48,6961,59995.2,3551.04,3669,63429,7352.64,-18.04,19.3535
11274.9,10980,67296,7877.52,7568,68216.3,26046.7,-37.72,19.3556
10087.7,10181,64935.3,6276.24,6257,65737.5,6017.04,79.54,19.3556
13946.9,13441,68002.6,4916.16,4837,66608.5,60418.1,43.46,19.3556
9578.88,9380,66925.5,6247.44,5796,70640.5,9821.52,15.58,19.3567
15596.8,15377,66472.8,5279.04,5157,67086.9,25627,-26.24,19.3609
12753.3,12112,69005.9,8400.96,7984,68958.6,9808.56,-4.92,19.3609
15028.5,14912,66047.9,6673.68,6288,69555.7,14936.4,30.34,19.3619
11834.2,11965,64819.8,5919.12,5741,67569.3,9791.28,23.78,19.363
5581.44,5778,63306.6,3031.92,2966,66992.6,30000.2,2.46,19.363
6282.24,6444,63890.9,2931.84,2920,65801.7,14855.8,-14.76,19.3641
8572.8,8716,64459.3,3626.64,3528,67368.3,5011.2,-31.16,19.3662
8069.12,8017,65962.1,6470.64,5893,71959.9,6547.68,96.76,19.3662
6560.64,7028,61177.9,3131.28,3120,65772.9,17152.6,31.98,19.3672
17646.7,16820,68757.2,13104.7,12212,70326.8,5338.08,99.22,19.3672
9881.6,10153,63784.2,4338,4249,66908.7,16454.9,62.32,19.3683
24287.4,17641,90227.1,26020.1,20989,81245,33737.8,-33.62,19.3693
12995.8,12809,66492,4457.52,4381,66680.7,25702.6,-34.44,19.3693
13440.6,11789,74717.6,13240.8,12137,71496.2,22070.2,133.66,19.3714
5926.4,6285,61796.7,3257.28,3017,70755.4,23118.5,-51.66,19.3746
8263.68,8712,62163.5,3342.96,3448,63539.5,7544.88,120.54,19.3757
11430.4,10978,68236.7,7044.48,6578,70183.5,21741.1,25.42,19.3788
11737,11949,64373,6356.88,5470,76161.7,6525.36,7.38,19.3799
16014.1,15697,66859.8,4704.48,4357,70762.6,13347.4,-54.12,19.3809
9054.72,8865,66938.5,3551.76,3473,67022.2,21089.5,-41.82,19.3809
12583,12386,66578.6,4860,4710,67623.1,6777.36,54.12,19.383
8832,8897,65057.2,6681.6,6293,69582.9,34987,43.46,19.383
12263.7,12073,66571.1,5668.56,5517,67336.4,6995.52,0.82,19.3862
14065.3,13536,68098.6,5859.36,5616,68375.9,15980.4,-40.18,19.3873
13141.1,13376,64385.2,5006.88,4996,65678.7,5683.68,-72.16,19.3873
8597.12,7677,73390.8,6660.72,6029,72402.9,29832.5,53.3,19.3904
10093.4,10093,65538.9,4587.84,4381,68630.2,18409.7,150.88,19.3915
7690.24,7964,63283.2,2823.84,2856,64798,15827,-68.06,19.3947
11192.3,10822,67778.6,3955.68,3910,66301.6,27223.2,26.24,19.3978
8737.92,8319,68836.2,5851.44,5647,67908.6,8130.96,64.78,19.3999
8256,7539,71768.8,7784.64,7159,71263.3,17298.7,77.08,19.402
6060.8,5648,70325.9,2632.32,2560,67387.4,9026.64,-23.78,19.4031
13834.2,13428,67518.7,7064.64,6912,66983.3,21011,34.44,19.4073
15459.8,14577,69505.1,5817.6,5681,67111.8,23490,-15.58,19.4084
8040.96,8221,64100.8,3210.48,3277,64205.7,8830.8,76.26,19.4094
7183.36,6315,74547.7,6464.88,6043,70111.3,15889.7,-22.96,19.4115
13119.4,12672,67849.6,5788.08,5652,67113.9,8694,-33.62,19.4137
13539.8,12600,70424.4,10353.6,9640,70387.3,11242.8,3.28,19.4137
9515.52,8810,70784.2,6166.08,5774,69986.2,31743.4,-27.88,19.4147
16731.5,16324,67172.1,7326,7428,64636.1,8416.8,42.64,19.4158
6295.04,6279,65703.4,1446.48,1559,60806,17154,-41,19.4168
13089.3,12829,66865.6,8199.36,8045,66793.5,5402.16,131.2,19.42
12912.6,11872,71280.6,8421.84,7988,69095.4,15341,5.74,19.42
10297,10057,67099.7,8382.96,7705,71302.5,8700.48,134.48,19.421
12885.1,12116,69696.2,8614.08,7984,70708,71619.1,25.42,19.4231
11804.8,11148,69397.1,8901.36,8284,70420,24338.2,-36.9,19.4231
13185.9,12788,67575.3,5178.96,5072,66918.1,4903.2,-16.4,19.4253
10624.6,10749,64777.8,5459.04,5389,66387.8,23261,62.32,19.4274
14128.6,14413,64243,5595.84,5641,65011.3,16314.5,-6.56,19.4295
10794.9,11145,63477.2,5831.28,5785,66060.3,11271.6,51.66,19.4305
6134.4,6568,61209.5,2453.04,2520,63794.6,9100.08,87.74,19.4379
14099.8,13936,66306.5,5744.16,5648,66651.8,14695.9,-31.16,19.44
5444.48,5616,63534.4,2390.4,2336,67062.2,12672.7,-15.58,19.44
6876.8,7265,62034.1,2399.04,2485,63269,8056.8,17.22,19.4411
10894.7,10580,67485.5,4048.56,3892,68172.3,12495.6,76.26,19.4421
11732.5,10897,70560.7,8037.36,7349,71674.6,11058.5,32.8,19.4432
7109.76,6949,67052.1,3420,2961,75695.1,16638.5,70.52,19.4443
8393.6,8221,66911.9,2974.32,2969,65653.4,19468.1,-77.08,19.4464
11689,11565,66238.5,5834.16,5705,67019.7,10938.2,-13.94,19.4474
11692.8,9700,78999.9,12925.4,11680,72524.1,21485.5,97.58,19.4506
12853.8,12638,66654.8,6486.48,6506,65339.4,12364.6,7.38,19.4506
13619.8,13064,68324.4,10210.3,9708,68927,11045.5,45.92,19.4516
13091.8,12267,69942.7,5911.92,5487,70611.2,14071,-24.6,19.4527
14014.7,11524,79700.5,13980.2,12420,73768.8,15101.3,-6.56,19.4611
13853.4,12777,71057.3,6466.32,6189,68472.6,8781.84,54.12,19.4643
14530.6,14220,66967.3,5403.6,5388,65725.7,5937.12,-43.46,19.4654
19562.9,17368,73818.1,15845,14408,72072.5,33068.2,66.42,19.4685
5371.52,5144,68434.7,2253.6,2140,69014.9,6793.92,48.38,19.4706
15796.5,14429,71747,11741.8,10685,72017.6,16492.3,67.24,19.4706
10629.8,9481,73476.6,7735.68,7113,71273.1,9003.6,42.64,19.4727
13514.2,12417,71327.1,7610.4,7173,69532.3,27991.4,49.2,19.4727
13078.4,12253,69950.7,5847.12,5369,71372.1,11943.4,10.66,19.4738
9153.92,8205,73115.3,4969.44,2941,110737,7700.4,81.18,19.4759
18064.6,15758,75129.1,11116.8,10765,67677.7,22654.1,-25.42,19.478
16321.3,13857,77190.7,11163.6,10113,72344.3,14584.3,10.66,19.4791
13185.9,12394,69723.5,6696.72,6446,68085.1,13854.2,4.1,19.4791
14951.7,13661,71727.8,6185.52,6057,66926.6,49565.5,32.8,19.4801
9178.88,8532,70504.8,3188.88,3236,64581.7,13108.3,44.28,19.4822
12833.9,12285,68464.3,5830.56,5741,66558.4,25614,62.32,19.4822
12595.2,12077,68348,4931.28,4905,65887.1,19434.2,45.92,19.4854
6061.44,5789,68620.2,1488.96,1581,61720.7,20363.8,13.94,19.4865
16861.4,14505,76182.8,9518.4,8573,72763.1,49631.8,-17.22,19.4886
13993.6,13599,67437.6,5418.72,5311,66865.2,26212.3,30.34,19.4907
7510.4,7362,66857,2574,2662,63369.5,5645.52,-1.64,19.4917
10842.9,10314,68896.5,5070.24,4878,68118.8,44712.7,99.22,19.4991
33919.4,28745,77333.1,16999.2,14541,76615.1,28286.6,186.96,19.5002
11473.9,9825,76534.8,9385.2,8677,70884.9,13960.8,100.04,19.5002
9237.12,9320,64953.2,2615.76,2748,62382.3,13548.2,63.14,19.5002
6250.24,6120,66930.7,2108.16,2172,63609.8,14094.7,-4.1,19.5023
18270.1,15903,75290.7,14870.9,13679,71246.3,37467.4,63.96,19.5044
18344.3,17659,68079.4,13717.4,13307,67557.4,5289.12,58.22,19.5044
16913.9,16756,66153.7,5030.64,5136,64191.6,29176.6,91.84,19.5107
9637.76,9593,65841.8,4808.16,4781,65908.3,6582.96,-6.56,19.5139
13770.9,13417,67264.5,10463,9913,69172.4,7790.4,48.38,19.515
11961.6,12048,65066,5064.48,4980,66647.7,7395.84,54.94,19.5181
26853.1,20150,87337.3,21427.2,16706,84056.8,56278.1,-22.14,19.5181
12093.4,11813,67091.8,8526.24,8145,68603.5,12669.8,-31.98,19.5202
14600.3,12725,75194.2,8145.36,7265,73477.5,25961.8,67.24,19.5213
9297.92,9276,65690.9,5544.72,5324,68253,25635.6,9.02,19.5234
8346.88,8797,62182.7,3186.72,3321,62886.2,15497.3,-14.76,19.5234
8602.88,8105,69561.8,6608.16,6253,69258.3,12477.6,58.22,19.5234
12903.7,13212,64006.6,6765.12,6908,64180.5,15572.2,10.66,19.5245
9944.96,9940,65568.7,5760,5588,67553.2,12272.4,27.88,19.5276
9192.96,8927,67488.5,4591.44,4341,69316.9,8062.56,31.98,19.5287
9965.44,9545,68422.7,4826.88,4489,70468.8,16156.1,-13.94,19.5287
9785.6,8788,72975.5,7840.8,7332,70083.8,35631.4,25.42,19.5297
6992.64,7175,63870.3,2820.96,2979,62059.2,8348.4,-8.2,19.5308
13058.6,11069,77315.5,9456.48,8605,72020.9,32181.1,90.2,19.5318
11185.3,10068,72808.8,8286.48,7508,72331.2,48363.8,4.1,19.5329
15653.1,14828,69182.8,10155.6,9720,68473,8511.12,142.68,19.5329
10288,10117,66643.7,6456.96,6053,69909.7,16064.6,-37.72,19.5361
12513.3,12009,68288,10969.9,10269,70009.2,19427,51.66,19.5361
12124.8,11829,67174.8,4696.56,4657,66092.7,8586.72,-2.46,19.5361
35695.4,21760,107506,225685,142116,104073,7912.08,7713.74,19.5371
6548.48,6786,63242.1,2941.2,3046,63281.2,14148.7,9.02,19.5382
11582.1,11842,64097.6,5412.96,5110,69421.5,9462.24,36.9,19.5424
17820.2,16933,68969.6,8321.04,8113,67216.5,35516.2,60.68,19.5456
7274.24,7078,67353,3081.6,3058,66041.8,7398,-59.86,19.5466
9219.2,9416,64166.3,3861.36,3532,71647.3,11162.2,-18.86,19.5487
16601.6,16420,66260.8,6115.68,6196,64686.4,13617.4,1.64,19.5508
13388.2,13344,65752.9,7750.08,7572,67077.3,15924.2,-30.34,19.5561
12611.2,12428,66502.1,4984.56,4952,65966.9,10031,-22.14,19.5582
13011.2,12936,65917,4630.32,4440,68345.2,9838.08,96.76,19.5593
9758.72,9812,65180.1,4358.88,4336,65881.8,12332.9,-35.26,19.5593
13334.4,13172,66344,4130.64,4212,64270.1,10064.9,9.84,19.5677
15724.2,15184,67867.4,7348.32,7152,67334.9,13425.8,-18.86,19.5688
8851.84,7841,73984.7,9524.88,7461,83664.7,10890.7,-18.04,19.573
9661.44,8779,72123.5,6038.64,5691,69539.3,12086.6,21.32,19.5751
10849.3,10393,68413.2,3996,3965,66048.4,24423.8,-62.32,19.5751
14601.6,13910,68794.4,7238.16,6833,69421.9,5309.28,-56.58,19.5804
12336,11037,73249.3,7815.6,7037,72787.1,25037.3,73.8,19.5814
11632.6,10976,69456.7,5814,5584,68235.4,49227.1,-30.34,19.5836
9807.36,9617,66833.2,3300.48,3429,63079.7,11993.8,95.12,19.5836
13418.9,12460,70579.4,4784.4,4716,66486.5,15071,57.4,19.5846
10535.7,9760,70744.5,3760.56,3700,66608.7,8455.68,13.94,19.5846
15213.4,13545,73608.6,10458,9725,70475.6,29352.2,72.98,19.5857
15680.6,15281,67250,5113.44,5025,66689.4,17483.8,33.62,19.5899
6461.44,6156,68787.7,3109.68,3116,65403.1,9691.2,-18.04,19.5909
9341.44,8649,70782.8,6204.96,5789,70245,5728.32,119.72,19.5941
7875.2,7487,68934,2427.12,2447,65003.6,13634.6,40.18,19.5952
8152.32,8013,66675.5,3737.52,3721,65827,35943.8,-8.2,19.5962
9847.68,9884,65295.2,3890.16,3996,63800.2,18699.1,11.48,19.5962
15186.6,14472,68771.9,5245.92,5224,65811,4784.4,141.04,19.5983
11542.4,11002,68755,3697.2,3694,65592.8,7028.64,-58.22,19.5994
9663.36,8676,72994.2,5022.72,4896,67232.2,31219.2,-12.3,19.5994
23831.7,17850,87497.6,18128.2,14734,80633,10198.1,106.6,19.6004
7107.84,6818,68322,2926.08,2934,65359.1,7428.24,-31.98,19.6026
13660.8,12198,73395.2,8660.16,7938,71498.1,27425.5,28.7,19.6026
16591.4,15513,70091.6,12281.8,11593,69429.6,17678.9,72.98,19.6026
12677.1,12081,68769.8,4766.4,4645,67248.8,12511.4,143.5,19.6036
11626.9,11223,67894.4,6059.52,5923,67046.5,5785.2,13.12,19.6047
8785.92,8545,67383.7,3270.24,2709,79113.5,15731.3,42.64,19.6057
6870.4,6586,68366,2688.48,2670,65989.6,5945.04,-57.4,19.6057
12844.8,11625,72412.6,6416.64,5709,73659.3,18504,-7.38,19.6078
9707.52,9456,67279.2,3263.04,3252,65758.5,15052.3,12.3,19.611
10442.9,10321,66309.9,4546.8,4673,63766.1,5753.52,52.48,19.6152
13588.5,12908,68990.9,6254.64,5996,68362.9,24939.4,56.58,19.6163
9483.52,9774,63588.3,3990.24,4106,63688.4,8038.8,54.94,19.6215
8547.2,8874,63122.5,4039.2,3982,66477.4,19039,53.3,19.6215
9127.68,8897,67235.2,6371.28,5733,72832.4,18249.1,4.92,19.6215
8990.08,9149,64397.6,4556.88,4621,64626.6,11686.3,31.98,19.6215
11476.5,11016,68275.5,4970.16,4520,72062.9,12623.8,13.12,19.6226
11504,11838,63686.9,6653.52,6702,65061.9,13102.6,-25.42,19.6226
7124.48,7317,63811.7,3340.08,3317,65992,36550.8,-43.46,19.6226
6495.36,6833,62297.7,2990.88,2981,65753.2,6171.84,41,19.6237
9783.68,9797,65446.9,4740.48,4645,66883.1,5304.96,50.02,19.6247
5606.4,5764,63744.1,3319.2,2868,75846.3,16903.4,70.52,19.6268
12465.9,12272,66571.6,6676.56,6500,67316.2,14699.5,21.32,19.6289
23072.6,21248,71163.8,12878.6,11380,74166.5,52915.7,-18.04,19.6289
11349.8,10533,70617.9,10116,9185,72178.8,21973.7,50.84,19.63
7834.24,8016,64050,3224.16,3200,66030.8,19890.7,31.98,19.6321
8673.28,8710,65259.7,3554.64,3522,66143.4,5168.16,-0.82,19.6384
13216,11816,73300.9,11357.3,10108,73635.8,88621.2,0.82,19.6405
11326.1,10573,70203.9,9994.32,9193,71248.5,21507.1,38.54,19.6416
11679.4,11681,65526.8,4993.92,4933,66345.3,7283.52,6.56,19.6448
15440.6,14346,70536.6,10628.6,9598,72573.3,13992.5,53.3,19.6469
11289.6,10908,67828.7,6777.36,6588,67419.7,32320.8,44.28,19.6469
13454.7,12677,69556.6,4404.24,4325,66736.7,11701.4,48.38,19.6511
12805.8,12277,68358.6,5572.8,5365,68074.4,7674.48,127.1,19.6532
13713.9,13456,66792.2,2712.24,2752,64589.2,10612.1,28.7,19.6553
11954.6,11689,67024.9,5312.16,4957,70231.5,10609.9,26.24,19.6617
9530.88,9386,66547.6,3898.08,3866,66079.8,14991.1,47.56,19.6627
11785,11545,66898.2,7361.28,5773,83566.4,27025.9,-55.76,19.6627
8432,8465,65280.5,3003.84,2997,65685.6,13336.6,-31.16,19.6638
25506.6,19324,86503.7,21854.9,17672,81048.1,5626.8,67.24,19.6648
8211.84,8289,64925.9,7140.96,6481,72209.5,28883.5,1630.98,19.6659
6605.44,7040,61490.6,2835.36,2836,65521.2,12469,-51.66,19.6711
14413.4,14284,66129.9,9419.76,8920,69207.8,37428.5,29.52,19.6743
13968.6,13409,68271.2,9238.32,8677,69775.6,5400,97.58,19.6775
5322.24,5257,66349.3,11800.8,10425,74184.9,33274.8,2206.62,19.6775
7618.56,7914,63089.5,5926.32,5726,67828.7,8118,18.04,19.6775
8794.24,9172,62836.8,4653.36,4660,65442.6,7563.6,43.46,19.6785
12696.3,13101,63511.6,6263.28,6077,67544.9,7647.12,66.42,19.6806
39835.5,30626,85243.3,195089,141426,90403.2,11170.8,4722.38,19.6828
25665.3,18081,93025.8,30224.2,22261,88979.4,90183.6,119.72,19.6828
11391.4,12073,61835.8,4692.96,4653,66098.8,18410.4,45.1,19.6828
14983,15379,63848.7,5502.24,5459,66055.1,25655.8,31.16,19.6828
13990.4,11940,76790.2,10613.5,8944,77769.2,19344.2,64.78,19.6838
10199,10161,65781.4,7704,7013,71993.4,5407.92,-1.64,19.687
12432,12421,65594,6852.24,6577,68278.6,17376.5,24.6,19.688
15935.4,15489,67424.6,8822.16,8485,68140.1,11978.6,106.6,19.6901
5669.12,6201,59914.8,2712.24,2813,63188.5,12679.2,23.78,19.6912
13399,13120,66929.8,5679.36,5488,67821.2,6878.16,26.24,19.6912
9676.16,10004,63388.3,3814.56,3908,63969,8843.76,34.44,19.6912
14766.1,14196,68167.8,12176.6,11520,69271.6,13551.8,125.46,19.6923
8806.4,8672,66551.7,4998.24,4928,66470.1,8089.2,27.06,19.6944
11217.9,10571,69546.6,7637.04,7163,69873.1,10545.1,-3.28,19.6954
9363.84,9380,65423.1,3665.52,3744,64162.3,12251.5,172.2,19.7007
11494.4,11848,63580.1,7903.44,7996,64777.4,18288,41.82,19.7018
16266.2,15592,68370,8038.08,7784,67675.2,6571.44,109.88,19.7028
14914.6,13236,73847.1,8987.76,8176,72042.8,26709.8,19.68,19.7081
11344.6,10396,71516.2,6382.08,6024,69431.6,18871.9,2.46,19.7091
11577,11201,67735.7,4450.32,4309,67685.4,6745.68,51.66,19.7123
16134.4,16129,65557.9,5877.36,5829,66079.7,37070.6,110.7,19.7134
9217.28,9509,63525.5,4285.44,4369,64282.6,12130.6,4.92,19.7144
11895,11773,66215.4,4720.32,4589,67411.4,30679.9,9.02,19.7144
14199,13580,68523.4,8247.6,7912,68315.8,18061.9,43.46,19.7155
14063.4,13788,66844.8,7658.64,7144,70257.1,18380.2,-6.56,19.7165
10512.6,10756,64053.2,6018.48,5876,67125.1,35085.6,114.8,19.7165
16172.2,15947,66461.3,10681.9,10699,65431.4,6984.72,53.3,19.7186
6769.92,6946,63874.7,2727.36,2754,64902.1,12043.4,-18.86,19.7197
4851.2,5081,62572,1823.76,1849,64641.4,19233.4,0.82,19.7229
23491.2,18785,81954.7,17929.4,12837,91534.2,44192.2,75.44,19.7239
9475.84,8768,70826.7,7535.52,6820,72411.7,19993.7,43.46,19.7239
9852.8,10184,63404.7,3344.4,3384,64769.1,8926.56,-14.76,19.725
9143.68,9323,64275.5,3556.8,3455,67467,8784.72,-18.86,19.7281
7575.04,7536,65875.5,3789.36,3668,67704.3,6283.44,86.1,19.7292
13003.5,12857,66282.9,6804.72,6637,67192.1,13909,-19.68,19.7324
21037.4,14297,96433.5,25750.1,19929,84678.5,77022,91.02,19.7334
22110.1,18057,80246.2,11741,10093,76237.1,25693.2,70.52,19.7355
15271.7,13365,74885.5,10951.2,9749,73617.6,20967.1,96.76,19.7355
8042.24,8101,65060.6,3494.16,2741,83543.7,5859.36,43.46,19.7366
8798.72,8821,65370.5,5054.4,4533,73074.2,12362.4,127.1,19.7387
8471.68,8379,66260.9,3594.24,3519,66937.2,14019.8,-37.72,19.7408
10352,9676,70114.6,7058.16,6684,69204.6,16585.2,-36.08,19.7408
10986.2,10549,68252.4,3990.96,3969,65898.6,9144.72,-20.5,19.7419
12080,11017,71859.4,5422.32,5289,67188,17969,50.84,19.7482
10578.6,9880,70169.7,5041.44,3960,83433.3,5221.44,69.7,19.7492
17324.2,15609,72737.3,11642.4,11001,69357,7200,21.32,19.7514
15120,14241,69581.1,6374.16,6273,66592.9,17003.5,-4.1,19.7545
11308.8,10913,67912.9,6292.08,5505,74906,9919.44,50.84,19.7556
18590.1,17376,70115.1,14739.1,13952,69233.3,12825.4,44.28,19.7556
7403.52,7344,66067.1,2532.24,2612,63534.8,8925.12,16.4,19.7587
9178.24,7813,76987.7,6809.04,6245,71455.1,25475.8,4.1,19.7619
9966.08,9480,68896.3,6813.36,6412,69638.2,24099.1,89.38,19.763
10734.1,10273,68477.4,6678,6305,69413.1,9130.32,-87.74,19.7661
11928.3,11337,68954.3,7341.84,7149,67303.8,20278.1,-18.86,19.7661
17356.8,15721,72355.1,10890.7,10157,70270.2,35179.9,-74.62,19.7672
7911.68,7505,69087.3,2599.92,2593,65710.9,12006,59.86,19.7682
14062.7,13953,66051.3,10122.5,10081,65805.7,7637.04,-4.1,19.7725
47229.4,30933,100062,46013.8,35333,85346.8,33711.8,214.84,19.7777
15673,13500,76084.7,11581.9,10556,71905.3,26414.6,59.86,19.7798
13956.5,10971,83370,12762.7,11368,73576.5,19613.5,100.04,19.7872
10005.1,9009,72782.3,4404.96,4321,66809.4,9191.52,92.66,19.7883
18607.4,15984,76292,7230.24,6656,71190.1,33049.4,51.66,19.7883
17127,15733,71342.9,6996.96,6933,66140.6,7907.04,61.5,19.7904
10348.8,9649,70289,4160.16,4193,65022.7,19263.6,59.86,19.7925
15000.3,13456,73057.4,7516.08,7264,67810.3,14848.6,-12.3,19.7925
11790.7,9806,78800.4,9795.6,8990,71408.7,20165.8,51.66,19.7957
10966.4,9544,75303.2,7082.64,6652,69778.7,9853.92,85.28,19.7957
8600.32,7755,72679.6,2759.04,2763,65442.1,5937.12,-16.4,19.7999
12134.4,10749,73982.7,4795.92,4809,65357.8,12705.8,77.9,19.801
8391.04,7495,73370.9,2223.36,2343,62189.6,18216.7,58.22,19.802
15213.4,13389,74466.2,7204.32,6937,68061.5,12859.9,32.8,19.802
11911,10274,75978.4,9404.64,8902,69236.4,13677.8,-0.82,19.8031
11696,10420,73561.3,3040.56,3028,65807.8,8993.52,-58.22,19.8041
7552,6477,76413.1,2546.64,2601,64166.3,57515,-86.92,19.8052
14100.5,13299,69485.6,6440.4,6503,64905.1,7765.2,39.36,19.8073
11153.9,9776,74773.3,8379.36,7664,71653.1,17848.1,59.86,19.8073
10488.3,9726,70672.7,3539.52,3662,63344.1,11110.3,-84.46,19.8083
10844.8,9892,71848.4,8069.76,8020,65942.6,16178.4,46.74,19.8083
11057.3,10095,71783,5497.92,5295,68047.5,25209.4,48.38,19.8104
6327.68,5848,70911.6,2441.52,2380,67230,15822,-55.76,19.8126
8993.92,8437,69862,3482.64,3461,65945.8,9479.52,-35.26,19.8136
8587.52,8050,69912,3504.96,3506,65516.6,21345.8,35.26,19.8136
15445.8,15435,65581.7,5523.12,5707,63424.4,6863.04,-66.42,19.8157
18478.1,16465,73548.7,8102.88,7397,71790,36497.5,86.92,19.8189
12707.2,11775,70724.3,8988.48,8267,71255.5,31878,2.46,19.821
9362.56,9244,66376.5,4696.56,10936,28145,27543.6,-36.9,19.8263
13192.3,12821,67434,5061.6,4977,66650,6084.72,6.56,19.8263
11336.3,11204,66310,10049.8,8932,73737.3,14957.3,109.06,19.8273
22998.4,12196,123583,10285.2,5776,116699,6148.8,79.54,19.8284
12110.1,11560,68654.5,7580.16,7420,66950.6,12501.4,-30.34,19.8305
15312,14807,67771.1,6441.84,6307,66937.1,10663.2,85.28,19.8326
13102.7,12589,68210.3,12190.3,9465,84406.2,22804.6,159.9,19.8379
13617.3,11429,78084,13141.4,11441,75276.4,14425.2,31.98,19.8389
7011.2,7301,62934.7,3385.44,3477,63810.2,20454.5,22.96,19.84
11502.7,11132,67718.5,8471.52,7900,70277.2,14131.4,41.82,19.8411
17448.3,17938,63747,8550.72,8754,64014.2,39640.3,44.28,19.8432
11321,10281,72165.2,8673.84,7929,71692.4,23629.7,5.74,19.8432
6872.96,7292,61769.9,2709.36,2780,63870.7,7547.04,56.58,19.8432
13107.2,13425,63984.6,5148.72,5249,64284,8827.2,-8.2,19.8432
5685.12,6032,61767.2,2372.4,2464,63099.7,9708.48,14.76,19.8442
10474.9,10524,65230.1,3520.08,3608,63939,16523.3,61.5,19.8463
10942.1,9645,74349.4,11152.8,10633,68739.8,36038.9,96.76,19.8484
8172.8,8417,63634.6,2322,2369,64235.8,29813.8,26.24,19.8484
9585.92,9989,62891.5,3882.24,4085,62283.1,18516.2,-9.02,19.8506
8595.2,8724,64568.4,3450.24,3460,65351.1,16608.2,13.12,19.8527
7393.28,7792,62182.5,3330.72,3424,63750.6,6680.88,46.74,19.8569
7418.24,7924,61353.1,2906.64,3040,62661,4937.76,-3.28,19.8579
16407.7,15740,68316,8258.4,8008,67585.2,20707.2,73.8,19.859
14740.5,14545,66416.8,8662.32,8597,66034,6793.2,-22.96,19.8622
10433.9,10315,66291.6,6809.76,6507,68585.3,18222.5,4.1,19.8632
18465.9,17392,69582.7,12619.4,10084,82013.8,24893.3,107.42,19.8643
6053.76,6194,64052.2,2597.04,2582,65917.8,6903.36,13.94,19.8653
13500.8,11633,76058.5,10720.8,9797,71715.7,30366.7,19.68,19.8664
13106.6,12604,68149.1,8035.92,7496,70256.4,23741.3,52.48,19.8717
11825.3,11349,68286.3,7646.4,7153,70056.5,26650.1,93.48,19.8727
11882.2,11244,69256,8429.04,7912,69818.7,10258.6,56.58,19.8748
9120,9193,65015.6,3608.64,3657,64669.4,7210.08,25.42,19.8801
7744,7786,65182.5,4051.44,3466,76605.6,32504.4,116.44,19.8822
14995.8,14522,67674.4,4395.6,4346,66284,22041.4,-0.82,19.8885
13376.6,12893,67994.4,8416.08,8329,66221.2,5328,27.06,19.8885
12545.9,11984,68608.9,6866.64,6388,70446.5,12956.4,26.24,19.8896
13753.6,13060,69016.5,6987.6,6724,68105.2,11664.7,90.2,19.8907
15459.8,14584,69471.8,5442.48,5180,68856.8,18510.5,-82.82,19.8917
6159.36,6000,67276.6,3699.36,3616,67046.8,28335.6,27.06,19.8917
7144.32,6828,68572.1,2475.36,2492,65098.4,4786.56,-39.36,19.8938
12330.9,11251,71826.2,7007.76,6787,67667.7,26411,6.56,19.8949
8564.48,8104,69259.8,2974.32,2988,65236,12055.7,-5.74,19.8991
12167.7,11629,68571.8,6856.56,6893,65189.5,9084.24,77.08,19.9002
12494.1,11296,72486.9,8582.4,7492,75074.2,46180.8,-18.04,19.9002
9516.8,8744,71328.1,7775.28,7324,69574.1,13965.8,28.7,19.9065
13735.7,12892,69824.8,3673.44,3608,66724.7,36958.3,37.72,19.9075
10028.2,9628,68259.8,4697.28,4792,64240.6,5868.72,45.1,19.9107
8164.48,7512,71228.4,2976.48,2936,66439.6,15380.6,14.76,19.9107
8199.04,7825,68668.7,3135.6,3109,66096.7,6743.52,14.76,19.9107
13820.2,13149,68881.1,5155.92,5049,66923.8,5234.4,13.12,19.9107
7312,7265,65960,3129.12,3221,63666.6,8417.52,63.14,19.9191
6984.96,6361,71964.5,4678.56,4317,71024.8,12681.4,-25.42,19.9191
11397.8,8780,85075.6,10203.8,8492,78746.9,32335.2,20.5,19.9191
21178.9,18736,74080.9,13624.6,12484,71523.5,41336.6,8.2,19.9213
18569.6,17433,69808.8,8869.68,8397,69225.1,21144.2,75.44,19.9213
8418.56,7789,70833.1,22999.7,20925,72033.8,24091.2,4102.46,19.9223
5986.56,5933,66127.6,2208.24,2205,65632.3,12787.9,39.36,19.9265
9292.16,9296,65508.9,2121.84,2240,62079,17570.2,-9.84,19.9276
10767.4,10002,70550.9,10435,9426,72551,23254.6,100.04,19.9297
11706.2,11588,66204.7,4912.56,4900,65704,10032.5,91.84,19.9308
10392.3,10045,67802,3983.76,3961,65912.6,6635.52,-101.68,19.9308
15219.8,14949,66723.4,6431.76,6257,67366.4,25528.3,145.14,19.935
12521,12387,66244.7,2659.68,2631,66250.4,28757.5,-16.4,19.935
16859.5,15317,72135.9,9396,8501,72435.8,8061.84,136.12,19.9371
14297.6,13600,68897.6,8205.12,7764,69259.5,31427.3,13.94,19.9403
25552,21397,78262.2,19262.2,17541,71966.5,50040.7,119.72,19.9403
10459.5,10224,67045.7,3908.88,3904,65617.9,18724.3,-37.72,19.9445
6950.4,7017,64914,3575.52,3661,64005.8,8210.88,-6.56,19.9455
10969,10533,68248.5,6194.88,5973,67970.5,27410.4,-6.56,19.9476
7061.76,7134,64872.4,2669.76,2794,62621.8,5347.44,62.32,19.9476
12347.5,11736,68950.8,5102.64,4908,68135,6863.76,11.48,19.9487
12881.9,12073,69927.1,7425.36,7033,69192.2,8143.92,139.4,19.9487
13228.8,12792,67773.8,7051.68,7100,65090,8554.32,-31.98,19.9498
9638.4,9316,67804,3372.48,3396,65082.1,5083.92,12.3,19.9508
16471.7,16025,67362.7,6945.84,7021,64834.4,17508.2,78.72,19.9508
7446.4,7364,66269.3,2670.48,2720,64342.9,17127.4,20.5,19.9529
11825.9,11503,67375.8,7668.72,7359,68294.2,13406.4,40.18,19.9529
8937.6,9017,64958.9,3016.8,3133,63105.3,19519.2,59.04,19.9561
9688.96,9408,67493.2,6945.84,6752,67417.4,16789,54.94,19.9561
12181.1,11777,67784.8,5958,5793,67402.6,13216.3,-27.88,19.9593
8062.08,7781,67903.4,3014.64,2849,69346.3,9012.96,5.74,19.9603
14076.2,13556,68050.7,5752.8,5716,65957.9,10698.5,44.28,19.9614
15587.2,14548,70217.4,6505.92,6128,69577.7,23831.3,-25.42,19.9614
6203.52,6069,66988.6,2794.32,2741,66810.9,13441.7,-9.84,19.9624
13377.3,12730,68868.3,6536.16,6046,70849.1,41549.8,-7.38,19.9635
8754.56,8872,64668.5,3306.24,3208,67543,13584.2,9.02,19.9709
16002.6,15307,68514,9859.68,9519,67881.5,16591.7,33.62,19.9719
11968,11161,70274.6,5531.76,4889,74152.1,11142.7,45.92,19.9719
17077.1,15551,71967.5,11868.5,11051,70383.9,22553.3,91.02,19.9761
17611.5,14884,77545.6,16440.5,14256,75578.3,37175,117.26,19.9772
8664.32,8433,67333.7,5425.92,5361,66329.6,18148.3,32.8,19.9772
7856,7093,72585.8,5582.88,5073,72122.9,23011.9,14.76,19.9782
7782.4,7721,66057.2,4188.96,2829,97040.5,5350.32,13.94,19.9825
12349.4,11124,72755.6,7706.16,7088,71251.5,24944.4,42.64,19.9835
8473.6,7968,69694.5,3237.84,3152,67320.8,13695.1,50.84,19.9867
16239.4,15468,68804.2,9099.36,8940,66704.2,5749.2,12.3,19.9867
14225.3,12352,75475.1,8354.88,6692,81820.9,27432.7,19.68,19.9877
6450.56,6040,69990.7,2372.4,2344,66330,19678.3,-27.88,19.9877
9381.76,7781,79018.5,7388.64,6709,72175,17565.1,20.5,19.9909
15870.7,14313,72668.4,8724.24,8061,70928.1,43808.4,2.46,19.9909
11689,11036,69413.5,5114.88,5068,66142.2,6030,-10.66,19.993
18763.5,16049,76620.7,14176.8,12693,73197.1,28063.4,4.1,19.9962
6136.32,5900,68161,2888.64,2860,66192.3,8979.84,45.92,19.9972
10292.5,9439,71461.8,6080.4,5659,70416.2,29880,69.7,19.9972
11989.8,11646,67470.5,4885.2,4762,67231.5,14076.7,-9.84,19.9983
7557.12,7718,64169.9,2628.72,2694,63948,8312.4,18.04,20.0004
10672,10708,65315.7,3759.12,3648,67532.3,8221.68,150.88,20.0046
12386.6,11997,67664.1,6830.64,6301,71044.7,24611,154.98,20.012
9467.52,9576,64793.6,3520.08,3596,64152.4,4914,61.5,20.012
8005.12,8267,63460,3401.28,3279,67980,11095.2,36.9,20.0194
14771.8,13507,71673,10846.1,9779,72687.3,27829.4,72.16,20.0194
6512.64,6665,64037.9,4005.36,2109,124464,14594.4,37.72,20.0205
9141.12,8171,73316.9,8735.76,7659,74749.6,12674.2,22.96,20.0215
17745.9,15509,74988.5,9859.68,8709,74195,31101.8,68.88,20.0226
6296.32,6882,59958.7,2600.64,2646,64412.5,15318.7,31.98,20.0236
13605.8,13900,64148.7,7568.64,6712,73900.2,22528.8,136.94,20.0247
8133.12,8361,63749.8,4307.76,4185,67458.4,24765.8,-13.94,20.0268
6165.12,6420,62934.2,2046.24,2084,64348.6,5436.72,27.06,20.0321
5367.68,5446,64593.5,2733.84,2658,67405.9,17940.2,27.88,20.0321
14717.4,13873,69525.1,7379.28,6993,69156.1,17435.5,59.86,20.0342
10035.2,10177,64622.9,3972.24,3861,67424.2,12074.4,-5.74,20.0352
12137,11865,67038.2,6496.56,5309,80195.6,13556.2,185.32,20.0352
13898.9,13855,65743.6,5097.6,5020,66549.1,9772.56,14.76,20.0384
12207.4,12034,66480.1,6476.4,6294,67435.2,8412.48,-41.82,20.0405
7662.08,7397,67884.6,2545.92,2533,65870.3,10903.7,-60.68,20.0447
10131.2,9898,67080.1,3260.88,3226,66244.6,9726.48,-63.96,20.0468
8677.76,7845,72492.8,6212.16,5717,71212.2,17355.6,-27.06,20.05
10197.8,9826,68015.5,4910.4,4806,66959.6,7670.88,-0.82,20.0511
22899.2,21313,70413.5,12138.5,11749,67708.5,8369.28,16.4,20.0542
12419.8,11764,69189.6,4559.04,4496,66454.9,10779.8,-4.1,20.0563
8524.16,8220,67961,3787.92,3692,67238.7,21862.8,30.34,20.0563
16053.8,15478,67973.8,7172.64,6882,68303.7,6693.12,-22.96,20.0574
12715.5,12068,69052.4,6735.6,6324,69801.4,9506.88,11.48,20.0606
5968,6051,64637.1,2482.56,2595,62696.4,6549.12,-11.48,20.0606
16928.6,16341,67892.7,9419.76,9137,67564.1,22973,13.12,20.0679
6935.68,6824,66608.5,4198.32,3192,86197.1,12105.4,36.9,20.0711
9777.28,9116,70290,7225.2,6700,70673.2,10191.6,104.14,20.0743
17245.4,16501,68492.6,7284.24,6981,68382.8,9310.32,-21.32,20.0743
15238.4,14975,66688.7,9136.8,9119,65663.9,10504.1,-54.94,20.0753
16979.2,15528,71660.8,9228.96,8732,69265.8,10697.8,145.14,20.0753
8998.4,8638,68270.3,4714.56,4638,66617.8,7702.56,0,20.0764
10241.9,8682,77311,9576,8666,72417.8,22912.6,65.6,20.0785
30595.2,21234,94428.1,33577.9,25350,86807.2,7157.52,158.26,20.0806
13866.9,12942,70219.4,6178.32,5886,68790.8,14101.2,13.12,20.0817
8292.48,8053,67484.9,2916,2929,65245.1,11201.8,-36.08,20.0838
18153,14457,82290.4,10645.2,9261,75331.4,9256.32,43.46,20.0848
5368.96,5306,66313.6,1864.08,1866,65468.6,6822.72,-9.84,20.0848
18126.7,15829,75049.1,7310.88,6449,74294.6,25021.4,-50.02,20.0859
15985.3,15655,66918.6,6063.84,6035,65849.2,8328.24,-31.98,20.0891
14380.2,13350,70593.1,11651.8,10982,69532.9,25932.2,19.68,20.0891
7463.04,7286,67128.4,2795.04,2802,65373.2,9036,49.2,20.0891
13123.2,12700,67719.8,8699.04,7640,74620.5,27862.6,111.52,20.0901
9623.04,8844,71308.9,4551.84,4172,71502.7,6751.44,117.26,20.0912
12600.3,11732,70386.5,5929.92,5664,68612.9,15025,12.3,20.0922
19804.2,18857,68827.8,8476.56,8397,66157,6717.6,57.4,20.0954
9100.16,8837,67487.6,3243.6,3189,66658.1,7077.6,35.26,20.0964
13288.3,12297,70819.2,7098.48,6729,69134.5,17897.8,-68.88,20.0975
14828.2,14013,69348.3,6132.24,5945,67600.1,17963.3,96.76,20.0996
7464.32,6735,72632.8,2698.56,2687,65818,9766.8,58.22,20.1017
7689.6,7402,68082.4,2340.72,2378,64508.6,17534.2,49.2,20.1017
10324.5,8908,75957,6894.72,6364,71001.3,27323.3,21.32,20.1028
12449.3,11713,69655.6,5513.04,5041,71672.8,11163.6,72.16,20.1038
13259.5,11876,73170.8,4992.48,4848,67489.1,10533.6,24.6,20.1049
18887.7,16816,73609.8,12856.3,12308,68455.6,25701.1,80.36,20.107
8582.4,8040,69957.2,3050.64,3112,64243.8,22443.8,-25.42,20.1102
13473.9,11928,74029.8,7536.24,6924,71330.9,12257.3,7.38,20.1112
11902.7,11125,70117.4,3723.84,3717,65656.6,13040.6,-71.34,20.1123
14014.1,12943,70959.3,5652,5275,70219.8,25883.3,63.14,20.1133
8547.2,8222,68128.1,4036.32,4062,65121.7,12708.7,45.1,20.1165
5376.64,5024,70136,2250,2228,66183.1,9847.44,28.7,20.1175
31936.6,20169,103773,29854.8,22205,88113.7,60226.6,205.82,20.1175
11256.3,10992,67111.9,3800.88,3904,63804.9,19648.1,14.76,20.1186
10678.4,10320,67812,4125.6,4000,67593.8,5308.56,-52.48,20.1197
12096,11869,66789.4,3646.08,3677,64984.9,19621.4,57.4,20.1207
8360.96,8164,67117.1,3135.6,3092,66460.1,56332.1,50.84,20.1207
16643.2,15958,68350,6618.96,6002,72272.6,28061.3,113.98,20.1239
10736,10217,68865.1,4195.44,4217,65200.9,7370.64,53.3,20.127
11653.1,9992,76431,6179.76,5736,70606.1,46961.3,105.78,20.127
7354.88,6774,71155.8,2401.92,2370,66418.7,9918,36.08,20.1313
15325.4,13219,75979.1,8083.44,7287,72698.8,8048.16,25.42,20.1323
8147.84,7937,67276.9,2737.44,2821,63594.8,17570.9,62.32,20.1344
11749.8,11387,67623.8,5964.48,6027,64856.2,12711.6,2.46,20.1376
13065.6,12377,69182.1,6057.36,6041,65713.5,6531.84,9.84,20.1387
12482.6,12029,68007.1,3647.52,3709,64449.7,22484.2,22.96,20.1397
10736.6,10275,68480.4,3782.88,3879,63912,15680.2,-77.08,20.1439
10019.2,9344,70271.6,3823.2,3808,65797.6,28821.6,9.02,20.1471
9168,8913,67411,5974.56,5861,66805.8,11823.8,87.74,20.1524
12223.4,12327,64985,4368.96,4435,64560.1,43645.7,88.56,20.1566
14304.6,13667,68593.6,8606.16,7968,70784.8,17318.9,-66.42,20.1576
22331.5,21162,69157.9,14394.2,13950,67623,13956.5,130.38,20.1608
9187.2,8797,68442.9,7001.28,6605,69468,17177,-23.78,20.165
7216,7180,65864.6,2421.36,2376,66787.1,16764.5,39.36,20.1724
13219.8,13101,66130.5,6230.88,5613,72750.2,10945.4,176.3,20.1756
15471.4,13784,73558.5,11832.5,10636,72908.4,8971.2,18.04,20.1766
6148.48,5977,67416.2,2277.36,2281,65431.4,23634,4.92,20.1777
14325.1,14033,66900.2,3561.12,3457,67509.9,5006.88,90.2,20.1788
5994.24,5812,67590.9,2419.92,2420,65533.8,12407.8,80.36,20.1788
14352.6,13707,68622.9,5896.8,5659,68289.9,7545.6,139.4,20.1809
6396.8,5993,69951.7,2204.64,2201,65644.4,25455.6,68.06,20.184
15003.5,14080,69834.6,9683.28,9588,66187.3,6698.16,46.74,20.1851
22016.6,15572,92658.8,190362,151636,82272.9,6341.04,3506.32,20.1893
15789.4,14052,73639.1,8236.8,7536,71630.4,14022.7,-1.64,20.1893
8634.24,7361,76871.8,7034.4,6421,71796.7,6291.36,-27.06,20.1914
16434.6,16085,66960.2,7462.8,7493,65271.9,9601.2,-31.98,20.1925
11081.6,10317,70392.9,9152.64,8781,68309.7,15922.1,-35.26,20.1956
12235.5,11528,69558.2,6664.32,6200,70444,21661.9,-9.84,20.1967
13949.4,13712,66670.8,8660.16,8368,67824.1,11165.8,70.52,20.1999
15392.6,13993,72091.2,10721.5,9981,70398.3,20931.8,-50.84,20.202
6841.6,6808,65859.4,3078,3052,66094.3,7587.36,-76.26,20.2041
7322.24,7279,65925.3,2959.2,3023,64152.9,8683.92,5.74,20.2051
14691.8,14341,67139.3,6582.96,6593,65436.2,10173.6,57.4,20.2062
7095.68,6885,67541.4,2574.72,2549,66197.3,5344.56,-5.74,20.2062
13209.6,12913,67041.3,5014.08,4949,66397.8,4763.52,-36.9,20.2094
12478.7,11892,68769.4,5009.04,4736,69314.3,23400.7,-41.82,20.2104
10473.6,10352,66305.8,8232.48,8112,66509.4,12892.3,-10.66,20.2115
8734.72,8860,64609.3,3558.24,3608,64632.2,5721.84,17.22,20.2125
12206.1,12081,66214.5,5693.76,5649,66055.3,17899.2,34.44,20.2146
15701.8,15516,66320.6,5991.84,6012,65316.2,8142.48,-17.22,20.2167
12846.1,12900,65262.1,6196.32,6212,65370.6,16943,82.82,20.2178
10183.7,9372,71211.9,7578,6696,74168.4,10349.3,44.28,20.2189
6774.4,7081,62698.4,2772.72,2873,63248.5,10335.6,-9.02,20.221
11834.9,10848,71498,9079.2,8224,72351,12599.3,43.46,20.2231
11105.9,10100,72063.1,6333.12,5792,71658.7,37520.6,67.24,20.2231
9253.12,8448,71781.8,8529.84,7572,73826.2,8764.56,-20.5,20.2273
8954.24,9232,63564.2,5127.12,5264,63831.9,8881.92,65.6,20.2273
12975.4,12586,67563.4,6400.8,5946,70548.8,8416.8,5.74,20.2273
6509.44,6353,67149.8,17624.9,16417,70357.8,9327.6,1435,20.2284
12662.4,12092,68627.4,8422.56,8104,68112.2,12808.8,-32.8,20.2284
9033.6,9345,63352.2,2644.56,2661,65131.1,13041.4,-2.46,20.2284
8624.64,8852,63852.7,5132.88,5024,66956.3,5461.92,23.78,20.2294
11297.9,10416,71084.9,8212.32,6800,79147.5,11659,273.88,20.2315
5363.84,5548,63360.6,2429.28,2492,63886.6,7769.52,20.5,20.2326
26885.1,20156,87415.3,27712.8,20076,90465.5,32121.4,164.82,20.2326
10139.5,10041,66179,4044.24,4137,64066.6,26515.4,53.3,20.2389
9816.96,8750,73527.4,6201.36,5786,70240.6,31247.3,24.6,20.2389
13335.7,12621,69247,7087.68,6733,68988.3,30789.4,-21.32,20.241
10586.9,9748,71175.8,8220.96,7728,69716.5,11751.1,8.2,20.2421
18754.6,16765,73313.4,10513.4,9613,71674.7,31582.8,1.64,20.2442
9909.12,9012,72059.9,5501.52,4660,77370.7,19864.1,-9.02,20.2463
9891.2,8532,75976.3,6500.88,6212,68583.7,32489.3,80.36,20.2484
18846.1,17569,70299.8,5134.32,5009,67175.6,27830.2,40.18,20.2505
12826.9,11820,71118.6,5472.72,5212,68814.3,20546.6,80.36,20.2547
13546.9,11802,75225.2,12138.5,11482,69283,9439.92,83.64,20.2579
16226.6,15104,70406.8,5776.56,5748,65861.6,16197.1,40.18,20.2579
11571.2,10861,69821.4,4847.76,4701,67582,15801.8,-39.36,20.2653
12097.9,11356,69817.7,4471.92,4508,65011.5,14142.2,110.7,20.2685
13164.8,11953,72180.1,9612.72,9173,68677.6,21531.6,-5.74,20.2706
10944,9961,72003.4,5205.6,4925,69269.9,18007.9,20.5,20.2716
8894.72,8522,68402.3,3528.72,3514,65810.5,7056.72,-13.94,20.2716
12206.1,10912,73308.1,7143.12,6784,69005.2,22888.1,-45.92,20.2737
8048,7587,69518.1,4357.44,4323,66058.1,5364,-23.78,20.2737
6945.28,6764,67292.4,2710.08,2716,65393.2,10255,66.42,20.2769
12220.8,12227,65502.8,7737.84,7504,67578.2,20402.6,32.8,20.2822
14369.9,14316,65782.8,5870.88,5980,64340.1,33176.2,17.22,20.2843
11564.2,11688,64841.6,4294.8,4444,63335.7,14184.7,59.04,20.2853
17139.8,15974,70319.1,8791.2,8134,70831.1,17989.2,70.52,20.2875
14387.2,12904,73068.8,9199.44,8428,71534.7,27938.9,41,20.2875
11050.9,10486,69066.4,5363.28,5026,69933.9,5073.12,-4.1,20.2885
13543.7,13412,66179.4,4250.88,4372,63720.4,13374.7,13.94,20.2896
11486.7,11252,66903.1,4980.24,5200,62766.4,11779.2,-14.76,20.2906
18190.1,17198,69316.5,7233.84,7082,66941.1,13065.8,-19.68,20.2948
13502.7,11020,80300.8,13266,11768,73878.4,51592.3,14.76,20.297
7555.2,7221,68569.1,3063.6,3077,65250.6,6787.44,60.68,20.298
8293.12,8217,66143.1,2844.72,3021,61711.9,20468.9,-23.78,20.2991
12353.3,11655,69462.4,5827.68,5831,65498.7,9393.84,4.1,20.2991
20048.6,17389,75559.7,17105.8,15709,71363.1,31933.4,118.08,20.3022
12341.1,11884,68056.9,3353.76,3484,63086.1,11340,-47.56,20.3043
8697.6,8325,68469.2,4525.92,4405,67335,4905.36,27.06,20.3086
13394.6,13049,67271.5,6145.2,6233,64612.8,12467.5,-16.4,20.3107
21066.2,19860,69516.5,16549.9,16464,65878,44389.4,85.28,20.3117
11868.8,11804,65895.8,5091.84,5000,66739.8,8853.84,92.66,20.3128
12302.1,12196,66106,5142.24,5264,64020.1,17441.3,-21.32,20.3159
8856.96,8988,64580.5,2869.2,3048,61691.6,12235.7,-35.26,20.3159
9251.2,9544,63525.4,3029.04,3212,61803,12449.5,3.28,20.3181
8250.24,7962,67908.5,5138.64,4958,67923.8,15889,51.66,20.3223
17372.8,17502,65052.2,6503.04,6762,63026.2,7871.04,-18.86,20.3244
6554.24,6993,61424.1,2795.76,2917,62812.1,6031.44,-20.5,20.3276
9070.08,9257,64212.7,8074.8,6221,85065.1,13865.8,-5.74,20.3297
25158.4,21107,78115.4,20287.4,17495,75996.5,26540.6,6.56,20.3307
16086.4,16417,64216.3,5223.6,5233,65418.3,70186.3,22.14,20.3307
12574.1,12792,64419.6,6754.32,6796,65134.1,28298.9,169.74,20.3339
14886.4,14356,67957.3,12575.5,12180,67664.1,17661.6,-28.7,20.3349
7608.96,8196,60842,2473.92,2612,62071.5,7436.88,-15.58,20.3349
8293.76,8073,67328.1,6233.04,5977,68343.4,7993.44,19.68,20.3381
9434.88,9880,62583.4,4638.24,4648,65398.4,11944.8,26.24,20.3381
12956.8,13523,62792.1,5148.72,5399,62498,8398.8,68.06,20.3413
11813.1,11616,66648.1,7989.84,7600,68897.7,21970.8,27.06,20.3423
11237.8,11069,66535.2,8925.12,8393,69691,14509.4,8.2,20.3444
11096.3,11235,64727.1,4903.92,5015,64084.4,7524,9.02,20.3455
11428.5,11442,65458.6,5949.36,5910,65972.5,16278.5,123.82,20.3476
24663.7,20882,77404.4,138715,114274,79553,8177.04,1880.26,20.3476
7651.84,8209,61087.9,3044.88,3093,64516.4,6634.08,9.02,20.3487
10884.5,10745,66386.7,7280.64,6893,69221.5,29782.8,-39.36,20.3539
6026.24,6566,60148.6,2741.04,2822,63655.8,22798.8,-42.64,20.3561
5775.36,6301,60068.9,2691.36,2857,61736.4,8109.36,-55.76,20.3561
17765.1,17893,65067.6,11523.6,11637,64897.4,23294.2,-38.54,20.3571
10041.6,10512,62603.3,4017.6,3700,71161.5,28280.9,-67.24,20.3645
4538.88,5252,56637.5,1913.04,1968,63705.8,9141.84,54.12,20.3655
8311.04,8832,61670.3,5913.36,5632,68810,13704.5,18.04,20.3655
7417.6,7960,61070.3,3070.08,3084,65240.2,6399.36,118.9,20.3666
10249,10992,61105.9,3394.8,3524,63133.3,23263.2,2.46,20.3666
15356.8,12598,79887.5,16179.1,13250,80023.8,20556,140.22,20.3677
14435.8,15049,62865.8,5911.92,6045,64093.2,12657.6,29.52,20.3687
10318.1,10592,63841.2,8395.2,7780,70718.2,24043,78.72,20.3687
13408.6,12292,71489.5,10037.5,8736,75299.8,39647.5,95.12,20.3687
9429.12,10084,61279.9,5623.2,5472,67346.9,28420.6,-13.12,20.3698
8552.96,8781,63834.1,5778.72,5533,68446.5,14728.3,-13.12,20.3708
15490.6,14404,70479.7,10487.5,9652,71209.1,36272.9,113.16,20.3719
15287,14621,68521.4,11165.8,10605,69001.4,14035.7,-35.26,20.3729
11783,11601,66564.4,6959.52,6581,69305.4,17451.4,-26.24,20.3772
6688.64,7317,59908,2620.8,2753,62388.9,5909.76,18.04,20.3793
8510.08,8791,63441.8,3412.08,3095,72250.1,11700,82.82,20.3814
14409,14700,64238.5,7493.04,7560,64955.5,9973.44,13.12,20.3824
9756.8,9818,65127.5,8178.48,7742,69230.8,11744.6,4.92,20.3845
14142.7,12485,74237.7,11652.5,10229,74656.1,25038.7,75.44,20.3856
11706.2,11785,65098,6446.16,4845,87194.1,25547,262.4,20.3877
9645.44,9756,64793.3,5916.24,5612,69088.9,9279.36,91.02,20.3898
5130.24,5425,61975.2,1870.56,1937,63288.1,8241.12,-41.82,20.3962
11126.4,11336,64324.3,7176.24,6424,73210.2,8809.92,28.7,20.3962
13047,13144,65052.6,2683.44,2700,65134.1,14774.4,70.52,20.3972
8597.12,8802,64010.6,6926.4,6642,68342.2,14487.1,-9.84,20.3972
6166.4,6856,58944.2,3092.4,3064,66143.5,7951.68,44.28,20.3993
12927.4,13428,63092.6,8422.56,8132,67877.6,19859.8,64.78,20.4035
5928.96,6551,59313.1,2880,2983,63273.1,13292.6,-61.5,20.4046
8236.8,8199,65838.1,31417.9,29463,69884.4,30867.8,4812.58,20.4046
13630.1,14013,63745.2,4848.48,4905,64780.8,24794.6,-20.5,20.4057
4863.36,5117,62287.5,2432.16,2409,66166.1,8090.64,-11.48,20.4067
7342.08,7392,65093.4,7423.92,4576,106323,10597,238.62,20.412
19035.5,17021,73292.5,13677.1,12345,72607.8,27810.7,27.06,20.4151
12949.1,12512,67825.6,5511.6,3988,90573.8,30847,2.46,20.4151
10458.2,9840,69653.6,7634.88,7028,71195.1,28228.3,81.18,20.4173
7283.84,7653,62374.7,2548.8,2593,64418.9,6120.72,14.76,20.4236
15866.9,12140,85655,9127.44,6680,89547.3,12826.1,43.46,20.4236
9182.72,8892,67678.7,5357.52,5128,68469.3,16017.1,17.22,20.4246
17897,16050,73077.6,7876.8,7014,73597.7,8215.2,45.92,20.4268
14555.5,14360,66428.3,7409.52,7272,66775.4,6024.96,-57.4,20.4278
11734.4,11429,67287.2,6367.68,5873,71056.1,7337.52,-2.46,20.4289
13873.9,13721,66266.4,7624.08,7181,69579.7,13258.1,22.96,20.432
17301.8,16493,68749.7,13294.1,12265,71034.7,21867.8,92.66,20.4331
16296.3,16545,64551,5384.88,5377,65632,9018.72,-3.28,20.4363
13625,13425,66512.1,6318,6017,68814.4,26490.2,29.52,20.4373
10679,10932,64019.5,8742.24,8580,66775.2,16902,37.72,20.4384
8655.36,9121,62190.3,3497.04,3557,64431.3,31378.3,44.28,20.4405
18847.4,15543,79468.6,14680.8,12131,79310.9,20811.6,81.18,20.4405
11599.4,10857,70017.1,6747.12,6397,69122.9,47251.4,10.66,20.4415
9578.24,10142,61893.1,4825.44,4894,64617.9,37141.9,-53.3,20.4447
12120.3,12488,63606.4,5839.2,5848,65437.4,14305.7,26.24,20.4458
7312.64,7684,62368.7,3906,3808,67222.6,5955.12,-67.24,20.4489
5067.52,5616,59135.5,2685.6,2576,68324.3,12890.9,29.52,20.45
11764.5,11728,65739.8,6719.04,6436,68418.1,10831.7,-3.28,20.45
10551,10593,65276.4,9361.44,8849,69331.2,14408.6,11.48,20.4574
19939.8,18448,70835.7,7562.88,6960,71212.8,18720.7,31.98,20.4616
9388.8,9240,66591.4,3025.44,3064,64711.2,11064.2,71.34,20.4616
7377.92,7011,68965.8,2296.8,2323,64796.9,9307.44,-31.16,20.4637
42677.1,38077,73453.5,34965.4,31389,73003,20794.3,107.42,20.4637
12288,11126,72380.6,7408.8,7106,68328.6,10061.3,36.9,20.4637
11797.1,10784,71692.9,5818.32,5568,68482.3,12537.4,-33.62,20.469
15872.6,14098,73785.6,9151.92,8630,69499.4,15366.2,23.78,20.47
9320.96,8666,70489.1,2892.96,2986,63494,12919,-3.28,20.47
7727.36,6937,73002.8,2634.48,2633,65572.8,7334.64,79.54,20.47
11358.7,9449,78781.4,6089.04,5597,71297.4,15081.8,87.74,20.4711
13068.2,12204,70176.6,4896,4908,65375.8,6450.48,39.36,20.4711
11084.2,8901,81610.1,8139.6,7441,71688.9,9825.12,-27.06,20.4721
14438.4,12956,73034.5,5185.44,4968,68404.4,26574.5,18.04,20.4732
10128,9472,70074.8,4898.16,4560,70396,38065.7,96.76,20.4764
15451.5,14297,70828.2,8228.16,8105,66531.9,12422.2,54.94,20.4785
9870.08,9394,68857.3,3053.52,3078,65014.8,13014.7,98.4,20.4785
6810.88,6117,72970.1,2719.44,2661,66975.3,9825.84,-2.46,20.4795
11916.2,11197,69745.2,4235.04,4201,66067,17164.8,52.48,20.4837
6762.24,6264,70748.8,2108.88,2120,65192.3,13371.1,92.66,20.4837
12677.1,11736,70791.4,6327.36,5992,69203.9,14585.8,-33.62,20.4943
14094.7,13108,70469.3,6545.52,6224,68921.5,8393.04,-42.64,20.4943
9696.64,9101,69825.2,5478.48,5417,66279.8,21200.4,-34.44,20.4975
5747.2,5533,68073.1,3380.4,2541,87185.3,16027.9,81.18,20.5027
20657.3,19600,69071.2,9711.36,9508,66937.7,12042.7,18.86,20.5027
13865.6,12404,73258.3,9509.76,8644,72099.9,31368.2,140.22,20.5049
13993.6,12705,72183,9185.76,8049,74791.6,33040.8,13.94,20.5059
5516.8,5461,66205.6,1768.32,1829,63361.7,5145.84,34.44,20.5059
10327,9744,69457.4,5083.92,4320,77125,31914.7,-71.34,20.507
12623.4,12341,67035.5,4774.32,4625,67651.9,12814.6,-86.92,20.508
13239.7,12885,67340,4324.32,4369,64865.8,8677.44,1.64,20.508
42201.6,35444,78030.8,23014.8,20404,73921.7,94409.3,72.98,20.5122
5560.96,5632,64709.4,2401.2,2496,63046.9,7337.52,3.28,20.5143
15881.6,14593,71323,8133.12,7585,70271.9,17941.7,45.1,20.5154
31241,26284,77895.6,18051.1,15416,76738.3,98007.8,100.86,20.5165
6765.44,6901,64248.6,2540.16,2661,62559.9,7169.04,5.74,20.5165
10930.6,9512,75309.6,10072.8,9080,72701.7,70251.1,-0.82,20.5175
9495.04,9477,65660.8,5804.64,5473,69507.2,8977.68,-3.28,20.5175
11389.4,11425,65332,3810.24,3761,66394,7747.92,156.62,20.5186
10253.4,10253,65538.8,4723.92,4633,66822.1,5499.36,-45.1,20.5196
11052.2,11589,62500.2,6977.52,7025,65093.1,20978.6,71.34,20.5281
6473.6,6617,64115.7,19493.3,17897,71381.3,17907.8,2856.88,20.5281
14840.3,14160,68684.7,11283.1,10192,72552.1,34117.2,-18.04,20.5281
9773.44,10537,60787,3799.44,3961,62862.9,9167.76,40.18,20.5302
16021.1,16381,64096.2,7043.04,7005,65891.9,34077.6,58.22,20.5333
10166.4,10329,64504.3,4127.76,4073,66417.1,12403.4,33.62,20.5344
8801.92,9174,62878,6341.76,5910,70323.8,12323.5,98.4,20.5365
11936,12546,62349.6,5907.6,5974,64807.6,4894.56,60.68,20.5365
6082.56,7016,56816.8,3942,4092,63133.7,20457.4,-31.16,20.5407
7367.68,8253,58505.8,2297.52,2201,68409.9,34708.3,-6.56,20.5407
12414.7,13268,61321.3,7526.88,6432,76691.8,15578.6,63.96,20.5428
11280.6,11828,62503.2,6847.2,6320,71002.9,12510.7,21.32,20.5439
8996.48,9983,59059.7,3164.4,3323,62408.1,5927.76,-28.7,20.5471
11886.7,12816,60784,4242.24,4356,63824.5,14595.1,20.5,20.5513
5193.6,6005,56680.7,2296.08,2417,62257.3,11731,29.52,20.5534
14530.6,14481,65760.3,8881.92,8449,68894,18029.5,-4.1,20.5545
14180.5,13053,71196.8,9065.52,8185,72586.2,22120.6,6.56,20.5555
6162.56,6937,58219.6,3106.8,3229,63055.8,27884.2,47.56,20.5566
12274.6,11679,68877.9,9088.56,8335,71461.1,19141.9,88.56,20.5576
9467.52,9288,66802.7,3745.44,3704,66269.2,5441.04,-59.86,20.5639
6236.16,6473,63138.1,2484.72,2637,61751.5,28836.7,24.6,20.5639
8622.08,8545,66127.2,3234.96,3173,66815.7,6650.64,63.14,20.565
12096.6,11488,69008.1,8011.44,7524,69781.7,15375.6,68.06,20.565
12099.2,12185,65074.5,4404.96,4541,63572.7,10693.4,10.66,20.5692
14369.3,13681,68833.1,10237,9173,73137.4,17867.5,95.12,20.5692
8843.52,8728,66403.4,6300.72,6040,68364.9,7079.76,45.1,20.5692
10127.4,10198,65082,3098.16,3253,62416.6,6884.64,64.78,20.5713
14072.3,13244,69634.8,6324.48,6140,67505.1,7166.88,82.82,20.5724
10652.2,10371,67312.7,4478.4,4471,65644.5,14507.3,41.82,20.5734
10643.8,10000,69755.5,7025.04,6688,68838.7,13063,35.26,20.5734
11325.4,10885,68187.8,4242.96,4193,66316.9,12900.2,-50.84,20.5745
14173.4,13004,71429.6,9083.52,8632,68964,5307.12,36.9,20.5756
11477.1,10841,69381.5,9627.12,9129,69112,12127,51.66,20.5766
15451.5,14352,70556.8,5749.92,5492,68613.8,25657.2,28.7,20.5787
14077.4,12733,72455.8,8671.68,8233,69028,21890.9,50.02,20.5808
12739.8,11032,75681.5,14153.8,13356,69450.5,21049.9,54.94,20.5808
5975.68,5628,69584.6,2621.52,2632,65275.1,22361.8,-37.72,20.5829
15373.4,13939,72280.2,9861.12,9251,69858.2,19541.5,26.24,20.5829
9137.92,8533,70182,4206.24,4133,66697.4,17843,-21.32,20.5861
11654.4,9960,76685,7793.28,7196,70975.6,33576.5,-10.66,20.5924
13160.3,11704,73690.6,11111,10620,68566.2,7863.12,-3.28,20.5924
17066.2,16081,69551.2,13920.5,10501,86876.7,39237.8,324.72,20.5924
17465,15925,71873.4,7866.72,7409,69584.7,18900,4.92,20.5935
14042.2,13081,70351.8,7783.92,7485,68153.2,14836.3,18.86,20.5988
8440.96,8305,66608.9,2550.24,2533,65982,13756.3,-9.84,20.6009
14942.1,14636,66906.5,7406.64,7388,65701.3,9210.24,-38.54,20.603
13182.1,12546,68858.7,6508.08,6198,68814.7,23518.1,70.52,20.603
13829.1,13393,67670.1,5032.8,4933,66861.9,21017.5,6.56,20.6062
9152,7896,75960.7,6961.68,6332,72053.2,17706.2,63.14,20.6062
11068.2,11000,65942.1,4053.6,4076,65175.8,22415,-4.92,20.6093
9525.76,9695,64392,3262.32,3355,63725.6,16246.1,43.46,20.6104
14714.9,13057,73857.3,12476.9,10705,76383.5,50557.7,96.76,20.6125
9975.04,9184,71180.8,7792.56,7344,69538.8,25567.2,50.84,20.6146
10350.7,10633,63796.2,3181.68,3293,63320.6,19408.3,-4.1,20.6167
5971.2,6208,63036.2,3512.88,3552,64814.2,4880.88,29.52,20.6178
9134.72,9272,64565.7,3559.68,3564,65456.6,30147.1,41.82,20.6188
8039.68,8333,63229.1,2797.92,2905,63120.3,17217.4,35.26,20.6188
8382.72,7796,70468.2,7500.96,6884,71409.5,9771.84,-68.88,20.6209
7478.4,7780,62995.4,3248.64,3360,63364,7791.84,-8.2,20.622
9294.08,9364,65046.7,3607.2,3424,69042.5,21371,0.82,20.6241
6565.76,6732,63917.7,2993.04,3036,64608.7,7894.8,-51.66,20.6252
19296,17249,73313.4,13783.7,12897,70041.7,46273,72.98,20.6252
9672.96,9595,66068.5,4969.44,4943,65886.6,5420.88,-25.42,20.6252
10357.1,9383,72339.8,7084.8,6547,70919.4,14416.6,10.66,20.6262
11258.9,10708,68907.5,5222.88,4832,70837.5,15847.2,21.32,20.6273
21793.3,12949,110298,12945.6,7937,106892,23556.2,59.04,20.6283
15757.4,13452,76767.7,11015.3,9516,75861.4,31783.7,65.6,20.6294
12942.7,10948,77476.6,8507.52,7588,73477.7,32556.2,-12.3,20.6294
9462.4,9310,66608.8,3810.24,3834,65129.9,6450.48,22.96,20.6304
11931.5,11328,69027.5,4175.28,4068,67264.3,12831.1,24.6,20.6315
10302.7,9976,67682.3,5261.04,5096,67658.5,28015.2,97.58,20.6325
12247,11896,67469.9,6181.2,6076,66670.7,14226.5,-28.7,20.6347
18628.5,17220,70896.4,10793.5,10164,69595.1,27696.2,20.5,20.6368
13020.2,9459,90209.2,12957.1,10099,84083.4,47290.3,72.98,20.6389
25656.3,22939,73299.3,13744.1,13103,68742.4,24511.7,32.8,20.6452
11843.8,11005,70531.4,4410,4281,67510.8,13528.1,-27.88,20.6484
10790.4,9888,71517,4112.64,3968,67924.9,7112.88,-31.98,20.6484
6722.56,6322,69688.3,2355.12,2354,65567.2,15102,-28.7,20.6515
8728.32,7765,73666.3,7060.32,6657,69506.6,8439.84,25.42,20.6515
14277.8,13725,68175.4,3899.52,3993,64001.7,17511.1,43.46,20.6526
11978.2,10820,72551.4,6510.96,6148,69405.1,28664.6,49.2,20.6526
12636.2,12204,67856.7,5173.92,5016,67599.3,6111.36,-28.7,20.6537
11507.2,11064,68161.2,4627.44,4700,64524.2,5608.8,58.22,20.6537
9786.88,9256,69294.8,3571.2,3548,65964.5,13263.8,41,20.6537
5827.2,5547,68846.5,2016.72,2079,63572.8,11348.6,-28.7,20.6547
13879.7,11540,78823.1,10429.2,9268,73747.1,51801.8,53.3,20.6579
9966.08,8048,81155.2,9537.84,8484,73676.6,48082.3,-8.2,20.6579
10668.8,9897,70646.7,8365.68,7769,70569.4,10843.2,-5.74,20.6653
14943.4,14237,68787.5,5790.24,5677,66843.3,9793.44,50.02,20.6674
13927,13263,68817.2,10269.4,9487,70940.5,15441.8,76.26,20.6684
14014.7,13441,68333.4,6328.8,6293,65908.8,10400.4,-19.68,20.6695
13811.8,12168,74389.6,9486,8172,76073.7,8989.2,49.2,20.6695
10138.9,9384,70807.9,4845.6,4488,70757.9,13955,103.32,20.6716
13978.9,11961,76592.3,10975.7,9769,73631.1,15369.1,166.46,20.6716
14461.4,12885,73554.1,9270.72,8549,71068.7,27720,42.64,20.6769
5645.44,5713,64761,2226.24,2277,64075,9316.08,62.32,20.6779
9523.2,8636,72268.7,9514.08,8984,69402.8,10838.9,-18.86,20.679
17332.5,17015,66758.8,7557.84,7363,67270.2,21523,-90.2,20.68
10941.4,10660,67266.2,4940.64,4704,68832.9,6125.04,80.36,20.68
6524.8,6625,64544.8,2489.04,2517,64808,14330.9,-50.02,20.6821
12225.3,12041,66539,5850.72,5801,66097.7,6050.16,23.78,20.6821
9600.64,9386,67034.7,5962.32,5690,68672.5,15882.5,-22.14,20.6843
24170.2,15352,103180,61262.6,18252,219971,13356.7,784.74,20.6895
8232.96,8716,61904,4316.4,4376,64643.4,11743.2,-13.12,20.6916
11429.1,11102,67467,7565.04,7034,70483.7,17383.7,71.34,20.6948
6440.32,7017,60150,2506.32,2621,62668.5,15734.9,-66.42,20.6948
8717.44,9177,62254.1,4094.64,4173,64305.4,17208.7,-8.2,20.6959
12372.5,12921,62753.9,5001.12,4845,67647.8,29913.8,20.5,20.6959
6817.92,6997,63858.7,2707.2,2677,66275.3,5495.04,-19.68,20.7011
14190.7,13778,67499.1,4289.04,4194,67021.1,33158.2,80.36,20.7022
5149.44,5177,65187.1,2900.16,2937,64714,10194.5,67.24,20.7022
7544.96,7556,65440.2,2941.2,3056,63074.1,17276.4,-5.74,20.7033
12629.1,12305,67262.3,4415.76,4453,64987.9,7503.12,25.42,20.7043
14784.6,13889,69762.1,5889.6,5685,67894.6,12211.9,76.26,20.7075
14601.6,13741,69640.5,8833.68,8429,68682.4,7842.96,83.64,20.7085
15849,14517,71549,8471.52,7413,74894,6359.04,9.02,20.7085
10639.4,9936,70175.2,4490.64,4416,66643.7,22427.3,31.16,20.7085
12510.1,11727,69912.2,4361.04,4303,66420,7045.92,85.28,20.7096
5907.84,5660,68405.7,2790,2552,71647.9,6604.56,45.1,20.7106
10103,9765,67804.7,4088.88,4181,64092.1,14107.7,105.78,20.7106
7019.52,6646,69219.3,2733.84,2742,65341,6764.4,-80.36,20.7106
14681,14229,67617.6,6110.64,6069,65985.6,6140.16,-71.34,20.7138
9079.68,8736,68114.2,3789.36,3860,64336.7,5328.72,-15.58,20.7159
8620.8,7872,71769.9,3858.48,3716,68048.8,21147.8,72.98,20.7201
14086.4,13557,68095.2,7449.84,7201,67800.7,14068.1,64.78,20.7222
14096.6,12222,75588.1,6226.56,5754,70918.3,33971,43.46,20.7244
10768.6,10227,69006.9,4205.52,4131,66718.2,12869.3,32.8,20.7275
23842.6,17425,89672.6,20433.6,16165,82841.7,14982.5,82,20.7296
10335.4,10434,64916.4,3729.6,3798,64355.7,6284.16,4.1,20.7307
13458.6,12881,68474.5,6005.52,5921,66471.5,9745.2,-38.54,20.7328
11745.3,10435,73765.1,7917.12,7219,71873.7,14834.9,2.46,20.7328
14682.9,13277,72475.5,7372.8,6777,71297.6,14024.9,59.86,20.7328
16946.6,16150,68768.4,9168.48,9170,65525.1,6415.92,111.52,20.737
10155.5,9428,70593.1,5451.12,5312,67252.4,8709.84,29.52,20.7381
15782.4,13901,74405.8,7454.88,7017,69625.6,19623.6,45.92,20.7391
7779.2,7512,67867.1,2894.4,2504,75753.8,13724.6,48.38,20.7412
6372.48,6141,68006.3,2530.8,2601,63767.2,4895.28,-18.86,20.7434
13514.9,12616,70205.4,6973.2,6716,68045.8,28926,58.22,20.7444
10942.7,9785,73289.9,11334.2,10633,69858.1,20334.2,20.5,20.7455
12382.7,11588,70030.5,11708.6,11344,67642.6,10135.4,-69.7,20.7465
10108.2,9853,67233.2,4320,4285,66071.3,9945.36,12.3,20.7465
21463.7,18001,78142.5,10663.2,10005,69847.4,9666,-21.32,20.7486
11536.6,11095,68144.7,4150.8,4163,65343.9,7726.32,-25.42,20.7507
8307.2,7633,71324.6,6071.04,5765,69015,32423,-8.2,20.7518
23265.9,22369,68163.8,12276.7,12161,66159.6,13320,114.8,20.7529
6032.64,6152,64264.5,2635.92,2796,61783.9,11128.3,0.82,20.7571
13321.6,12625,69152,7655.76,7509,66816.9,28665.4,41,20.7571
26629.8,22036,79198,23323.7,19188,79661.3,65485.4,170.56,20.7592
12759.7,12113,69034.8,6063.12,6069,65472.5,7111.44,89.38,20.7592
9793.28,9177,69937.1,5361.84,5181,67823.5,21484.1,-44.28,20.7623
15918.7,14381,72543.6,10450.8,10221,67009.5,29794.3,63.14,20.7634
6423.04,5089,82715.7,12442.3,8065,101106,11664.7,943,20.7645
14263,13885,67320.3,4263.12,4409,63367.6,20435,13.12,20.7655
13472,13392,65927.5,6436.8,6628,63645.5,8186.4,-41.82,20.7687
14652.2,12432,77239.7,5432.4,4980,71489.5,22909.7,37.72,20.7718
15735,14483,71201.5,13561.9,12355,71938,21298.3,-10.66,20.7729
14213.1,12899,72212.7,11793.6,10819,71439.6,8635.68,24.6,20.7729
10516.5,9896,69645.1,6034.32,5788,68325,8916.48,81.18,20.7761
12845.4,12561,67020,5028.48,4913,67076.4,10311.1,-79.54,20.7771
10722.6,9481,74118.1,8071.2,7497,70555.5,10367.3,-29.52,20.7782
17873.3,15565,75255,14369.8,13417,70189.8,13863.6,28.7,20.7803
7156.48,6813,68840,2716.56,2665,66803.9,14771.5,-18.04,20.7803
8828.8,7513,77013.8,11674.8,8477,90258.3,15018.5,55.76,20.7813
9809.92,8764,73357.3,11375.3,7036,105954,22978.8,163.18,20.7856
12241.3,10064,79714.3,9123.12,8176,73127.8,28784.9,154.98,20.7856
19312.6,18489,68455.5,5742.72,5821,64654.7,16213,129.56,20.7866
13678.1,12478,71839,8326.8,8030,67958.3,4973.04,36.9,20.7887
10780.2,10596,66675,3537.36,3520,65859.2,20399,7.38,20.7919
9870.08,9508,68031.7,4422.96,4164,69611.7,14358.2,-1.64,20.7961
9673.6,8705,72828.1,5009.04,4581,71659.6,29808,-47.56,20.7972
8766.72,8196,70099.5,10116,9380,70678.3,23207.8,145.14,20.8014
10385.9,10633,64013.1,5112,4397,76192.9,33274.8,234.52,20.8025
14775,13024,74347.1,7608.24,6928,71970.8,35641.4,25.42,20.8025
10169,9248,72062.4,7322.4,6608,72621.2,52184.2,8.2,20.8046
7353.6,7568,63679.4,3258,3248,65737.8,12929.8,-64.78,20.8056
21706.2,18993,74898.1,13830.5,12389,73161.2,50536.8,104.96,20.8056
15164.8,14484,68616.4,7530.48,7136,69158.9,13761.4,38.54,20.8088
13398.4,13484,65120,6843.6,5612,79918.4,5869.44,72.98,20.8098
16426.2,15747,68362.9,7719.12,7411,68260.7,32225,64.78,20.813
11678.1,10304,74275.5,11071.4,9952,72907.8,22401.4,59.04,20.8141
12837.1,12568,66939.3,6730.56,6536,67486.8,12052.1,30.34,20.8141
11588.5,11725,64772.9,7902.72,7449,69527.8,11502.7,0,20.8162
13333.1,12836,68074.1,9834.48,9232,69812.9,18839.5,71.34,20.8162
11347.8,11296,65836.8,9976.32,9152,71438.8,23727.6,96.76,20.8193
12339.8,11737,68902.1,8518.32,8121,68742.4,9391.68,-27.06,20.8204
5427.84,5890,60393.7,6909.12,4274,105942,16740,329.64,20.8225
13045.8,11377,75148.7,12493.4,11157,73386.2,64782,43.46,20.8236
12645.1,13393,61876.4,5835.6,5637,67844.9,12255.1,21.32,20.8257
14320.6,12893,72792.8,10678.3,9645,72557.2,24759.4,109.88,20.8278
7145.6,7384,63420.1,2798.64,2856,64219.8,10021.7,53.3,20.8362
13086.1,13136,65286.9,7103.52,7092,65642.5,5642.64,40.18,20.8383
20361,17644,75627.7,15766.6,13996,73826.6,32657,52.48,20.8394
7966.08,8176,63853.3,3539.52,3616,64149.9,36614.9,-8.2,20.8404
14428.2,12914,73220.1,12366.7,11398,71105.9,42839.3,27.88,20.8415
6432,6569,64169.2,2548.08,2525,66135,6211.44,-38.54,20.8457
13564.2,13568,65517.5,4991.04,5076,64439.1,15281.3,113.16,20.8468
14994.6,14681,66935.7,6524.64,6425,66552.3,17074.1,109.06,20.8478
14966.4,14132,69405.5,7346.16,6992,68855.5,12678.5,31.98,20.8499
10885.1,10405,68560,5526,5061,71557.4,9552.24,-44.28,20.8521
8869.76,8369,69457.4,4334.4,4213,67424.5,18227.5,15.58,20.8584
13508.5,12820,69055.5,8280.72,8080,67164,16187,77.08,20.8584
11002.9,10384,69441.9,7398.72,7072,68563.7,19916.6,50.02,20.8584
14010.9,13377,68641.5,4937.04,4849,66725.9,8254.8,-20.5,20.8594
8166.4,6804,78658.6,6986.16,6420,71315.4,17945.3,40.18,20.8594
14199,13121,70920.5,6217.92,4529,89975.2,16196.4,-33.62,20.8594
11480.3,10642,70698.6,5928.48,5426,71605,14804.6,63.14,20.8605
13265.3,12600,68996.3,5966.64,5512,70941.5,44455,141.86,20.8605
12053.8,10972,71997.4,5613.12,5292,69512.7,27322.6,83.64,20.8615
10627.2,9625,72359.9,6779.52,6493,68428,31104.7,44.28,20.8626
10381.4,9941,68439.6,4050.72,3445,77058.9,18009.4,96.76,20.8647
10940.2,10408,68886.9,4406.4,4316,66908.7,9024.48,-7.38,20.8658
7589.12,7453,66732.9,3032.64,3065,64844.1,15303.6,63.96,20.8658
13110.4,10523,81650,13119.1,11227,76581,20985.8,65.6,20.8668
7616,6844,72928.4,6287.04,5864,70263.9,15143,70.52,20.8668
6453.76,5877,71967.6,7040.88,6533,70630.8,10293.8,-84.46,20.8668
5548.16,5773,62983.6,2612.16,2633,65017.3,12116.9,-9.02,20.8679
10771.8,10216,69101.7,8350.56,7884,69414.3,39551,62.32,20.871
5703.04,5558,67246.2,2311.2,2322,65231.2,7201.44,45.1,20.871
16704.6,11857,92329.9,19838.9,15845,82055,72841,31.16,20.8721
10786.6,9541,74091.6,6811.2,6353,70262.7,34771.7,34.44,20.8742
13242.2,13037,66567.7,6878.16,6761,66671.7,4900.32,-40.18,20.8784
16972.2,15768,70540.8,15068.9,13896,71067.5,20213.3,-7.38,20.8805
15505.3,15397,65996.9,6141.6,6177,65160.4,14371.2,-6.56,20.8848
8872.96,8572,67837,7770.24,7096,71763,17287.2,34.44,20.8848
9657.6,10004,63266.7,3669.12,3812,63079.6,8415.36,-9.02,20.89
10224.6,9684,69194.8,7434,7108,68541.7,19180.1,96.76,20.8911
11825.9,11540,67159.8,7276.32,6932,68791.3,5654.88,-3.28,20.8932
12215,10998,72788.2,11088,10082,72075.3,49131.4,141.86,20.8943
6414.72,6466,65016.3,2897.28,2674,71008.3,15096.2,-35.26,20.8964
10859.5,11249,63266.9,4149.36,4353,62470.1,10827.4,-16.4,20.8964
18128,17513,67837.4,7359.12,7309,65985.4,28391,-50.02,20.8964
14181.8,12939,71830.6,9400.32,8655,71179.6,63805.7,22.14,20.8995
8357.76,8741,62662.6,3378.96,3393,65264.8,14752.1,-24.6,20.9006
5886.72,5912,65255.8,2387.52,2456,63708.7,13014.7,13.12,20.9017
14158.1,13949,66518.3,5244.48,4941,69561.3,16431.1,42.64,20.9027
8211.2,8213,65521.6,3006,3041,64781.7,22369,63.14,20.9048
9466.24,9518,65179.6,4529.52,4554,65183.7,26510.4,31.16,20.909
7177.6,7561,62212.8,3648.24,3801,62902.2,4763.52,31.98,20.9101
12959.4,11478,73994.1,8209.44,7702,69853.8,28984.3,82.82,20.9101
12191.4,11964,66781.4,4086.72,4120,65006.6,22399.2,7.38,20.9111
11895.7,11316,68893.2,7272.72,6884,69236.6,30128.4,-18.86,20.9133
16196.5,15450,68702.4,7435.44,7102,68612.9,18333.4,-47.56,20.9154
16834.6,15132,72909.7,11823.8,11164,69409.5,16180.6,0.82,20.9175
12117.8,11449,69364.1,4842.72,4797,66160.6,18763.9,-14.76,20.9185
9237.12,9057,66839.3,4861.44,4277,74491.3,17117.3,74.62,20.9196
12914.6,11930,70944.6,9483.12,8990,69130.8,27885.6,32.8,20.9238
34238.7,31474,71292.8,22114.1,20102,72095.7,47068.6,118.9,20.9238
11715.8,10894,70480,6963.12,6878,66347.1,18836.6,-32.8,20.9238
13636.5,12787,69889.8,5140.08,4739,71082.6,25216.6,58.22,20.9259
16346.2,14733,72712.1,9985.68,9689,67542.7,29662.6,20.5,20.9301
8375.04,7357,74604.7,3522.96,2889,79917.2,11417,-14.76,20.9323
18543.4,17301,70242,5357.52,5361,65493.5,14623.2,-1.64,20.9344
23532.2,18964,81322.7,12286.8,9732,82740.2,80358.5,268.14,20.9344
11018.2,9357,77171.3,8861.04,8041,72219.5,22999.7,35.26,20.9344
7747.2,7221,70311.7,1978.56,1989,65192,22945.7,125.46,20.9365
6438.4,6005,70265.9,2565.36,2529,66478.2,10133.3,82,20.9375
7200,6638,71084.5,3103.92,3034,67046.3,5025.6,17.22,20.9396
14631,14152,67754.4,5204.88,5256,64898.6,12484.1,1.64,20.9428
14781.4,13505,71730.2,6378.48,5889,70983.2,7022.16,80.36,20.9439
10377.6,9360,72660.9,7100.64,6580,70721.5,19806.5,-22.96,20.9449
10967.7,10416,69007.1,5218.56,5200,65769.9,6793.92,-110.7,20.946
12684.8,11597,71683.3,9792,9433,68030.2,14134.3,18.04,20.947
12835.2,11212,75023.9,9829.44,9148,70417.8,55969.9,44.28,20.9481
12356.5,11437,70804.8,6757.2,6185,71599,16994.9,63.14,20.9491
12877.4,11273,74863.5,7969.68,7209,72451.2,23105.5,55.76,20.9534
10654.1,9800,71247.5,6714,5996,73383.7,20443,60.68,20.9544
7548.16,7112,69555.1,4998.24,4652,70413.7,25873.9,-6.56,20.9555
16540.2,15716,68972.8,9110.16,9012,66249.8,8058.96,19.68,20.9629
19226.2,17660,71348.3,9856.8,9548,67655.6,13684.3,63.14,20.9639
14798.1,13104,74008.5,8936.64,8196,71458.2,49759.2,11.48,20.965
12692.5,11786,70576.5,7712.64,7278,69449.8,22543.2,27.88,20.965
11024,10637,67920.4,4232.88,3993,69473.1,7284.24,3.28,20.966
17927,16205,72500.2,22281.1,20521,71157.1,55620,130.38,20.966
13288.3,10649,81778.9,7593.12,6665,74662.1,23751.4,10.66,20.9671
9160.32,8700,69003.5,3790.08,3736,66484.7,9475.2,15.58,20.9681
12867.2,11217,75177.4,9010.8,8053,73330.7,11040.5,41.82,20.9692
7608.32,6880,72473.7,3171.6,3092,67223.2,10874.9,-23.78,20.9713
13463,12465,70783.3,6444,6149,68680.1,15444.7,-50.84,20.9734
14703.4,13577,70972.9,4746.96,4589,67791.8,25213.7,10.66,20.9734
13809.9,13056,69320.4,5509.44,5524,65363.3,5578.56,17.22,20.9745
10771.8,9807,71983.6,5887.44,5631,68520.6,25066.8,-63.96,20.9903
14719.4,14185,68004.8,6811.92,6873,64953.6,8237.52,27.06,20.9903
12083.8,11874,66694.2,4837.68,4918,64465.7,8373.6,83.64,20.9914
13136,11733,73372.6,8743.68,8001,71619.3,16242.5,63.14,20.9945
12549.1,11776,69838.6,6225.12,6272,65046.2,15907,6.56,20.9945
21407.4,19448,72138.7,9879.84,9400,68881.4,32989.7,158.26,20.9966
14411.5,13661,69136.5,7853.76,7597,67751,11192.4,-6.56,20.9977
11752.3,11071,69569.1,4482,4315,68072.4,26810.6,-28.7,21.0009
19065.6,16648,75053,11953.4,10652,73543.1,46948.3,41,21.004
11326.1,11080,66991.5,4376.16,4508,63619.4,5551.2,-6.56,21.0061
18988.2,17569,70829.8,11024.6,9029,80021.1,7726.32,145.14,21.0061
9230.72,8057,75083.1,6017.04,5801,67976.7,23142.2,-8.2,21.0103
13708.8,12291,73095.8,8672.4,7943,71554.1,16285.7,99.22,21.0114
7969.28,7581,68892.6,2981.52,2969,65812.4,14233,33.62,21.0125
10782.7,10480,67429,4459.68,4640,62989.1,4901.76,145.14,21.0135
14588.8,14585,65553.1,6231.6,6345,64364.7,10720.1,47.56,21.0251
19387.5,18445,68884.8,12366,11417,70983.5,12579.8,8.2,21.0262
10269.4,9294,72414.3,11381,10558,70644.8,32043.6,1.64,21.0315
10431.4,10286,66462.1,3438,3438,65536,8792.64,12.3,21.0325
8461.44,8672,63944.8,2801.52,2868,64016.9,8192.16,0,21.0325
6486.4,6512,65278.4,2496.24,2480,65965.1,10941.1,23.78,21.0336
11088,10752,67584,6079.68,5680,70147.5,14443.2,28.7,21.0357
11569.3,11385,66596.8,4916.88,4921,65481.1,5562,49.2,21.0378
11899.5,10908,71493.1,4983.12,4504,72507.5,21733.2,-45.1,21.0388
10430.7,10187,67103.9,2431.44,2507,63560.8,8357.04,-70.52,21.0399
12720,12238,68117.2,6583.68,6590,65473.1,6578.64,-23.78,21.041
11713.9,10941,70165.8,4156.56,4089,66618.8,23939.3,41,21.0431
18058.9,14823,79842.6,11854.8,10215,76056.4,28355.8,49.2,21.0441
12532.5,11568,71000.1,7439.76,7284,66937.4,5106.24,13.94,21.0441
12775.7,11766,71159.9,7950.96,7554,68979.9,23140.1,-31.16,21.0441
13498.9,12965,68234.7,7113.6,7157,65138.6,26442,-2.46,21.0441
13936.6,12913,70731.2,7220.16,7093,66710.9,24853.7,36.9,21.0462
7095.04,6605,70398.3,2517.84,2381,69302.5,17644.3,20.5,21.0483
9167.36,8816,68147.9,3682.08,3540,68166.3,13478.4,-59.86,21.0547
9894.4,9905,65465.9,3425.04,3553,63175.7,10599.1,-25.42,21.0557
15562.9,15548,65598.7,6555.6,6696,64161.9,7183.44,19.68,21.0568
13432.3,13511,65154.4,5639.04,5555,66527.5,6189.12,-41.82,21.0621
13091.2,13685,62692.4,4006.08,4197,62554.8,14637.6,46.74,21.0631
20837.8,20469,66716.7,12627.4,12213,67759.5,11826,-40.18,21.0652
4579.2,5537,54199.5,2607.84,2657,64323.4,15565.7,-36.08,21.0694
11473.9,12040,62454.7,9391.68,8872,69374.8,18847.4,-7.38,21.0737
14321.3,15293,61371.8,5872.32,5177,74338.1,12210.5,5.74,21.0768
4221.44,5086,54395.7,3314.88,3322,65395.5,7421.76,7.38,21.0789
6771.84,7701,57628.8,2404.8,2065,76320.1,12034.1,76.26,21.0811
8926.08,9616,60834,5156.64,4848,69708.3,42256.1,11.48,21.0832
15887.4,13705,75971.8,15326.6,13385,75042.7,29636.6,-8.2,21.0832
5324.8,6612,52777.7,2515.68,2628,62735,13574.9,73.8,21.0842
6985.6,7532,60781.8,5779.44,5352,70770.1,8643.6,83.64,21.0842
7889.92,8618,59999.3,4807.44,4506,69920.2,8629.2,-40.18,21.0853
10398.7,11078,61517.5,5681.52,5542,67185.9,14287.7,-26.24,21.0853
4343.68,5485,51899.3,1774.8,1769,65750.9,10433.5,-18.86,21.0863
11883.5,12720,61226.3,7660.08,7412,67729.5,14884.6,-1.64,21.0884
10026.9,10801,60839,4681.44,4577,67031.4,5022.72,15.58,21.0884
4782.08,5444,57567.7,2297.52,2276,66155.7,5379.84,95.12,21.0948
9231.36,9448,64033.3,7166.16,6824,68822,8370,16.4,21.0948
13029.1,13249,64448.4,6707.52,6593,66674.4,11959.2,11.48,21.0969
23921.3,16156,97035.5,11486.2,6280,119866,46377.4,73.8,21.0979
9372.8,7088,86661.4,153624,116708,86265.9,64820.9,10193.4,21.0979
12686.1,9915,83852.2,78554.9,62143,82844,7261.92,785.56,21.0979
11292.8,12093,61199.4,5176.8,5213,65080.9,14710.3,42.64,21.0979
35235.8,27512,83934.9,24148.1,19004,83275.5,52679.5,141.04,21.1001
8556.8,9013,62218.8,4137.84,4017,67507.5,20633,60.68,21.1032
9792.64,10537,60906.4,4309.2,4249,66464.5,12952.1,136.12,21.1053
12611.8,12647,65353.8,6865.92,5411,83157.4,32204.2,263.22,21.1053
34091.5,26269,85051.6,14073.8,10813,85299.5,69760.1,95.94,21.1064
11253.1,10316,71489.4,106656,66968,104376,33797.5,5494.82,21.1085
12349.4,12380,65374.2,6762.96,6456,68652,6468.48,13.12,21.1095
12814.1,12987,64663.4,5487.12,5295,67913.9,9210.24,61.5,21.1095
7185.92,7940,59311.9,4502.16,4532,65104.5,12109,53.3,21.1127
11239.7,11933,61728.3,4413.6,4441,65131.7,5103.36,4.1,21.1127
30763.5,20229,99664.7,30888,20197,100227,64008.7,189.42,21.1138
9469.44,9433,65789.2,5781.6,5341,70942.3,11880.7,29.52,21.1138
8947.2,8939,65596.1,7079.04,6539,70948.5,14037.8,37.72,21.1138
8340.48,8809,62050.4,3120.48,3133,65274.1,5013.36,34.44,21.1148
8714.88,8209,69574.7,8440.56,7201,76817.2,21178.8,62.32,21.1169
10695.7,10650,65817.1,5829.84,5402,70726.5,22280.4,24.6,21.118
13785,13551,66667.5,7701.12,7503,67266.5,32867.3,-13.12,21.1201
9230.08,9525,63506.8,5520.24,4661,77617.3,6137.28,119.72,21.1212
13999.4,13459,68167.2,9105.12,8775,68001.5,33336,146.78,21.1212
11765.8,12177,63322.7,5808.96,5829,65310.7,10712.2,-31.16,21.1243
15223,14928,66831.3,7171.2,6864,68469.1,17835.8,-49.2,21.1243
12039.7,12064,65403.9,5326.56,5152,67756.5,5112.72,-1.64,21.1254
8005.12,8580,61144.9,3240,3252,65294.2,9930.96,4.92,21.1254
9941.12,10378,62777.1,3168,3134,66247,22589.3,3.28,21.1254
15534.1,15581,65338.6,6594.48,6317,68414.7,27961.9,141.86,21.1264
16248.3,16053,66333.4,9576.72,8933,70258.6,11635.9,33.62,21.1275
31339.5,22962,89446.3,22429.4,16402,89619.3,34969.7,122.18,21.1285
16439.7,15348,70197.5,14015.5,13060,70330.9,29691.4,89.38,21.1307
10353.3,10728,63246.9,5363.28,4828,72802,10730.2,-5.74,21.1307
5080.32,5507,60458.3,2504.88,2531,64859.7,7812.72,-96.76,21.1307
16512.6,15726,68814.2,10496.9,9706,70876.1,24775.9,8.2,21.1317
7229.44,7721,61363.6,3726,3689,66193.3,10169.3,4.92,21.1328
15343.4,15365,65443.7,6320.16,6049,68473.8,38324.9,-9.02,21.1338
13639.7,14249,62733.5,4394.16,4573,62973,11615,-8.2,21.1349
21092.5,15537,88969.3,21144.2,17525,79070.4,41708.2,153.34,21.1359
7096.32,7300,63707.5,4285.44,3844,73062.1,31639.7,36.08,21.137
11704.3,11112,69029.4,8272.08,7800,69502.4,8786.16,13.12,21.138
9837.44,9216,69955.1,10771.9,9844,71713.6,5921.28,4.92,21.1444
8097.28,8449,62807.8,3249.36,2801,76026.4,9387.36,-9.02,21.1475
16073.6,14732,71504.2,12713,11192,74442.6,18218.2,22.96,21.1507
13212.8,13468,64294.2,4907.52,4988,64478.6,7475.76,13.94,21.1549
12954.9,12756,66557.8,3915.36,3856,66544.9,10111.7,38.54,21.1549
9673.6,9004,70409.7,6184.8,5612,72225.1,13758.5,64.78,21.156
14140.2,13681,67735.5,6263.28,5957,68905.5,19442.2,-38.54,21.157
10502.4,10312,66746.1,4609.44,4476,67489.8,24045.1,71.34,21.157
13240.3,12626,68724.7,7247.52,7030,67563.8,78349,43.46,21.1581
11338.2,10713,69360.9,5610.96,5357,68642.9,8441.28,91.84,21.1581
5829.76,5540,68963.8,2551.68,2612,64022.6,17323.9,77.08,21.1644
8292.48,7601,71497.9,3185.28,3137,66544.6,14181.8,-49.2,21.1686
10868.5,9088,78375.5,8698.32,8020,71078.9,22067.3,85.28,21.1697
15882.2,13477,77232.2,11383.2,10097,73884.3,25848.7,22.14,21.1708
10422.4,9681,70554.9,3623.76,3717,63892.1,37163.5,-20.5,21.1718
10370.6,9237,73578.5,5202,5121,66572.6,7046.64,37.72,21.1729
11795.2,11164,69241.3,4069.44,3868,68949,13543.2,24.6,21.1739
12095.4,10864,72964.1,5298.48,5136,67609.3,21724.6,-12.3,21.1739
10853.1,9801,72571.2,4646.16,4557,66818.3,16786.8,68.06,21.1771
6417.28,5689,73925.6,2582.64,2541,66610,15897.6,21.32,21.1771
14762.9,13472,71815.6,6852.24,6704,66985.1,10133.3,13.94,21.1771
10372.5,9773,69556,3780,3901,63503.2,6184.08,-45.1,21.1771
21066.2,17503,78877.7,16283.5,14783,72188.1,24005.5,9.02,21.1792
9178.88,8052,74707.8,2978.64,2900,67313.2,13459.7,14.76,21.1792
9370.88,8104,75781.1,7043.76,6732,68571,15418.8,45.92,21.1792
18193.3,16118,73974.1,13308.5,12770,68299.5,19281.6,77.9,21.1803
13754.2,12737,70770,5830.56,5829,65553.5,17740.8,-10.66,21.1813
9199.36,8460,71263.5,2754,2824,63911.5,21467.5,24.6,21.1824
9237.76,8728,69363.6,3075.84,3132,64360.9,8604.72,86.92,21.1855
9367.68,8677,70752.6,3873.6,3797,66858.1,17357,24.6,21.1866
16778.2,15421,71304,6606,6525,66349.6,6159.6,-63.14,21.1876
10491.5,10011,68681.7,3371.76,3535,62509.7,11232.7,45.1,21.1876
7651.2,7279,68887.1,1717.2,1819,61868.3,16145.3,-41.82,21.1887
10908.2,10025,71309.4,4964.4,4637,70163.2,16368.5,3.28,21.1898
6496.64,6364,66901.9,2884.32,2940,64294.8,7814.16,9.84,21.1929
12060.8,11089,71279.3,10297.4,9877,68325.7,6311.52,45.92,21.1961
10774.4,10350,68223.3,6037.92,5726,69106,34699,196.8,21.1993
13934.1,13600,67145.9,6315.84,6196,66803.6,6089.04,39.36,21.2087
5537.92,5436,66764.7,3031.2,3016,65866.3,14528.9,1.64,21.2087
17134.7,16044,69991.3,7502.4,7180,68478.7,5429.52,41,21.2098
14329.6,13433,69910.3,7293.6,6857,69708.8,36450.7,81.18,21.2109
13785.6,13148,68714.1,4394.88,4332,66487.3,6609.6,-45.92,21.2119
10307.8,9345,72288.3,5785.2,5397,70249.9,21110.4,8.2,21.213
7573.12,7269,68277.9,2526.48,2469,67061.7,11949.1,46.74,21.213
10199,8705,76784,6345.36,5813,71537.9,35292.2,33.62,21.2151
13514.2,12616,70202.1,5987.52,5848,67099.5,6060.96,31.98,21.2161
11560.3,10552,71798.4,8188.56,7884,68067.7,14325.1,19.68,21.2193
5838.72,5776,66247.6,2851.92,2592,72107.8,5904.72,9.02,21.2246
6567.04,5685,75704.1,6616.8,5877,73785.7,21499.2,22.96,21.2246
11434.2,11449,65451.5,4271.04,4137,67659.4,11121.1,33.62,21.2246
9776.64,10109,63381.3,4086.72,4141,64677,5015.52,32.8,21.2267
16640,15624,69797.7,11351.5,10312,72142.5,11755.4,31.98,21.2267
14613.8,13660,70111.8,9634.32,8860,71263.5,21944.2,4.92,21.2267
13886.7,14128,64416.8,3860.64,3732,67795,27259.9,-34.44,21.2288
10700.2,10668,65733.6,7740,7196,70490.4,20458.8,5.74,21.2309
5949.44,6645,58676.1,2515.68,2529,65190.8,20866.3,-67.24,21.232
8529.92,8778,63683.8,3823.2,3694,67828.2,13232.9,42.64,21.2341
8515.2,9133,61102.8,6035.04,5961,66350,17820,-20.5,21.2351
10286.7,10524,64058.4,4803.84,4344,72473.4,10004.4,103.32,21.2372
8546.56,9331,60026.5,2498.4,2583,63389.5,16062.5,91.84,21.2394
10824.3,11152,63610.3,5101.2,4852,68902,24714,50.84,21.2425
4800,5565,56527,2539.44,2557,65085.9,14479.2,-27.06,21.2446
8781.44,8546,67341.5,5581.44,5250,69673.4,44694.7,-9.84,21.2457
9384.96,9509,64681.1,7592.4,7029,70789,17064,-34.44,21.2467
12913.3,10011,84535.5,214566,159435,88197.6,15070.3,6198.38,21.2467
8819.84,7884,73315.2,8232.48,7592,71064.8,19712.2,-59.04,21.2499
11111,10845,67143.7,7215.84,6889,68645.3,22402.8,50.84,21.252
13125.1,13168,65322.6,4732.56,4772,64994.4,16196.4,65.6,21.252
15036.8,13768,71575.5,10812.2,9980,71001.1,36970.6,29.52,21.252
10380.8,10228,66515.1,5237.28,5156,66569.1,23161.7,-8.2,21.2541
6245.76,6604,61980.9,2166.48,2216,64071.5,13808.9,16.4,21.2562
15765.1,14644,70553.3,14518.1,13088,72696.9,25870.3,91.84,21.2583
12743,11811,70707.6,6891.12,5015,90053.1,21510,177.94,21.2583
14607.4,14062,68077.6,11124.7,10830,67319.5,15840,82.82,21.2594
6604.8,6974,62066.6,4332.96,4286,66254.1,6001.92,-49.2,21.2615
7676.8,7033,71535.2,6873.12,6221,72405.8,27537.8,-18.04,21.2626
5220.48,5622,60855.5,2601.36,2630,64822.3,11413.4,41,21.2626
28793.6,24288,77693.4,16659.4,13988,78051.8,25045.2,29.52,21.2626
15440,13074,77396,10132.6,8754,75856.5,15564.2,73.8,21.2678
8402.56,7972,69075.5,16534.8,15140,71573.6,12534.5,80.36,21.2689
10949.8,10472,68525.9,5392.8,5272,67037.7,14364.7,3.28,21.2731
12885.8,11077,76237.4,9148.32,8229,72857.5,57398.4,41,21.2731
11675.5,10900,70198.8,5001.84,4768,68750.1,12983.8,-23.78,21.2784
16358.4,13997,76592.4,10624.3,9417,73938.1,5562,99.22,21.2795
6429.44,5920,71175.6,2548.08,2516,66371.6,10718.6,-1.64,21.2816
7067.52,6489,71378.8,2840.4,2797,66552.9,6495.84,75.44,21.2816
22516.5,17177,85907.9,14582.2,12105,78947.3,22934.9,77.08,21.2837
12320.6,11235,71868.8,6371.28,6327,65994.7,16251.1,20.5,21.289
15776.6,14697,70350.3,6693.12,6781,64686.7,16445.5,4.1,21.29
14709.8,13776,69978.1,4840.56,4836,65597.8,11602.1,28.7,21.2932
19423.4,16589,76733.3,18159.8,17389,68441.2,31409.3,59.86,21.2942
16583,14112,77011.5,13160.9,12404,69534.9,33496.6,36.9,21.2953
16339.2,15048,71159.4,8622.72,8268,68347.7,6529.68,72.98,21.2953
6355.2,5222,79757.6,2522.16,2454,67356.3,24920.6,36.9,21.2985
12066.6,10945,72251.6,3337.92,3489,62698.2,17518.3,68.06,21.2995
12037.1,10620,74281,7584.48,7660,64889.9,6668.64,40.18,21.3016
12342.4,11108,72818.8,3710.16,3588,67767.3,14655.6,41,21.3027
12703.4,11264,73910.5,5771.52,5828,64900.9,23930.6,13.94,21.3058
10510.7,9524,72325.8,3119.76,3264,62639.9,17869.7,18.86,21.3079
12352,10269,78829.6,8086.32,7197,73634.2,20609.3,34.44,21.309
11004.8,9667,74605.4,5086.8,5027,66315.6,14744.9,60.68,21.3101
14298.2,13267,70630.1,6809.76,6407,69655.8,11458.8,20.5,21.3111
17344.6,16073,70721,6852.24,6941,64697.9,16844.4,29.52,21.3122
10942.1,10012,71624.1,2276.64,2328,64090.2,25284.2,6.56,21.3132
12155.5,10821,73618.4,5352.48,5189,67600.7,10987.2,23.78,21.3143
9185.92,8528,70592,3092.4,3168,63972.1,11237.8,23.78,21.3143
11525.1,10932,69091.7,4469.04,4596,63725.6,6862.32,20.5,21.3153
11861.8,11169,69600.9,4655.52,4693,65012.6,13736.2,-86.1,21.3164
9066.24,8277,71785.1,3277.44,3233,66436.8,5497.92,4.1,21.3185
20400,15192,88002.5,16749.4,13804,79519.4,9741.6,116.44,21.3196
13961,13024,70250.7,9553.68,9440,66325.2,13421.5,48.38,21.3196
5483.52,5371,66909,1928.88,2047,61754.3,12733.2,45.92,21.3206
16124.2,15200,69520.6,5614.56,5504,66852.4,16943,18.04,21.3227
12040.3,11167,70661.3,6219.36,5919,68861.6,48240.7,90.2,21.3238
12935,11775,71992.4,11034.7,9935,72790.3,29774.9,93.48,21.3269
10510.1,9471,72726.1,6855.12,6331,70961.5,13507.2,54.12,21.3291
9930.88,10154,64095.9,3958.56,3882,66828.5,8670.96,-21.32,21.3322
10400.6,10393,65584.2,9964.8,9613,67934.4,14868.7,38.54,21.3322
23329.3,20592,74247.7,14946.5,13220,74094.8,28345.7,118.9,21.3375
8038.4,8418,62580.7,5414.4,5010,70826,9086.4,7.38,21.3396
12944,13408,63268.1,6663.6,6692,65257.9,18805.7,-50.02,21.3438
8867.84,9461,61427.2,4340.16,4289,66317.7,4860.72,36.08,21.3459
8118.4,8819,60329.7,3140.64,3168,64970,64961.3,-18.04,21.347
6231.68,6983,58484.8,2814.48,2855,64605.9,8938.8,29.52,21.3481
12892.8,10952,77149.6,16854.5,14216,77699.4,12469,9.02,21.3481
11321,11212,66172.9,6500.88,5912,72063.9,44617.7,60.68,21.3491
15292.2,15429,64954.8,9246.96,8885,68205.8,15671.5,66.42,21.3512
7833.6,8511,60319.9,3285.36,3343,64406,11079.4,123.82,21.3544
10522.9,11124,61994.6,3458.88,3504,64692.1,10069.2,47.56,21.3544
6391.68,7153,58560.8,3474.72,3637,62611.8,12154.3,-45.1,21.3554
34990.1,24612,93170.4,35804.9,26592,88241.2,77314.3,189.42,21.3565
7004.8,7720,59464.6,2828.16,2936,63128.8,10172.9,-11.48,21.3597
7948.8,8072,64535.7,5811.12,5416,70317.1,16312.3,71.34,21.3597
10350.7,10564,64212.9,7425.36,6996,69558.1,5451.12,36.9,21.367
10279,10732,62770,3104.64,3064,66405.3,13711,17.22,21.3681
8169.6,8633,62018.2,3821.04,3161,79220.4,14644.8,-29.52,21.3692
5689.6,6372,58517.5,2442.96,2384,67156.8,9726.48,246.82,21.3723
12897.9,13237,63857.2,5911.2,5985,64727.9,7316.64,-47.56,21.3744
9076.48,9352,63605.2,4584.24,4568,65769,33341,53.3,21.3755
22707.2,17121,86918.9,20713.7,15889,85436,7132.32,19.68,21.3765
12903.7,13073,64687.2,8601.12,8001,70451.6,11200.3,65.6,21.3776
6295.04,6812,60562.5,3103.92,3180,63968.1,7638.48,-41.82,21.3787
11550.1,11753,64404.5,8251.2,7865,68754.1,10325.5,67.24,21.3787
5134.08,5561,60504.8,2296.8,2333,64519.1,6122.88,-68.88,21.3818
9429.76,8996,68696,7832.88,7380,69557.7,25704.7,60.68,21.386
9100.16,8877,67183.5,7273.44,6681,71347.4,18373,82.82,21.3882
6394.24,6589,63598.9,3611.52,3545,66765.8,7943.04,97.58,21.3892
6898.56,6944,65107.1,3222,3188,66235,5416.56,18.04,21.3903
12366.1,12452,65083.8,5968.08,5860,66744.7,14186.2,-0.82,21.3913
10867.8,10576,67344.4,7174.08,6164,76275.2,15831.4,75.44,21.3913
11306.9,10812,68535.7,8303.76,7960,68366.2,25461.4,-6.56,21.3934
18768,17745,69314.2,8768.88,8501,67601.1,7711.2,45.1,21.3945
14195.8,13725,67784.2,6591.6,6397,67529.6,24572.9,-34.44,21.3966
12393.6,12344,65799.3,5022,5000,65824.4,9385.2,2.46,21.3976
9586.56,9881,63583.1,4660.56,4605,66326.7,5604.48,-22.14,21.3976
5528.32,5917,61231,2666.88,2745,63670.9,6194.16,4.1,21.4008
13507.8,13369,66216.6,6647.76,6681,65209.9,9748.8,4.1,21.4029
9577.6,9781,64173.2,3922.56,3969,64769.2,16280.6,61.5,21.4071
15890.6,14277,72942.8,11728.1,10529,72999.5,21548.9,18.04,21.4135
14428.2,12558,75295.7,9367.2,8238,74519.2,20814.5,41,21.4145
18251.5,17221,69457.7,6761.52,6581,67333.7,23397.1,126.28,21.4177
8328.32,7971,68473.8,3463.92,3399,66787.7,21384,101.68,21.4198
8794.88,8233,70008.7,5481.36,5325,67460.4,31476.2,3.28,21.4219
9477.12,9088,68342.1,3502.8,3056,75117.6,43454.2,172.2,21.4283
11812.5,10579,73177.3,4146.48,3907,69553,13442.4,109.06,21.4314
22715.5,19620,75875.9,9874.8,8740,74045.2,15860.9,72.16,21.4325
36432.6,26229,91030.9,24017.8,18401,85540.4,38466,132.84,21.4325
11985.3,10753,73046.3,7054.56,6673,69283.3,35308.1,15.58,21.4325
18067.8,16388,72253.7,12160.1,11968,66587.8,9424.08,-31.98,21.4356
5660.8,5161,71882.6,2502.72,2185,75065.6,6565.68,113.98,21.4356
16596.5,14688,74051.4,12502.8,11232,72950.8,34930.1,55.76,21.443
11372.8,10810,68948,4789.44,4174,75199,19179.4,68.88,21.4462
8257.28,8024,67441.3,2096.64,2104,65306.8,10803.6,-20.5,21.4483
12591.4,10945,75394,9403.2,8341,73881.8,38024.6,0.82,21.4494
15253.1,14664,68168.9,5410.08,5256,67457.2,34702.6,11.48,21.4515
6697.6,6613,66374.4,3605.76,3557,66434.4,16328.2,-53.3,21.4515
8552.96,8089,69294.9,7211.52,6589,71727.8,12633.8,23.78,21.4525
13229.4,12617,68717.2,5121.36,5049,66475.2,7393.68,30.34,21.4567
13745.9,12981,69397.8,5983.92,5857,66956.2,11622.2,-29.52,21.4578
15432.3,12481,81033,17524.8,14641,78444.5,11409.1,72.98,21.4599
9125.76,8544,69998.3,4259.52,4016,69509.9,30060,41,21.4599
14245.8,12610,74037.3,12163.7,10866,73362.7,15834.2,231.24,21.462
15181.4,13637,72958.2,12271,11457,70192,10255,-9.84,21.4694
13720.3,13452,66843.2,8745.84,6168,92926,20120.4,2880.66,21.4705
17537.3,16408,70046.5,12027.6,11660,67602.1,7997.04,25.42,21.4736
17221.8,16328,69123.3,8701.92,8456,67441.9,13633.9,125.46,21.4747
19278.1,16593,76141,15535.4,13841,73559,15810.5,67.24,21.4757
11710.7,11555,66419.2,6634.8,6679,65102.3,11473.2,5.74,21.4789
11596.8,10641,71422.6,7456.32,6833,71514.3,18947.5,-42.64,21.481
12439,12376,65869.8,5328.72,5368,65056.5,5005.44,-51.66,21.4821
14099.8,13880,66574,7603.92,7660,65056.2,10707.1,-17.22,21.4842
11029.8,10863,66542.1,6960.24,6699,68091.7,15598.8,41,21.4874
11708.8,11138,68894.6,5152.32,4934,68435.8,33663.6,-50.02,21.4884
9732.48,10009,63725.4,4075.2,4041,66090.6,7888.32,9.84,21.4905
22915.8,17884,83975.2,19768.3,15656,82750.2,27425.5,215.66,21.4905
14733.4,14189,68050.6,5937.12,5805,67027.6,8506.8,-29.52,21.4926
6680.32,6992,62614.6,2954.88,2772,69859.7,6624,74.62,21.4937
43129.6,24460,115558,29888.6,18972,103246,62545,58.22,21.499
6973.44,7393,61816.8,2741.76,2757,65173.7,18695.5,2.46,21.5
13382.4,13124,66826.3,7320.24,7024,68300,16128.7,-13.94,21.5021
10715.5,11242,62466.8,4558.32,4426,67495.3,18659.5,-72.16,21.5021
9890.56,9870,65672.5,4163.04,4014,67969.4,8778.96,-115.62,21.5063
10318.1,10121,66812.1,6173.28,5593,72335.4,11318.4,-99.22,21.5085
12135,12345,64421.4,5452.56,5225,68390.2,26235.4,54.94,21.5137
10159.4,10173,65448.1,4551.12,4525,65914.3,7612.56,-13.94,21.5148
15024.6,14192,69381,12974.4,12340,68905.2,14303.5,30.34,21.5148
5894.4,5912,65340.9,2633.04,2556,67511.3,13557.6,50.02,21.5158
15177,12040,82611.1,21332.9,17624,79327.7,14457.6,164.82,21.519
9655.04,9160,69077.8,7198.56,6668,70750.6,17655.8,-36.08,21.5201
10365.4,10417,65211.6,3445.92,3537,63848.4,7362,28.7,21.5222
12422.4,11976,67978.8,9803.52,5864,109564,19733.8,161.54,21.5232
11244.2,11152,66077.6,4168.08,4068,67148.3,23872.3,-16.4,21.5232
9304.96,9364,65122.8,3609.36,3696,63999.7,8643.6,-18.04,21.5232
15095.7,14333,69023.3,10735.2,10477,67151.1,11211.8,131.2,21.5253
8940.16,8709,67275.5,4543.2,4513,65974.6,31303.4,73.8,21.5285
16426.9,15425,69792.7,11481.1,11173,67343.3,33289.2,0.82,21.5317
13167.4,12373,69743.5,5666.4,5473,67851.9,17620.6,51.66,21.5327
5605.12,5512,66643.2,1296.72,1404,60528.4,4792.32,-27.06,21.5348
11416.3,11301,66204.8,3697.2,3825,63346.3,24430.3,-28.7,21.5348
16680.3,16169,67608.5,8952.48,8665,67710.3,22474.1,-42.64,21.5359
12657.9,12022,69002.6,5205.6,4950,68920,18252,98.4,21.5359
10958.1,10075,71280.3,7925.04,7592,68410.9,17348.4,126.28,21.537
12724.5,11217,74343.5,7394.4,6705,72274.3,34157.5,43.46,21.537
20181.8,17445,75817.2,13335.1,11733,74484.8,19499.8,108.24,21.5391
13022.1,12352,69091.2,7908.48,7952,65177.3,6128.64,38.54,21.5401
15898.9,15188,68603.4,8181.36,8260,64912.1,5133.6,1.64,21.5422
14939.5,14493,67555.1,6255.36,6253,65560.7,38275.9,8.2,21.5422
14830.1,13562,71663.8,10731.6,10090,69703.3,28999.4,76.26,21.5443
24393,19432,82267.2,19618.6,16296,78898,42312.2,68.06,21.5464
6837.76,6613,67763.4,2396.88,2405,65314.7,9676.8,27.06,21.5464
14601.6,13190,72549.7,13584.2,12966,68660.9,20413.4,102.5,21.5475
9115.52,8740,68351.8,4678.56,4436,69119.5,8684.64,-7.38,21.5496
14078.7,13145,70191.2,11699.3,11209,68402.5,31997.5,58.22,21.5496
16492.2,14484,74622.4,9007.2,8036,73456.4,53651.5,114.8,21.5549
20556.8,17364,77586.4,10573.9,9200,75323.1,31354.6,63.96,21.5559
10761,10588,66606.6,4009.68,3656,71875.9,40240.8,529.72,21.5559
12153,12189,65342.2,4277.52,4377,64046.5,8400.96,-51.66,21.5591
16510.1,15504,69788.7,9419.04,4756,129791,8314.56,38.54,21.5602
13043.8,12940,66061.9,7439.04,4620,105525,8835.12,258.3,21.5612
19479,18306,69735.5,10290.2,9874,68298.7,29631.6,54.12,21.5623
8810.24,9108,63393.5,5031.36,5124,64351.1,52119.4,36.9,21.5665
9322.88,9339,65422.9,6480,6079,69859.1,24882.5,38.54,21.5697
13833,12980,69842.6,11382.5,10208,73076.2,51599.5,70.52,21.5707
6561.28,7396,58139.5,2965.68,2980,65221.1,5018.4,64.78,21.5728
7902.72,8556,60532.1,2768.4,2844,63793.9,5687.28,-10.66,21.5728
19801.6,17329,74887,12377.5,10613,76432,59420.9,33.62,21.5749
26802.6,12761,137649,133793,66877,131110,57037,3624.4,21.5749
7460.48,8022,60948.6,13977.4,5394,169822,9032.4,656.82,21.5749
16948.5,16744,66336.3,9769.68,9580,66833.6,5340.96,-15.58,21.576
7461.12,7960,61428.6,3036.96,3016,65991.5,7480.8,27.06,21.5781
15869.4,16361,63567,4682.88,4685,65506.4,20568.2,-54.12,21.5792
16081.9,14941,70540.4,13216.3,11869,72975.4,22798.8,133.66,21.5802
6576.64,6965,61881.8,3110.4,2961,68842.7,5050.8,-9.84,21.5813
12686.1,12821,64846.3,4062.24,4005,66472.7,11134.8,-18.04,21.5813
13537.9,13808,64254.1,8053.92,7588,69560.1,7799.04,23.78,21.5813
15872,15236,68271.7,7463.52,7264,67336.1,20509.9,94.3,21.5844
6417.28,6405,65661.6,2587.68,2593,65401.6,11428.6,16.4,21.5855
13182.1,13262,65141.1,6812.64,6762,66026.8,17301.6,36.08,21.5876
11102.1,11038,65916.5,3827.52,2794,89778.2,11824.6,-64.78,21.5876
13583.4,13547,65711.9,5071.68,5135,64727.9,17410.3,19.68,21.5897
20746.9,16849,80697.2,15909.8,12917,80720.5,64310.4,26.24,21.5908
11912.3,11180,69828.8,6409.44,6008,69915,25659.4,0.82,21.5918
13205.1,12573,68830.9,7613.28,7069,70582,9311.04,71.34,21.5929
11417.6,11248,66524.2,4214.16,4196,65819.6,6703.2,-22.96,21.5929
18056.3,14686,80576,10939.7,9242,77574.4,32438.2,-12.3,21.5939
11248.6,9761,75524.1,7702.56,6885,73318.1,24944.4,89.38,21.5939
13458.6,12567,70185.4,7149.6,6755,69364.4,21707.3,68.06,21.5961
14581.1,13368,71483.3,8964,8344,70405.6,18820.8,-29.52,21.5961
13518.1,12343,71775.2,9765.36,9251,69179.8,10396.1,28.7,21.5971
35583.4,27248,85583.9,28639.4,22820,82248.7,35648.6,250.1,21.5971
12795.5,11961,70108.5,5815.44,5705,66804.7,22199,54.12,21.5992
9896.32,9596,67587,5536.8,5656,64154.8,17953.9,22.14,21.5992
13604.5,12889,69174,5587.2,5517,66369.9,20981.5,19.68,21.6003
26468.5,19627,88380.2,22107.6,18287,79228.1,120740,59.04,21.6003
6566.4,6206,69341.9,2089.44,2138,64047.5,10325.5,-20.5,21.6013
12913.3,12520,67594.6,5530.32,5580,64952.5,8293.68,17.22,21.6024
17141.1,15988,70262.7,8153.28,8004,66758.3,9465.12,88.56,21.6024
13182.7,12581,68670.4,6256.8,5265,77881.4,22898.2,125.46,21.6098
25822.7,19336,87521.6,27669.6,23372,77586.6,57016.1,220.58,21.6108
12741.8,12332,67713.6,4912.56,4936,65224.8,8718.48,27.06,21.6108
13526.4,12555,70606.6,10100.9,9531,69454.6,12728.9,31.98,21.614
10360.3,9252,73386.7,8450.64,8148,67970.2,17294.4,82,21.615
7971.2,7737,67519.8,1708.56,1757,63729.2,8053.2,12.3,21.6161
11004.8,10553,68341.8,5708.16,5517,67806.8,12693.6,29.52,21.6182
24102.4,19448,81220.4,20586.2,17916,75303.6,38452.3,67.24,21.6182
10851.8,10317,68933.4,11167.2,9977,73354.1,7147.44,127.1,21.6203
10501.8,10144,67847.3,5657.76,5568,66592.5,6965.28,86.1,21.6235
6238.72,6349,64397.7,2284.56,2397,62461.8,14901.8,9.84,21.6245
15307.5,14174,70777,12035.5,11098,71072.3,61335.4,-7.38,21.6267
8021.76,7960,66044.5,3252.96,3240,65798.1,11142,-23.78,21.6298
14519.7,13849,68709.8,11497.7,11101,67877.9,32361.8,-28.7,21.6351
7525.76,7305,67516.5,3614.4,3545,66819,8813.52,-9.02,21.6351
11818.9,10716,72280.9,8298.72,7676,70852.7,30485.5,-13.12,21.6362
9500.8,9690,64256.4,3322.8,3470,62755.9,23146.6,-8.2,21.6372
18847.4,16709,73923.1,12211.2,11125,71934.7,67862.2,124.64,21.6372
6497.28,6562,64889.6,2678.4,2758,63644.5,10260.7,-46.74,21.6393
8036.48,7909,66592.3,2788.56,2801,65244.9,32864.4,68.06,21.6404
12528,12525,65551.7,5010.48,5065,64830.6,10972.8,-22.96,21.6414
5842.56,5649,67781.6,19990.1,18741,69904,17804.9,1166.04,21.6425
5015.04,5032,65315.1,2126.88,2136,65256.2,18481,70.52,21.6425
13845.1,13935,65113.3,5745.6,5675,66351.3,12160.8,148.42,21.6457
11639,11697,65211.3,5774.4,5909,64043.2,9541.44,149.24,21.6467
15198.7,14293,69688.9,7685.28,7381,68237.7,8436.24,36.08,21.6499
12217,11617,68920.6,6214.32,5937,68597.2,13063.7,41,21.6499
6096.64,5973,66892.6,2746.08,2753,65371.3,8223.84,4.1,21.6499
8469.12,8372,66296.3,3843.36,3908,64452,14363.3,-4.92,21.652
18622.7,18001,67799.5,6518.16,6501,65709,14164.6,-22.96,21.6541
11233.9,10757,68441.6,5190.48,5029,67640.4,10522.8,47.56,21.6562
6268.8,6261,65617.6,3169.44,3185,65215.8,15189.8,84.46,21.6594
12805.1,13027,64419.8,4608,4551,66356.8,19182.2,53.3,21.6594
5464.32,5464,65539.8,2633.04,2568,67195.8,9792.72,62.32,21.6615
14495.4,14037,67676,9636.48,9221,68488.9,31779.4,52.48,21.6615
12735.4,11763,70953.4,11260.8,10403,70939.9,15845,54.94,21.672
11447.7,11369,65989.5,5311.44,5197,66979.1,7948.8,23.78,21.6741
11521.9,11129,67849.8,7152.48,6653,70456.2,9961.2,-46.74,21.6752
8612.48,8178,69017.8,3120.48,3042,67226.8,9331.92,49.2,21.6794
7967.36,7952,65662.6,3723.84,3696,66029.6,6891.84,-17.22,21.6794
8228.48,7631,70667.2,4782.24,4507,69538.3,5194.08,-36.08,21.6805
13263.4,12052,72123.1,10337,9876,68595.4,20589.1,-54.94,21.6921
13422.7,12386,71021.4,9709.92,9110,69851.7,12831.8,-31.98,21.6921
11758.1,10948,70385.2,5490.72,5428,66293.3,5009.76,-9.02,21.6931
9863.68,8858,72976.5,6093.36,5710,69936,7670.88,20.5,21.6942
5620.48,5021,73360.6,2375.28,2361,65932.4,11055.6,49.2,21.6953
8033.28,7361,71521.4,3052.08,3045,65688.4,9203.04,37.72,21.6953
14293.1,13216,70877.3,7732.08,7428,68218.8,10143.4,-19.68,21.6974
13660.2,12409,72143.8,5358.24,5241,67002,7392.96,45.92,21.7005
11657,10224,74721.3,7995.6,7796,67213.9,10925.3,136.94,21.7026
20543.4,16344,82374.5,9912.24,8664,74977.9,25518.2,85.28,21.7037
11621.1,10638,71592.6,5718.24,5546,67571.3,11048.4,-26.24,21.7037
9671.04,8312,76251.4,6233.76,6008,67998.6,9817.92,60.68,21.7047
15660.2,14059,72999.8,9244.08,8267,73281.7,33980.4,55.76,21.709
10504.3,9937,69277.6,3260.88,3329,64195,15093.4,-27.06,21.71
11034.9,9988,72405.1,5684.4,4948,75289.6,5283.36,46.74,21.7111
8570.24,7950,70649,5451.84,5354,66733.6,18795.6,22.14,21.7121
14709.1,13957,69067.6,5471.28,5473,65515.4,23938.6,-29.52,21.7174
16682.9,14981,72981,13384.1,12481,70277.9,36212.4,-15.58,21.7174
11031,10440,69246.2,4884.48,4920,65062.9,19931,55.76,21.7195
31962.2,25219,83059.5,17329.7,15443,73542.6,21091.7,140.22,21.7206
10421.1,9713,70313.9,5001.84,4917,66666.8,7080.48,154.98,21.7269
15618.6,13633,75080.9,10365.8,9489,71591.9,23599.4,68.88,21.7322
12601.6,11828,69822.3,6282,6048,68071.6,9679.68,-2.46,21.7322
8806.4,8026,71908.3,3010.32,3038,64938.9,9812.16,20.5,21.7332
12426.2,11741,69360.9,4692.24,4825,63732.8,11899.4,-27.06,21.7343
8341.76,7413,73746.9,3149.28,3105,66470.6,14551.2,-21.32,21.7364
37365.1,27249,89866.1,27010.8,21489,82376.1,79290,177.12,21.7385
15196.2,14420,69063.5,5847.84,5952,64389.1,10647.4,30.34,21.7406
9181.44,8212,73272.6,6971.04,6484,70458.7,17666.6,-0.82,21.7438
6871.04,7024,64108.8,2230.56,2320,63009.5,32935,32.8,21.748
16119,16041,65854.8,6962.4,6441,70841.1,16751.5,133.66,21.766
6443.52,7148,59077,2849.76,2796,66796.1,7410.24,82,21.7691
12413.4,12249,66415.8,10242,9625,69737.1,19710,12.3,21.7702
10279,10372,64948.6,6881.04,6720,67106.5,5369.04,6.56,21.7712
7763.84,7009,72594,8498.88,7905,70459.5,11471,2.46,21.7723
14620.8,14815,64676.9,4386.96,4331,66382.8,10358.6,24.6,21.7755
10837.1,11284,62940.6,5978.16,5556,70515.6,23677.2,105.78,21.7797
13110.4,13496,63663.5,5140.8,5004,67327.6,26026.6,-19.68,21.7828
4510.08,5545,53304.3,2041.2,2109,63429.2,10020.2,31.16,21.786
6681.6,7544,58044.2,2588.4,2268,74794.3,6940.8,-78.72,21.786
5877.12,6645,57962.8,3449.52,3413,66237.3,41692.3,-20.5,21.7923
10923.5,11122,64366.5,6881.76,6338,71158.6,33848.6,70.52,21.7923
6202.88,7051,57653.1,3022.56,3067,64586.4,10295.3,74.62,21.7923
11886.7,12524,62201.2,5251.68,5240,65682.1,8403.12,105.78,21.7923
10849.3,11377,62496.1,5034.96,4721,69894.3,5099.04,33.62,21.7987
10276.5,10005,67314.3,7498.8,6993,70276.2,29480.4,159.9,21.8018
17729.9,17238,67406.2,7435.44,7270,67027.4,14017.7,-1.64,21.8061
11817,11605,66733,6075.36,5137,77507.3,11080.8,-31.98,21.8082
12304.6,12561,64198.5,5622.48,5569,66165.4,24896.9,88.56,21.8092
10664.3,10014,69792,7920.72,7358,70548,8546.4,45.92,21.8113
9030.4,8873,66698.6,8976.96,7805,75376.6,14348.2,86.1,21.8113
11648.6,11596,65833.5,4733.28,4716,65776.1,28451.5,46.74,21.8134
9095.04,8484,70256.1,6919.92,6560,69131.7,34288.6,-4.1,21.8166
11653.1,11312,67512.3,5629.68,5476,67375.2,5533.2,41.82,21.8177
10483.2,10197,67375.4,6342.48,6321,65758.7,6548.4,24.6,21.8187
10618.9,10508,66227.5,6013.44,5964,66079.3,8614.08,11.48,21.8198
9381.76,9675,63549.7,3407.04,3499,63813.6,18820.1,-17.22,21.8219
6997.12,7036,65173.9,3748.32,3340,73547.9,8475.84,38.54,21.8219
5715.2,6033,62083.8,2056.32,2085,64634.5,5145.12,58.22,21.8229
12396.2,11948,67994.2,8244.72,7928,68154.1,27178.6,27.06,21.8229
12214.4,12009,66656.9,5724,5613,66832,20940.5,48.38,21.824
11485.4,11599,64894.4,8462.16,7963,69644.1,22189.7,51.66,21.8261
12903,10921,77430.1,7750.8,6729,75487.7,40235,16.4,21.8272
9985.28,10367,63122.9,2711.52,2799,63487.7,4777.2,-90.2,21.8272
14985.6,14232,69006.2,8041.68,7180,73401,27840.2,145.14,21.8335
11008,10196,70755.2,7169.04,6448,72864.5,49102.6,100.86,21.8388
6574.72,7048,61135.2,2953.44,3032,63837.9,19950.5,27.06,21.8409
60103.7,33588,117273,71715.6,37680,124733,10126.1,397.7,21.8462
11585.9,11538,65808.2,5144.4,4902,68776.7,7652.16,39.36,21.8483
11123.8,11237,64876,4581.36,4577,65598.4,13990.3,-6.56,21.8493
10933.1,11048,64854.5,4279.68,4360,64328.7,31477,9.84,21.8504
6618.24,6473,67006.5,2766.96,2729,66447.6,13327.9,12.3,21.8514
11856,11533,67371.4,5670.72,5597,66399.2,10930.3,-11.48,21.8535
15109.1,13840,71545.6,12702.2,12096,68820.6,16714.8,112.34,21.8557
6231.04,5857,69721.3,3113.28,3061,66655.3,7809.84,49.2,21.8557
13866.9,13352,68063.2,6157.44,6296,64093.7,28084.3,8.2,21.8578
10953,10144,70762.3,3931.92,3824,67385.5,30467.5,-78.72,21.8599
7266.56,6732,70739.9,2289.6,2296,65353.3,15711.8,93.48,21.8609
14495.4,13564,70036,6510.96,6364,67049.4,25393,86.92,21.862
14985.6,13713,71617.9,6616.08,6385,67907.8,9333.36,95.12,21.862
8068.48,7893,66993,4988.16,4225,77373.8,20757.6,226.32,21.863
7588.48,7121,69838.3,3884.4,3877,65661.1,6439.68,-82,21.8652
8220.16,7993,67398.5,3945.6,3693,70018.6,11597.8,25.42,21.8694
10125.4,9359,70903,11417.8,10687,70017.3,9294.48,31.16,21.8715
9018.24,9272,63742.4,3217.68,3336,63211.6,5118.48,30.34,21.8747
5414.4,5660,62692.2,2765.52,2680,67627.3,11460.2,46.74,21.8799
16627.8,15965,68256.9,8587.44,8233,68357.4,28784.9,52.48,21.8799
11898.2,11632,67036,5809.68,5376,70822.8,8668.08,29.52,21.8799
17115.5,16893,66399.3,9211.68,9069,66567.1,6404.4,52.48,21.8863
11070.7,10775,67334.6,6182.64,5655,71650.9,13772.2,116.44,21.8873
4816.64,5009,63019.2,2358,2357,65563.8,10791.4,-37.72,21.8884
12798.1,10700,78386.4,8848.08,7884,73549.9,11717.3,27.88,21.8905
8072.96,8250,64129.6,3784.32,3850,64418,11512.1,-68.06,21.8926
11754.2,10336,74528.4,7576.56,7024,70691.6,18411.8,81.18,21.8947
12243.8,12063,66518.5,5850.72,5915,64823.8,6371.28,27.06,21.8958
12632.3,11986,69069.9,7179.12,5666,83037.6,7863.12,233.7,21.8958
8496,8469,65744.9,3198.24,3221,65072.9,24000.5,28.7,21.8989
9424,8680,71153.4,6757.92,6300,70299.5,63039.6,91.02,21.901
11479,10391,72398.3,7743.6,7251,69988.2,28129,104.96,21.9031
11027.2,10588,68254.5,6678,6488,67455.2,13347.4,53.3,21.9042
12115.8,11781,67398.7,4897.44,5013,64025.3,26718.5,-28.7,21.9042
8274.56,7831,69248.1,3101.04,2919,69623.1,7509.6,-50.02,21.9042
12668.8,12028,69027.5,5693.04,5544,67297.8,11822.4,-3.28,21.9053
11041.9,10763,67234.4,4042.08,4127,64187.5,4937.76,-65.6,21.9053
16503,15844,68262,6498,6448,66044.2,20736,99.22,21.9063
9909.76,9248,70225.6,7372.8,6944,69582.9,13425.8,77.9,21.9063
8946.56,8992,65204.8,4760.64,4820,64728.9,15518.2,55.76,21.9084
11620.5,11601,65646,3911.04,4021,63743.8,7172.64,25.42,21.9084
5866.88,5853,65691.4,2470.32,2605,62147.8,11167.2,-10.66,21.9095
14407.7,13940,67734.7,6513.12,6272,68055.5,12024,36.08,21.9116
10094.1,9909,66760.1,4621.68,4641,65263.2,21640.3,-68.88,21.9126
13304.3,12824,67990.6,10725.1,10408,67532.8,10139,9.02,21.9137
17326.7,16608,68372.1,6714.72,6704,65640.8,19348.6,55.76,21.9158
13402.9,13188,66603.8,9168.48,8868,67756.6,17038.8,64.78,21.9158
17200.6,12860,87656.4,14130,11912,77738.7,45043.2,-37.72,21.9179
6524.16,6871,62227.8,2744.64,2883,62390.8,12229.9,32.8,21.9179
10678.4,10627,65853,6641.28,6387,68145.1,11890.1,77.08,21.9211
18369.3,18449,65252.8,10805,10769,65755.3,15280.6,54.12,21.9232
10432,10742,63644.7,3497.76,3506,65382,11232.7,43.46,21.9243
17121.3,17000,66003.5,8951.04,8792,66721.5,26316.7,2.46,21.9285
10252.8,10109,66468.2,7881.12,7465,69189.2,21142.8,-31.98,21.9285
10940.2,10141,70700.6,8324.64,7693,70916.9,19674,54.12,21.9285
9174.4,9666,62202.9,3677.04,3766,63987.9,5193.36,-70.52,21.9295
13527.7,13665,64877.4,6172.56,6193,65319.7,17009.3,48.38,21.9306
8122.24,8748,60848.1,3143.52,3224,63900,18903.6,21.32,21.9327
12551.7,12940,63569.3,4567.68,4348,68847.2,11511.4,62.32,21.9327
9320.32,9737,62731.5,5034.24,4889,67482.9,9540,-21.32,21.9327
13021.4,12921,66045.4,8308.08,7977,68256,22158.7,41,21.9359
14344.3,14697,63963.3,6384.24,6057,69076.7,14978.2,73.8,21.9369
5606.4,6356,57807,2429.28,2608,61045,18496.8,-108.24,21.9369
13283.2,13472,64617.6,4718.88,4624,66880.7,17179.2,9.02,21.938
18812.8,17993,68522,11872.1,11421,68124.4,11931.1,62.32,21.9401
6005.76,6123,64281.1,2574.72,2527,66773.6,24436.1,-9.84,21.9433
15676.2,14352,71582.6,11440.8,10592,70787.8,33871,44.28,21.9464
8652.16,8824,64259.7,2890.8,3016,62815.5,21888.7,30.34,21.9464
7479.04,7471,65606.5,2841.84,2703,68902.3,17766,14.76,21.9485
11274.2,11333,65196.2,4387.68,4561,63045.6,7377.12,-12.3,21.9485
12115.8,11540,68806.2,4803.12,4644,67781.5,32603,105.78,21.9506
13983.4,13285,68981.1,7341.84,7061,68142.6,6972.48,-48.38,21.9517
8707.2,8601,66345.2,3451.68,3449,65586.9,6079.68,10.66,21.9549
8564.48,8622,65098.8,4521.6,4570,64841.9,8220.96,-59.86,21.9549
11158.4,11295,64743.4,6157.44,5051,79891.9,5072.4,12.3,21.957
10195.2,10548,63344,4217.76,4384,63050.9,8467.2,19.68,21.958
6650.88,6860,63538.2,2981.52,3032,64444.9,10964.9,-1.64,21.9591
8944,9396,62383.4,3484.08,3620,63075.3,13542.5,-52.48,21.9591
12064.6,11473,68915.6,8121.6,7825,68020.1,6628.32,-77.08,21.9622
9734.4,9608,66398.2,4951.44,4860,66769.1,7461.36,48.38,21.9633
8960.64,9193,63879.5,3587.76,3405,69053.6,15206.4,33.62,21.9665
12841.6,12972,64877.2,5980.32,5996,65364.6,12574.1,51.66,21.9696
17667.2,15897,72833.7,12555.4,11885,69232.5,39520.8,45.1,21.9696
15185.3,15184,65541.5,8966.16,8932,65786.6,24417.4,26.24,21.9717
10798.7,10660,66388.8,4320,4224,67025.5,25234.6,62.32,21.9717
8824.96,8917,64859.5,4631.04,4609,65849.4,11810.2,-15.58,21.9728
8245.76,8276,65296.5,3278.88,3296,65195.6,6441.84,23.78,21.9749
6032,5967,66249.9,2441.52,2463,64964.5,6538.32,33.62,21.9823
7413.12,7325,66324.4,2488.32,2553,63875.7,8157.6,-121.36,21.9844
16217,14613,72729.4,11496.2,10785,69857.9,33148.1,0,21.9844
15959,14885,70264.8,11367.4,10757,69254.6,17257,59.86,21.9844
13438.1,12468,70635.1,5389.92,4564,77395.7,17656.6,9.02,21.9876
11572.5,10265,73883.5,7058.88,6537,70768.1,13765,15.58,21.9886
13866.2,12977,70026.8,5965.2,5905,66204.1,26479.4,-13.94,21.9918
18954.9,16684,74456.2,13935.6,12760,71573.9,22197.6,-18.86,21.9929
14994.6,13884,70778.1,5420.88,5436,65353.7,11344.3,-52.48,21.9929
13443.2,12273,71784.7,4001.76,3973,66010.4,12079.4,19.68,21.9939
13735.7,11580,77735.9,6644.88,6252,69654.3,5953.68,21.32,21.9971
11783,10396,74279.9,6827.76,6780,65997.7,9702.72,67.24,21.9971
11061.1,9950,72854.4,3558.96,3658,63761.6,10861.2,101.68,21.9981
10808.3,9593,73838.6,3433.68,3485,64570.9,14661.4,-29.52,21.9981
13516.8,11628,76181.4,8134.56,7788,68452.3,20284.6,7.38,22.0002
6957.44,5841,78062.5,2815.92,2817,65510.9,8565.12,-23.78,22.0002
7089.92,6197,74979,2244.96,2321,63388.9,8061.84,-36.08,22.0045
10960.6,9985,71939.6,5513.04,5393,66994.7,10213.9,23.78,22.0076
7510.4,6913,71199.4,2481.84,2613,62246.4,6721.2,-19.68,22.0097
9589.76,9052,69429.4,4312.08,4504,62743.4,31412.2,-10.66,22.0097
9022.72,8080,73182.3,5418,5204,68231,9884.88,74.62,22.0118
5670.4,5357,69370,2412.72,2473,63938.6,5392.08,70.52,22.0129
5681.92,5644,65976.3,2460.24,2620,61539.8,7706.88,109.88,22.014
8077.44,7755,68260.9,7315.92,7135,67197.8,10327,59.86,22.0161
16448.6,14970,72009.2,9606.24,8894,70784.2,37107.4,100.04,22.0192
15173.1,15572,63857.3,7602.48,7636,65248.3,12605.8,35.26,22.0213
8866.56,8517,68225.8,7218.72,6693,70683.7,35439.8,60.68,22.0256
6727.04,7629,57787.8,3377.52,3449,64177.8,5285.52,14.76,22.0277
11347.2,12076,61580.8,4914,4936,65243.9,16966.1,-51.66,22.0277
12480.6,12861,63597.8,7394.4,7085,68397.9,29510.6,73.8,22.0287
7411.84,7453,65174.1,7061.04,6617,69933.9,24883.2,126.28,22.0287
14320.6,15068,62285.5,6441.12,6652,63458.4,9275.04,-29.52,22.0308
12809,13340,62927.1,8064,7928,66660.2,24941.5,128.74,22.0319
8441.6,8725,63407.3,3859.92,3749,67475,11687,80.36,22.034
5281.28,5989,57791.6,2680.56,2773,63351.3,4955.76,-91.02,22.0351
5396.48,5721,61818.5,3980.88,2601,100304,13531,62.32,22.0372
15831,14653,70804.8,11069.3,10301,70423.9,31129.2,43.46,22.0372
6572.8,6739,63919.7,2470.32,2499,64783.9,13708.8,28.7,22.0414
13413.1,13476,65230.2,6145.2,6224,64706.3,13440.2,13.12,22.0414
6506.24,6413,66488.8,3497.04,2925,78352.8,16020.7,-29.52,22.0414
9987.84,10158,64438.2,4749.12,4782,65085.4,10674.7,99.22,22.0435
10197.1,10501,63639.5,2823.12,2805,65959.4,19149.8,-59.86,22.0488
9569.28,10069,62283.5,3864.96,3665,69111.6,5367.6,2.46,22.0498
7534.72,7967,61980.1,3289.68,3183,67732.5,12283.9,-26.24,22.0498
8480,9336,59527.1,4051.44,3980,66712.4,6267.6,45.92,22.0541
4953.6,6097,53245.7,2634.48,2693,64111.9,15658.6,4.1,22.0551
14478.7,15506,61194.2,6120.72,6102,65737.1,9586.08,-15.58,22.0551
16554.9,17310,62677.1,2823.84,2862,64662.2,27702.7,32.8,22.0583
13845.8,13821,65653.4,10231.9,9245,72532.1,13084.6,-9.02,22.0604
4746.24,5929,52462.4,2268.72,2365,62868,9166.32,36.9,22.0604
12380.8,12012,67548.1,10430.6,9224,74109.1,27419,95.94,22.0625
10357.8,10420,65144.5,6618.24,6004,72240.7,14872.3,22.96,22.0678
9082.24,10176,58491.9,9513.36,4804,129781,7457.76,318.98,22.0688
17503.4,17213,66641.5,12411.4,11629,69945,17856,13.94,22.0699
11898.2,12264,63581.5,5182.56,4776,71114.8,9638.64,-92.66,22.0709
5374.72,6050,58221.1,2550.96,2518,66393.9,7815.6,59.86,22.072
13157.8,12121,71141.6,10784.9,9705,72828.2,10219.7,104.96,22.0731
17232.6,14192,79577.1,16273.4,13616,78326.7,64419.1,6.56,22.0731
8377.6,7575,72479.8,7200,6483,72784.1,26266.3,17.22,22.0741
10372.5,10928,62204.5,4681.44,4688,65444.3,5969.52,41.82,22.0741
9685.12,9624,65952.2,7398.72,6792,71390.2,34783.2,2.46,22.0762
11782.4,11908,64844.8,4957.2,4756,68308.5,5404.32,14.76,22.0783
10963.2,10793,66569.5,3826.8,3629,69108.1,39152.2,-27.06,22.0815
11615.4,11225,67815.1,4233.6,4089,67853.6,38371,20.5,22.0847
10298.2,9957,67782,7563.6,7317,67744.7,12015.4,-32.8,22.0868
7203.2,6836,69056.3,3232.8,2820,75129.4,7835.76,0.82,22.0921
12251.5,11409,70375.6,6191.28,6069,66856.4,10189.4,-9.02,22.0942
11762.6,11056,69724.2,4065.12,3968,67140,23546.2,-39.36,22.0952
8633.6,8105,69810.2,3652.56,3581,66845.6,6210.72,53.3,22.0952
13933.4,12937,70583.8,5371.2,5241,67164.1,5363.28,-33.62,22.0963
10965.1,10661,67405.5,3791.52,3793,65510.4,6346.08,3.28,22.0984
17043.8,15793,70726.6,10966.3,10705,67135.8,5586.48,82.82,22.1005
13943.7,13386,68266.3,4352.4,4362,65391.8,10634.4,58.22,22.1015
5368.96,5337,65928.5,2846.16,2985,62487.8,9946.8,-65.6,22.1037
8027.52,7546,69717.9,2991.6,2878,68122.8,38829.6,-51.66,22.1047
11180.2,10889,67288.4,5765.04,5709,66179.3,9630.72,5.74,22.1058
16633,15216,71638.9,8981.28,8436,69772.1,12973.7,86.1,22.11
12771.2,12116,69080,5040.72,4912,67253.4,11232.7,62.32,22.111
17181.4,16025,70265.4,9084.24,8653,68802.1,36054,-50.02,22.1142
12747.5,11756,71063.4,7635.6,6092,82141.6,45208.8,77.08,22.1153
14877.4,13413,72691.3,6144.48,5745,70093.1,15181.9,-65.6,22.1153
10967,10141,70874.3,3390.48,3357,66189.6,14190.5,-35.26,22.1163
26830.7,23293,75489.5,16616.9,14877,73200.5,31199.8,106.6,22.1163
9736.96,8857,72047.1,5069.52,4889,67955.8,5255.28,-83.64,22.1184
10694.4,10300,68045.5,5568.48,5656,64521.9,13251.6,67.24,22.1184
10797.4,9940,71189.2,4526.64,4416,67178,9931.68,28.7,22.1205
11800.3,11129,69489.2,7259.76,7129,66738.1,18332.6,46.74,22.1227
10001.9,9056,72381.4,6249.6,6068,67497.3,6182.64,17.22,22.1279
8804.48,8500,67883.6,3322.08,3408,63883.8,6837.12,-3.28,22.129
11361.9,10293,72341.9,8318.88,7861,69353.3,15579.4,39.36,22.1311
13184,11686,73936.9,7626.24,6854,72919.9,21445.2,-11.48,22.1332
6130.56,5701,70474,3301.2,3301,65540,22417.2,41.82,22.1353
21493.8,17860,78869.8,7223.76,5908,80131.4,15711.1,-18.04,22.1364
8408.96,7887,69873.2,4565.52,4463,67041.4,4788,14.76,22.1385
13175.7,12408,69590.7,5639.76,5512,67055,8564.4,-57.4,22.1395
27231.4,20949,85189.5,27097.9,21953,80895.1,58839.8,137.76,22.1406
18655.4,17727,68968.1,8699.04,8767,65028,18276.5,6.56,22.1459
15013.1,13093,75147,12066.5,10673,74092.5,17974.8,81.18,22.149
10560,10513,65829,5356.08,5397,65039.1,12693.6,-33.62,22.1511
7987.84,7652,68412.3,2903.04,2864,66429.3,30372.5,-64.78,22.1522
8896.64,8557,68137.2,4044.24,4061,65265.5,5252.4,55.76,22.1522
16417.9,15128,71124.1,7241.76,6556,72391.1,14544.7,18.04,22.1564
14374.4,13707,68727,7969.68,7819,66799,14491.4,87.74,22.1564
10414.7,10011,68178.9,3394.8,3375,65920.5,13248.7,-4.1,22.1564
7379.84,7219,66996.2,10342.8,10103,67091.5,5005.44,74.62,22.1575
12233.6,11724,68384.6,5765.76,5612,67331.6,13478.4,-15.58,22.1575
13504,12773,69286.6,6647.04,6373,68354.1,7461.36,56.58,22.1575
12869.8,12528,67323.8,6669.36,6576,66466.4,17763.1,-1.64,22.1585
8771.2,8180,70272.5,5460.48,5172,69191.4,14222.9,93.48,22.1628
17924.5,16804,69905.9,4363.92,4272,66946.1,14478.5,-6.56,22.1649
5788.8,5677,66826.6,2378.88,2473,63041.8,10356.5,66.42,22.1649
11190.4,10885,67374.7,3903.12,4001,63932.7,10565.3,-54.94,22.1691
12622.1,11973,69088.8,6410.16,6261,67097.3,14778.7,7.38,22.1701
10503,9744,70641.1,4543.2,4432,67180.3,8969.76,86.92,22.1712
5683.2,5233,71174.1,3175.92,2945,70674.7,14585,34.44,22.1723
13813.1,11416,79297.2,10168.6,9416,70773.9,38261.5,164,22.1733
12915.8,12338,68605.3,5356.08,5350,65610.5,15629.8,52.48,22.1754
14512.6,13364,71168.8,8532,7876,70994.6,33824.9,46.74,22.1754
10209.9,9169,72976,7014.96,6565,70027.8,10707.8,95.94,22.1775
12428.2,11386,71534.5,7115.04,6606,70586,9937.44,-4.92,22.1775
10323.2,9668,69977.4,4970.16,4912,66312,8533.44,98.4,22.1786
13200,12813,67515.4,4767.12,4777,65400.5,10200.2,98.4,22.1796
9901.44,9380,69179.2,4208.4,4080,67598.5,12677.8,-16.4,22.1818
13159,10833,79607.8,10658.2,8881,78650.3,26457.8,13.12,22.1818
10057,9152,72016.3,7346.88,6912,69659.3,10748.9,-56.58,22.1839
8096,7828,67779.7,2982.96,2964,65955.2,5219.28,13.12,22.1881
5596.16,5668,64705.4,2414.16,2468,64106.3,21210.5,4.1,22.1902
11466.2,11445,65657.6,7300.8,6433,74376.7,7975.44,92.66,22.1923
15006.1,13804,71243,9715.68,8664,73491.1,15273.4,-26.24,22.1944
7175.04,7205,65263.5,3011.76,2993,65946.8,12371.8,51.66,22.1965
12570.2,12023,68518.9,4430.16,4323,67160.5,13891.7,35.26,22.2029
11789.4,11240,68739.6,5446.08,5272,67700,14323,9.02,22.2039
12499.2,11484,71329.5,5704.56,5272,70913.1,16964.6,-7.38,22.206
7465.6,7289,67123.8,3524.4,3421,67516.8,45211,100.04,22.2092
6983.68,7055,64873.5,2810.88,2815,65440.1,14189,-42.64,22.2113
15952.6,15324,68224.5,11034,10600,68219.3,22577.8,82,22.2113
7523.2,7597,64899.4,2482.56,2505,64948.9,12615.8,-21.32,22.2124
7350.4,7235,66581.3,2518.56,2483,66474.6,23158.8,40.18,22.2155
12618.2,11259,73447.8,12150,11131,71535.6,29827.4,89.38,22.2155
10003.2,9392,69800.9,6677.28,6420,68162.3,7526.16,10.66,22.2155
10688.6,10440,67096.8,7259.76,7036,67620.2,12216.2,54.12,22.2229
24510.1,21357,75211.5,10620.7,9321,74674.3,40878,53.3,22.2229
16457,16165,66719.7,9092.88,8993,66263.9,15284.2,0.82,22.2271
8894.72,8228,70846.4,7241.04,6752,70282.7,20677,-59.86,22.2271
12181.1,12075,66112,4558.32,4527,65989.4,5505.12,15.58,22.2282
12649,12620,65686.4,5611.68,5660,64976.5,28037.5,-47.56,22.2292
9390.72,9073,67831,4622.4,4309,70302.5,6432.48,80.36,22.2335
11886.7,12077,64503.4,4479.12,4285,68504.9,24616.1,34.44,22.2345
11439.4,10555,71027,8084.16,7435,71258,64195.2,50.02,22.2377
10771.8,10748,65681.4,6268.32,6072,67654.9,12063.6,15.58,22.2377
5870.08,6141,62644.8,2514.24,2621,62866.6,8033.76,4.92,22.2377
11914.2,11691,66787.4,5210.64,5039,67768.3,5670,42.64,22.2398
7917.44,7173,72337.6,5860.8,5413,70957.6,17491.7,49.2,22.243
16021.1,14637,71733.3,10001.5,9209,71176,8746.56,145.14,22.244
15931.5,13064,79921,15997.7,8104,129371,11039,79.54,22.2451
9009.28,8312,71033.7,6955.92,6344,71857.4,22621,68.88,22.2451
14332.2,13692,68600.1,6153.84,5996,67261.2,10335.6,-13.94,22.2461
8244.48,7996,67572.6,2805.84,2776,66240.5,13290.5,-41,22.2461
13526.4,13185,67232.9,6210,6085,66882.3,11393.3,-50.84,22.2461
7136,7021,66609.4,3157.2,3085,67069.8,8544.96,-32.8,22.2472
9497.6,9487,65609.2,2882.16,2959,63834.2,10136.9,75.44,22.2482
6656.64,6648,65621.2,2254.32,2348,62921.3,7860.24,72.98,22.2535
13286.4,11892,73220.4,5140.08,4740,71067.6,26926.6,-67.24,22.2546
19681.3,14337,89965.3,13257.4,10837,80173,5370.48,104.14,22.2567
7817.6,7404,69197,2885.04,2652,71294.9,4776.48,-16.4,22.2598
15430.4,14085,71796,10385.3,9957,68354.9,16270.6,49.2,22.262
10627.2,9852,70692.7,3402.72,3420,65204.9,12681.4,-34.44,22.2641
7592.32,7184,69260.9,2673.36,2772,63203.9,19845.4,-24.6,22.2662
23917.4,14209,110314,52593.1,37877,90998.3,5047.2,2839.66,22.2662
10494.1,10125,67924.9,3245.76,3449,61674.1,33325.2,82.82,22.2672
15865,15329,67827.4,7732.8,7909,64076,4813.2,8.2,22.2767
10874.9,10572,67413.6,2862,3000,62521.4,5896.08,-117.26,22.2778
10923.5,10153,70509.6,4631.76,4217,71981.8,21433,-32.8,22.282
16542.1,15465,70100.3,6802.56,6617,67373.8,29287.4,70.52,22.2831
9415.04,8797,70140.3,3695.04,3689,65643.3,14274,68.88,22.2831
18501.8,16497,73500.1,13549.7,12945,68597.3,5185.44,27.88,22.2841
12177.9,11252,70928.9,5063.76,4996,66424.9,4855.68,57.4,22.2852
9623.04,8845,71300.8,3824.64,3789,66152.5,25042.3,4.92,22.2862
6393.6,5817,72032.1,2098.8,2137,64364.5,12543.1,-126.28,22.2873
14884.5,13906,70147.4,4978.8,4946,65970.6,13945.7,48.38,22.2883
10538.2,9644,71612.8,5207.76,5144,66348.3,18704.2,114.8,22.2883
25777.3,23497,71896,8134.56,7485,71223.3,35421.8,42.64,22.2883
17290.2,15760,71899.3,9026.64,8480,69760.6,19032.5,41.82,22.2894
12636.2,11912,69520.1,3795.84,3784,65741.1,15739.2,49.2,22.2894
8774.4,8200,70126.7,5584.32,5484,66734.9,8626.32,-9.84,22.2905
13950.1,13208,69218.1,7636.32,7276,68781.5,6890.4,22.96,22.2915
10174.7,9693,68793,2881.44,3049,61934.4,9079.2,66.42,22.2936
6606.08,6057,71477,2679.12,2729,64338.2,5730.48,91.02,22.2957
7187.2,6536,72065.5,3161.52,2684,77195.8,31025.5,-10.66,22.2989
17991,16579,71117.7,5063.04,4723,70254.4,14803.9,-4.92,22.2989
18021.8,12886,91655.6,22914.7,13510,111158,17943.8,46.74,22.2999
13463,12664,69671,4831.2,4840,65416.8,15698.2,-19.68,22.2999
11135.4,10116,72139.9,6481.44,6180,68732.6,15894,-32.8,22.301
10686.7,9857,71052.5,4415.76,4545,63672.4,23754.2,-85.28,22.301
12359,10639,76131.4,8277.12,7691,70530.4,14611,0,22.3052
6661.76,6176,70690.6,2537.28,2628,63273.7,7611.84,3.28,22.3073
11813.1,11073,69916.4,3432.96,3521,63897.3,9342.72,-28.7,22.3073
12519.7,11027,74407.3,4957.92,4531,71710.9,19493.3,43.46,22.3084
12585.6,11237,73401.3,6752.88,6513,67949.8,34280.6,63.96,22.3084
6500.48,5969,71371.3,2368.8,2481,62572.2,4875.12,9.02,22.3094
7847.68,7373,69755.3,2939.04,2989,64440.6,16961,-12.3,22.3105
13247.4,12152,71443.3,4937.04,4764,67916.4,5034.24,67.24,22.3116
16490.9,15520,69635.7,8182.08,8260,64917.8,6626.16,-23.78,22.3126
8062.08,7111,74301.3,2651.76,2652,65530.1,11311.9,110.7,22.3158
6504.96,5700,74791.1,2626.56,2624,65599.9,7733.52,-40.18,22.3168
9194.88,8320,72427.4,2669.04,2672,65463.4,25851.6,43.46,22.3232
14726.4,13624,70838.9,7797.6,6264,81581,11724.5,510.86,22.3232
12986.9,11640,73119.3,9086.4,8748,68071.1,29034,70.52,22.3263
12960.6,11777,72122.7,5761.44,5461,69141.5,8851.68,-12.3,22.3263
8405.12,7729,71269,2478.24,2533,64119.2,29785,-15.58,22.3295
13171.2,12245,70493.1,8469.36,8069,68787.7,7223.76,1.64,22.3327
22193.3,18724,77678.8,17858.9,16020,73058.6,41653.4,28.7,22.3337
5488.64,5337,67398.1,2306.88,2377,63602.7,9474.48,-15.58,22.3358
11893.1,11540,67541.4,6698.16,6468,67868.1,7059.6,91.02,22.3369
9665.92,9581,66116.9,3758.4,3897,63205.2,28375.9,101.68,22.339
62663.7,35737,114915,43801.9,29113,98602.1,57250.8,301.76,22.34
8440.96,8242,67118,3168,3206,64759.2,16471.4,28.7,22.3411
7287.04,7209,66245.5,3268.08,3293,65040.1,8955.36,-65.6,22.3411
10112,10157,65245.6,4399.92,4509,63950.6,9840.24,0,22.3411
14320.6,13760,68206.2,9989.28,9856,66422.2,5006.16,93.48,22.3422
14736,14982,64459.9,5374.08,5602,62869.6,12565.4,3.28,22.3432
14304.6,13921,67342.1,9101.52,9189,64912.1,49183.9,83.64,22.3464
10455,9620,71224.7,8015.04,7588,69224.3,21683.5,90.2,22.3464
10581.1,10752,64494.4,4812.48,4804,65651.7,11597.8,-29.52,22.3506
8433.92,8496,65057.1,5469.12,5456,65693.6,7411.68,104.14,22.3506
10657.9,10320,67681.9,8221.68,8004,67318.3,20371,72.16,22.3538
6300.16,6895,59882.1,2131.92,2207,63306.5,11631.6,-18.04,22.358
8876.8,8584,67771.4,6692.4,6380,68745,16620.5,19.68,22.3601
6689.92,6529,67151.3,5586.48,5205,70339.2,16289.3,56.58,22.3612
11305,11432,64807.7,5808.24,5532,68808.5,21517.9,45.1,22.3622
65096.3,40253,105983,194676,148797,85743.1,71348.4,5661.28,22.3622
16032.6,15901,66078.6,7321.68,7209,66560.4,17209.4,-18.86,22.3622
8476.16,8811,63045.5,4651.2,4591,66395.4,7498.8,54.12,22.3643
6065.28,6636,59899.7,2612.16,2636,64943.3,12609.4,-23.78,22.3654
5495.04,6245,57665.8,2245.68,2357,62440.8,17289.4,-36.9,22.3664
12187.5,12073,66157.6,8434.08,8057,68603.2,26013.6,-9.02,22.3664
6954.88,7612,59878.5,3250.08,3340,63771.6,14241.6,-13.12,22.3675
14085.1,12790,72172.2,7907.76,7334,70663.1,23994.7,-9.02,22.3685
13625,14209,62842.2,5723.28,5541,67691.9,17951,36.08,22.3717
9026.56,9868,59947.8,4293.36,4264,65987.3,4757.04,22.14,22.3738
11836.2,12201,63576.3,7518.96,7289,67603.6,5335.92,43.46,22.3749
10460.8,10785,63566,7889.04,7397,69895.4,20703.6,9.84,22.377
13155.8,13240,65119.4,9659.52,9292,68128.1,8894.88,24.6,22.3802
9478.4,10012,62043.2,4882.32,4760,67220.1,12494.2,61.5,22.3812
13786.9,13118,68877.6,9656.64,8602,73571,30561.1,139.4,22.3812
8983.04,9477,62120.1,4224.96,4145,66800.2,6338.88,92.66,22.3823
6476.16,6944,61120.6,2191.68,2180,65887.1,22222.1,26.24,22.3844
10666.2,11096,62997.7,3186.72,3132,66681,33246,-32.8,22.3854
6861.44,6609,68039.2,7366.32,6657,72519,19088.6,31.98,22.3854
13352.3,13141,66589.9,7782.48,7333,69553.1,31814.6,58.22,22.3897
4592,5293,56856.5,2187.36,2249,63739.8,5706,-22.96,22.3897
11283.8,11832,62499.8,4143.6,4188,64841.2,17464.3,116.44,22.3907
12261.8,12327,65189.2,5645.52,5591,66175.1,11574,60.68,22.3928
10846.7,10924,65072.4,4996.08,4872,67205.1,5052.24,62.32,22.3928
15488.6,14533,69845.4,9203.04,8497,70981.6,11246.4,-18.86,22.3949
11021.4,10348,69801,8455.68,7980,69442.5,11512.1,50.84,22.396
13228.2,12637,68601.8,6482.88,6057,70144,12954.2,71.34,22.397
13393.9,12313,71289.2,7043.76,6489,71138.8,34087.7,45.1,22.397
20557.4,16222,83050.9,12316.3,10490,76945.9,17059,4.92,22.3981
10723.8,10705,65651.3,4104.72,4181,64340.3,10134.7,56.58,22.4013
13962.2,13725,66668.8,4746.24,4925,63157.3,19447.9,-24.6,22.4013
9070.72,8712,68234.5,3734.64,3836,63804.3,7610.4,71.34,22.4034
7806.72,7301,70075.5,2658.96,2709,64325.4,21098.2,52.48,22.4034
12037.8,11024,71562.6,8661.6,7904,71817.6,13497.1,47.56,22.4044
11888,11112,70112.7,5816.88,5896,64656.6,10325.5,40.18,22.4055
24611.8,12809,125924,18933.1,10461,118612,35686.8,103.32,22.4065
15081,14393,68668.5,9506.16,8713,71501.9,27833,1900.76,22.4065
11368.3,10540,70686.4,5435.28,5400,65964.2,6588.72,142.68,22.4065
15349.1,14457,69580.1,5724,5849,64135.4,24604.6,59.86,22.4097
11641,11201,68110.2,3750.48,3857,63726.1,19357.2,47.56,22.4108
12894.1,12064,70045.3,6407.28,6228,67422.5,11714.4,0,22.4118
12451.2,12021,67881.4,6629.76,6709,64762,8289.36,-22.14,22.4129
11424,10338,72420.5,6981.12,6706,68224.7,14381.3,-27.06,22.4139
12653.4,12338,67211.5,5852.16,5894,65070.8,10883.5,-19.68,22.4139
12016,11917,66080.4,7397.28,5273,91937.8,11350.8,59.04,22.4181
11123.8,11177,65224.3,4193.28,4173,65854.5,6608.88,17.22,22.4181
13235.2,12072,71850.7,5919.84,5532,70130.6,29437.2,-6.56,22.4192
14209.3,13563,68658.8,6821.28,6299,70969.9,35638.6,19.68,22.4203
14401.9,13980,67513.9,5127.84,5000,67211.6,13929.8,15.58,22.4224
11159,11129,65712.9,7476.48,7117,68846.2,9181.44,59.04,22.4276
12793,11866,70655.6,7745.76,6986,72663.3,19299.6,63.96,22.4298
9000.96,9517,61982.4,3736.08,3789,64620.7,5641.2,14.76,22.435
6503.04,7045,60494.4,3298.32,3349,64544.3,7691.04,15.58,22.4361
6300.8,6632,62263.2,3006.72,3004,65595.4,7766.64,-17.22,22.4403
10412.2,10068,67776.3,3707.28,3636,66820.8,7740.72,-72.16,22.4403
8653.44,8645,65600,2403.36,2357,66825,31155.8,110.7,22.4424
13046.4,12729,67170.1,5304.24,5177,67146.8,25553.5,-21.32,22.4435
6549.76,6444,66611.6,2973.6,2956,65926.2,6976.08,-50.02,22.4435
8721.92,8416,67918.2,2576.16,2532,66679,8920.8,-48.38,22.4435
16961.9,13864,80180.1,6902.64,5404,83710.5,32176.8,16.4,22.4456
7326.08,7193,66748.5,3297.6,3225,67011.3,5799.6,11.48,22.4509
13600,13401,66509.2,5464.08,5453,65669.2,6210.72,-31.98,22.453
13951.4,13785,66326.9,5679.36,5629,66122.3,6394.32,-22.96,22.4551
11643.5,11872,64274.7,4903.2,5012,64113.4,7629.12,73.8,22.4582
13518.7,13274,66744.2,8210.88,8238,65320.3,7446.96,42.64,22.4593
24044.8,19477,80905.7,15490.8,12433,81654.1,34794.7,41,22.4604
11019.5,10930,66072.8,7365.6,7090,68083.5,10928.9,-12.3,22.4667
14387.8,14590,64627.9,6379.92,6414,65187.8,23864.4,33.62,22.4667
7173.76,7336,64086.6,3248.64,3276,64988.7,29386.1,16.4,22.4677
13473.9,13681,64544,5551.2,5653,64355.8,9369.36,44.28,22.4677
14392.3,14248,66199.8,5873.04,5864,65637,11566.8,-21.32,22.4688
7843.2,7852,65462.6,5002.56,4936,66419.7,7138.8,61.5,22.4699
15639.7,15385,66620.9,8020.8,8061,65209.2,4892.4,-19.68,22.4699
10189.4,10151,65784.2,3911.76,3895,65818,12690,-26.24,22.472
14410.9,13269,71175.8,20158.6,19345,68292.1,35177,45.92,22.473
15824,15649,66268.9,5682.96,5685,65512.5,6819.84,22.96,22.4804
15565.4,14704,69375.4,9218.88,8436,71617.9,25902,25.42,22.4825
8292.48,8280,65634.8,3368.88,3368,65553.1,8447.76,19.68,22.4825
10247.7,10233,65630,3579.84,3533,66404.9,21198.2,18.04,22.4825
12518.4,12476,65758.7,5484.96,5512,65214.5,15063.1,-71.34,22.4836
14584.3,14457,66113.2,2946.24,3005,64254.5,11558.2,4.1,22.4846
11625.6,11604,65658,4210.56,4256,64836.3,21192.5,63.96,22.4846
11286.4,10233,72282.4,9243.36,8409,72038.6,22587.8,84.46,22.4846
10550.4,9460,73090,7453.44,6928,70506.4,36741.6,-7.38,22.4846
8684.8,8765,64936.4,3411.36,3485,64151.2,10789.2,-15.58,22.4857
11984,10144,77423.5,8745.12,7972,71891.6,30920.4,0.82,22.4867
11600.6,11116,68393.3,4718.16,4652,66468,22146.5,27.88,22.4867
13994.9,13404,68425,4246.56,4120,67549.2,12427.9,31.16,22.4878
29071.4,21397,89041.5,19535.8,16193,79064.8,51123.6,184.5,22.4878
22760.3,19270,77406.4,18267.1,16214,73834.6,23197,64.78,22.4941
16224,15716,67654.4,6545.52,6384,67194.1,9529.2,57.4,22.4962
14131.8,13637,67914.1,5283.36,5425,63824.9,8117.28,-36.08,22.4973
20400,15268,87564.5,17638.6,13504,85601.4,64888.6,68.06,22.5026
14142.1,13334,69507.7,8164.08,7718,69323.8,13619.5,101.68,22.5047
7212.16,7401,63863.8,3206.16,3181,66054.4,36522.7,-74.62,22.5057
8715.52,9259,61689.2,3913.92,4027,63695.7,9818.64,-35.26,22.5078
10862.1,10741,66274.8,8085.6,6501,81510.2,6792.48,9.02,22.5089
11962.9,11972,65486.1,4695.12,4576,67242,5865.12,52.48,22.5089
11003.5,10580,68159.4,6527.52,6196,69042.5,10263.6,41.82,22.51
10757.1,11116,63420.2,4804.56,4840,65056.1,10895.8,43.46,22.51
8992,9391,62751.5,4739.76,4811,64565.6,9747.36,36.9,22.51
17740.8,17644,65895.5,8915.76,8284,70534,6544.8,83.64,22.5121
10142.1,9997,66487.1,3313.44,3085,70388.9,59558.4,29.52,22.5163
13519.4,12531,70705,9678.96,8432,75227.7,27329,208.28,22.5184
16007,14817,70799.6,9675.36,8401,75477.3,25486.6,100.86,22.5205
10591.4,10564,65705.7,4348.08,4372,65177.4,9223.2,27.88,22.5216
8053.12,7773,67897.8,3712.32,3561,68320.9,5816.88,20.5,22.5226
5767.68,5520,68476.6,2139.12,2100,66756.8,4860,10.66,22.5237
13480.3,11800,74868.3,7121.52,6332,73707.5,49409.3,119.72,22.5237
10160.6,8920,74651.1,8132.4,7496,71099.9,16838.6,40.18,22.5258
8506.24,8433,66105.2,2710.08,2705,65659.1,21199.7,23.78,22.5321
11058.6,10613,68287.4,2868.48,2801,67114.9,24356.2,18.04,22.5342
12713,12274,67879.8,4982.4,4930,66232.6,8641.44,64.78,22.5363
10928,10661,67177.3,5211.36,5265,64868.3,8755.92,105.78,22.5385
8613.12,8321,67836.7,2366.64,2321,66824.7,17522.6,30.34,22.5395
20700.2,18612,72888.8,11359.4,10768,69135.6,38967.1,46.74,22.5416
8035.2,7702,68371.2,1697.76,1698,65526.7,13274.6,100.04,22.5427
9493.12,9013,69027.1,3171.6,3201,64934.1,5713.2,-19.68,22.5448
14531.2,14125,67420.6,5434.56,5177,68796.5,14860.8,131.2,22.5448
9198.72,8739,68983.6,4214.16,4183,66024.2,16616.2,-46.74,22.5458
12564.5,11144,73889.6,9040.32,8376,70733.8,45376.6,99.22,22.5469
10999.7,10333,69764.4,6021.36,5821,67791.8,5448.24,27.88,22.549
9769.6,9296,68874.8,5707.44,5328,70203.2,15775.9,-21.32,22.5511
12135.7,10552,75371.9,8505.36,7704,72353,40004.6,74.62,22.5522
17098.2,14724,76103.7,16879.7,15504,71351.1,51365.5,114.8,22.5543
8816,8859,65217.9,4138.56,4239,63983.2,8344.8,23.78,22.5553
18247.7,15760,75880.7,12147.1,11360,70076.9,68904.7,202.54,22.5553
10718.7,10704,65626.1,5330.16,5120,68226,11094.5,26.24,22.5574
10928.6,11109,64472,4637.52,4513,67344.2,5246.64,90.2,22.5585
10562.6,10592,65353.8,5728.32,5636,66609.5,11134.8,29.52,22.5606
23202.6,21445,70907.1,14332.3,13089,71761.3,27452.9,145.96,22.5606
11566.7,11773,64387.7,5428.8,5225,68092.2,15913.4,52.48,22.5606
14812.2,13980,69437,8995.68,8488,69455.8,17181.4,-2.46,22.5617
9038.72,9089,65173.5,2981.52,2997,65197.5,20743.9,50.84,22.5627
18500.5,14909,81323.2,19127.5,16169,77527.4,53530.6,134.48,22.5627
15918.1,15431,67604.6,7639.92,7475,66981.9,15486.5,32.8,22.568
11881.6,11509,67657.7,4937.76,4785,67628.2,13289.8,5.74,22.5691
8081.28,7684,68924.4,8245.44,7620,70915.1,8879.04,61.5,22.5691
11251.8,11104,66408.6,4529.52,4368,67959.4,15472.1,23.78,22.5712
12702.7,12270,67847.2,4798.8,4570,68817.1,29852.6,31.98,22.5722
5164.8,5092,66473,2300.4,2288,65891.2,20004.5,55.76,22.5733
12281.6,12216,65887.9,5042.16,5020,65825.3,9873.36,-14.76,22.5786
10390.4,10273,66284.9,3994.56,3941,66426.7,5736.24,43.46,22.5796
18156.8,16197,73465.7,11901.6,11109,70211.8,15165.4,97.58,22.5807
6302.72,6041,68375.3,3008.88,2969,66416.3,5029.2,-54.12,22.5817
13093.1,12557,68334.1,7019.28,6397,71911.1,8056.08,9.84,22.5828
9315.84,8941,68283.5,4037.76,3453,76634.4,15362.6,-22.14,22.5828
6871.04,6346,70958.2,2631.6,2622,65776,6424.56,-9.84,22.5828
46577.9,28401,107480,59752.8,37349,104848,12746.2,556.78,22.588
15198.7,14348,69421.8,3155.76,3144,65781.1,22441,-51.66,22.5891
15493.8,14816,68534,7556.4,7412,66812.8,23966.6,77.08,22.5891
14564.5,13712,69610.4,4634.64,4464,68041.2,23455.4,-75.44,22.5912
8814.72,8246,70056,5445.36,4998,71402,9488.16,77.9,22.5923
19836.8,17045,76270.1,14861.5,13553,71863.4,50014.1,91.84,22.5923
13452.8,12816,68792.3,6534.72,6276,68237.6,13617.4,5.74,22.5944
8592.64,7948,70851.4,6819.12,6504,68711.2,25735,108.24,22.5954
13007.4,12107,70409.7,8930.88,8603,68033.7,5420.88,64.78,22.5965
11145,10934,66800.4,9113.04,8470,70511.5,7187.04,40.18,22.5965
13499.5,13448,65787.1,4078.08,4140,64555.8,7477.92,-9.84,22.5975
9740.16,9361,68190.5,8481.6,7921,70174.2,9833.76,18.04,22.5986
14940.8,14314,68405.8,10439.3,9566,71518.8,22721.8,-26.24,22.5997
6711.68,6814,64551.9,3359.52,3374,65254.7,6764.4,-30.34,22.6049
5853.44,6021,63712.2,1657.44,1089,99744.7,6675.84,51.66,22.6081
6074.88,6302,63174.1,3472.56,2666,85363,7391.52,112.34,22.6092
8597.12,8221,68534.4,7253.28,6841,69485.6,12217.7,124.64,22.6092
14782.1,14225,68102.5,6487.2,6177,68827.1,13387,62.32,22.6102
11231.4,11135,66103.1,4253.04,4127,67537.5,24665,77.08,22.6102
9667.84,9637,65745.7,5060.16,4897,67719.6,19165,-15.58,22.6102
12950.4,12824,66182,5123.52,5016,66940.8,22472.6,-4.92,22.6113
8871.04,8912,65234.8,5470.56,5312,67492.2,12927.6,31.16,22.6134
5432.32,5677,62711.4,2737.44,2681,66915.7,6409.44,-45.92,22.6134
46605.4,20798,146857,221095,97754,148226,22263.8,15982.6,22.6134
9425.28,9376,65880.5,5466.24,5232,68470.1,6089.76,-22.96,22.6155
9891.84,8236,78712,11481.1,10040,74942.9,10291,59.04,22.6165
7370.88,7417,65128.5,5987.52,5577,70360.1,17480.2,-56.58,22.6187
7331.84,7454,64462,3858.48,3082,82047.2,37553,167.28,22.6197
10641.9,10460,66675.8,4364.64,4216,67846.6,9065.52,16.4,22.6282
8567.04,8172,68704.1,6021.36,5624,70166.4,11625.8,-42.64,22.6292
11228.2,10341,71158.4,8642.88,7969,71077.9,41896.1,16.4,22.6334
14347.5,13622,69026.5,7302.24,6886,69497.5,5576.4,-10.66,22.6334
8967.68,8841,66475,3715.2,3677,66216.9,12478.3,-10.66,22.6334
8698.24,8533,66805.1,4813.92,4641,67977.8,21186,116.44,22.6345
10604.8,10005,69464.9,5447.52,4997,71444.6,22156.6,91.02,22.6366
5959.04,6024,64829.3,3106.08,3160,64417.7,10991.5,96.76,22.6387
9112.96,8913,67006.3,4193.28,4145,66299.4,7547.76,-107.42,22.6419
9041.28,8493,69766.8,5384.88,5037,70062.2,26520.5,-21.32,22.6429
16379.5,15767,68082,6647.76,6499,67036.1,27712.1,45.1,22.6429
12832,12855,65418.7,7050.24,7075,65306.6,7738.56,19.68,22.644
13735,13691,65746.8,5546.88,5647,64374.1,59482.8,39.36,22.644
13920.6,12989,70236.6,9267.84,8809,68949.6,21638.2,24.6,22.645
21105.9,17033,81206.9,17308.8,15033,75457.3,59600.9,114.8,22.6461
18648.3,15144,80701,16568.6,14764,73546.6,13592.9,125.46,22.6482
9228.16,9181,65872.6,3198.24,3261,64274.7,6266.16,-59.86,22.6503
10407.7,10060,67801,6135.84,6168,65194.3,17875.4,-53.3,22.6514
10905.6,10227,69884.6,3481.92,3427,66586.3,17529.8,-41.82,22.6535
23533.4,19519,79014.7,13491.4,11915,74206.4,55863.4,113.16,22.6545
5260.16,5356,64363.3,2046.24,2056,65224.9,16084.1,-2.46,22.6556
8694.4,8206,69436.5,2016,2026,65212.5,7212.96,-43.46,22.6598
13295.4,12359,70501.2,6485.76,6307,67393.5,8841.6,37.72,22.664
5834.88,5288,72313.7,2316.24,2328,65204.9,25178.4,8.2,22.6661
9825.92,8881,72508.9,3101.04,3029,67094.7,9757.44,-14.76,22.6683
12498.6,11312,72410.3,6652.08,6304,69154.6,16338.2,-59.04,22.6704
22453.1,20060,73354.3,15414.5,14412,70094.6,17423.3,22.96,22.6725
12478.1,11390,71796.6,4901.76,4922,65266.5,8358.48,67.24,22.6767
8268.16,7285,74380.5,4644,3681,82681.1,7471.44,102.5,22.6788
14959.4,12689,77261.9,8508.24,7761,71845.9,14534.6,-12.3,22.6799
10868.5,9200,77421.4,7043.76,6496,71062.2,15588.7,-13.94,22.682
15088.6,13412,73728.7,5965.2,5652,69167.6,14666.4,72.98,22.682
13890.6,12567,72438.3,5004.72,4903,66895.6,13606.6,7.38,22.6862
12381.4,11293,71852.5,3854.16,3757,67230.8,9923.04,30.34,22.6873
11223.7,10572,69575.8,5599.44,5656,64880.6,9743.76,20.5,22.6883
14846.7,13445,72368.5,7845.84,7473,68805.7,5950.08,142.68,22.6904
12976.6,12356,68827.9,7281.36,6964,68522.6,10006.6,-50.02,22.6915
10883.8,9872,72253.2,5187.6,5012,67832.1,7405.92,-36.08,22.6915
11827.8,11112,69757.9,4823.28,4811,65703.3,18129.6,58.22,22.6936
9246.08,9087,66683.3,3284.64,3333,64585.1,22348.8,-20.5,22.6989
14036.5,13620,67540,5193.36,4512,75432.6,26143.9,-2.46,22.6999
9191.68,9023,66761.1,5604.48,5483,66988,26004.2,-9.84,22.702
6112,5994,66826.2,3126.24,3098,66133.4,19020.2,13.12,22.7052
11966.7,11576,67748,9143.28,8776,68278.7,12556.1,57.4,22.7062
17160.3,16797,66953.5,6195.6,6285,64603.8,20730.2,59.04,22.7105
24218.9,17131,92651.3,24294.2,19647,81037.7,27795.6,154.98,22.7105
5764.48,5605,67400.7,4430.88,2757,105325,13698,11.48,22.7136
12741.8,11661,71610,6557.76,6205,69261.8,16164.7,117.26,22.7136
20878.1,19926,68667.4,11818.1,11766,65826.1,11990.2,36.9,22.7147
5920.64,5729,67728.2,2546.64,2533,65888.9,15865.9,42.64,22.7147
16162.6,15505,68315.3,5645.52,5653,65449.3,8226.72,51.66,22.7157
7237.76,6692,70880.7,5204.88,4864,70128.9,5036.4,6.56,22.7168
6789.76,6797,65466.2,2611.44,2617,65396.8,8826.48,24.6,22.7189
16049.9,14901,70589.1,8897.76,8593,67860.3,6344.64,-78.72,22.72
19759.4,9449,137046,11679.8,7641,100177,38808.7,99.22,22.721
13524.5,10817,81939.6,9167.76,8165,73584.6,34917.8,0,22.7221
11687.7,10721,71445.2,8859.6,8609,67443.7,15372,-10.66,22.7305
10798.1,10820,65403.2,4434.48,4484,64812.2,22241.5,12.3,22.7316
15535.4,15011,67825.3,8316,7815,69737.3,7945.2,8.2,22.7326
9327.36,9400,65029.6,3996.72,4008,65351.6,13914.7,-34.44,22.7326
19815,18545,70024.2,14158.8,13397,69262.6,17740.1,131.2,22.7369
17846.4,16155,72397.5,12327.1,11327,71322.5,30755.5,3.28,22.7379
9960.96,10016,65175.9,5313.6,5328,65358.9,8224.56,-36.08,22.739
24899.8,11376,143446,118657,83472,93160.4,25274.2,1569.48,22.739
11557.1,11449,66154.9,4284,4349,64556.5,16002,7.38,22.74
11707.5,11589,66206.2,4286.88,4293,65442.6,7970.4,-45.1,22.7432
16918.4,16272,68139.4,8470.08,8404,66051.3,21863.5,56.58,22.7453
9752.96,9417,67874.1,5181.84,4989,68069.2,21003.8,9.02,22.7453
11738.9,11253,68365.7,6030.72,5809,68037.4,15415.9,41,22.7463
11726.1,11240,68370.1,6539.04,6492,66010.9,18821.5,61.5,22.7485
18544,14444,84138.7,13045.7,11400,74996.6,44238.2,7.38,22.7485
10564.5,10420,66444.7,5793.12,5344,71043.8,13406.4,-14.76,22.7495
10321.9,10460,64670.9,3842.64,3512,71705.9,4983.84,62.32,22.7506
7994.24,8053,65057.8,3305.52,3345,64762.5,14274.7,-15.58,22.7516
8887.68,8464,68816.5,7282.8,6884,69332.6,13617.4,-45.92,22.7527
16464,16013,67381.8,9746.64,9497,67258.7,21628.8,96.76,22.7548
15983.4,14000,74820.4,11160.7,10080,72562.4,50410.1,82.82,22.7569
13427.2,13443,65459,7259.04,7335,64857.3,9327.6,67.24,22.759
7405.44,7501,64701.1,3542.4,3529,65784.9,5083.2,22.96,22.7643
12710.4,13174,63229.8,6580.8,5794,74435.5,7854.48,69.7,22.7653
12386.6,11945,67958.6,7796.16,7229,70677.7,13419.4,85.28,22.7706
10216.3,10302,64990.9,3813.84,3806,65671,5261.04,8.2,22.7706
19057.3,16186,77161.6,13766.4,12238,73720.8,39298.3,62.32,22.7727
6219.52,6588,61870.4,3605.04,3372,70065.2,9918,-72.16,22.7748
49395.2,28743,112624,236447,150951,102655,61660.1,8332.02,22.7748
9819.52,10134,63502.3,3981.6,4050,64429.2,8431.92,-33.62,22.778
7925.76,8209,63274.8,3114,3137,65055.5,48636,47.56,22.7791
20234.9,19981,66368.7,12155,12169,65460.8,21903.1,105.78,22.7791
13131.5,13009,66153.2,6144.48,5797,69464.3,19581.1,54.94,22.7801
19491.8,19093,66905,15032.9,14641,67290.1,31104.7,83.64,22.7812
11835.5,12045,64396.2,4373.28,4409,65005.1,12499.2,48.38,22.7812
18800,18308,67297.2,12299,11824,68169,7389.36,-13.94,22.7833
8078.72,8340,63482.9,3181.68,3204,65079.5,10278,-27.06,22.7865
7030.4,7365,62558.6,3196.8,3281,63854.2,4982.4,-63.96,22.7886
13858.6,13095,69357.4,12096,11444,69269.8,12794.4,4.92,22.7928
14617,14378,66625.2,6289.92,6330,65121.1,29432.2,67.24,22.7938
6284.16,6608,62324.3,2672.64,2804,62465.8,17177,36.08,22.7959
5436.8,5681,62718.9,2115.36,2209,62757.9,5840.64,58.22,22.7981
7829.12,8025,63936.4,2740.32,2793,64299.9,34236,-19.68,22.8002
11962.9,11694,67042.9,6678,6382,68575.6,13590,-49.2,22.8002
12519.7,12424,66040.7,6039.36,5932,66722.1,34156.8,-27.88,22.8033
8635.52,8892,63645.7,4806.72,4748,66346.5,5564.88,64.78,22.8054
11886.1,12220,63745.2,4070.16,4156,64182.4,8861.76,3.28,22.8086
22049.3,15199,95073.5,16359.1,10149,105637,8506.8,52.48,22.8149
9428.48,9609,64304.8,4307.76,4285,65884.1,7772.4,-11.48,22.816
6793.6,6772,65745,3167.28,2964,70030.7,15729.8,44.28,22.8171
29377.9,25585,75251.6,14587.2,13253,72133.6,58408.6,36.08,22.8171
11500.2,11805,63843.7,4062.96,4205,63322.3,5605.92,25.42,22.8181
10537,10316,66939.7,6649.2,6412,67960.4,17485.9,151.7,22.8213
11095.7,10453,69565.3,6816.96,6453,69232.3,13986.7,-15.58,22.8234
10332.2,9564,70799.7,6226.56,5784,70550.5,17952.5,99.22,22.8255
6913.92,6856,66089.6,2849.04,2872,65012.1,8833.68,30.34,22.8266
8672,8637,65801.6,3949.2,3769,68669.4,25827.8,-79.54,22.8308
12088.3,11988,66084.4,4536,4480,66355.2,52455.6,87.74,22.8318
14924.8,14976,65311.9,5813.28,5780,65913.4,6218.64,16.4,22.8318
5142.4,5440,61950.8,2653.2,2736,63552.7,8745.84,-35.26,22.8318
11180.2,10853,67511.6,11173,9233,79305.9,20160,158.26,22.8318
5692.16,5929,62918.1,2264.4,2393,62014.1,7507.44,-1.64,22.8339
14492.2,14156,67092.3,5058,5032,65874.6,6753.6,-60.68,22.835
14213.1,12576,74067.4,9465.84,8836,70207.5,42576.5,-18.04,22.835
28450.6,21932,85014.4,23279.8,19176,79561,26548.6,66.42,22.835
7541.12,6597,74915.1,8619.12,7797,72446.1,21006.7,-3.28,22.8361
10839.7,10853,65455.6,3495.6,3589,63830.5,20953.4,45.1,22.8361
6687.36,6749,64937.4,2737.44,2733,65642.5,10569.6,51.66,22.8371
9308.16,9469,64422.8,3127.68,3181,64437.5,22088.2,-2.46,22.8413
9569.28,9829,63804.3,3131.28,3141,65333.2,6466.32,68.88,22.8424
12962.6,13117,64764.4,7027.92,6349,72544,29744.6,75.44,22.8434
11947.5,11905,65770.1,4401.36,4357,66203.3,36492.5,59.86,22.8434
12810.2,12673,66245.7,6068.16,5877,67667.7,22737.6,-36.9,22.8445
15119.4,14048,70534,8974.08,7364,79864.9,19576.1,24.6,22.8445
8493.44,8313,66958.5,3369.6,3309,66736.2,59323,-36.9,22.8445
12511.4,12129,67602,7602.48,7313,68130.2,14996.9,34.44,22.8466
7157.12,6194,75726.4,6143.04,5654,71204.5,28285.2,41,22.8466
8632.96,7915,71480.7,6107.04,5707,70129.8,25744.3,0,22.8477
9104.64,9321,64014.8,3112.56,3241,62938.8,14503,-15.58,22.8477
14391.7,14054,67110.7,6688.8,6662,65799.6,7089.84,30.34,22.8498
11369.6,10716,69533.2,6379.92,5880,71107.9,12373.9,81.18,22.8498
8597.76,7400,76143.6,7958.88,7148,72970.5,10609.2,92.66,22.8519
9431.68,8916,69326.4,6419.52,5920,71065.8,14651.3,13.12,22.8519
11400.3,10792,69230.1,4712.4,4508,68507.5,42390.7,10.66,22.854
13916.8,13108,69579.8,4418.64,4320,67032.4,25729.9,-31.16,22.8561
8979.2,8884,66238.3,3283.92,3312,64980.4,18061.9,-18.86,22.8582
11616,10829,70298.8,6981.84,6525,70124.4,23771.5,30.34,22.8593
12528,11715,70084.1,11049.8,10387,69718.1,7184.16,-9.84,22.8593
11111,10769,67617.5,4258.08,4229,65986.7,13131.4,21.32,22.8614
12969.6,13020,65282.3,5299.92,5304,65485.6,16675.2,45.92,22.8614
7818.24,7580,67595.8,2974.32,2956,65942.2,12687.1,-67.24,22.8614
10336,10121,66928.2,5212.08,4989,68466.4,9720,50.02,22.8624
12123.5,11813,67258.7,4796.64,4709,66755.7,13725.4,95.94,22.8635
6544,6968,61548.2,3063.6,3160,63536.7,13842.7,26.24,22.8656
9237.76,9737,62175.8,4894.56,4685,68467.4,10392.5,221.4,22.8667
13729.3,13479,66752.9,6591.6,6403,67466.4,24459.1,75.44,22.8677
13557.1,13481,65906,8494.56,8173,68114.5,23749.9,-50.02,22.8719
7800.32,8005,63860.3,3466.08,3505,64808.3,7797.6,58.22,22.8719
9068.8,9132,65082.4,7380,6840,70709.9,9259.92,64.78,22.874
6322.56,6809,60854.1,4158.72,4185,65124.5,8082,18.86,22.874
6420.48,7005,60067.5,2550.24,2665,62713.9,5505.84,-5.74,22.8751
9854.72,10021,64448.6,5209.2,5057,67508.4,7277.76,-40.18,22.8762
10367.4,9936,68381.2,8617.68,7456,75746.8,13127.8,57.4,22.8772
9690.24,9756,65094.3,3373.2,3352,65950.5,25659.4,-12.3,22.8793
9200.64,9520,63337.5,4694.4,3716,82791.2,13231.4,-15.58,22.8825
14380.8,13162,71604.6,7763.76,7178,70884.1,15367.7,24.6,22.8846
10527.4,10374,66504.8,3421.44,3490,64248.6,5341.68,31.16,22.8899
9232,9053,66831.8,4182.48,4185,65496.5,15883.2,13.12,22.892
16340.5,15760,67949.9,5782.32,5728,66157.5,7074,-46.74,22.892
11742.7,10801,71250,7770.24,7269,70055.1,6298.56,-22.96,22.893
44304.6,28184,103021,37604.9,27704,88957.3,66813.1,131.2,22.893
20577.3,19088,70649.2,11237.8,10836,67965.8,7769.52,-81.18,22.893
12576.6,11655,70718.4,6643.44,6563,66339.3,6567.84,-37.72,22.8951
9566.72,8309,75456.1,7902,7173,72196.5,18199.4,12.3,22.8951
7456.64,7028,69533.1,2287.44,2336,64173.7,5683.68,-45.1,22.8973
11707.5,9748,78709.9,12197.5,9696,82444,28280.9,136.94,22.8983
8211.84,7852,68539.4,4074.48,4140,64498.8,15697.4,34.44,22.9015
15530.9,14345,70953.8,7658.64,7065,71042.7,7480.08,36.9,22.9015
12497.3,11844,69150.8,4506.48,4608,64092.2,16869.6,25.42,22.9036
12551,11844,69448.2,4384.8,4528,63463.4,11445.8,11.48,22.9036
15158.4,13477,73712.3,9529.2,9061,68922.4,17986.3,93.48,22.9078
14526.7,13544,70291.1,4564.8,4456,67136.2,15242.4,-54.94,22.9089
15188.5,13628,73040.2,6514.56,6364,67086.5,24917.8,-40.18,22.9089
11021.4,9964,72491.1,4746.96,4764,65301.6,10212.5,10.66,22.9099
8903.04,7420,78634.7,5222.88,4888,70025.9,9714.24,33.62,22.911
8231.68,7150,75450.5,3185.28,3102,67295.5,8797.68,-33.62,22.912
15506.6,13848,73385.2,6973.92,6936,65894.3,14986.1,116.44,22.9131
15653.8,13881,73905.7,8984.16,8601,68455.5,7135.2,-30.34,22.9131
11591,9976,76145.8,6690.24,6408,68422.5,30428.6,89.38,22.9152
14021.8,12420,73987.9,6002.64,5860,67131.2,7516.08,59.04,22.9173
17594.2,15552,74142,8924.4,8404,69594.2,24630.5,18.86,22.9194
10840.3,8784,80877.9,6975.36,6528,70027.1,41105.5,86.1,22.9205
28286.1,20180,91861.1,30096.7,21872,90180.1,27799.9,141.86,22.9236
8427.52,7193,76783.8,6562.8,6009,71575.9,10615,86.1,22.9247
16363.5,14333,74820.3,9023.04,8221,71929.7,18181.4,74.62,22.9247
17498.9,15968,71819.1,8027.28,7648,68786.1,33464.9,-77.9,22.9279
24203.5,18236,86981.9,26794.1,21676,81010.2,15544.1,205,22.9289
9335.04,8693,70376.3,4900.32,4229,75939.3,19041.8,34.44,22.9321
15722.2,15331,67208.5,6372.72,6199,67372.6,25153.9,81.18,22.9342
9599.36,9805,64161.5,4626,4685,64710.7,12105.4,-4.92,22.9363
9520.64,9848,63357.5,3059.28,3176,63127.5,31043.5,100.86,22.9384
14834.6,14654,66343.5,6160.32,6254,64554.3,10456.6,13.12,22.9416
9832.32,9570,67332.4,4219.2,4130,66951.5,12019.7,-48.38,22.9437
59365.1,30390,128021,262143,158757,108214,236866,28900.1,22.9458
6456.96,6489,65212.4,2764.8,2861,63332.4,6914.16,21.32,22.9458
18761.6,17081,71984.1,8578.8,7913,71050.2,25426.1,86.92,22.9469
10401.3,8730,78082.3,8943.12,8298,70631,24015.6,50.84,22.9479
19707.5,18700,69067,15109.2,14296,69263.9,17537,81.18,22.95
11160.3,10964,66709.5,3490.56,3332,68654.7,10591.2,40.18,22.9511
8894.72,9193,63409.6,6640.56,6649,65452.8,9889.92,-18.86,22.9521
14304,13493,69475.1,7289.28,6933,68903.8,19337,-31.98,22.9532
14288,13638,68659.5,7906.32,7570,68447.6,24086.9,95.94,22.9553
13120.6,13004,66123.8,14429.5,14380,65761.7,20108.9,55.76,22.9553
12048.6,11812,66848.9,4995.36,4900,66811.4,6203.52,-13.12,22.9564
7065.6,7205,64268,2489.04,2565,63595.2,6510.24,77.08,22.9564
11275.5,11209,65924.9,9684,8953,70886.9,10089.4,68.88,22.9595
13858.6,13453,67511.7,5083.92,4937,67486.3,21726,-11.48,22.9669
11055.4,10448,69345.7,6705.36,6192,70969.4,18604.1,-18.04,22.9669
10910.7,11057,64669,4980.96,4833,67542.4,22060.8,-9.84,22.9701
10449.9,10464,65447.8,6539.76,6292,68116.6,13970.9,24.6,22.9701
12533.8,12429,66088.4,4989.6,4937,66234.2,5357.52,119.72,22.9711
7392.64,7689,63010,3591.36,3705,63525.9,11801.5,45.92,22.9743
7128.32,6908,67626.2,4494.96,4348,67751.1,9020.88,73.8,22.9743
14836.5,13773,70596.4,9600.48,9149,68770,17732.2,-16.4,22.9743
8769.28,8961,64133.9,4177.44,4149,65985.2,12960,-4.92,22.9743
8767.36,8984,63955.7,3697.92,3692,65641.1,20958.5,0,22.9754
5687.04,6024,61870.2,2692.8,2664,66244.5,5104.08,27.88,22.9764
14122.9,13957,66314.9,8331.12,8065,67698.5,14780.9,1.64,22.9764
7730.56,7797,64977.6,3596.4,3509,67168.3,13022.6,-7.38,22.9775
8049.92,8326,63362.9,4722.48,4710,65709.6,4920.48,-17.22,22.9806
14726.4,14912,64720.3,5572.08,5536,65963.1,20214.7,164,22.9817
12183.7,11542,69179.5,7542.72,6902,71619.8,23737,100.86,22.9817
33840,26712,83024,24598.1,19240,83786.9,42405.1,111.52,22.9838
16161.9,14601,72542.1,19051.2,17017,73370.1,43688.2,146.78,22.9838
15613.4,15403,66431.4,7159.68,6943,67581.3,14361.1,42.64,22.9891
4844.16,5045,62927,3472.56,2693,84507.1,9841.68,202.54,22.9901
9464.32,9641,64335,2465.28,2461,65650,24789.6,-68.06,22.9901
25009.9,21985,74553.1,18557.3,17025,71434.4,18341.3,52.48,22.9912
10062.1,9797,67309.2,7708.32,7169,70466.2,11484.7,-24.6,22.9922
9331.2,9281,65890.5,4261.68,4113,67905,11506.3,-65.6,22.9922
11638.4,11120,68591.2,8204.4,7604,70710.6,13993.9,86.92,22.9943
11156.5,10448,69980,9297.36,8388,72640.9,20953.4,19.68,22.9965
12986.2,12137,70121.6,8904.24,7721,75579.4,23473.4,-9.84,22.9965
6512,6360,67102.3,2698.56,2652,66686.6,10339.9,-54.12,22.9965
9815.04,9040,71154.7,7321.68,6740,71191.9,27489.6,64.78,22.9975
17550.1,16353,70333.4,7234.56,6897,68743.5,25794,-29.52,22.9986
11033.6,10996,65760.1,6487.92,6244,68096.2,17943.8,-0.82,22.9986
12848,11800,71356.5,12538.1,10652,77140,8313.12,46.74,22.9996
14480.6,13524,70171.8,13410.7,11520,76292.1,16381.4,171.38,23.0017
10852.5,10856,65514.7,3576.24,3692,63481.2,31358.9,3.28,23.0017
12619.5,11729,70511.8,6954.48,6725,67772.3,13420.1,3.28,23.0049
38478.7,29805,84608,34385,27517,81893.3,18788.4,182.04,23.0081
9995.52,9536,68694,4635.36,4576,66386.1,9714.96,-11.48,23.0081
6340.48,5849,71042.9,2379.6,2393,65169,5897.52,-42.64,23.0102
11895.7,10548,73909.3,9606.96,9028,69738.8,34322.4,9.02,23.0102
15779.2,13700,75482.2,6801.12,5316,83844.7,22032.7,42.64,23.0112
10092.2,9484,69738.5,4279.68,4248,66024.7,10159.2,-8.2,23.0112
19214.1,17437,72215.1,16593.8,14457,75222.7,24165.4,168.92,23.0112
11297.3,10396,71217.6,4205.52,4104,67157.2,5673.6,-29.52,23.0112
12311,11492,70206.8,3412.08,3348,66790.3,12085.2,51.66,23.0155
11405.4,10745,69564.2,3411.36,3229,69237.2,27519.8,-22.96,23.0165
13025.3,10767,79281.6,6700.32,5883,74640.9,35027.3,56.58,23.0176
9660.16,9073,69777.2,3713.76,3601,67588.2,28137.6,45.1,23.0176
11717.8,11029,69628.7,4491.36,4257,69144,15242.4,133.66,23.0186
11813.1,11300,68511.9,5504.4,5504,65540.8,13074.5,28.7,23.0186
9649.92,9105,69458.2,4337.28,3809,74625.4,8700.48,60.68,23.0186
5559.68,5444,66928.6,2091.6,2084,65775,9715.68,-5.74,23.0218
9955.84,8401,77665.3,5682.24,5157,72210.8,17568,48.38,23.0228
11511,10553,71485.6,6574.32,6029,71463.7,11344.3,112.34,23.026
6579.2,6352,67880.1,4867.92,3188,100070,18692.6,36.9,23.0271
18085.8,16540,71660.7,6810.48,6700,66616.7,13931.3,-47.56,23.0271
19909.8,16057,81260.9,12404.9,10921,74440.6,57574.8,104.96,23.0281
14425.6,13179,71735,10182.2,9595,69547,14509.4,96.76,23.0302
18011.5,15554,75890.6,8000.64,6690,78375.2,75800.9,92.66,23.0345
10787.2,10010,70624.4,4492.08,4234,69530.7,24194.9,-3.28,23.0345
8728.96,7240,79014,9457.2,7820,79256.7,9269.28,100.86,23.0355
15115.5,14148,70017.7,6290.64,6148,67056.5,8165.52,-13.12,23.0355
16679,15758,69366.5,8233.92,7902,68288.8,37249.2,73.8,23.0366
9178.24,8576,70138.2,3444.48,3408,66237.5,12009.6,31.16,23.0376
12591.4,11841,69689,3086.64,3045,66432.2,6572.88,32.8,23.0397
7344,7165,67173.3,3066.48,3053,65825.4,6468.48,27.06,23.0397
17066.2,15289,73154.1,10663.2,9737,71769.9,28746,85.28,23.0397
8951.68,9004,65155.2,1688.4,1784,62024.1,16666.6,-8.2,23.0418
13255.7,12511,69436.8,7534.08,6699,73705.5,7853.76,-31.98,23.0418
11838.7,11245,68996.2,6488.64,6301,67487.6,6422.4,40.18,23.0418
7174.4,6877,68370.1,3383.28,3465,63990.4,7439.76,-16.4,23.0461
12941.4,12028,70513,4151.52,3948,68914.4,40507.2,3.28,23.0461
9032.96,8720,67888.1,3135.6,3124,65779.4,12613.7,26.24,23.0492
10032,9399,69949.7,7022.88,6551,70256.7,11121.1,63.96,23.0534
11737,11209,68622.8,7019.28,6429,71553.2,23510.9,80.36,23.0545
15393.9,14788,68221.3,7283.52,7092,67305.8,7426.08,16.4,23.0587
13349.1,13049,67043.3,4010.4,3933,66825.7,16237.4,61.5,23.0598
13386.9,12372,70911.9,8551.44,7332,76435.8,32865.8,108.24,23.0608
13559.7,13260,67017.1,8547.84,8396,66721.2,6118.56,4.1,23.064
20116.5,19136,68893.9,15069.6,14820,66639.8,21176.6,98.4,23.0661
13948.8,12529,72962.6,6935.04,6357,71495.2,13911.8,80.36,23.0672
12099.2,11073,71609.6,8702.64,7669,74369,33460.6,53.3,23.0672
15822.1,15016,69054.1,10395.4,10060,67720.7,7155.36,5.74,23.0682
8861.44,8780,66143.9,4742.64,4636,67043.5,21130.6,12.3,23.0693
5950.72,5987,65138.9,2514.96,2531,65120.7,6508.08,-55.76,23.0703
10784,10137,69718.9,6447.6,6125,68987.7,9598.32,125.46,23.0703
19171.8,18252,68838.8,8688.96,8536,66710.4,5335.92,-32.8,23.0724
12090.2,11164,70973.3,5793.12,5676,66888.3,10923.8,-46.74,23.0724
6478.72,6405,66290.3,2456.64,2545,63260.7,5673.6,-18.86,23.0756
15999.4,14401,72809.8,6310.8,5925,69803.3,22356.7,79.54,23.0777
12172.2,11188,71300.9,4942.08,4948,65457.6,10285.9,27.88,23.0798
15274.2,13538,73940.9,8228.16,7798,69151.2,12461.8,13.12,23.083
7419.52,6405,75916.6,2443.68,2433,65823.7,4902.48,18.86,23.083
12961.9,11657,72872.3,5152.32,5081,66455.9,7826.4,36.08,23.0851
16205.4,14974,70925.6,9296.64,9198,66238.8,8334,102.5,23.0862
16934.4,13923,79710.8,8596.8,7939,70966.1,48091,61.5,23.0872
6986.88,6047,75722.2,2016.72,2091,63207.9,17187.1,27.06,23.0914
15379.8,12849,78444.5,7704.72,7153,70590.9,16619,93.48,23.0914
15216,13916,71658.2,6007.68,6024,65358.5,24760.1,-16.4,23.0935
17905.3,15041,78016.1,14481.4,12881,73678.3,8560.08,6.56,23.0935
9427.2,8075,76510.3,3037.68,3055,65164.5,10535.8,11.48,23.0935
14071.7,12452,74060.5,4246.56,4240,65637.4,50527.4,-12.3,23.0978
12138.9,10556,75363.2,4848.48,4680,67895.3,6607.44,31.98,23.0999
12009.6,10393,75729.9,6853.68,6329,70969,12858.5,63.96,23.0999
16535,15269,70970,5922,6053,64117.7,7717.68,77.9,23.1009
17684.5,15878,72992.2,8115.84,7734,68771.6,23505.8,82.82,23.102
9608.32,8780,71718.8,4802.4,4444,70821.4,5328.72,-7.38,23.103
6911.36,6428,70464,2996.64,3100,63350.9,12219.8,103.32,23.1041
11930.9,10737,72823.1,5002.56,4789,68458.5,22088.2,31.16,23.1041
26353.9,23240,74317.1,19380.2,17836,71210.1,29432.2,235.34,23.1041
12143.4,11805,67414.4,3826.08,3945,63560.5,21856.3,170.56,23.1062
10453.8,9788,69993.6,4533.84,4488,66205.4,38428.6,43.46,23.1073
6645.12,6260,69567.8,2870.64,2816,66807.6,21605,16.4,23.1073
12855,12363,68144.3,5106.24,5019,66675.2,14415.8,25.42,23.1083
6823.68,7241,61759,2650.32,2697,64401.7,15872.4,35.26,23.1125
11987.2,11932,65839.2,4973.76,4856,67125.3,6924.96,152.52,23.1157
10462.7,11159,61446.8,4578.48,4631,64792.8,6278.4,-26.24,23.1189
9619.2,9909,63619.3,6086.88,5893,67692.1,13687.2,-4.1,23.1189
8254.08,8188,66064.9,6758.64,6268,70666,10959.1,50.02,23.1199
11308.8,11837,62611.6,5111.28,5149,65055.9,6054.48,13.12,23.1199
10359.7,10585,64141,6613.92,6109,70952.7,42935.8,-24.6,23.122
7066.24,7600,60933.3,2705.04,2644,67049,8905.68,-40.18,23.1252
8484.48,8809,63121.7,5402.16,5229,67706.3,10450.8,104.96,23.1263
7093.76,7848,59237.6,3262.32,3260,65582.6,5074.56,-47.56,23.1263
8999.04,9186,64202.2,7647.12,7158,70014.2,12391.9,20.5,23.1273
11866.2,11683,66563.9,8825.76,8455,68409.8,8814.96,12.3,23.1284
14026.9,13984,65737,7624.08,7584,65882.3,6016.32,47.56,23.1315
10044.8,10488,62766.6,5249.52,5340,64425.6,15162.5,51.66,23.1326
16279.7,16140,66103.2,6373.44,6344,65840.1,21325,-22.14,23.1358
4762.24,5130,60837.8,2160,2286,61923.8,6412.32,5.74,23.1358
12724.5,12115,68833,7655.76,7383,67957.2,22393.4,-19.68,23.1358
8862.72,9252,62778.6,3674.16,3792,63499.4,11705,-15.58,23.141
11782.4,11353,68014.7,6091.92,5689,70177.6,26739.4,-35.26,23.1442
11203.2,11213,65478.7,3764.88,3805,64845,10216.8,121.36,23.1463
6517.12,6860,62260.3,3260.88,3400,62854.4,19609.9,-29.52,23.1474
12793.6,12336,67967,5240.88,5088,67505.2,6119.28,91.84,23.1495
7942.4,7809,66655.5,2889.36,2901,65273,14147.3,-15.58,23.1505
6042.24,6068,65257.8,2424.96,2496,63670.8,10337,36.08,23.1505
11516.8,10685,70637.8,9001.44,8381,70387.6,16827.8,12.3,23.1526
10030.1,9169,71690.6,5612.4,5237,70233.8,20080.1,82.82,23.1537
11086.1,10266,70771.2,6005.52,5626,69956.9,18345.6,-37.72,23.1548
12728.3,12138,68723.3,4854.96,4830,65874.7,6652.8,-59.86,23.1569
12327,12073,66915,3648.96,3741,63923.6,52462.8,77.08,23.1579
13216.6,12743,67971.9,4382.64,4375,65650.5,32652,90.2,23.1579
17697.9,16241,71415,7778.88,6725,75806.2,35356.3,54.12,23.1611
6956.8,6236,73111.1,3227.76,3116,67886.6,10810.8,66.42,23.1643
11957.1,10616,73815.2,8315.28,7372,73921.6,28154.9,-16.4,23.1674
11673,10755,71129.6,5677.92,4851,76707.5,23495,119.72,23.1706
7879.04,7340,70348.9,4605.84,4504,67017.8,4835.52,37.72,23.1716
9614.08,9168,68724.7,7480.8,6820,71885.9,9732.96,75.44,23.1759
14028.2,13336,68937.4,5973.12,5768,67866.6,10928.2,52.48,23.1759
12181.1,10264,77776.9,9616.32,8844,71259.1,16227.4,60.68,23.178
16768,15380,71450.4,8694,8384,67959.2,18172.8,62.32,23.178
19617.3,15860,81061.7,10096.6,8916,74213.6,58931.3,22.96,23.1811
6296.96,5768,71546,2493.36,2488,65677.2,29913.1,-10.66,23.1822
14007,13085,70154,7306.56,7053,67892.1,22995.4,54.94,23.1833
12917.1,11888,71209.3,7878.24,7556,68330.9,16167.6,136.12,23.1843
15534.7,15156,67173.6,6112.08,5572,71888.2,29083,9.02,23.1843
11763.8,11017,69978.7,5130.72,5005,67182.2,20774.9,73.8,23.1864
11226.2,10832,67921.2,3784.32,3844,64518.5,19132.6,18.04,23.1875
21589.8,19251,73497.8,72496.1,63447,74883,4932.72,1448.12,23.1875
12760.3,11937,70056.2,6258.24,6053,67758.1,5886.72,-43.46,23.1896
13603.8,13041,68364.5,7398,7221,67142.4,8838,65.6,23.1917
7457.92,7052,69308.3,3849.12,3564,70778.9,17982.7,-16.4,23.1938
12122.9,11808,67283.6,5143.68,5040,66884.2,17016.5,41,23.1938
5678.72,5568,66839.2,2474.64,2580,62859.7,17387.3,22.96,23.1949
10340.5,9297,72891.6,6947.28,6561,69394.5,12404.9,59.04,23.1959
11235.8,10629,69277.6,6436.08,6341,66518.7,9427.68,14.76,23.197
7064.32,7101,65197.5,2934,3005,63987.6,7271.28,-29.52,23.1991
6529.92,6413,66730.8,4572.72,4457,67237.6,14991.8,20.5,23.2012
12736.6,12286,67939.8,5220.72,4970,68842.1,10315.4,67.24,23.2012
16905,15520,71384.3,15042.2,13300,74120.9,38836.1,159.08,23.2012
21143.7,16273,85151.6,14914.1,12469,78387.1,41262.5,70.52,23.2033
13636.5,12880,69385.1,6790.32,6384,69707.1,6762.96,18.04,23.2096
10537,10525,65610.5,4988.88,4873,67094.5,27218.9,55.76,23.2107
7680.64,6873,73237.1,5398.56,5049,70073.3,24378.5,-15.58,23.2117
6362.24,6492,64226.1,2953.44,2988,64778,6310.08,44.28,23.2139
11551.4,11269,67178.1,3694.32,3617,66937,6041.52,-10.66,23.2139
5432.32,5640,63122.8,1915.92,1928,65125.4,12597.1,25.42,23.2149
7028.48,7085,65013.2,3447.36,3421,66041,9744.48,27.88,23.2149
7689.6,8057,62547.5,3085.92,3177,63657.2,29560.3,91.02,23.2149
11562.9,10988,68964.8,8559.36,7948,70577,9329.76,99.22,23.2212
17217.3,16157,69836.7,7480.08,7133,68724.9,6499.44,37.72,23.2244
11288.3,10769,68696.4,8827.92,8245,70169.4,6955.2,101.68,23.2244
7162.24,7383,63576.4,2832.48,2883,64387.6,12961.4,6.56,23.2265
6111.36,6113,65518.4,2512.08,2481,66357,13502.9,-4.92,23.2297
11781.8,11012,70117.1,8155.44,7584,70474,38840.4,104.96,23.2307
15824.6,14033,73903.2,8551.44,7873,71183.4,20390.4,-16.4,23.2329
10014.1,9125,71921.4,9105.84,8465,70497.4,7729.92,-46.74,23.2329
16178.6,14961,70869.5,12012.5,10853,72537.5,12889.4,85.28,23.2339
13158.4,12553,68696.6,8476.56,7945,69920.7,37900.1,54.94,23.2339
17614.7,17201,67112.3,5943.6,6117,63678.2,24367,21.32,23.2339
11593,11428,66482,5536.08,5504,65918,15694.6,25.42,23.236
12416.6,10780,75485.8,8507.52,7772,71738.1,8129.52,-16.4,23.2371
12529.3,12061,68080.5,6518.16,6301,67794.7,13143.6,91.84,23.2371
11548.2,11008,68751.8,6089.04,5680,70255.5,21549.6,54.12,23.2381
9592.96,9346,67267.7,4795.2,4742,66271.3,24396.5,-4.92,23.2402
7512.96,7452,66072.1,9243.36,9208,65787.7,11396.2,1856.48,23.2413
10767.4,10689,66016.4,3263.04,3361,63625.9,8372.16,3.28,23.2413
9028.48,8622,68625.7,5680.08,5274,70582,15699.6,48.38,23.2413
12655.4,12190,68037.9,4762.08,4666,66885.5,13659.1,-0.82,23.2413
16123.5,15228,69390,10367.3,9740,69756.7,14434.6,41,23.2476
11553.9,10845,69820,8259.84,8029,67420.2,10474.6,-13.12,23.2497
5748.48,5628,66938.9,1987.2,2108,61780.4,18436.3,55.76,23.2508
9509.76,8201,75994.6,7370.64,6781,71234.7,14355.4,61.5,23.2518
10604.2,9965,69739.5,5742,5497,68456.9,15453.4,33.62,23.2518
11520.6,10544,71606.3,6183.36,6020,67314.4,23158.8,44.28,23.2518
12753.9,11868,70428.1,6118.56,5820,68897.9,15743.5,54.94,23.2529
13334.4,12857,67969.4,4705.2,4797,64281.8,31419.4,-28.7,23.255
12219.5,11406,70210.3,5608.08,5454,67387.4,10465.2,9.84,23.2561
10916.5,10125,70659,6393.6,6125,68410,27139.7,25.42,23.2561
6865.92,6389,70428.1,2849.04,2833,65907.1,12571.9,75.44,23.2561
19545,15644,81877.9,19301.8,17132,73836.1,33138,155.8,23.2571
12765.4,12260,68237.8,5582.88,5632,64964.4,8335.44,-9.84,23.2571
9754.88,9564,66844,3345.84,3500,62649.4,10976.4,42.64,23.2571
10574.1,10382,66748.5,6230.16,6174,66132.1,15584.4,3.28,23.2582
7895.68,7908,65433.9,3744,3600,68157.4,11897.3,-45.1,23.2645
8492.8,8256,67415.7,5087.52,4916,67822.6,7753.68,44.28,23.2666
13164.2,12701,67925.9,4422.96,4301,67394.4,45775.4,-11.48,23.273
7713.92,6765,74728.7,7886.16,6957,74288.8,15760.8,-9.84,23.2772
6536.32,6360,67352.9,2765.52,2712,66829.3,5862.96,57.4,23.2793
15544.3,12784,79686.5,14296.3,12704,73750.3,31550.4,54.94,23.2793
16835.2,16036,68802.2,11237.8,10740,68573.4,25868.9,72.16,23.2793
23482.9,21005,73267,18385.2,16985,70938.6,53408.9,109.06,23.2793
7504.64,7096,69310,3836.88,3688,68181.6,15477.8,8.2,23.2793
11353,10470,71062.8,8730,7910,72329.9,15827,80.36,23.2803
10458.9,9918,69110,5002.56,4921,66622.2,7252.56,-79.54,23.2846
10602.9,10509,66121.5,3741.84,3769,65063.7,5459.76,-42.64,23.2867
14585.6,13959,68477.8,7137.36,7075,66113.6,15946.6,95.12,23.2877
11744,10328,74521.2,6640.56,6092,71437.3,45782.6,84.46,23.2888
11162.9,10425,70174.6,5223.6,4349,78715.5,7220.16,44.28,23.2898
15020.8,14305,68815.3,6271.2,6177,66535.4,16498.1,94.3,23.2898
21397.1,19301,72653.3,11595.6,10469,72588.5,28585.4,109.06,23.2941
7546.88,7269,68041.3,3525.84,3445,67073.9,10519.2,72.98,23.2941
11410.6,11200,66768.1,5682.24,5684,65515.7,12044.9,-13.12,23.2941
13496.3,12674,69788.1,7827.84,7458,68785.9,11144.2,44.28,23.2962
10603.5,10012,69407.9,3823.2,3768,66496.1,4843.44,15.58,23.2972
12804.5,12081,69460.7,4892.4,4869,65851,15101.3,24.6,23.2993
7936.64,7718,67392.5,3238.56,3330,63736.4,26236.8,67.24,23.3004
13744.6,12156,74100.8,8788.32,7996,72029.9,40893.1,27.88,23.3014
17033,14828,75281.4,13288.3,12040,72330.8,14595.8,82,23.3046
11287,10920,67738.8,5011.2,4968,66105.9,23741.3,30.34,23.3057
21133.4,17208,80485.9,23240.2,19308,78882.7,30988.8,91.02,23.3067
14951,14712,66600.8,4527.36,4648,63835,26352,84.46,23.3078
5219.2,5076,67384.9,2804.4,2800,65639,10622.2,41,23.3088
9282.56,8228,73935.6,7204.32,6592,71623.5,25219.4,79.54,23.3099
7413.12,7173,67729.9,2635.92,2533,68198.8,18381.6,22.96,23.3131
15231.4,10508,94994.5,6306.48,3752,110155,10144.8,-34.44,23.3141
14434.6,13140,71992.6,8338.32,8084,67597.7,8652.24,82,23.3162
12846.1,11904,70722.5,6370.56,6212,67208.8,6995.52,-8.2,23.3183
10603.5,10116,68694.4,4240.8,4192,66298.9,10233.4,21.32,23.3236
17672.3,14711,78728.4,11138.4,10195,71600.4,68976,25.42,23.3247
9299.84,8782,69400.4,3684.24,3770,64045.2,39371,12.3,23.3247
9927.04,9653,67396.5,3580.56,3653,64236.4,6166.08,-98.4,23.3299
16684.2,15433,70849,9510.48,9037,68969.7,6913.44,93.48,23.3321
13502.1,13136,67362.4,4325.04,4436,63896.7,13495.7,13.12,23.3321
8188.16,7853,68333,3152.16,3209,64375.2,10134.7,48.38,23.3321
13055.4,12276,69696.6,5333.04,5300,65944.5,21967.2,72.98,23.3321
7789.44,7476,68283.7,5396.4,5456,64820.1,6158.16,-12.3,23.3331
18032,17258,68475.2,7879.68,7806,66154.6,18688.3,-18.04,23.3342
6025.6,6048,65293.3,2602.08,2784,61253.6,8059.68,-0.82,23.3342
8972.8,7798,75409.3,6283.44,5842,70488.1,21315.6,19.68,23.3373
7056.64,6965,66398.3,2856.24,2977,62877.6,19133.3,-0.82,23.3373
10409.6,9680,70475.6,5049.36,4948,66878.5,17828.6,9.84,23.3394
12123.5,10877,73046.5,8034.48,7433,70839.2,32723.3,3.28,23.3489
14560,13952,68391.9,6217.2,6020,67682.8,25683.8,-0.82,23.35
13756.8,13827,65203.3,3343.68,3447,63571.6,50861.5,-75.44,23.351
16505,14991,72154.6,13736.9,12687,70959.3,26128.8,50.84,23.3521
12768,12632,66241.6,5461.92,5544,64565.7,14140.8,27.88,23.3521
13524.5,12900,68708.6,6202.08,5844,69551.6,29169.4,54.12,23.3542
17545,15654,73452.6,16374.2,14582,73590.9,32148.7,138.58,23.3563
7420.8,7584,64125.7,3503.52,3524,65155.1,58549,11.48,23.3574
9187.2,9179,65594.5,3152.88,3131,65994,11126.9,18.04,23.3584
12564.5,12017,68521.7,6994.08,6757,67835.4,8353.44,-1.64,23.3616
13353.6,13329,65657,5740.56,5889,63884.1,25802.6,25.42,23.3648
7973.76,6973,74941.7,8125.92,5977,89098.3,23369.8,8.2,23.3658
7976.32,7537,69356,3590.64,3537,66529.9,6642.72,9.84,23.3679
9163.52,8997,66749,3803.04,3749,66480.7,6801.12,-20.5,23.3785
5280.64,5172,66912.6,2287.44,2272,65981.4,21481.2,20.5,23.3806
15870.1,14249,72991.9,11208.2,10141,72433,12366.7,182.04,23.3869
8759.68,8928,64300.4,4995.36,4916,66594,7446.24,-13.12,23.388
16457,16504,65349.2,6256.8,6364,64432.1,19458.7,22.96,23.3911
18475.5,18069,67010.4,7562.88,7493,66147.2,23340.2,-61.5,23.3911
14651.5,14068,68254.3,8339.04,7924,68968.6,5668.56,4.1,23.3933
9964.8,10193,64068.8,5980.32,5889,66552.3,12856.3,-10.66,23.3943
7864.96,8220,62705.4,4579.92,4360,68841.7,5492.88,28.7,23.3985
10942.1,11001,65185,4093.92,4061,66067.3,10933.2,-82.82,23.3996
13839.4,13028,69617.5,8538.48,8180,68408.1,13142.9,-1.64,23.3996
8221.44,8413,64043.8,3095.28,3033,66881.7,10032.5,22.96,23.4028
22926.1,18513,81158.3,17628.5,14789,78118.9,18272.9,111.52,23.4049
15497,15478,65616.3,5384.88,5478,64422,29434.3,-1.64,23.408
9175.04,9308,64599.9,3839.04,3852,65315.5,7076.16,-9.02,23.4091
13105.9,12894,66613.1,9606.24,7982,78871.8,35752.3,103.32,23.4133
5822.72,6068,62886.9,2688.48,2820,62479.5,11139.1,-32.8,23.4133
9912.32,9721,66825.8,5279.76,5177,66836.9,16223,18.86,23.4144
12354.6,11812,68546.3,4044.96,3968,66807.1,16570.8,37.72,23.4144
19514.2,18024,70954.6,20787.8,19560,69649.9,16359.1,109.88,23.4154
13386.2,11204,78300.7,12281.8,10768,74749,17897.8,112.34,23.4196
14756.5,13880,69674.4,8413.92,8252,66821.9,9977.04,91.84,23.4218
12118.4,11173,71081.3,4893.12,4737,67695.9,10458.7,-107.42,23.4228
10983.7,10258,70172.2,6979.68,6790,67366.8,12685.7,144.32,23.4239
13063,12456,68729.9,6128.64,6044,66453.8,7083.36,68.88,23.426
8641.28,8036,70472.2,3146.4,3172,65007.1,13134.2,4.92,23.4302
11562.2,10988,68961,4322.88,4344,65217.4,8925.12,25.42,23.4302
12083.2,11606,68230.6,4209.84,3190,86487.8,11205.4,286.18,23.4313
12514.6,11628,70532.7,3438,3356,67137.3,16786.1,-60.68,23.4323
13928.3,13209,69104.9,5822.64,5869,65018.3,15340.3,31.16,23.4355
9111.04,8745,68279.1,3422.88,3469,64664.7,7764.48,-8.2,23.4376
11093.8,10583,68698.9,4953.6,4867,66702.1,5366.16,-31.16,23.4386
10898.6,10380,68810,4817.52,4776,66105.7,18805,0,23.4397
7441.28,6933,70340.6,3156.48,3089,66967.7,10053.4,9.84,23.4397
15261.4,13660,73219.2,12962.2,11800,71990.5,23647.7,72.98,23.4429
9822.72,9657,66660.6,3309.12,3257,66584.7,25769.5,6.56,23.4429
12530.6,11861,69235.5,5375.52,5169,68154.4,7424.64,-22.96,23.4439
12802.6,11872,70672.9,8416.8,8068,68369.3,29627.3,27.06,23.4619
15528.3,15318,66435.8,6616.08,6610,65596.3,5470.56,-24.6,23.4629
7680,8105,62099.5,2777.76,2909,62579.3,5839.92,121.36,23.464
18574.1,18444,65998.2,7482.96,7420,66092.1,8019.36,86.1,23.465
11586.6,12116,62672.2,5827.68,5184,73673.4,11240.6,146.78,23.465
7208.96,6840,69071.1,173220,150504,75427.4,5178.24,4142.64,23.4777
20586.9,18077,74635.3,13006.8,11897,71649.5,30656.9,46.74,23.4809
13097,13158,65232,5197.68,5010,67991.1,16914.2,22.14,23.4819
11030.4,11140,64891.2,8514.72,8244,67688.1,10229.8,84.46,23.484
19056,18332,68124.3,7972.56,7548,69222.3,57870.7,123,23.4882
13466.2,12917,68322.6,6384.96,5845,71590.2,14271.8,60.68,23.4903
11155.2,10977,66599.9,4665.6,4465,68480.4,17524.8,40.18,23.4914
7226.24,7056,67117.2,3035.52,2852,69753.1,11930.4,-37.72,23.4935
17004.2,15498,71905.1,9396,8810,69895.1,13851.4,89.38,23.4988
11543,11113,68072.1,16722.7,13337,82172.9,14315,1960.62,23.5009
17949.4,17230,68272.5,6332.4,6286,66019.8,17228.9,12.3,23.503
12272.6,11410,70490.8,5823.36,5682,67166.4,12107.5,4.92,23.503
9176.32,8910,67494.9,2442.24,2510,63766.8,6315.12,-0.82,23.5041
11086.7,10547,68889.7,4575.6,3392,88404.1,73578.2,30.34,23.5051
5909.12,5472,70771.2,2969.28,2916,66733.4,8863.92,85.28,23.5083
15815,14108,73465.7,10458.7,10012,68460.1,10096.6,-11.48,23.5083
11293.4,10661,69423.8,3975.84,3745,69575.6,6842.16,87.74,23.5083
10441.6,9647,70934,6822,6415,69693.9,20492.6,51.66,23.5104
7485.44,7480,65583.7,2942.64,2968,64976,23394.2,81.18,23.5125
9336.96,9292,65853.1,3566.16,3644,64136.1,4956.48,31.98,23.5136
17814.4,16402,71179.4,8567.28,7766,72297.9,14976.7,29.52,23.5178
6899.2,7270,62193.4,2653.2,2694,64543.5,10098.7,-18.86,23.5188
8982.4,9207,63937.3,3485.52,3559,64182.9,16078.3,4.1,23.5188
10363.5,9880,68743.3,10686.2,10200,68660.1,12701.5,12.3,23.5199
13353,13252,66035.3,4677.12,4560,67219.3,25904.9,-22.14,23.521
14588.8,14782,64679.4,4119.12,4234,63757.8,11919.6,-26.24,23.5241
8801.92,8679,66464.2,4551.12,4307,69250.6,10012.3,-0.82,23.5315
10506.9,10468,65779.4,5397.84,5088,69526.9,18547.9,73.8,23.5315
13142.4,12817,67199.8,5344.56,5169,67761.9,15450.5,42.64,23.5336
6068.48,6425,61899.4,3451.68,2781,81341,19155.6,80.36,23.5378
9979.52,10104,64728.6,6009.12,5752,68465.5,13587.1,-9.84,23.5378
14451.2,12613,75087.1,10751,9445,74598.2,30710.9,-70.52,23.5389
16701.4,16508,66303.9,6730.56,6664,66190.6,12277.4,-3.28,23.5399
6391.68,6517,64275.8,2407.68,2405,65609,24238.1,-40.18,23.5399
10677.8,10579,66147.8,4078.08,3984,67083.6,12319.2,72.16,23.5442
14372.5,13448,70041.3,7974,7640,68401.1,14450.4,-45.92,23.5473
10887,10037,71086.3,5693.76,5313,70232.7,14337.4,-38.54,23.5484
11020.8,10936,66044.2,4489.2,4488,65553.5,20397.6,29.52,23.5484
10913.3,10553,67773.4,4479.12,4377,67065,17554.3,-9.02,23.5494
7188.48,7728,60960.7,2653.2,2740,63459.9,6963.84,58.22,23.5526
11931.5,11268,69395.1,6528.96,5952,71888.8,15721.2,-11.48,23.5537
9345.28,9472,64659.2,3687.84,3664,65962.4,27730.1,91.84,23.5547
9797.12,9064,70836.7,10231.9,9404,71305.7,19455.1,-51.66,23.5547
12008.3,12128,64889.3,6070.32,6052,65734.4,18139.7,-4.1,23.5568
6344.96,6461,64359,2856.24,2825,66260.7,33440.4,-21.32,23.5568
10222.1,10184,65781.1,5508,5352,67446.3,20447.3,62.32,23.5579
9466.88,9357,66305.6,5132.16,4509,74593.3,10841.8,72.16,23.56
11554.6,11320,66894,4255.92,4172,66854.3,11023.9,-10.66,23.5642
11059.2,10701,67729.7,100984,85609,77306.2,20660.4,2951.18,23.5653
13389.4,13149,66734.4,5385.6,5289,66733,8671.68,-7.38,23.5663
9384.96,9006,68293.7,6956.64,6490,70248.1,12283.9,63.14,23.5684
12520.3,11864,69161.5,7233.12,6936,68343.4,11354.4,-29.52,23.5684
5615.36,5971,61632.6,2563.92,2567,65457.4,8657.28,-26.24,23.5727
4809.6,5185,60791.1,2445.12,2485,64484.3,6179.04,-4.92,23.5758
5226.88,5432,63061.3,2710.8,2536,70053.2,31765.7,118.08,23.5769
8872.32,9124,63728.2,4307.04,4308,65521.4,5171.04,113.98,23.5769
7723.52,6792,74524.2,6766.56,6156,72036,12013.2,-5.74,23.5779
9872.64,9984,64805,2515.68,2484,66371.8,17424.7,-60.68,23.579
10098.6,9968,66394.4,8045.28,7508,70225.8,18160.6,14.76,23.5853
11431,10827,69192.3,6074.64,5759,69127.9,25144.6,49.2,23.5864
7327.36,7637,62878.9,5531.76,3669,98808.8,15042.2,163.18,23.5874
12961.9,13264,64043.5,8254.08,8116,66651,31242.2,41.82,23.5885
12378.9,12176,66628,9745.92,8516,75001,9243.36,31.16,23.5885
21113,17013,81329.5,13851.4,12149,74719.1,14143,96.76,23.5917
8727.04,8791,65059.2,6951.6,6583,69205.5,15757.2,-72.98,23.5917
10741.8,9848,71483.7,7769.52,7180,70916.9,17355.6,1.64,23.5969
6850.56,7403,60645.5,2989.44,3055,64129.6,7547.04,-50.02,23.5969
4485.76,5065,58041.2,2877.84,2541,74223.6,15486.5,114.8,23.6001
12096.6,11516,68840.3,6608.16,5916,73203.6,8340.48,29.52,23.6001
14611.2,14560,65766.5,5991.12,5876,66820,18097.9,72.16,23.6012
5177.6,5796,58543.7,2312.64,2292,66126.2,12706.6,43.46,23.6022
9832.96,10193,63221.1,4598.64,4449,67740.3,7966.08,32.8,23.6054
13641,13845,64570.2,4410.72,4337,66650,8665.92,74.62,23.6064
8510.72,9017,61856.3,3888.72,3869,65870,8686.8,12.3,23.6075
11501.4,10020,75225.4,9670.32,8564,74002.1,9110.88,59.86,23.6096
11211.5,11492,63936.5,4790.88,4500,69772.3,17390.9,-36.08,23.6107
17241.6,16010,70577.5,9496.08,8426,73858.9,20653.9,173.02,23.6128
8215.04,7799,69032,7750.8,7060,71948.5,7363.44,-51.66,23.618
6857.6,7089,63396.8,2244.96,2245,65534.8,18241.2,9.84,23.6191
18204.2,16977,70273.2,9653.04,8805,71848,24291.4,-8.2,23.6191
9765.76,10010,63936.9,3371.76,3434,64348.2,28549.4,70.52,23.6233
13014.4,12236,69705.1,6636.24,6300,69033.8,12877.9,30.34,23.6275
11573.8,10717,70775.2,7375.68,6781,71283.4,18164.2,22.14,23.6286
12003.8,11321,69488.9,7563.6,7357,67376.4,17847.4,-22.96,23.6339
6092.16,5810,68718.7,2463.84,2518,64126.4,12852.7,-22.14,23.6339
14174.1,13249,70111.9,4895.28,4773,67215,21643.9,-10.66,23.636
11558.4,10796,70164.1,7780.32,7292,69924.7,10395.4,68.06,23.6381
12985.6,12001,70912.8,7826.4,7301,70252.2,25706.9,33.62,23.6391
10469.1,10045,68303.1,4353.84,4345,65669.3,7089.84,90.2,23.6402
11646.7,10469,72908.5,6321.6,5857,70734.6,11394.7,11.48,23.6413
6895.36,6740,67046.6,2422.8,2372,66939.6,5675.04,27.06,23.6455
7236.48,7157,66263.8,13008.2,8817,96689.1,10118.2,1392.36,23.6508
11623,11260,67649,5793.84,5672,66943.8,15345.4,-7.38,23.6539
9399.04,9573,64345.1,3515.04,3633,63408.1,11752.6,-23.78,23.6539
11670.4,11525,66362.8,3937.68,3989,64692.9,8380.8,-16.4,23.655
16786.6,16385,67142.1,6657.84,6677,65347.9,32662.1,102.5,23.6571
13783,11944,75626.7,7627.68,7148,69933.9,30105.4,116.44,23.6581
11141.1,10609,68823.1,6042.96,5845,67755.6,18154.8,-22.14,23.6655
18751.4,16624,73922.6,13309.9,12016,72593.1,41890.3,-2.46,23.6655
7987.84,8375,62506.4,3273.84,3175,67576.2,11021,124.64,23.6666
17345.9,16332,69604.6,7950.96,7528,69218.1,21844.1,-50.02,23.6687
14337.9,14441,65068.2,6171.12,5565,72674,7143.12,-53.3,23.6687
13235.2,11889,72956.7,10028.9,8785,74815.3,11213.3,22.14,23.6729
11316.5,11033,67219.9,5335.92,5277,66267.7,5273.28,-22.96,23.674
12126.7,12268,64781.3,5405.76,5528,64086.8,12101.8,31.98,23.675
13543,13348,66493.6,5922,5892,65869.7,18790.6,118.08,23.675
9348.48,9309,65813.9,6006.24,5821,67621.5,19020.2,39.36,23.6793
7740.16,8140,62316.8,2106,2264,60962.4,4835.52,16.4,23.6803
9562.24,9305,67347.8,3900.24,3993,64013.6,9553.68,12.3,23.6824
15788.2,14033,73732.8,12931.9,12033,70431.8,16570.8,31.98,23.6824
12128.6,11817,67264.3,5752.08,5497,68577.1,10854.7,-27.88,23.6856
10735.4,10924,64404.3,5230.8,5096,67269.6,13606.6,4.92,23.6877
6820.48,6872,65044.7,3151.44,3132,65942.8,5449.68,-26.24,23.6877
18464.6,17285,70008.6,8976.96,8657,67958.2,8407.44,69.7,23.6919
16116.5,13852,76249.6,8349.12,7752,70584.1,78842.9,77.08,23.6919
14690.6,13881,69358.2,5970.24,5673,68969.8,19424.9,57.4,23.6919
18467.2,17716,68314.9,10812.2,10656,66496.9,24422.4,-42.64,23.6919
7880.96,7943,65024.1,3366,3363,65594.5,12956.4,-13.94,23.694
8750.72,8747,65563.9,2124,2267,61402.1,15570.7,36.08,23.6951
17202.6,15067,74824.9,11501.3,10571,71303.4,15925.7,133.66,23.6961
6046.08,6132,64617.7,2881.44,2980,63368.5,9398.88,10.66,23.6972
14851.2,12920,75331.9,11283.8,10316,71684.6,41716.1,-69.7,23.6993
46707.8,29857,102524,41931.4,29061,94560.2,30368.2,174.66,23.7014
12166.4,11633,68541,2993.04,2945,66605,34340.4,41.82,23.7025
9165.44,8453,71059.5,4735.44,4565,67982.9,8169.12,86.1,23.7035
15475.2,14542,69741.6,5973.84,5674,68999.2,12290.4,89.38,23.7056
10418.6,10112,67522.8,5510.88,5296,68195.1,14042.2,42.64,23.7056
15667.8,14700,69850.9,7729.2,7288,69503.4,18266.4,98.4,23.7056
9916.8,9344,69553.4,3851.28,3748,67341.9,7662.96,79.54,23.7088
10451.2,10386,65947.4,3447.36,3506,64439.9,9614.16,101.68,23.7099
5674.88,5548,67034.8,2377.44,2440,63855.7,11927.5,-27.88,23.7099
10299.5,9485,71163.9,6272.64,6025,68229.7,13760.6,-0.82,23.7109
9868.16,9417,68675.8,2710.08,2733,64986.4,7746.48,-46.74,23.7109
12814.7,12427,67580.7,5400,5199,68069.7,9239.76,77.9,23.712
7628.16,7580,65952.4,2007.36,2092,62884.5,16541.3,-27.88,23.712
15870.1,15184,68497.2,6119.28,5748,69769.2,17110.1,30.34,23.7141
8540.16,8041,69604.3,4026.96,3609,73125.8,4889.52,-4.1,23.7183
6899.84,6524,69311.5,5047.2,4092,80834.1,16394.4,165.64,23.7183
14233.6,13641,68383,7535.52,7453,66261.6,12924.7,76.26,23.7183
11610.2,11111,68480.7,8936.64,8547,68523.7,14762.2,38.54,23.7194
14986.2,14654,67021.9,5832.72,5818,65701.8,10249.9,13.12,23.7225
7021.44,7044,65326.1,3147.84,3120,66120.8,12199.7,-17.22,23.7236
8389.76,8400,65456.1,3692.88,3684,65694,9431.28,-22.14,23.7246
23551.4,22748,67850.4,8503.2,8380,66499.5,24621.1,22.14,23.7278
12120.3,10501,75642.1,9303.12,8229,74090.3,42675.1,64.78,23.731
11368.3,11117,67017.6,5332.32,5337,65478.5,6376.32,40.18,23.731
8949.76,8945,65570.9,3448.08,3429,65900.7,6522.48,-50.02,23.7341
7519.36,7500,65705.2,5009.76,4600,71373.8,15302.2,62.32,23.7362
8123.52,8069,65978.8,5202.72,4833,70549.5,12970.8,29.52,23.7383
6526.08,6532,65476.6,2882.88,2848,66338.6,6083.28,-4.92,23.7394
5243.52,5191,66199.1,1670.4,1651,66306.1,6762.24,78.72,23.7405
5310.08,5320,65413.8,2108.16,2076,66551.3,10741,-56.58,23.7426
11176.3,11136,65773.3,9295.2,8816,69098.3,14442.5,27.06,23.7457
5632,5837,63234.3,3448.8,3177,71142.8,15552,-15.58,23.7468
11269.1,11041,66890,4993.2,4769,68617,19512,-60.68,23.7489
11720.3,11733,65465.2,5919.12,5921,65515.2,7875.36,-36.08,23.75
4908.8,5093,63165.7,2046.24,2037,65833.3,15601,-59.86,23.7531
8533.12,8809,63483.5,3812.4,3725,67073.7,9324,9.84,23.7563
11457.3,10485,71613.2,9760.32,9409,67983,16161.8,117.26,23.7563
10572.2,10426,66454.7,4217.76,4138,66799.2,14899.7,-53.3,23.7595
14347.5,13435,69987.3,11930.4,10815,72295,28481,67.24,23.7605
7582.72,7626,65164.1,3644.64,3550,67283.1,9987.12,52.48,23.7616
10944.6,10311,69563.4,7545.6,6951,71142.1,15932.9,72.16,23.7637
11765.8,10233,75352.4,10789.9,9869,71651.5,33935.8,222.22,23.7647
13266.6,12575,69140.1,6860.16,6555,68587,5841.36,88.56,23.7711
14229.8,13826,67449.9,8575.92,8178,68724.8,12632.4,-27.06,23.7711
9146.24,9229,64948.3,4694.4,4713,65277.4,8420.4,-17.22,23.7732
6114.56,6124,65435,2304,2316,65196.4,5104.8,0,23.7732
6488.96,6325,67234.9,2000.16,2021,64860.2,13183.9,5.74,23.7742
6842.24,7224,62072.7,2889.36,3084,61399.8,7378.56,150.06,23.7742
22037.1,21505,67157.6,9576,9601,65365.4,16374.2,4.1,23.7742
7471.36,7589,64520.1,2838.24,2961,62818.9,23275.4,-51.66,23.7795
7729.28,7925,63917.5,2487.6,2609,62486.5,7876.8,41,23.7806
9491.84,9457,65777.4,4313.52,4417,64000.7,11477.5,6.56,23.7837
9665.28,9700,65301.4,5972.4,4724,82855,12575.5,1.64,23.7848
11016.3,10909,66180.7,4661.28,4633,65936,13650.5,1.64,23.7848
23173.8,18797,80795.6,13736.9,11945,75367.1,11356.6,131.2,23.7848
8800.64,8384,68792.8,5118.48,5008,66981.8,15434.6,-3.28,23.7869
33008,26021,83133.3,45036.7,36609,80623,46060.6,221.4,23.788
13661.4,13101,68339.5,7464.96,7209,67862.9,25443.4,-10.66,23.788
12846.1,12601,66810.6,5487.84,5529,65048.1,17313.1,68.88,23.7922
25466.2,22738,73399.4,10091.5,9158,72216.4,20427.8,150.06,23.7922
7585.92,7565,65717.2,2976.48,3033,64314.7,28976.4,26.24,23.7922
12676.5,12511,66402.8,5209.2,5391,63325.9,8582.4,9.02,23.7932
7199.36,6534,72209.6,5355.36,5170,67885.7,19800,29.52,23.7953
14554.2,14012,68072.1,5844.24,5736,66772.7,10539.4,8.2,23.7974
11660.2,11408,66984.6,8184.96,8148,65833.3,5747.76,-12.3,23.7985
17098.2,16309,68707.5,9991.44,9697,67525.9,33898.3,0,23.8017
20487.7,15804,84958.3,6689.52,4748,92334.5,7342.56,113.98,23.8048
12282.2,12032,66899,4368.96,4368,65550.4,15205,18.86,23.808
13122.6,12653,67968.1,4906.08,5017,64087.1,5415.12,-14.76,23.808
12285.4,12340,65246.2,4936.32,5076,63732.6,7671.6,0.82,23.8091
20011.5,17241,76067.2,14161.7,12617,73559.5,37575.4,28.7,23.8091
16789.8,15881,69286.2,6974.64,6909,66158.6,19316.9,-96.76,23.8112
11393.9,10860,68758,6383.52,6124,68313.3,13081.7,-1.64,23.8122
13452.2,12723,69291.9,6066,6019,66047.8,4980.24,-63.96,23.8133
8516.48,8713,64057.9,1836,1961,61358.5,10160.6,-29.52,23.8175
14784.6,13569,71407.3,8395.92,8161,67422.5,11306.9,14.76,23.8196
10025,9900,66363.2,4142.16,4168,65129.7,16861.7,-15.58,23.8196
7938.56,7997,65057.1,3036.96,3037,65535.1,11607.8,20.5,23.8196
12761.6,12624,66250.3,5886,5952,64809.3,23458.3,-21.32,23.827
13741.4,12905,69783.7,20692.1,14921,90883.7,5963.04,-14.76,23.8281
12054.4,10556,74838.7,8560.08,8108,69190.1,34981.9,-1.64,23.8281
6163.84,6112,66091.9,2516.4,2608,63234.2,8668.8,7.38,23.8281
9258.24,8700,69741.2,3087.36,3068,65949.6,5500.8,-4.1,23.8312
7346.56,7196,66907.2,2574.72,2632,64109.8,17468.6,40.18,23.8333
13569.3,12177,73029.2,9622.8,9013,69970,25907.8,96.76,23.8354
10099.2,8788,75314.2,7224.48,6560,72174.3,18685.4,-28.7,23.8386
8732.8,8621,66385.9,3151.44,3133,65921.7,10295.3,55.76,23.8386
21333.1,18464,75719.6,9519.84,8272,75422.2,14438.9,120.54,23.8418
14240,13994,66688.1,8033.04,8058,65333,5514.48,108.24,23.8449
9983.36,10009,65368.1,3913.92,4013,63917.9,20829.6,-63.96,23.847
11507.2,11221,67207.5,7814.16,7185,71274.7,13831.9,-25.42,23.8492
12253.4,12205,65796.1,5704.56,5561,67227.8,19025.3,16.4,23.8492
8957.44,8900,65959,3841.92,3840,65568.8,22940.6,-3.28,23.8513
12332.2,12048,67081.7,6940.08,6916,65764.2,9040.32,9.02,23.8555
6906.24,6771,66845,2944.08,2967,65029.7,36435.6,24.6,23.8555
8012.8,8029,65403.8,2622.24,2669,64387.8,8537.04,-27.06,23.8565
6984.32,6880,66529.7,2220.48,2036,71474.2,14697.4,20.5,23.8565
6924.8,6853,66222.6,2196.72,2197,65527.7,9481.68,25.42,23.8576
8951.04,8596,68242.8,3945.6,3712,69660.3,15107,-4.92,23.8597
12551.7,12302,66866.1,5212.8,5130,66593.8,32334.5,31.98,23.8597
10519.7,10136,68016.8,4682.88,4572,67125.4,9398.16,76.26,23.8639
15346.6,14692,68455.8,6668.64,6400,68286.9,11587,62.32,23.8639
5574.4,5605,65178.2,2485.44,2577,63207.5,16919.3,10.66,23.865
9890.56,9773,66324.3,3417.84,3517,63688.3,7981.2,18.86,23.866
13610.9,12861,69357.2,7469.28,7037,69561.9,12659,86.1,23.8682
12864.6,12532,67275.5,9417.6,8500,72610.8,7956.72,53.3,23.8692
14990.7,13829,71041.4,8707.68,8001,71324.4,43054.6,-4.92,23.8724
6979.2,7152,63952.6,3145.68,3188,64666,6184.08,41,23.8724
7579.52,7532,65949.5,2394,2476,63365.6,18982.8,-33.62,23.8745
14520.3,13845,68732.7,7050.24,6865,67304.4,17702.6,124.64,23.8745
11091.8,10562,68823.6,3702.96,3666,66196.7,19554.5,-12.3,23.8766
12487.7,11877,68905.7,7783.2,7585,67248.5,22382.6,78.72,23.8787
8247.04,7988,67661.2,2742.48,2736,65691.2,5448.96,-72.16,23.8798
8892.8,8857,65800.9,3479.04,3309,68903.7,29209.7,-71.34,23.8798
11347.8,9852,75486.4,13245.1,6988,124218,7569.36,321.44,23.8798
27356.8,19520,91847.1,20876.4,15248,89726.9,76184.6,100.86,23.8808
7729.92,7832,64681.8,3049.92,3180,62855.2,15180.5,-46.74,23.8819
30293.1,21124,93982.7,24436.8,18784,85258.2,23321.5,134.48,23.8819
6929.92,7061,64319.4,3282.48,3409,63103.7,6960.96,24.6,23.8829
12358.4,12221,66272.8,5142.96,5197,64854.5,5592.24,-13.12,23.8861
10269.4,9129,73723.1,6261.12,5917,69347.4,14301.4,7.38,23.8882
12522.9,12408,66142.8,6606.72,6252,69254.3,5761.44,-62.32,23.8914
7729.28,7701,65776.7,2171.52,2181,65251.1,12912.5,-64.78,23.8914
12947.2,11293,75135.7,7327.44,6589,72880.7,11685.6,34.44,23.8977
11487.4,10830,69513.9,4262.4,3690,75702.1,30675.6,-13.94,23.8998
8688.64,8017,71026.4,3018.24,2961,66802.9,14778.7,-45.1,23.9019
9099.52,8669,68790.6,2479.68,2521,64461.8,19514.9,-74.62,23.903
12657.3,11593,71552.4,4875.12,4457,71684.1,11831,-20.5,23.904
11362.6,10273,72486.8,5088.24,4993,66786.1,4955.76,-46.74,23.9061
19868.8,17544,74220.3,13723.9,12668,70998.6,14682.2,53.3,23.9072
37134.1,25876,94049.3,31891.7,23856,87611.2,7506.72,82,23.9083
12440.3,10837,75232,8362.8,7985,68636.8,11121.8,21.32,23.9093
13472,11992,73624.2,8811.36,8104,71256.3,10257.1,3.28,23.9093
11510.4,9723,77583.6,6978.24,6379,71692.4,20930.4,4.1,23.9114
12381.4,11480,70682.1,6670.08,6424,68046.5,18295.9,74.62,23.9125
10658.6,10176,68643.8,3259.44,3252,65685.9,6815.52,6.56,23.9135
10217,9612,69660.7,3531.6,3548,65233.1,4927.68,0.82,23.9135
13957.8,12935,70717.9,6706.8,6551,67094.6,15598.1,44.28,23.9156
12172.8,11056,72156,4665.6,4656,65671.1,8488.08,-2.46,23.9156
12654.1,10678,77664.1,8730.72,8146,70240.2,14410.1,-11.48,23.9178
13765.8,12788,70546.8,5035.68,5012,65845.6,10045.4,47.56,23.9241
14442.9,13035,72614.4,4771.44,4651,67233.1,34904.9,86.92,23.9241
15232.6,14349,69571.8,4465.44,4425,66134.9,46124.6,70.52,23.9251
21591,19474,72660.5,10990.8,10614,67862.6,12880.8,66.42,23.9283
13264,12376,70238.3,6467.04,6456,65648.1,18324.7,52.48,23.9283
13680,12225,73336,9581.04,8817,71215,25948.8,31.98,23.9283
11630.1,9776,77965.3,8115.84,4628,114926,37314.7,798.68,23.9304
33584,12300,178940,27769,7384,246461,19108.8,1284.94,23.9336
14353.9,14136,66546.3,7724.16,7596,66641.7,26570.9,72.98,23.9357
15045.8,14741,66890.9,7094.16,6945,66943.5,31593.6,59.86,23.9357
9445.12,8368,73971.7,7652.16,6948,72177.9,19172.2,68.88,23.9367
35546.9,25277,92162.9,28332,20589,90182.4,45119.5,176.3,23.941
11036.8,10429,69355.4,10105.9,9481,69855.7,26711.3,123.82,23.9441
15886.7,15541,66993.9,8946.72,8773,66833.7,29275.9,104.96,23.9452
7215.36,7572,62449.3,3852,3860,65400.2,16874.6,46.74,23.9452
12832,12913,65124.9,5696.64,5605,66607.5,13150.1,-22.14,23.9462
12496.6,12509,65471.2,3581.28,3481,67424,36935.3,54.94,23.9462
12711.7,12048,69146.1,10746,9684,72723,21375.4,159.08,23.9484
11984,11961,65662,3593.52,3321,70913.9,22896,77.08,23.9505
6108.8,6452,62050,1835.28,1872,64250.5,5544,-24.6,23.9515
10947.2,11015,65132.6,3894.48,3911,65259.2,29836.8,-45.92,23.9536
5724.8,5925,63321.6,2134.08,2149,65081,6055.2,50.02,23.9547
9564.8,9452,66318.1,6969.6,6428,71057.8,12990.2,62.32,23.9547
8841.6,9380,61774.3,3561.12,3716,62804.5,8929.44,42.64,23.9568
8817.28,8505,67942.3,6618.24,6073,71419.9,11070.7,78.72,23.9568
12707.8,12529,66471.5,6635.52,6145,70767.4,14531.8,47.56,23.9568
4807.04,5131,61398.2,2318.4,2255,67378.6,15248.9,71.34,23.9579
11681.3,11796,64898.6,5382,5328,66200.2,16455.6,-49.2,23.9589
6305.92,6751,61215.3,3609.36,3723,63535.6,12172.3,-52.48,23.9631
13431,13713,64188.5,4313.52,4357,64882,14900.4,-45.1,23.9631
14165.1,14471,64150.7,6266.16,6151,66763,23415.8,67.24,23.9631
13083.5,13385,64059.9,5445.36,5517,64685,11395.4,138.58,23.9642
6663.04,7189,60741.3,3391.2,3505,63408.2,6680.16,-34.44,23.9642
6934.4,6996,64959,4070.88,3940,67713,35014.3,42.64,23.9674
16457.6,15469,69724.3,6031.44,5497,71907.7,33270.5,9.84,23.9695
13786.9,12915,69960.3,8763.12,8083,71050.3,27798.5,-89.38,23.9726
9456,8891,69700.6,9915.84,9327,69673.5,9833.76,-37.72,23.9726
7564.8,7661,64713.1,6467.76,6093,69566.9,27066.2,56.58,23.9737
6979.84,6880,66487,3259.44,3188,67004.6,12116.2,-12.3,23.9758
13189.1,12973,66627.8,5412.24,5501,64478.6,11049.8,-39.36,23.9779
8044.16,7879,66909.8,3233.52,3255,65103.5,32907.6,-62.32,23.98
13369.6,12258,71479,6137.28,5746,69998.7,36785.5,109.88,23.98
8839.04,8005,72364.2,8184.96,7777,68973.8,17716.3,15.58,23.9832
22035.2,17748,81366.8,14366.2,12512,75247.8,38495.5,3.28,23.9832
8465.92,7152,77575.9,4917.6,4688,68745.7,13890.2,-54.12,23.9874
13696,12752,70387.5,5899.68,5648,68456.3,9432,0.82,23.9885
9614.72,9016,69888,3215.52,3320,63473.6,15520.3,105.78,23.9916
12097.9,10988,72155.9,5376.24,5228,67394.3,5764.32,4.1,23.9958
8278.4,7968,68089,3078.72,3124,64586.1,33721.2,-57.4,23.998
10276.5,9485,71004.7,3853.44,3785,66721,28255,-1.64,23.998
13040.6,10720,79723.1,9093.6,6416,92886.3,13473.4,1585.88,23.998
9678.08,9280,68347.3,3026.16,2976,66640.6,27359.3,45.92,24.0022
10677.8,9021,77572.1,8159.04,7421,72053.8,23987.5,18.86,24.0043
9999.36,9345,70125,4194,4065,67615.7,8077.68,12.3,24.0053
6896,6732,67132.5,2511.36,2536,64899.3,6284.88,50.02,24.0053
11948.2,11637,67288.4,7559.28,7201,68796.7,9998.64,-22.14,24.0064
10730.9,10889,64584.4,4582.08,4653,64537.1,21764.2,-95.12,24.0106
7091.84,7197,64578.4,2734.56,2697,66448.7,10048.3,-38.54,24.0106
12883.8,12175,69351.6,8989.2,8427,69908.2,11919.6,-51.66,24.0117
12670.1,12157,68301.9,5232.96,5113,67073.6,18770.4,-13.12,24.0117
8034.56,7381,71339,4549.68,4305,69260.8,28782,-30.34,24.0148
11971.2,10737,73069.3,9858.96,9029,71560.2,20204.6,19.68,24.0159
9309.44,9424,64739.3,3286.08,3392,63489.5,10508.4,49.2,24.018
11385.6,11197,66639.9,5230.8,5017,68328.8,13078.1,-27.88,24.0201
7708.8,7549,66923.3,2849.76,2829,66016.9,19877.8,-63.96,24.0212
35113,18746,122755,109246,44154,162149,48075.1,2496.08,24.0243
8387.84,7976,68919.9,4466.88,4056,72174.9,5523.84,32.8,24.0243
13630.1,13424,66542.1,5451.84,5364,66609.2,16351.2,-14.76,24.0243
13776,12804,70511.1,11519.3,10784,70004.4,15846.5,25.42,24.0265
10080,9468,69772.2,4399.92,4200,68655.5,19855.4,3.28,24.0286
9060.48,8317,71394.4,6210.72,5737,70947.5,8242.56,-30.34,24.0296
7075.84,6988,66359.8,3535.2,3420,67743.5,5298.48,6.56,24.0307
22037.8,17531,82383.6,21938.4,18223,78897.8,16200.7,102.5,24.0307
6837.76,7161,62577.8,2959.92,3001,64638.9,8348.4,-13.94,24.0317
11940.5,11897,65775.5,5146.56,4857,69443.1,23576.4,105.78,24.0317
10854.4,11317,62857.1,4057.2,4053,65603.9,9400.32,52.48,24.0328
10096.6,10409,63569.4,4217.76,4157,66493.9,5253.12,39.36,24.0349
9503.36,9829,63364.8,5834.16,5413,70635,11342.9,-9.84,24.0381
5356.8,5941,59091.6,2272.32,2321,64161.5,10108.8,-58.22,24.0402
15393.3,15097,66822.1,9776.16,8605,74455.6,6505.2,-13.12,24.0402
7258.24,7704,61744,3397.68,2876,77423.6,8029.44,-57.4,24.0402
5210.88,5777,59113.8,2679.12,2737,64150.1,28986.5,4.1,24.0412
10375.7,10712,63478.4,7675.92,7624,65982.3,5029.92,-27.88,24.0444
7281.28,7632,62524.4,4004.64,3860,67991.7,13669.9,-62.32,24.0465
11437.4,11516,65088.9,5748.48,5484,68696.6,11058.5,29.52,24.0476
8773.12,8936,64341.4,5371.2,5064,69511.6,29044.8,-63.96,24.0497
10188.2,9945,67138.4,8079.12,7353,72007.8,10044.7,-98.4,24.0518
21698.6,16780,84745.9,19528.6,16332,78363,7393.68,99.22,24.0549
12505.6,12945,63311.5,5278.32,5377,64333.3,6679.44,47.56,24.056
8907.52,9336,62528.2,3276,3148,68200.8,16904.9,99.22,24.056
7938.56,8342,62366.5,2746.08,2758,65252.8,27390.2,6.56,24.0571
7632,7769,64380.3,3820.32,3753,66711.6,5182.56,2.46,24.0571
10945.9,10973,65374.3,6012.72,4621,85273.7,17380.8,36.9,24.0634
8454.4,8619,64284.4,4922.64,4715,68422.1,12847.7,63.14,24.0666
5413.12,6036,58773.1,2496.96,2580,63426.7,9162.72,-33.62,24.0666
18854.4,16764,73708.1,13471.9,12108,72918.4,57985.2,35.26,24.0676
14441,14332,66034.2,8259.84,7900,68521.1,38754,60.68,24.0687
14957.4,13800,71032.7,11645.3,10616,71890.1,21710.9,-18.04,24.0708
8437.76,8552,64660.6,6680.88,6348,68972.6,10408.3,17.22,24.0708
12798.1,12900,65018.2,7948.8,7744,67269.2,28403.3,12.3,24.0718
11064.3,10856,66793.6,7585.92,7240,68667.2,16917.1,64.78,24.0718
8083.2,7240,73168.6,6775.2,6104,72742.4,44180.6,162.36,24.0739
13835.5,12573,72116.8,10901.5,9901,72158.6,29231.3,41.82,24.075
11925.8,9125,85651.1,12699.4,10593,78567.5,18969.1,126.28,24.076
5669.76,5940,62554.4,2739.6,2740,65526.4,9164.16,-58.22,24.0771
11089.3,10940,66430.3,6275.52,5804,70860.2,10726.6,-7.38,24.0782
8681.6,8756,64979.1,3236.4,3328,63732.2,14289.8,94.3,24.0792
12860.8,11904,70803.5,10556.6,10260,67430.8,22076.6,-16.4,24.0803
4643.84,5118,59464.4,1728.72,1838,61639.5,5115.6,-24.6,24.0855
13900.2,13825,65892.3,6832.08,6773,66107.7,7551.36,3.28,24.0855
12925.4,13217,64090.3,7049.52,6913,66830.2,7783.92,51.66,24.0877
11182.1,10916,67133.5,4490.64,4304,68377.9,5560.56,41,24.0887
37369,19973,122616,18799.2,9921,124184,40610.2,75.44,24.0898
18656,16206,75443.6,11733.8,10558,72834.7,16056,6.56,24.0898
29408,20447,94257.5,33984,26159,85139.9,32513,68.06,24.0929
9818.88,9073,70923.6,4512.96,4453,66418.5,7515.36,-39.36,24.0929
10362.9,9893,68648.7,6558.48,6501,66115.5,9558,16.4,24.094
10790.4,10703,66071.2,3376.8,3519,62887.7,12390.5,-54.94,24.094
13149.4,12565,68584.3,6197.76,6181,65713.7,7185.6,127.92,24.095
40200.3,24249,108646,42262.6,28557,96989.2,10653.1,297.66,24.0972
8128.64,7076,75285.3,7035.84,6564,70246.9,7171.92,-5.74,24.0993
9466.88,8740,70986.4,3324.96,3344,65162.9,14236.6,-52.48,24.0993
14990.1,14028,70030.6,10759.7,7388,95444.8,15452.6,-45.92,24.0993
11861.1,10593,73381.5,7163.28,6661,70477.8,9979.2,80.36,24.1003
20603.5,15421,87560.6,19224.7,16781,75079.6,21536.6,55.76,24.1014
13648.6,12841,69657.9,4551.12,4701,63446.5,7927.92,-19.68,24.1045
15959,14443,72415.1,7182.72,7099,66308.9,9897.84,86.1,24.1067
9918.72,9173,70863.8,4188.24,4033,68058.6,26012.9,36.9,24.1088
5821.44,5490,69492.5,2325.6,2390,63770.1,7457.76,4.1,24.1109
16822.4,11633,94771.2,61137.4,48549,82529,9286.56,2171.36,24.1151
9576.32,9908,63342.1,2925.36,3056,62734.4,7595.28,-20.5,24.1151
24032.6,22412,70275,23479.9,12172,126420,23896.8,54.94,24.1183
9605.76,9409,66906.5,3680.64,3665,65815.7,21468.2,-14.76,24.1204
14689.3,14960,64350,5807.52,5936,64117.5,23328,-40.18,24.1235
16075.5,15685,67167.7,6327.36,6401,64782.1,8816.4,-4.92,24.1235
7267.84,7596,62704.7,2812.32,2968,62098.5,22104.7,65.6,24.1246
9338.88,8633,70894.6,10280.9,9785,68857.2,14881.7,40.18,24.1246
13392.6,13552,64765.3,5822.64,5984,63768.8,10423.4,-27.88,24.1267
13875.8,12769,71216.8,7516.08,7013,70237.2,4913.28,-48.38,24.1267
7105.92,6242,74606.5,15898.3,13601,76605.6,21055.7,2191.86,24.1288
10748.8,10508,67037.8,5173.92,4860,69769.1,10530.7,18.04,24.1309
7880.96,8041,64231.6,3580.56,3565,65822,5913.36,-21.32,24.133
13668.5,13230,67708.1,8123.76,7854,67787,7732.08,-64.78,24.133
9260.16,9675,62726,6362.64,6363,65532.3,7701.84,-53.3,24.1362
15434.9,15608,64809.1,4856.4,4680,68006.2,13442.4,-77.9,24.1373
6798.08,7548,59024.8,1535.76,1656,60777.5,16290.7,15.58,24.1383
12323.2,12525,64480.1,4818.96,5005,63100,5096.16,91.84,24.1415
16087.7,15561,67754.1,10092.2,9821,67346,34327.4,0.82,24.1436
6823.68,6832,65456.2,2489.04,2532,64424.1,8401.68,13.12,24.1446
6689.28,6624,66181.9,2477.52,2484,65365,9796.32,-54.94,24.1457
13532.2,12244,72430.9,8836.56,8228,70383.2,18561.6,-28.7,24.1457
15214.1,14241,70014,8827.2,8325,69489.4,26900.6,57.4,24.1457
8033.28,7972,66039.8,2805.84,2848,64565.8,23962.3,7.38,24.1468
15940.5,15500,67398.4,5733.36,5836,64383.4,5029.92,111.52,24.1468
11750.4,11937,64511.5,3914.64,3973,64573.3,18615.6,59.86,24.1478
13431.7,13564,64896.7,5596.56,5628,65169.9,23907.6,27.88,24.1489
8592.64,8332,67586.1,4983.12,4636,70443,16403,33.62,24.1489
14330.2,13900,67564.5,3700.08,3612,67134.1,32285.5,-35.26,24.1499
13447.7,11420,77172.3,12728.2,11064,75393.4,33165.4,61.5,24.1499
8411.52,7664,71928.1,40251.6,36692,71893.8,14718.2,2935.6,24.1531
10659.2,10296,67847.8,5444.64,5272,67682.1,27333.4,0,24.1552
13107.8,13309,64545.5,6172.56,5561,72743.2,7842.96,-10.66,24.1552
10050.6,10509,62677.1,5087.52,4845,68816.5,10210.3,-9.84,24.1573
15872,14934,69652.3,14842.8,13750,70744.6,25097.8,36.9,24.1594
14473.6,13757,68949.8,7857.36,7497,68686.1,8348.4,54.94,24.1647
11187.8,10884,67365.5,4515.84,4404,67200.3,11487.6,-45.1,24.1668
8981.12,7945,74082.7,7314.48,6921,69261.9,16490.9,119.72,24.1668
15881,15416,67512.6,6241.68,6184,66147.3,26147.5,22.96,24.1668
10922.2,10686,66984.8,5101.2,4942,67647.2,13400.6,-18.86,24.1679
7267.2,7042,67631.8,3916.08,3234,79358.1,11582.6,-22.14,24.1689
10281.6,9872,68255.1,5469.84,5044,71068.9,10267.2,16.4,24.1721
20193.9,18981,69723.9,6111.36,5969,67099,64589.8,57.4,24.1731
10676.5,10277,68083.5,7481.52,6385,76790.8,10203.1,118.08,24.1742
9219.2,9021,66975.9,2988,2989,65514.1,15054.5,0,24.1753
15315.8,14368,69859.3,6555.6,6324,67936.1,9174.96,-4.1,24.1763
15274.2,13532,73973.7,11273.8,10220,72293.3,30214.8,72.16,24.1774
12324.5,11177,72264.2,10210.3,9357,71512.6,11544.5,227.96,24.1784
12862.7,12712,66313,4670.64,4572,66949.9,22613.8,68.06,24.1784
8650.88,8505,66660.1,3934.8,3785,68129.7,11486.2,63.96,24.1784
11843.2,11260,68930.4,8035.2,7656,68782,9012.96,76.26,24.1795
11342.7,6573,113092,170919,100873,111044,256315,37852.8,24.1816
12892.2,12457,67825.4,4989.6,4537,72073.7,17031.6,27.06,24.1826
11841.3,11728,66169,5832,5588,68397.6,28749.6,78.72,24.1837
6796.16,6931,64261,2746.08,2711,66384,20281,-8.2,24.19
10887,10544,67668.2,4640.4,4464,68125.7,6403.68,17.22,24.1911
11838.7,11232,69076.1,7583.76,7008,70920.3,24159.6,2.46,24.1911
6791.68,6405,69492.5,7290,6709,71211.4,16741.4,77.08,24.1932
12545.9,12764,64416.3,6271.92,6152,66813.5,25635.6,51.66,24.1942
25719,23097,72975.8,17822.9,16205,72079,25089.1,54.12,24.2027
7621.76,7706,64819.6,3370.32,3242,68130,8384.4,3.28,24.2037
8294.4,8140,66779.1,6464.88,5928,71471.4,8145.36,-42.64,24.2048
19344,18572,68260.2,8672.4,8188,69413.1,5132.16,81.18,24.2059
14670.1,14227,67577,7457.04,6807,71794.4,16117.2,-4.1,24.208
10186.9,10169,65651.2,7670.88,7241,69426.7,23395,26.24,24.208
15706.2,15829,65027.7,5762.16,5777,65367.7,7275.6,-22.14,24.209
12724.5,12525,66579.8,5043.6,4857,68053.8,10390.3,28.7,24.2101
11060.5,10973,66058.5,5598.72,5289,69373.8,16398.7,-5.74,24.2122
12320.6,12232,66010.9,5551.92,5544,65629.6,13199,-9.84,24.2154
8052.48,7699,68544.9,6817.68,6483,68919.3,10540.1,30.34,24.2154
7359.36,7729,62401.7,2934.72,3045,63162.5,9981.36,-27.06,24.2164
7478.4,7601,64478.9,2813.76,2785,66212.8,23967.4,33.62,24.2164
11348.5,11042,67355,7297.92,7010,68227.8,12422.9,105.78,24.2175
16177.9,15661,67699.1,9466.56,8717,71171.3,25293.6,106.6,24.2238
11479.7,10848,69352.2,8814.96,8288,69702.9,10217.5,82,24.2238
11109.1,11201,64998.4,4986.72,4965,65822.7,15166.8,-18.86,24.228
7263.36,7378,64517.7,3196.08,3138,66749,9928.08,-17.22,24.2301
9031.68,8801,67253.7,3293.28,3217,67090,7192.08,19.68,24.2322
8025.6,8021,65573.6,3161.52,3173,65298.9,8912.16,59.04,24.2333
9710.72,9837,64694.7,4337.28,4269,66584.2,12428.6,-65.6,24.2354
10971.5,10790,66638.5,5119.92,5142,65254.6,18622.1,-52.48,24.2354
16764.2,15692,70013.8,6412.32,6172,68087.8,15724.1,50.02,24.2365
15115.5,15212,65120.3,6467.76,6568,64535.8,5127.84,56.58,24.2375
15692.8,12636,81389.9,15955.9,14104,74141.2,30908.2,104.96,24.2396
8969.6,7953,73913.2,7258.32,6561,72501.3,9834.48,-3.28,24.2396
6726.4,6304,69927.2,2288.88,2128,70490.6,6395.04,91.02,24.2396
10921.6,10072,71064.1,4730.4,4376,70843.6,21345.8,-24.6,24.2417
19054.7,16213,77022.8,6742.08,6145,71903.8,10938.2,-41,24.2438
11399,10469,71358.1,3924.72,3797,67740.4,12106.8,40.18,24.2481
7559.68,6856,72262.4,2502.72,2440,67220.6,10745.3,-10.66,24.2491
22288.6,19509,74873.6,19275.8,16817,75118.1,19564.6,68.88,24.2502
8089.6,7413,71517.6,3477.6,3429,66464.9,7014.96,113.16,24.2523
16177.3,15437,68678.8,5094.72,5129,65098,26647.2,92.66,24.2533
16098.6,13826,76308.1,7916.4,6694,77503.6,31232.9,323.08,24.2555
7596.16,7401,67264.1,2870.64,2553,73689.9,16434,110.7,24.2586
9848.96,8785,73473.1,4760.64,4325,72137.2,27496.1,-36.08,24.2607
5792.64,5986,63419,2394,2454,63933.7,9533.52,44.28,24.2618
7184.64,7204,65359.9,3374.64,3232,68428.3,10220.4,-9.02,24.2628
12670.1,12172,68217.8,5132.16,4988,67430.1,7219.44,29.52,24.2681
5169.92,5125,66110.4,1788.48,1797,65225.3,15670.8,-14.76,24.2702
11690.9,11608,66003.9,5175.36,5144,65935.5,13212,37.72,24.2713
20224,16623,79732.9,12558.2,10939,75236.9,16226.6,30.34,24.2723
11153.9,11216,65173.3,4628.88,4740,63999.6,9586.08,124.64,24.2745
10612.5,10121,68718.5,5835.6,5657,67605.1,12823.2,57.4,24.2776
10458.9,9769,70164.1,4849.92,4701,67612.1,15178.3,53.3,24.2787
12942.7,12829,66116.9,6509.52,6329,67405.3,14453.3,43.46,24.2818
12508.2,12417,66017.1,5228.64,5025,68191.9,10317.6,84.46,24.2829
11573.1,11398,66542.9,4805.28,4706,66918.6,5909.76,38.54,24.2839
8239.36,7817,69077,2644.56,2605,66531.3,5160.24,-44.28,24.2839
50823,46787,71189.4,34926.5,28931,79117.3,18468.7,2844.58,24.2861
8733.44,8465,67614.3,3633.12,3557,66938.5,9816.48,19.68,24.2861
9511.04,9364,66565.1,5447.52,5424,65820.2,8701.2,-5.74,24.2871
13174.4,12054,71627.5,7305.84,6902,69370.6,30843.4,-58.22,24.2882
8673.92,7596,74836,8869.68,7832,74219,16145.3,-67.24,24.2903
12718.1,12646,65909.5,9293.04,8406,72451.7,38742.5,47.56,24.2934
7339.52,6995,68763.8,3243.6,3175,66952,16262.6,22.14,24.2966
14599,14081,67947.1,5570.64,5393,67694.7,14440.3,-43.46,24.2987
8127.36,8109,65684.4,4085.28,4121,64968,11023.2,-16.4,24.3008
9477.12,9324,66612.2,3342.96,3160,69330.5,17195,77.08,24.3029
10515.8,10054,68546.5,7688.88,7330,68744.7,12762,-2.46,24.304
9729.28,8956,71194.5,9738,9116,70007.6,6672.24,-6.56,24.3061
29343.4,20229,95063.8,32108.4,23509,89508.5,71601.1,120.54,24.3061
6952.96,6704,67969.8,2167.92,2272,62533.8,11954.9,37.72,24.3103
14231,13728,67937.5,6241.68,6224,65722.2,20345,40.18,24.3135
22420.5,18896,77759.8,18058.3,16752,70646.5,20113.2,128.74,24.3177
24569,19485,82635.4,18759.6,15961,77027.1,7230.24,52.48,24.3209
14482.6,13889,68336.7,6041.52,5797,68300.3,29663.3,5.74,24.324
10161.3,9997,66613,4036.32,4029,65655.1,5156.64,-27.06,24.3251
7461.76,7447,65665.9,2439.36,2451,65224.8,6737.04,-38.54,24.3262
22186.9,17401,83560.7,17869,15357,76255.8,32834.2,39.36,24.3262
11420.8,10500,71283.2,7664.4,7456,67367.8,17650.1,51.66,24.3262
7679.36,7304,68904,3867.84,3852,65805.5,12692.9,4.1,24.3293
17368.3,16249,70050.5,9623.52,9145,68965.2,29451.6,79.54,24.3314
11337,11240,66101.3,4363.92,4360,65594.9,13649.8,0,24.3335
10905,10617,67313.5,5332.32,5469,63898.1,11142.7,-50.02,24.3378
11148.8,10728,68106.6,4834.8,4392,72143.3,15844.3,21.32,24.3388
9794.56,9553,67193.2,4477.68,4481,65487.4,10785.6,80.36,24.3399
10204.2,9878,67699.9,5807.52,5554,68527.5,8153.28,49.2,24.342
15598.7,14615,69947.2,11200.3,10547,69595.5,14299.9,74.62,24.342
14687.4,12421,77493.8,12258,10533,76268.9,13240.8,69.7,24.3441
4911.36,5085,63298.1,3028.32,3081,64415.4,20377.4,-27.06,24.3473
14995.2,13969,70350.4,8748.72,8581,66816.9,5394.96,18.86,24.3483
16800,15372,71624,12580.6,11820,69752.9,6744.96,-1.64,24.3494
12208.6,12026,66531.3,5114.16,5134,65282.7,14299.9,-34.44,24.3494
12735.4,12442,67081.2,5099.76,5086,65713.3,6443.28,77.08,24.3515
8291.84,7341,74024.5,6569.28,6009,71646.6,16722.7,-27.06,24.3536
11060.5,10224,70897.8,6374.88,6164,67778.1,7614.72,10.66,24.3578
9766.4,9465,67622.9,4707.36,4809,64150.9,5636.16,17.22,24.3578
10060.8,9520,69258.9,7318.08,7152,67057.8,10602,11.48,24.3589
6307.2,6168,67015,3060.72,3176,63157.2,11540.9,-2.46,24.3599
20321.3,14677,90738.9,27514.1,21585,83537.8,46763.3,181.22,24.3631
11409.9,10676,70041.3,7264.08,6900,68994,10926.7,-16.4,24.3652
20369.3,14948,89304.3,22819.7,18180,82261.3,12399.8,138.58,24.3652
10851.2,9160,77635.8,7976.16,7020,74462.3,19787,26.24,24.3663
14496.6,14169,67051.4,4806,4781,65878.7,27707.8,26.24,24.3673
12961.3,13048,65100.4,5063.76,5208,63720.9,10754.6,-24.6,24.3726
5479.04,5760,62339.3,2972.88,3012,64684.8,8330.4,-84.46,24.3737
6930.56,7253,62622.5,3060.72,3077,65189.3,8449.92,-1.64,24.3758
13654.4,13461,66477.6,5932.08,5665,68625.7,25081.9,-70.52,24.3789
14967,14688,66781,4970.88,4932,66052.6,29342.2,-50.02,24.38
11099.5,11113,65456.5,7231.68,7101,66742.1,10849,-51.66,24.3842
11474.6,11224,66999,6652.08,6620,65853.6,4878.72,35.26,24.3874
5192.32,5669,60025.4,2047.68,2149,62446.1,10067.8,-22.96,24.3874
8138.88,7608,70109,6429.6,6044,69717.1,23948.6,63.14,24.3884
12439,12221,66705.3,5520.24,5357,67533,24019.9,24.6,24.3895
10588.2,10874,63813.3,4939.92,4970,65139.4,8744.4,6.56,24.3905
15104,14400,68740,5953.68,5716,68261.1,8678.16,-0.82,24.3937
15758.1,15900,64951,4458.24,4392,66524.4,6806.88,-58.22,24.3948
6696.32,6952,63125.7,3085.2,3068,65903.4,15338.2,37.72,24.3969
18298.2,16420,73032.5,9264.96,8368,72560.8,28505.5,37.72,24.3969
9462.4,8909,69606.9,4449.6,4237,68824.4,17926.6,144.32,24.4
9043.84,8945,66260.2,3645.36,3637,65686.6,23945,113.98,24.4
10459.5,10188,67282.6,5134.32,5016,67081.9,17450.6,99.22,24.4011
12664.3,12265,67669.7,5022,4909,67044.6,9357.84,18.86,24.4043
13656.3,12452,71874.4,10031.8,9520,69059,33341.8,57.4,24.4043
5963.52,5904,66196.7,3444.48,3376,66865.4,8835.84,63.14,24.4043
17228.2,15712,71860,7015.68,6660,69036,25379.3,53.3,24.4074
10008.3,9513,68948.3,4753.44,4601,67707.3,13938.5,-68.06,24.4095
10272.6,9960,67593.1,5297.76,4204,82586.6,6971.76,-5.74,24.4106
17087.4,15179,73775.4,11050.6,10191,71063.6,6307.92,37.72,24.4127
5295.36,5152,67359.6,2502.72,2432,67441.7,4995.36,-50.84,24.4201
13453.4,12461,70755.5,7736.4,7337,69103.5,28606.3,11.48,24.4211
13129.6,12664,67945.5,7738.56,7756,65388.6,5924.16,75.44,24.4233
14387.8,14073,67002.2,6674.4,6573,66547,21700.1,55.76,24.4243
16416,15716,68455,7341.84,7284,66056.4,11795,59.04,24.4275
9946.24,9485,68722.9,5040,4921,67120.8,31325.8,101.68,24.4275
8579.84,8353,67315.7,2972.16,2945,66140.4,8723.52,44.28,24.4285
10057.6,8959,73572.4,6869.52,6095,73864,12254.4,30.34,24.4296
9306.24,9661,63129.5,3692.16,3817,63392.6,5035.68,54.94,24.4306
15889.9,14426,72186.5,9812.16,7070,90954.7,32555.5,145.96,24.4349
10809.6,10616,66731.2,4572,4236,70734.3,32065.2,-1.64,24.4349
9545.6,9561,65430.4,3823.2,3805,65849.5,5855.04,73.8,24.4359
8376.96,7892,69563.2,7670.88,7140,70408.8,8686.08,27.06,24.4359
16217,15753,67466.2,7400.88,7417,65393.6,13708.8,60.68,24.4412
9086.72,8656,68797.1,5143.68,4980,67690,16544.2,22.14,24.4422
6202.24,6291,64611.3,3397.68,3171,70220.9,18147.6,49.2,24.4422
13317.8,12608,69225.3,7519.68,7156,68866.6,19612.8,52.48,24.4475
16998.4,15461,72052.7,9191.52,8021,75099.8,18889.2,82,24.4475
10569,9330,74238.7,7861.68,7014,73456.4,10338.5,95.94,24.4475
13906.6,11477,79409.3,12626.6,11285,73327.4,22287.6,58.22,24.4528
13121.3,11934,72056,11047.7,10521,68816.7,19172.9,22.14,24.4539
7185.92,7364,63951.2,2497.68,2608,62763.8,7893.36,9.84,24.457
12324.5,11992,67353,5636.16,5528,66818.3,12443,-29.52,24.4581
14110.1,13831,66858.4,5433.84,5395,66007.8,11281.7,-45.92,24.4602
6547.2,6865,62502.2,2352.24,2481,62134.8,9550.08,-2.46,24.4634
14137,13568,68284.2,5145.12,5060,66638.5,11650.3,76.26,24.4665
25834.2,22156,76416,14812.6,12760,76078.1,29479.7,101.68,24.4676
8460.16,8489,65313.4,3787.2,3005,82595,9561.6,15.58,24.4686
10677.8,10372,67468,6585.12,6624,65151.3,5627.52,-17.22,24.4686
8909.44,7828,74589.8,6559.2,5988,71787.5,20018.9,-20.5,24.4697
13873.3,13160,69088.1,6487.2,6376,66679,14705.3,45.92,24.4707
10681.6,8757,79939.4,10671.8,9381,74553.9,22304.9,86.92,24.4718
11549.4,11340,66746.4,6065.28,5896,67417.6,19210.3,14.76,24.4739
7823.36,7713,66473.7,3452.4,3393,66683.3,7022.88,18.04,24.475
8778.88,8625,66705.2,4320,4193,67521,8775.36,76.26,24.4792
22318.7,18981,77060.2,35753.8,28161,83205.8,10058.4,810.16,24.4845
8686.72,8604,66166.1,3432.24,3464,64935.1,54080.6,-54.12,24.4845
10259.8,10280,65407.5,4140,4232,64111.3,12942.7,-36.9,24.4855
9029.12,8817,67112.7,2814.48,2785,66229.7,15102,20.5,24.4855
13900.2,12225,74516.2,9460.08,8577,72283.5,30488.4,-12.3,24.4855
8081.92,7429,71295.8,7374.96,6757,71529.6,14271.1,37.72,24.4866
8057.6,8325,63431,3457.44,3553,63773.4,15098.4,59.04,24.4876
11126.4,10841,67261.3,6217.2,6109,66696.8,11314.8,-55.76,24.4887
17276.8,16268,69600,7307.28,7164,66846.7,10712.2,63.96,24.4897
5527.04,5685,63715.1,2043.36,2117,63256.3,20728.1,11.48,24.4897
9104.64,8999,66305.3,3155.04,3159,65453.9,25567.9,1.64,24.4897
9687.04,8820,71978.4,5984.64,5440,72097.3,22186.1,92.66,24.4908
11824.6,11338,68348.9,5464.08,5310,67437.7,16424.6,73.8,24.4929
8299.52,8513,63892.6,2692.8,2769,63732.5,7259.04,12.3,24.494
11356.8,11104,67028,7686.72,7396,68112.1,7940.16,28.7,24.494
5370.24,5396,65223.1,2231.28,2180,67077.6,5710.32,4.1,24.4961
13703.7,13709,65510.6,5323.68,5373,64934.4,13605.8,18.04,24.4982
9758.72,10163,62929,2850.48,2935,63648.8,10508.4,123,24.5013
11962.9,11506,68138.3,6253.92,5938,69022.7,20252.9,10.66,24.5013
12861.4,12693,66405.7,5332.32,5333,65527.7,14554.8,104.14,24.5013
11843.2,11569,67089.3,5248.8,5093,67540.8,12229.9,69.7,24.5024
11192.3,10909,67238,7002.72,6953,66004.6,7819.2,0,24.5045
6419.84,6508,64648.2,2840.4,2728,68236.2,17439.1,30.34,24.5045
14247.7,12940,72158.9,10196.6,9368,71332.9,61371.4,45.1,24.5056
6876.16,6955,64793.1,2841.84,2687,69312.6,9700.56,36.08,24.5077
14399.4,14565,64790.7,11309,10709,69208.1,12450.2,1496.5,24.5077
8855.04,9076,63940.5,3508.56,3584,64156.5,8316.72,-96.76,24.5108
9672.32,9374,67621.6,7187.76,6686,70454.3,14751.4,-3.28,24.5119
12119.7,11663,68102.1,5829.12,5611,68083.6,25998.5,-11.48,24.5119
11789.4,11240,68739.6,5792.4,5484,69221.5,48773.5,-18.86,24.5119
15168,14849,66943.9,5476.32,5141,69810.6,15377.8,59.04,24.513
17218.6,16584,68043.6,10692,10456,67015.2,21628.1,43.46,24.514
13473.9,12575,70220.8,5790.24,5163,73497.8,9882.72,87.74,24.5193
9587.84,9345,67239,6038.64,5973,66256.2,12561.8,59.86,24.5193
13242.9,12216,71045,8443.44,7912,69938,35675.3,26.24,24.5203
14836.5,13891,69996.7,8089.2,7619,69580.5,22846.3,50.02,24.5214
15404.2,14101,71592.6,8574.48,8117,69229.7,33770.2,17.22,24.5235
14721.3,12669,76152.3,60294.2,53821,73418.3,21049.2,392.78,24.5246
11322.9,10501,70665.3,5043.6,4933,67005.3,24473.5,37.72,24.5256
9453.44,9177,67510.1,2691.36,2793,63151.1,17034.5,28.7,24.5319
12642.6,11800,70215.5,7286.4,7048,67752.8,26941,11.48,24.5362
6036.48,5949,66499.7,2579.76,2717,62225.7,10868.4,79.54,24.5362
5634.56,5033,73369.1,2572.56,2569,65626.8,16534.8,21.32,24.5393
12711,11580,71937,7061.04,6744,68616.9,20342.9,45.92,24.5425
16583,15394,70598,7568.64,7490,66224.1,12239.3,22.96,24.552
8220.8,7436,72452.7,2655.36,2652,65619,8418.96,-47.56,24.5541
11845.1,11021,70436.6,5473.44,5529,64877.4,5638.32,54.94,24.5541
6277.76,5907,69649.4,2952.72,3047,63508.2,5517.36,0,24.5594
7857.92,7378,69798.9,2860.56,2966,63206.2,12175.2,-9.84,24.5615
7889.92,7505,68897.2,3345.12,3061,71619,5333.04,24.6,24.5636
11485.4,10565,71245.6,6202.8,5973,68057.4,20507.8,60.68,24.5647
12273.3,10921,73650.9,9805.68,8745,73484.9,19149.1,-14.76,24.5657
11986.6,10753,73054.1,8197.92,7573,70944,19030.3,93.48,24.5668
8757.76,8258,69502.1,2796.48,2834,64668.4,17986.3,-0.82,24.5678
15029.1,13596,72444,12654.7,12268,67601.9,31841.3,25.42,24.5689
16702.7,14910,73415.8,12363.8,11246,72050.2,50987.5,57.4,24.5699
16271.4,15100,70619.9,7953.12,7880,66144.1,91051.2,87.74,24.5773
10155.5,9265,71835.1,4901.76,4753,67587.2,5166,3.28,24.5773
10335.4,10080,67196.2,4058.64,4080,65192.9,5926.32,-72.98,24.5784
14404.5,13087,72133.6,8892.72,8479,68733.7,22065.8,91.84,24.5784
24032.6,18860,83510.2,14875.9,12524,77843.2,10150.6,38.54,24.5805
9577.6,8988,69835.1,3615.84,3592,65971,14917.7,38.54,24.5815
14970.9,13785,71173.9,9931.68,9501,68506.8,13348.8,1.64,24.5815
14238.7,13076,71363.5,6849.36,6320,71025.3,26266.3,-3.28,24.5837
17225.6,15561,72546.5,13198.3,12349,70043.3,20031.1,33.62,24.5847
7717.12,7616,66406.1,2698.56,2624,67398.2,11396.2,35.26,24.5868
9491.84,9628,64609.2,3911.04,3880,66060.3,27853.9,-36.9,24.5868
13054.1,11901,71885.7,9791.28,8845,72547.4,21581.3,50.84,24.59
5943.68,6096,63898.5,3620.88,3764,63044.1,25999.2,-26.24,24.5953
13175.7,13156,65634,5196.24,4944,68879.6,11962.1,144.32,24.5963
8852.48,9025,64283.2,3236.4,3329,63713,17788.3,-49.2,24.5963
12174.7,11801,67611.4,5531.04,5405,67064.2,11862,34.44,24.5995
13509.1,11356,77961.8,8763.84,7996,71829.3,9103.68,4.92,24.5995
13767.7,13216,68271.7,10508.4,8032,85741.9,12117.6,87.74,24.6016
8060.16,8080,65375.1,3088.08,3152,64207,5965.92,-2.46,24.6016
9174.4,9201,65346.5,3301.92,3377,64079,12770.6,69.7,24.6016
9486.72,9375,66317,4239.36,4203,66103,15254.6,-41.82,24.6048
10896,10392,68714.4,10144.1,9548,69627.4,25950.2,54.94,24.6048
10857,10480,67893.3,6683.04,6448,67924.9,10667.5,-18.04,24.6048
13108.5,12830,66958.5,5379.12,5386,65452.3,6646.32,16.4,24.6048
11843.8,11729,66177.7,4608,4597,65692.8,12229.2,165.64,24.6058
9930.88,8211,79263.2,10980,9991,72023.4,15711.1,79.54,24.61
20753.3,19165,70967.2,13271,12617,68933.3,33837.8,44.28,24.6111
7344,7125,67550.4,2662.56,2673,65280,11522.2,-30.34,24.6174
11646.7,11341,67302.7,6159.6,6073,66470.5,17277.1,17.22,24.6185
13496.3,13296,66523.4,9970.56,8448,77347.4,9846,38.54,24.6185
10727,10064,69853.7,7902.72,7376,70215.9,21958.6,90.2,24.6206
7821.44,7940,64557.4,1880.64,2020,61014.7,9484.56,-20.5,24.6227
14483.2,13355,71072.3,9708.48,8859,71820.2,32690.2,27.06,24.6227
12351.4,11871,68187.9,8532,7967,70183.6,16842.2,20.5,24.6259
9232.64,9212,65682.8,3245.04,3292,64601.1,7802.64,-104.96,24.6259
11786.9,11692,66067.8,5651.28,5644,65620.5,15343.2,18.04,24.6259
14702.7,13889,69375.6,9563.76,8609,72804.1,17871.8,77.08,24.628
16064.6,15424,68258.1,5719.68,5664,66180.3,17681,9.84,24.6322
18634.2,18229,66992.9,7515.36,7653,64357.3,14222.9,82.82,24.6343
6377.6,6329,66039.3,2918.88,2781,68785.2,8561.52,4.92,24.6343
11740.8,11080,69444.5,7658.64,7080,70892.2,22372.6,31.98,24.6364
6701.44,6665,65894.3,5294.88,5245,66159.3,6009.84,-21.32,24.6364
13508.5,13245,66839.7,4782.24,4889,64104.9,7543.44,61.5,24.6364
10417.9,10172,67120.4,5447.52,5404,66063.8,27378.7,-11.48,24.6396
6057.6,6201,64020.5,2383.2,2441,63984.2,5671.44,68.88,24.6396
15121.9,14857,66704.6,8254.8,7853,68889.2,24509.5,6.56,24.6417
12072.3,12113,65315.9,7184.88,6853,68709.8,7549.2,50.84,24.6417
14345,13584,69207.3,14116.3,8132,113764,39105.4,583.84,24.6428
8138.24,8281,64406.2,5619.6,5629,65426.6,6033.6,191.88,24.6438
11935.4,11555,67693.3,6486.48,6211,68442.8,7184.16,10.66,24.6459
8782.08,8872,64871.8,4483.44,4488,65469.4,10687.7,79.54,24.6491
9703.68,9548,66604.6,3225.6,3176,66559.5,12939.1,-58.22,24.6512
9350.4,8925,68659.7,3443.04,3197,70579.6,21196.1,-18.04,24.6544
15962.2,15544,67299.4,8311.68,8216,66299.2,9898.56,-16.4,24.6565
15974.4,15085,69399.9,9231.84,8893,68033.1,26473.7,32.8,24.6575
15872.6,15736,66105.1,5701.68,5784,64603.3,13044.2,29.52,24.6575
6919.04,6762,67058,3640.32,3678,64864.6,12860.6,-24.6,24.6575
9280,9124,66656.5,5561.28,5396,67543.4,15135.8,66.42,24.6618
8920.96,8960,65250.4,4258.08,4180,66760.2,15403,18.04,24.666
16180.5,13913,76216.8,12199.7,10829,73831.2,38722.3,7.38,24.666
17569.9,15375,74891.9,15732.7,14107,73088.5,33393.6,143.5,24.667
7008,7001,65601.5,2657.52,2621,66449.2,11268,36.08,24.667
17184.6,13352,84347.9,17489.5,13832,82865.3,12895.9,-31.98,24.6691
7264.64,6297,75606.7,5735.52,5385,69801.9,18450.7,28.7,24.6734
9845.12,9601,67202.4,3652.56,3441,69565.3,22335.8,-33.62,24.6744
7930.24,7805,66587.6,2790.72,2845,64285.6,23004.7,-10.66,24.6744
9670.4,9565,66258.2,3593.52,3645,64610.4,14372.6,69.7,24.6755
10672,10315,67804.2,4624.56,4607,65785.8,12359.5,16.4,24.6765
5528.96,5312,68212.7,2162.16,2244,63145.9,14144.4,46.74,24.6786
6165.76,6041,66889.5,2453.76,2521,63788,17761.7,-58.22,24.6797
22527.4,19641,75166.9,12884.4,11933,70761.1,42419.5,-33.62,24.6807
18522.2,17049,71199.1,9065.52,8857,67078.9,27776.9,77.08,24.6818
20259.8,18749,70817.1,10221.8,9693,69111.6,14909,-7.38,24.685
13110.4,12211,70363,7107.12,6339,73477.2,32243,109.06,24.6871
10289.3,9933,67886.7,4410.72,4505,64164.5,9914.4,16.4,24.6871
6462.72,6442,65746.8,1936.08,1978,64147.1,9325.44,54.12,24.6924
15107.2,14785,66964.2,7104.24,7121,65381.8,8143.92,81.18,24.6924
8043.52,7941,66382.1,4583.52,4517,66501.1,17966.9,24.6,24.6955
10039.7,9884,66568.2,3831.12,3804,66003.2,15274.8,37.72,24.6966
9680,9945,63789.7,4556.88,4537,65823.2,5225.76,90.2,24.6976
12101.8,12324,64354.2,4082.4,4112,65064.3,16279.9,44.28,24.6976
8550.4,9003,62241.4,3669.12,3679,65360,19612.1,82.82,24.6976
22571.5,16029,92285.7,25393.7,19085,87199.4,41985.4,113.16,24.7008
10987.5,11185,64378.9,5500.8,5409,66648.3,5890.32,17.22,24.7029
14978.6,15294,64184.3,5325.12,5326,65525.2,12098.9,45.1,24.7103
5349.76,5844,59993.5,2825.28,2800,66127.7,5154.48,-20.5,24.7103
11632,12141,62788.5,4886.64,4713,67950.5,19582.6,-56.58,24.7156
6631.68,7531,57710,4870.08,2795,114192,14497.9,25.42,24.7166
10844.2,11144,63772.7,7734.96,7340,69062.5,35694,0.82,24.7177
7106.56,7701,60477.3,3157.2,3057,67684.1,13018.3,-48.38,24.7198
12357.1,11447,70746.6,8465.04,7459,74375.2,30197.5,132.02,24.7198
6467.2,6509,65115.1,7238.88,6093,77861,11116.8,60.68,24.7208
17067.5,15705,71221.7,14571.4,13213,72273.4,30603.6,44.28,24.723
15585.3,15845,64461.8,5491.44,5473,65756.8,23867.3,-35.26,24.7272
9292.8,9817,62036.6,4914.72,4873,66097.1,27083.5,-19.68,24.7282
15258.2,13507,74033,13350.2,11699,74786,24639.8,4.1,24.7293
14321.3,14038,66858.5,10279.4,9958,67651.5,16899.1,67.24,24.7314
6393.6,6641,63094.6,6405.12,5985,70136.3,5005.44,25.42,24.7335
5863.68,6413,59922.4,3018.24,2985,66265.8,6579.36,-58.22,24.7346
9719.04,9967,63905.6,3772.08,3723,66400,5194.8,116.44,24.7398
17283.8,15617,72530.8,12668.4,11249,73805.3,40447.4,95.12,24.7451
13409.9,13176,66699.5,5030.64,5020,65674.9,14185.4,-36.9,24.7451
7066.24,7276,63646.7,2976.48,2844,68588.8,11985.8,-32.8,24.7472
11152.6,11080,65965.7,6423.12,6232,67545.8,13821.8,50.02,24.7472
9808,9029,71190.3,6297.84,5681,72651.9,11995.2,-4.92,24.7483
5419.52,5652,62840.4,2566.08,2560,65691.6,8023.68,-6.56,24.7483
8055.04,8031,65732.2,3124.8,3035,67475.1,11993.8,13.94,24.7493
12074.9,12200,64863.9,4412.16,4440,65125.1,21453.8,-57.4,24.7493
10812.8,10671,66406.9,3250.8,3323,64112.1,21389.8,-35.26,24.7504
5450.88,5269,67798.2,2316.96,2245,67636.7,5142.96,-52.48,24.7525
24742.4,13272,122176,9884.16,5832,111071,16534.1,-26.24,24.7557
12738.6,12097,69011.7,6500.16,6289,67736.4,10610.6,52.48,24.7557
7400.32,6957,69712.1,2867.76,2941,63903.9,8650.8,-72.16,24.7567
20307.2,11391,116834,170429,121215,92144,10853.3,3158.64,24.7578
13658.2,12678,70603.1,6079.68,5778,68957.8,16510.3,72.98,24.7599
14496.6,12181,77994.6,10314,9461,71444.7,69881,136.94,24.762
21591,15460,91525.9,24564.2,18848,85411.8,20143.4,353.42,24.7641
15043.2,13533,72849.4,6392.88,6233,67217,24925,-50.02,24.7662
17489.3,16025,71524.3,4174.56,4201,65123.5,20556,-19.68,24.7662
11294.1,9797,75550.6,2758.32,2673,67627.9,8310.96,0,24.7683
10238.1,9293,72200.9,3872.88,3817,66495.4,10126.8,17.22,24.7683
18433.9,15648,77203.8,8607.6,7940,71046.3,24055.2,44.28,24.7694
8878.72,7612,76441.9,2703.6,2728,64949.8,11123.3,70.52,24.7715
11391.4,10184,73305.6,3626.64,3624,65583.8,8594.64,-53.3,24.7736
18076.8,15961,74223.5,6994.08,6765,67755.2,4916.16,-40.18,24.7768
14926.1,11889,82277.4,8875.44,8145,71413.3,16236,68.88,24.7789
13989.1,12337,74312.3,5618.88,5713,64456.3,13325.8,-64.78,24.781
15322.9,12859,78093.2,9105.84,8783,67944.9,10058.4,18.04,24.7831
12149.8,10465,76086.6,8448.48,7941,69724.2,8094.96,138.58,24.7842
9509.12,8307,75019.8,2596.32,2627,64770.6,8385.84,-69.7,24.7852
9130.24,8372,71471.5,3816,3840,65126.4,9395.28,82.82,24.7926
9038.08,8348,70953.5,2916.72,2888,66187.7,10215.4,-45.92,24.7979
14026.9,12969,70881.8,6588,6377,67704.4,6526.08,84.46,24.8
10005.1,8768,74782.8,7079.76,6516,71206.1,7483.68,69.7,24.8021
9063.04,8932,66497.5,3282.48,3344,64330.3,8866.8,-15.58,24.8042
15496.3,14428,70388.6,9603.36,8940,70398.9,18092.9,41.82,24.8053
23609,21165,73103.6,17235.4,16057,70345.4,15601.7,-45.92,24.8053
13441.3,13140,67038.6,6362.64,6352,65645.8,9853.2,57.4,24.8074
14297.6,13797,67913.9,9791.28,9349,68636.4,17563,23.78,24.8148
10455,10777,63578.1,4034.88,3961,66758.4,7905.6,13.12,24.8169
11463.7,11377,66035.3,9348.48,8497,72103.3,14813.3,-31.16,24.8211
7613.44,7569,65920.8,5856.48,5365,71539.7,14292,49.2,24.8232
10057,10074,65425.1,4640.4,4350,69911.1,12890.2,-2.46,24.8232
10823.7,10924,64934.2,4577.76,4428,67752.5,8910,47.56,24.8264
10729,10761,65340.9,7526.16,7165,68839.4,7196.4,84.46,24.8317
12414.7,11304,71975.5,12021.1,10460,75317,44182.8,77.08,24.8317
14181.8,14666,63372.1,7858.8,7566,68072.2,15841.4,45.92,24.8327
8796.8,9552,60354.6,3526.56,3524,65583.6,24953.8,72.98,24.8338
8270.72,8832,61371.1,3588.48,3652,64396.1,24843.6,-54.94,24.8348
9412.48,9602,64242.5,5106.96,4914,68109.4,4886.64,96.76,24.8359
15392.6,14468,69724.4,9460.8,8420,73637,11102.4,18.04,24.838
21200,19450,71432.6,13758.5,12126,74358.9,12787.2,89.38,24.8401
13684.5,12440,72092.1,9141.84,8408,71255.9,35047.4,59.04,24.8422
9959.68,8954,72896.8,8210.88,7438,72345.8,20859.8,74.62,24.8485
20550.4,15356,87704.5,16668,12952,84338.6,26459.3,52.48,24.8485
14894.1,15034,64926.1,9218.88,7838,77082,8778.96,113.98,24.8496
8732.16,9305,61501.4,2882.88,2973,63549.4,14981.8,-23.78,24.8496
28178.6,22905,80624.8,25678.8,20077,83821.6,48001.7,142.68,24.8517
5802.88,6093,62415.5,2044.8,2057,65147.3,20864.9,4.92,24.8559
8386.56,8988,61150.6,3834.72,3948,63655.6,18896.4,9.84,24.857
6419.84,6621,63544.9,2478.96,2505,64854.7,25823.5,79.54,24.8623
8713.6,8703,65615.8,2857.68,2843,65874.4,6847.2,50.02,24.8623
11301.8,10904,67926.7,4443.12,4328,67279.2,11521.4,0,24.8644
8771.84,9012,63789.5,4651.92,3988,76446.4,13334.4,194.34,24.8665
14859.5,14005,69534.7,7956.72,7505,69480.6,59665,12.3,24.8697
8398.72,8224,66928.3,2134.8,2224,62907.5,28093,50.02,24.8697
13733.1,12173,73935.3,9620.64,8941,70517.6,19969.2,-0.82,24.8707
11450.2,11056,67872.9,6242.4,6016,68002.3,11854.8,-72.98,24.8707
7130.24,6931,67419.9,2668.32,2707,64599.6,25715.5,13.12,24.8728
15930.9,14479,72107.6,8727.84,8043,71116.2,29088.7,68.06,24.8749
12379.5,11213,72353.9,7058.88,6765,68383,8576.64,12.3,24.876
9974.4,9436,69275.4,5382.72,5148,68524.1,13286.9,-43.46,24.877
5537.92,5096,71219.2,2671.2,2588,67642.9,9628.56,-26.24,24.8781
10754.6,10040,70200.3,5762.16,5324,70929.6,16035.1,27.06,24.8781
10329.6,9821,68929.9,5112.72,5033,66574.1,11182.3,-41.82,24.8844
10693.8,10177,68863.7,7715.52,7441,67953.8,6524.64,22.14,24.8855
6469.76,6206,68321.3,2115.36,2062,67231.9,7395.84,11.48,24.8865
11839.4,11193,69320.5,5778,5245,72195.8,18691.9,-63.14,24.8876
27177.6,22841,77978.7,29936.9,22329,87865.3,5201.28,779.82,24.8897
8497.28,7975,69827.9,3072.96,2996,67219.5,19509.1,-14.76,24.8918
14953.6,13869,70661.1,9360.72,9181,66818.9,20259.4,38.54,24.8918
8781.44,8198,70200.1,3596.4,3505,67245,9511.2,-4.92,24.9003
10549.1,9756,70863.8,4801.68,4568,68888.6,11971.4,-63.96,24.9013
10396.8,10089,67535.4,3924,3885,66193.9,9034.56,28.7,24.9045
10215,9760,68591.5,5284.08,5092,68008.1,16742.9,-36.9,24.9045
12038.4,11897,66314.9,4777.92,4521,69260.3,21474.7,-13.94,24.9098
6576.64,6638,64930.2,2271.6,2270,65582.2,21338.6,44.28,24.9098
10113.9,10116,65522.5,5625.36,5472,67372.8,13557.6,-113.98,24.914
14537.6,13733,69375.7,7716.96,7397,68370.8,5392.8,18.86,24.9161
26485.8,19832,87523.7,25331,19352,85784.2,24242.4,130.38,24.9182
9793.28,9404,68248.9,4327.92,4060,69860.7,10903,-2.46,24.9182
13124.5,12748,67471.4,5482.08,5356,67078.7,14518.8,69.7,24.9203
10896,10037,71144.8,7473.6,6981,70160.4,28123.9,-35.26,24.9224
9493.12,9229,67411.5,3367.44,3421,64510,8187.84,-49.2,24.9245
10154.2,9444,70464.7,4901.76,4688,68524.3,5567.04,-7.38,24.9245
11846.4,11401,68096.3,5695.92,5805,64304.5,8632.8,0.82,24.9256
7858.56,7406,69540.7,12084.5,9486,83488.1,4914.72,490.36,24.9319
10933.8,10340,69299.3,5671.44,5504,67529.7,10000.1,-33.62,24.9319
13915.5,13049,69887.9,9494.64,9321,66756.9,12098.2,38.54,24.933
7156.48,7213,65022.5,3043.44,3209,62154.8,6366.96,-17.22,24.934
20368,16361,81586.5,16704,13945,78502.2,10696.3,82,24.9351
15376,13301,75759.8,10743.8,9441,74579.9,20723,161.54,24.9361
13726.1,13677,65771.2,12492.7,10809,75744.6,20134.8,91.84,24.9446
20958.7,18902,72666.9,18784.1,16850,73058.4,35507.5,40.18,24.9446
8100.48,8473,62654.7,6564.24,6029,71354.1,6679.44,25.42,24.9467
12764.2,13737,60894.8,3016.08,3161,62531.4,9237.6,18.86,24.9488
8456.96,8644,64117.9,5573.52,5136,71118.8,8610.48,4.1,24.9488
5694.72,6275,59475.6,2833.2,2471,75142.3,6301.44,-6.56,24.9488
5340.16,6065,57703.7,2226.24,2117,68917.7,6600.96,4.92,24.9499
22846.7,18480,81021.8,8863.2,6624,87690,30475.4,45.92,24.9499
11905.3,12340,63227.3,5680.08,4432,83991.4,13302,82,24.952
12180.5,12085,66053.8,7097.04,6673,69700.5,43933.7,4.1,24.9541
10954.2,11525,62290.4,5091.12,4881,68357.2,26913.6,28.7,24.9551
9446.4,9513,65077.2,7640.64,7257,69000.5,6051.6,-63.14,24.9572
13501.4,13340,66329.1,7300.08,6920,69135.6,13413.6,15.58,24.9583
18302.1,16420,73047.8,9609.12,7652,82297.9,18363.6,-45.1,24.9594
25335.7,19665,84434.2,13172.4,10897,79220.6,18129.6,-22.96,24.9604
11226.9,10553,69720.9,6997.68,6425,71377.4,15819.1,14.76,24.9625
18901.1,17868,69325.3,9809.28,9468,67898.3,5652,-9.02,24.9636
12908.8,12289,68841.3,6130.8,5957,67448.1,9833.76,94.3,24.9657
10800,10189,69466,5076,4893,67987.1,5640.48,-1.64,24.9657
9719.68,8968,71029.1,3896.64,3640,70156.7,5464.08,-36.08,24.9667
23604.5,20188,76626.9,10476.7,9116,75318.4,27011.5,70.52,24.9689
9950.08,7845,83121.5,9156.96,7505,79961.4,6315.84,113.16,24.9731
17004.2,15200,73314.8,11338.6,10436,71203.9,7381.44,26.24,24.9752
12862.1,11832,71241.5,4710.24,4636,66585.5,9692.64,12.3,24.9783
13264,12000,72439.1,4119.84,4036,66897.4,6808.32,-12.3,24.9805
5601.28,5014,73212.1,1847.52,1890,64063,8963.28,-0.82,24.9815
15556.5,13493,75558.4,9889.2,8897,72844.6,29119,72.98,24.9815
10898.6,10582,67496.5,6667.2,6358,68723.1,22839.8,93.48,24.9857
7480.32,7181,68267.7,3741.12,3629,67560.8,26131,-49.2,24.9868
15335,14161,70969.4,6526.08,6113,69964.5,27609.1,-31.16,24.9868
18500.5,17284,70148.6,8719.2,8256,69212.9,34310.2,0.82,24.99
11965.4,11411,68720.3,8429.76,7939,69587.2,26020.1,21.32,24.9942
7256.32,7528,63170.9,2517.84,2552,64658.8,27254.2,-9.84,24.9963
11054.7,10945,66193,5030.64,4757,69305.9,20291,72.16,24.9973
12021.8,11897,66223.3,5858.64,5741,66878.9,8750.88,21.32,24.9984
18860.2,17745,69654.5,11228.4,10369,70967.7,13794.5,59.86,24.9984
10249,10398,64596.6,3278.88,3406,63090,15922.1,-7.38,25.0016
11846.4,11396,68126.1,3350.88,3284,66870.7,32014.1,62.32,25.0026
10046.1,9839,66915.3,4010.4,3995,65788.6,7524,-29.52,25.0079
7994.24,7676,68253.1,3083.04,3032,66639.2,6872.4,-15.58,25.0079
8250.24,7905,68398.2,5400,5297,66810.4,5826.24,31.98,25.0163
10705.9,10541,66561.4,4488.48,4585,64156.4,6769.44,13.12,25.0174
13158.4,12785,67450.1,3750.48,3729,65913.5,14452.6,30.34,25.0174
13333.1,12844,68031.7,6803.28,6812,65452.1,6473.52,-16.4,25.0195
13535.4,12679,69962.4,8126.64,7907,67356.5,9043.2,31.16,25.0216
11516.2,11080,68115.8,5054.4,4908,67490.9,21060,12.3,25.0227
11706.2,11306,67856,5211.36,5006,68224.5,12121.2,-43.46,25.0227
8906.88,8374,69706.4,3357.36,3286,66959.2,14546.2,6.56,25.0237
8577.92,8124,69197.8,3690,3640,66436.2,26244.7,-72.98,25.0237
11767,11787,65425,3383.28,3483,63659.7,46187.3,-0.82,25.028
13432.3,12603,69848.5,6657.12,6479,67337.7,6333.84,-48.38,25.0301
5331.84,5236,66735.6,2766.24,2800,64745.8,11936.9,-45.1,25.0311
7665.28,7429,67620.4,2728.8,2709,66015,8321.76,-5.74,25.0311
18818.6,16688,73903,13416.5,12708,69189.7,9064.08,13.12,25.0353
14526.1,13788,69044.2,12064.3,9656,81881.4,42680.2,27.06,25.0374
11301.1,11256,65798.7,4443.12,4408,66058.1,12947.8,-5.74,25.0396
22816.6,14448,103496,29621.5,21392,90747.8,10036.1,187.78,25.0427
7000.32,6849,66983.9,2846.16,2789,66879.2,18103,-13.94,25.0427
11200,11305,64927.3,3971.52,4141,62853.8,37452.2,51.66,25.0459
8009.6,8021,65442.8,3142.08,3205,64249.4,11615,56.58,25.0469
20478.7,18713,71719.8,12069.4,10874,72740.3,23525.3,43.46,25.048
11537.3,10759,70276.7,7928.64,7475,69513.2,17128.8,126.28,25.0491
5899.52,5564,69487.9,5605.2,4824,76148.9,7790.4,54.94,25.0491
10293.8,10212,66060.7,6626.88,5968,72771.3,9755.28,41.82,25.0501
11976.3,12161,64540.8,2921.76,3041,62966.3,13327.2,35.26,25.0512
9456,9197,67381.6,3523.68,3609,63986.7,18051.8,-11.48,25.0533
13236.5,12164,71314.2,8701.92,8000,71286.1,21117.6,149.24,25.0564
10353.9,9929,68340.7,6769.44,6553,67700.6,11954.2,21.32,25.0564
13105.9,12768,67270.5,6182.64,5840,69381.1,14765,22.14,25.0564
11212.8,10052,73104.1,11786.4,11104,69563.5,42821.3,-5.74,25.0649
12298.9,11840,68076,4281.84,4212,66622.7,7395.84,-2.46,25.0659
12520.3,12280,66818.5,4160.16,4236,64362.7,13345.9,41,25.0712
14800,13756,70509.8,12906,12172,69488,18389.5,45.1,25.0712
9825.28,9579,67221,3738.24,3819,64150.1,21641,50.02,25.0723
5456.64,5449,65627.9,2466.72,2541,63620.2,18224.6,4.1,25.0744
13297.9,13052,66770.8,4827.6,4716,67086.9,20022.5,15.58,25.0754
12815.4,12113,69336,6271.92,6161,66715.9,8813.52,82.82,25.0765
9843.2,9203,70095,3945.6,3891,66455.6,10937.5,-59.04,25.0765
6832,6709,66737.5,2452.32,2577,62365.3,6278.4,51.66,25.0786
5659.52,5429,68318.7,2270.88,2321,64120.8,5068.08,-2.46,25.0786
8812.16,8500,67942.8,3538.8,3556,65219,9895.68,27.06,25.0786
12105.6,11681,67918.2,6195.6,6021,67436.4,10289.5,50.02,25.0807
12071,11200,70632.8,4796.64,4592,68456.6,10294.6,36.9,25.0807
13844.5,13845,65533.5,6710.4,6133,71706,21823.2,101.68,25.0818
9250.56,8705,69643.3,4261.68,4129,67641.9,11725.9,80.36,25.0818
7761.92,7305,69635.2,4959.36,4477,72597,13465.4,59.04,25.0881
14813.4,13286,73070.4,9779.04,9074,70628.1,5338.08,56.58,25.0902
9712.64,9308,68385,5844.24,4556,84066.8,12520.8,-53.3,25.0934
7171.2,6844,68669.2,3111.12,3160,64522.3,27244.1,-2.46,25.0955
9031.04,8884,66620.7,4026.24,4000,65965.9,11106,22.96,25.0997
15125.1,14469,68507.8,5217.84,5141,66515.5,19277.3,-89.38,25.1008
10921,10204,70140.7,7696.8,7084,71205.2,16759.4,41,25.1008
11163.5,10852,67417.3,4185.36,3956,69335.6,35980.6,4.1,25.1029
18897.3,16525,74944.2,12613.7,11597,71281.4,25593.1,109.06,25.1029
12873.6,12057,69974.6,8914.32,8601,67923.4,31628.9,61.5,25.1029
14106.2,13753,67219.3,5186.88,5197,65408.4,13249.4,1.64,25.1039
14416,13663,69147.8,5447.52,4059,87954.8,5034.24,66.42,25.106
10951.7,10576,67864,5189.76,5076,67004.8,26437.7,14.76,25.1071
7058.56,7309,63290.4,3754.08,3805,64659,5373.36,10.66,25.1145
10954.9,10680,67222.8,6251.04,6204,66032.9,15743.5,-4.1,25.1187
12563.2,12052,68315.8,6366.96,6324,65981.2,27315.4,48.38,25.1208
15274.2,13612,73539,10239.1,9772,68668.7,24157.4,77.08,25.124
13783.7,12956,69722.7,8598.96,8300,67896.6,17110.1,-47.56,25.125
12885.1,11854,71236.6,7688.88,7226,69734.1,9118.8,59.04,25.1261
5800.96,5725,66405.5,2890.8,2797,67733.8,9069.12,39.36,25.1282
10652.8,9648,72361.3,10239.8,9220,72785.1,10739.5,46.74,25.1314
7636.48,7773,64385,3019.68,3021,65507.4,7896.24,-42.64,25.1335
7196.16,7220,65319.6,2540.16,2544,65437.1,7220.16,82,25.1345
7080.32,7086,65483.5,2348.64,2382,64618.2,25619,51.66,25.1377
12727,12276,67943.9,6526.8,6180,69213.7,21986.6,-33.62,25.1388
6244.48,6737,60744.9,3236.4,3253,65201.6,12625.2,-34.44,25.144
17210.2,16666,67676.1,8534.16,8042,69546.7,27648,54.12,25.144
10252.8,9748,68929.8,10060.6,9060,72773.6,22621,6.56,25.144
13674.2,13565,66063.8,7992.72,7609,68841,6477.12,127.92,25.1451
9419.52,9768,63198,9150.48,8684,69056.4,20502.7,99.22,25.1472
10017.3,10489,62588.7,5161.68,5033,67211.6,9845.28,93.48,25.1493
12625.9,12292,67316.3,7554.24,7088,69846.9,18115.9,108.24,25.1493
8294.4,7840,69334.4,7648.56,6900,72645.8,29324.9,110.7,25.1514
9744.64,9995,63894.4,3520.8,3499,65944.3,41472,74.62,25.1535
8060.8,8342,63326.9,2630.16,2642,65242.3,23013.4,-49.2,25.1546
6852.48,7285,61645,2981.52,3041,64254.2,9884.16,67.24,25.1567
11639,11864,64293.3,4640.4,4440,68494,10351.4,-0.82,25.1578
6765.44,6968,63630.9,2872.8,2824,66668.5,22005.4,24.6,25.1578
12308.5,11518,70033.7,7899.84,7514,68901.3,28584.7,-7.38,25.1599
5180.16,5498,61747.4,3107.52,3162,64406.8,7144.56,9.84,25.1599
19756.2,17749,72947.2,14347.4,13013,72256.5,31937.8,95.12,25.1609
11029.1,10897,66330.6,4014.72,3985,66024.8,8002.8,4.1,25.1641
6325.12,6285,65954.3,3106.08,3017,67471,10478.9,37.72,25.1651
10320.6,10276,65820.7,5745.6,5476,68762.5,11694.2,68.06,25.1651
14464.6,14004,67691.7,7237.44,6976,67992.1,13305.6,-59.86,25.1683
14414.7,14022,67371.5,3484.08,3378,67594,26832.2,62.32,25.1694
17431.7,16280,70172.1,9066.96,8828,67310,10822.3,-0.82,25.1725
7547.52,7456,66340.4,2719.44,2772,64293.4,9069.12,3.28,25.1736
12863.4,12413,67913.7,5711.04,5401,69298,14660.6,-20.5,25.1746
7892.48,8169,63317.6,2977.92,3113,62692.3,8825.76,9.02,25.1767
15808,14844,69792,8986.32,8476,69481.8,32172.5,22.96,25.1789
7281.92,7204,66244.9,2109.6,2032,68038.8,27169.2,-99.22,25.1799
15148.2,13861,71621.8,11234.9,10005,73592.1,42865.2,8.2,25.181
23374.1,20208,75803.8,13521.6,12256,72303.5,43385,26.24,25.181
12825.6,12396,67807.2,8042.4,7848,67159.4,19777,1.64,25.1841
13694.1,12484,71888.4,11881.4,10804,72071.7,32248.8,132.02,25.1841
14254.1,13768,67849.8,9336.96,9176,66685.6,14125,68.06,25.1841
11326.1,11025,67325.7,5718.96,5525,67836.7,16812,-4.1,25.1841
12137,12132,65562.8,5194.8,5252,64822.2,28857.6,59.86,25.1873
17039.4,14685,76043,16014.2,13069,80305.3,31516.6,54.94,25.1873
12452.5,9989,81698.4,178866,148305,79040.9,11401.2,3325.1,25.1873
12047.4,10605,74449.4,10909.4,9753,73306.8,29293.2,104.14,25.1894
8805.76,8612,67010.5,3690.72,3616,66890.2,16446.2,-17.22,25.1894
9040,9084,65218.6,4618.08,4440,68164.5,7064.64,-71.34,25.1905
11205.1,10737,68393.3,4734.72,4533,68452.4,9064.08,-23.78,25.1915
17035.5,15016,74350,14950.1,13336,73467.9,33536.9,116.44,25.1915
6019.84,6032,65403.9,3152.16,3072,67246.1,15365.5,31.16,25.1947
10886.4,10853,65737.7,6507.36,6209,68685.2,9028.8,28.7,25.1968
14103.7,13316,69412.6,12924.7,11872,71347.3,29749.7,54.12,25.2031
9132.16,9369,63879.3,6349.68,6089,68341.7,14114.2,88.56,25.2042
9549.44,10071,62142,3794.4,3799,65456.6,10166.4,63.14,25.2042
9528.96,8984,69511.4,7245.36,6776,70075.6,11597.8,46.74,25.2095
6387.2,6641,63031.4,2820.96,2805,65908.9,8534.88,-24.6,25.2095
9230.72,8716,69406.2,5961.6,5292,73828.3,18664.6,96.76,25.2147
6546.56,6449,66527.4,2900.16,2849,66712.9,10347.8,-45.1,25.2158
12579.8,12404,66465,4765.68,4832,64636.5,6748.56,9.84,25.2158
13251.8,12456,69723.2,21528.7,19628,71882.3,29275.2,2753.56,25.219
5592.32,5547,66071.4,2064.96,2159,62681.4,17071.2,-25.42,25.22
9599.36,9129,68912.7,3583.44,3533,66471.6,23774.4,-94.3,25.22
9934.08,9641,67528.3,3526.56,3513,65789,8284.32,-40.18,25.2221
10600.3,10506,66124.4,2961.36,3034,63966.9,35454.2,5.74,25.2221
9998.08,9537,68704.4,3898.08,3909,65352.9,14388.5,-68.88,25.2263
13354.9,12503,70001.2,14156.6,5091,182237,9756,55.76,25.2274
8869.12,8360,69527.1,3937.68,3308,78010.8,22103.3,-2.46,25.2274
5509.76,5382,67091.7,2574,2662,63369.5,16157.5,35.26,25.2285
10199,9488,70447.3,7591.68,6960,71484,10846.1,135.3,25.2285
14345.6,13323,70566.2,7033.68,6715,68646.2,15710.4,25.42,25.2295
20285.4,17568,75673.2,12851.3,11892,70822.5,19751,54.12,25.2316
7502.08,7231,67992.8,3206.16,3231,65032.2,9396.72,12.3,25.2327
11345.9,10235,72649.4,5980.32,5775,67866,12493.4,73.8,25.2337
7736.96,7456,68005.5,2931.12,2948,65160.8,5263.2,22.14,25.2337
13950.1,12729,71822.8,8613.36,7913,71336.4,41697.4,-23.78,25.2337
5608.96,5076,72417,2286,2244,66762.6,29625.8,-53.3,25.2348
28791,19140,98581.5,28538.6,21620,86508.3,59767.9,78.72,25.2358
10177.9,9972,66889.3,3445.92,3556,63507.3,13146.5,-1.64,25.238
10049.9,9596,68636.1,4158,4024,67718.4,8136.72,4.1,25.2411
8320,8125,67108.9,4317.12,4269,66274.7,23326.6,-22.14,25.2422
5600.64,5741,63933.7,2008.8,2125,61952.3,8804.16,8.2,25.2453
11993,11784,66698.1,4705.92,4632,66581.9,13916.9,45.1,25.2464
7513.6,7437,66211,4108.32,4137,65081.7,11034.7,82.82,25.2496
12290.6,11372,70829.6,7823.52,7276,70467.6,22840.6,12.3,25.2496
9290.88,8816,69066.1,5541.84,5060,71776.7,32551.9,69.7,25.2517
9139.84,9232,64881.8,3408.48,3456,64634.9,18585.4,36.08,25.2548
12327.7,11704,69028.3,5665.68,5160,71958.5,8033.04,91.84,25.2622
22803.8,18828,79375,20697.8,18364,73864.8,36506.9,47.56,25.2622
12905.6,12273,68914,6768.72,6693,66277.4,21380.4,-20.5,25.2643
13167.4,12406,69558,5168.88,4770,71016.3,52946.6,-37.72,25.2654
10818.6,9985,71007,7441.2,6997,69696.5,14261,-45.1,25.2654
10125.4,9085,73041.4,7858.8,7305,70504.4,15337.4,6.56,25.2665
11411.8,10983,68094.9,6460.56,5971,70909.3,15897.6,10.66,25.2665
6467.84,6276,67539.3,3072.24,3024,66581.5,14157.4,-59.86,25.2665
15886.7,15456,67362.3,6220.08,6080,67045.9,7218,36.08,25.2738
16375,15624,68686.3,6542.64,6552,65442.4,16341.8,-73.8,25.2759
12194.6,11868,67339.3,3754.08,3804,64676,13217,-50.84,25.277
13349.1,12905,67791.4,4857.84,4893,65065.1,13094.6,13.12,25.277
12943.4,12473,68007.4,5204.16,5149,66238.1,10850.4,-66.42,25.2791
11315.8,11184,66308.6,6196.32,6176,65751.6,15122.9,-7.38,25.2812
10695.7,10668,65706,4313.52,4216,67051.9,24159.6,38.54,25.2823
6878.72,6740,66884.8,2446.56,2388,67143.1,13220.6,-25.42,25.2833
11125.8,10344,70489,5253.12,4984,69074.7,21820.3,-24.6,25.2876
10218.2,10417,64285.6,6116.4,6181,64851.1,9095.04,-2.46,25.2949
12192.6,11589,68949.6,7693.2,7345,68642.8,12919.7,77.9,25.296
12013.4,11804,66698.8,4345.2,4168,68322.2,32384.2,61.5,25.2971
7568.64,7732,64151.4,2847.6,2804,66555,19070.6,-4.1,25.3002
6636.8,6737,64561.3,2957.04,2917,66435.6,16198.6,-16.4,25.3013
11916.2,12085,64620.4,7296.48,7077,67568.5,12150,-82.82,25.3066
12572.8,12353,66702.1,6126.48,5841,68739.1,10800,-19.68,25.3066
27670.4,21961,82574,16202.9,13133,80855.3,36657.4,59.04,25.3097
9616.64,9159,68810.6,7411.68,6823,71190.4,30605.8,7.38,25.3108
11421.4,11553,64789.7,4255.92,4213,66203.7,26628.5,167.28,25.3108
18593.9,15480,78719.1,12361,11036,73404.1,58140,100.04,25.3129
11493.8,11477,65631.7,5543.28,5413,67113.3,9121.68,97.58,25.3129
9104.64,9208,64800.4,4700.88,4252,72454.6,11411.3,-8.2,25.3129
18299.5,16489,72732,20167.9,18317,72158.4,18653.8,39.36,25.316
7686.4,7490,67254.5,3366.72,3334,66179.2,16259.8,59.86,25.3192
12062.7,11489,68808.6,5319.36,5045,69100,11032.6,24.6,25.3203
10937.6,10414,68831,4550.4,4334,68808.3,35747.3,-29.52,25.3213
12225.3,12173,65817.5,4253.76,4169,66868.4,9110.88,-29.52,25.3224
11511.7,10788,69932.3,6047.28,5664,69970.8,6911.28,9.02,25.3234
13258.2,12372,70230.5,8932.32,7444,78639,15239.5,67.24,25.3234
9377.28,9224,66625,3707.28,3740,64962.7,10021.7,61.5,25.3256
9428.48,9529,64844.7,2840.4,2973,62613,24809,18.86,25.3287
10081.9,10132,65212.1,3924,4036,63717.4,8819.28,87.74,25.3308
11731.8,11485,66944.5,5162.4,5145,65757.6,20113.2,-9.02,25.3319
18953,18449,67326.2,6886.08,6981,64644.9,18005,-27.06,25.3393
8230.4,7458,72323.3,6608.16,6342,68286.4,9835.2,104.14,25.3414
11633.9,10406,73269.3,8299.44,7782,69893.6,7154.64,35.26,25.3424
16432,15033,71634.9,8070.48,7417,71310.1,20718.7,-31.16,25.3435
20013.4,18262,71821.3,13724.6,13158,68358.3,22106.9,15.58,25.3435
15212.2,14221,70103.7,7730.64,7577,66864.9,7299.36,28.7,25.3445
10444.8,10069,67982,3386.88,3365,65962.1,9388.8,-3.28,25.3445
9130.88,9143,65449.1,4669.92,4803,63720.2,10988.6,-9.02,25.3445
12073.6,11652,67907.3,5445.36,5232,68208.6,6813.36,59.04,25.3445
6404.48,6313,66485.7,2543.04,2585,64472.2,26829.4,103.32,25.3456
10095.4,10117,65395.8,3316.32,3429,63382.4,15334.6,41.82,25.3467
11180.2,11093,66050.9,4186.8,4261,64394.8,16926.5,-22.14,25.3467
17665.9,14072,82273.6,14788.1,13100,73981,28771.2,-7.38,25.3498
9129.6,8749,68387,5850.72,5677,67541.5,25981.2,13.94,25.3519
17103.4,14621,76662.7,14922,13389,73039.7,31351,23.78,25.354
9016.32,8728,67700.9,2799.36,2828,64872.3,7878.96,91.02,25.354
12051.2,11322,69756.9,5576.4,5466,66859.7,5051.52,211.56,25.3551
13389.4,13076,67106.9,5819.04,5908,64549.2,9261.36,-28.7,25.3551
8301.44,8309,65476.4,4170.24,4117,66383.5,10669,6.56,25.3614
10184.3,9839,67836.1,5358.24,5227,67181.5,5715.36,4.1,25.3625
6875.52,6688,67373.5,3083.04,3120,64759.6,7224.48,-51.66,25.3625
10913.9,11008,64975.9,4026.24,4128,63920.5,10102.3,3.28,25.3699
7114.24,7096,65704.5,2954.88,2956,65511.2,16609.7,97.58,25.3709
6517.12,6894,61953.3,2777.76,2874,63341.4,8959.68,18.04,25.372
8173.44,8280,64692.6,3638.16,3612,66010.6,16137.4,13.94,25.372
4856.96,5262,60491.4,2011.68,2094,62959.6,6588.72,74.62,25.373
12008.3,11772,66851.6,5846.4,5672,67551.1,5616,63.14,25.373
21796.5,18877,75671.7,14683.7,13273,72501.3,43619,18.86,25.3751
10561.3,10292,67250.7,8958.96,8208,71532,24233,130.38,25.3794
12425,11882,68530.7,6338.16,5742,72340.2,56535.8,-100.04,25.3815
5630.72,6322,58370,2116.8,2134,65007.8,19291.7,-36.08,25.3825
15328,14669,68480.2,6708.96,6013,73121.3,35485.9,2.46,25.3825
13143.7,13450,64043.4,6306.48,6094,67821.1,13431.6,-29.52,25.3825
13683.2,13852,64737.4,6151.68,5624,71685,23222.9,13.12,25.3846
26412.2,17744,97551.1,41669.3,26528,102942,6216.48,1392.36,25.3868
14560,13965,68328.3,10357.9,9565,70968.8,35828.6,76.26,25.3878
9680,8652,73322.8,10373.8,8072,84223.8,64990.1,5735.9,25.3899
15191.7,14557,68393.4,6912,6569,68958,10165.7,135.3,25.3941
9979.52,9725,67251.2,6030,5613,70404.8,15747.8,64.78,25.3973
10466.6,10793,63553.8,3696.48,3709,65314.8,10626.5,45.92,25.3994
7796.48,8101,63072.5,3292.56,3349,64431.5,23361.1,18.04,25.4015
6343.04,6490,64052,2371.68,2362,65804.6,14596.6,-51.66,25.4047
12443.5,12029,67794.4,5400.72,5133,68954.1,5386.32,4.92,25.4047
12806.4,12677,66205,6613.92,6357,68184.7,6243.12,24.6,25.4079
8587.52,8420,66839.9,6138.72,5716,70382.6,9783.36,13.12,25.41
9913.6,9613,67585.3,3907.44,3821,67018.6,6583.68,8.2,25.4121
13870.7,13741,66154.7,4789.44,4825,65053,7570.8,-13.12,25.4131
10345,8640,78468.4,6308.64,5856,70601.6,15450.5,5.74,25.4131
12579.2,11700,70460.7,6701.76,6260,70160.8,28573.2,-30.34,25.4142
8653.44,8086,70135,6327.36,6002,69088.6,18951.8,68.88,25.4153
11617.9,11001,69211.2,6657.84,6233,70002.9,10224,74.62,25.4174
6177.92,6209,65208,3917.52,2917,88014.6,31945,65.6,25.4184
15042.6,14034,70245.8,9698.4,8834,71948.7,10899.4,-93.48,25.4195
15845.8,15540,66825.5,8100,7744,68548.8,10566,-29.52,25.4258
11604.5,10875,69932.1,8924.4,8223,71126,44669.5,-12.3,25.4279
24633,23033,70088.4,10255.7,8589,78253.1,45958.3,39.36,25.43
5109.12,5453,61403.1,2936.16,2777,69292.1,7486.56,18.04,25.43
10750.7,11093,63513.9,5916.96,5733,67638.9,15806.2,-8.2,25.4311
14715.5,15005,64271.7,4482,4553,64514,20445.8,-49.2,25.4321
7720.32,7201,70262.3,7184.16,6565,71716.9,22216.3,25.42,25.4332
8315.52,8260,65976.5,2722.32,2704,65980,8359.2,-16.4,25.4353
7212.16,6519,72504.4,156665,128247,80057.9,7370.64,3998.32,25.4364
5296,5328,65142.4,1797.12,1888,62381.4,6167.52,-62.32,25.4374
14949.8,14400,68038,8082,7892,67113.8,6636.96,100.04,25.4395
12115.8,10537,75355.8,8198.64,7629,70429.4,12585.6,54.12,25.4406
17430.4,16624,68715,8508.24,8436,66097.2,18922.3,4.92,25.4416
15310.7,15050,66671.3,5556.96,5594,65102.1,17054.6,-36.08,25.4427
14069.1,13486,68369.7,5366.16,5070,69364.2,13918.3,23.78,25.4448
7870.72,7389,69808.6,2939.04,2861,67323.6,6001.92,-24.6,25.4448
14625.9,13192,72659.5,7259.76,6844,69517.2,15227.3,-23.78,25.448
9513.6,8568,72768.8,5059.44,4844,68450.8,6488.64,9.02,25.4501
13079,11988,71500.5,4052.88,3892,68245,10085.8,-15.58,25.4511
13701.8,13082,68640.8,4679.28,4730,64833.3,7592.4,27.88,25.4543
13981.4,13064,70138.4,8597.52,7852,71758.4,6523.2,-17.22,25.4564
14698.2,13184,73063.1,8603.28,7984,70619.3,21645.4,76.26,25.4564
9431.68,8956,69016.8,3936.96,3912,65954.1,10584.7,0,25.4575
13642.9,12590,71016.7,6050.16,5962,66505.1,10591.9,32.8,25.4596
9370.88,9235,66500.3,2910.24,2871,66431.7,20448.7,83.64,25.4606
10692.5,9877,70946.9,5534.64,5045,71896.6,11900.9,52.48,25.4627
15086.7,12702,77840,10663.9,9898,70607.3,39487,0.82,25.4649
8486.4,8000,69520.6,3860.64,3760,67290.1,9073.44,-41,25.4659
14302.7,13060,71772.1,7879.68,7364,70125.3,8586,27.88,25.468
9290.24,8754,69550.5,3431.52,3414,65872.3,14370.5,-75.44,25.4691
14877.4,14051,69390.6,5110.56,5091,65787.8,19124.6,28.7,25.4691
6401.28,6320,66378.9,2872.8,2912,64653.8,8244.72,-6.56,25.4701
15361.9,14504,69412.5,5947.92,5868,66428.6,13833.4,-68.88,25.4722
8489.6,8203,67825.7,3666.24,3743,64192,12642.5,19.68,25.4743
13913.6,13666,66723.4,5697.36,5746,64981.2,6829.92,82,25.4786
12433.3,11928,68312.2,4697.28,4700,65498.1,9607.68,4.1,25.4796
10561.3,10021,69069.4,5551.2,4069,89408.6,10254.2,45.1,25.4828
15978.9,15292,68479.7,5580.72,5624,65031.7,14689.4,47.56,25.4828
9737.6,9245,69027.9,4158.72,4141,65816.4,10924.6,16.4,25.4828
10296.3,9817,68735.8,3234.24,3177,66716.8,21001.7,-3.28,25.4849
9572.48,8809,71216,4338,4189,67867.1,17501,82,25.4881
8936.32,8220,71247,5841.36,5660,67635.9,20881.4,-55.76,25.4902
14841.6,13928,69834.8,4111.92,4024,66967.9,8123.76,48.38,25.4902
8730.24,8613,66428.1,2603.52,2693,63358.4,24916.3,10.66,25.4902
12576,11697,70460.9,4862.16,4725,67438.4,41573.5,-14.76,25.4912
10727.7,10309,68197.6,3612.24,3621,65377.5,7824.24,-58.22,25.4912
13502.1,12508,70744.5,10751,9032,78009.3,43920.7,86.1,25.4912
10567.7,9592,72202.2,5489.28,5052,71208.5,19988.6,102.5,25.4912
9404.8,9324,66103.9,2669.76,2764,63301.5,15866.6,-39.36,25.4912
16291.2,13901,76804.5,10530.7,9101,75831.4,78832.8,82,25.4933
8994.56,8577,68726.5,3031.2,2993,66372.5,18211.7,-7.38,25.4955
10438.4,9703,70503,3931.2,3571,72146.5,38076.5,13.12,25.4955
12078.7,11904,66497.9,8251.92,7588,71270.1,14220.7,183.68,25.4965
5211.52,5064,67445.1,2734.56,2744,65310.5,7967.52,41.82,25.4986
13941.8,13056,69982.2,7575.12,7204,68912.1,9477.36,95.12,25.5007
8115.84,7743,68691.7,3406.32,3307,67504.3,6253.92,75.44,25.5018
6422.4,6673,63074.8,2489.04,2513,64911.2,14431,-59.04,25.5071
9928.32,9645,67461.1,5075.28,4889,68033,9372.96,-9.02,25.5081
9198.72,9644,62510.1,2985.12,3016,64865,21577,10.66,25.5081
15353,14164,71037.3,6138,5472,73512.4,20939.8,-0.82,25.5092
15128.3,14724,67335.6,8921.52,8436,69307.8,5114.16,-0.82,25.5092
11527.7,11330,66679.4,4994.64,4870,67213.3,6608.16,4.92,25.5092
8087.68,8257,64192.1,3956.4,3937,65858.9,8766.72,18.04,25.5145
8982.4,8317,70779.2,6209.28,5801,70148.5,14466.2,3.28,25.5155
7834.88,8009,64111.2,2934,2909,66099.2,7850.88,-34.44,25.5166
11920.6,11013,70937.2,9646.56,8609,73434.4,13875.8,57.4,25.5166
10652.2,10360,67384.2,6893.28,6152,73432.7,12654.7,150.88,25.5176
15237.8,12725,78477.2,16238.9,12149,87598.3,37005.1,161.54,25.524
10536.3,9569,72161,5659.92,5333,69553.5,14227.9,4.1,25.524
22640.6,15622,94980,16402.3,12946,83032.8,19129.7,182.04,25.525
10193.9,9609,69525.3,4440.96,4349,66921.8,21047.8,-19.68,25.525
12236.2,10958,73180.2,10061.3,9514,69305.9,8613.36,-7.38,25.525
17070.7,16177,69156.6,6843.6,6465,69373.9,38225.5,20.5,25.5271
9751.68,9096,70260.1,4753.44,4764,65390.7,16433.3,-18.86,25.5303
13614.7,12671,70417,4098.24,4043,66431.4,17310.2,17.22,25.5324
14492.2,11377,83480.6,12379,10481,77403.6,81644.4,-54.12,25.5345
8945.28,8382,69940.1,3807.36,3818,65353.4,7857.36,-56.58,25.5377
10891.5,9640,74044.3,8635.68,7912,71530.3,11474.6,48.38,25.5387
15467.5,14165,71562.3,8335.44,7797,70061.8,17774.6,13.94,25.5387
6523.52,6373,67083.9,2686.32,2753,63948.7,9054,-12.3,25.5387
13776,13077,69039.1,7675.92,6405,78540.1,7264.08,55.76,25.5408
14780.2,14057,68907.5,4722.48,4633,66801.7,23521.7,-7.38,25.544
9882.88,9277,69816.2,7342.56,6937,69367.5,16264.8,3.28,25.5461
10949.8,10392,69053.4,5377.68,5116,68888.1,8504.64,17.22,25.5472
9860.48,9470,68238.3,6588.72,6404,67426.4,11934,17.22,25.5482
16592,15364,70774.1,10394.6,10000,68122.3,9393.84,22.14,25.5503
11040.6,11053,65462.7,3859.92,3913,64647,12718.8,36.08,25.5556
11169.9,10459,69990.6,6882.48,6559,68768.1,20761.9,46.74,25.5598
14707.2,13924,69222.3,6732.72,6420,68728.3,26565.8,71.34,25.5598
21519.4,14863,94886.1,13480.6,8587,102884,29138.4,23.78,25.5641
26117.1,18789,91096.5,29883.6,22901,85518.2,38726.6,123.82,25.5641
15148.8,14365,69111.9,8797.68,8729,66051.6,25383.6,65.6,25.5641
14732.8,14432,66901.9,6552.72,6560,65463.3,7386.48,10.66,25.5662
10235.5,10224,65609.8,3978.72,4004,65122.2,4886.64,-32.8,25.5672
8460.8,8077,68650.1,3716.64,3545,68709.1,6328.8,16.4,25.5683
10552.3,9077,76187.8,6590.16,5893,73289.1,47242.8,-11.48,25.5683
10487,10176,67539.2,5912.64,5632,68801.6,13769.3,47.56,25.5693
10908.2,10864,65802.4,5467.68,5488,65293.3,10715.8,10.66,25.5735
11445.1,11024,68039.5,4152.96,3988,68246.8,22572,-24.6,25.5735
15062.4,13413,73595,9627.12,8981,70250.9,6379.2,-0.82,25.5788
6944,7333,62059.5,2847.6,2469,75585.4,8418.24,140.22,25.5799
18826.9,16222,76059.6,13884.5,12042,75563.3,25917.1,24.6,25.582
30915.8,25348,79931.4,24253.9,20708,76758,50022,127.92,25.582
13882.9,13432,67735.9,8331.84,7208,75754.1,9090.72,-4.92,25.5841
8308.48,8581,63454.7,4240.08,4177,66525.7,12538.1,-49.2,25.5852
10035.8,9732,67582.1,3996.72,3792,69074.1,12727.4,23.78,25.5852
12775.7,12737,65735,4907.52,4673,68825,19489,85.28,25.5862
9150.08,9160,65465,2231.28,2248,65048.6,42007,-7.38,25.5862
10817.9,10789,65711.7,5505.84,5349,67457.6,16854.5,0.82,25.5873
11016.3,11141,64802.6,3314.88,3361,64636.7,7246.8,-61.5,25.5873
7102.72,7109,65478.1,3279.6,3189,67397.9,49768.6,-79.54,25.5883
10429.4,10375,65879.9,5206.32,5059,67444.4,13265.3,-63.14,25.5883
11324.8,11560,64202.6,10594.8,6072,114351,9878.4,197.62,25.5883
14428.2,13764,68698.3,8320.32,7984,68296.7,24821.3,59.86,25.5904
19121.9,16256,77089.9,9297.36,8404,72502.6,40448.9,117.26,25.5915
4999.68,5412,60543.1,2519.28,2512,65725.9,5976.72,61.5,25.5957
10628.5,10341,67357.9,4147.92,3973,68421.4,5307.12,14.76,25.5957
9596.8,9825,64013.8,3779.28,3809,65024.7,5824.8,77.9,25.5957
10998.4,10802,66727.6,6218.64,6070,67140.8,5655.6,49.2,25.5989
8866.56,8617,67434,3210.48,3133,67156.7,42696,36.08,25.6073
9843.2,9475,68082.8,4750.56,4579,67991.4,15657.8,36.08,25.6084
16716.8,16320,67129.4,8450.64,8160,67870.3,29080.1,-19.68,25.6094
13953.3,13404,68221.6,6108.48,6040,66279,17825.8,152.52,25.6115
10799.4,10917,64829.8,4582.08,4645,64648.3,17365.7,36.08,25.6115
18801.3,16732,73641,10596.2,9496,73129.2,24116.4,115.62,25.6147
8988.8,8957,65768.7,4414.32,3593,80516.8,29869.9,121.36,25.6221
11751,10998,70023.3,5891.04,5586,69114.8,25330.3,75.44,25.6231
9866.88,9286,69635.6,4397.76,4246,67878.4,11761.2,36.08,25.6231
8379.52,7974,68868.8,3916.08,3906,65705.1,9879.84,-23.78,25.6274
16686.1,15740,69475.2,7324.56,6988,68692.4,18909.4,86.92,25.6305
5792.64,5584,67984.7,2711.52,2720,65331.7,12633.8,36.9,25.6326
15047,14539,67826,6442.56,6495,65006.9,39667.7,-17.22,25.6326
10908.2,9896,72239,7313.04,6968,68781.2,11815.9,95.12,25.6369
9625.6,8964,70373,4182.48,4096,66919.7,18641.5,29.52,25.6369
13020.2,12205,69913.1,9379.44,9277,66259.7,11134.1,32.8,25.6369
12922.9,11289,75021.2,7032.96,6333,72779.4,46202.4,28.7,25.6379
9964.16,9340,69915.5,3512.88,3576,64379.2,21954.2,-6.56,25.6379
11024,10173,71018.3,4278.24,4201,66741,6927.84,35.26,25.639
13468.2,12046,73273.2,9848.88,9230,69930.3,14393.5,88.56,25.639
12463.4,10964,74498.2,7519.68,7124,69176,19494,54.12,25.64
18671.4,17421,70239.7,9620.64,9593,65724.8,6045.12,62.32,25.6411
26526.1,18428,94335.4,13124.9,10092,85231.1,26667.4,143.5,25.6432
9056.64,8257,71882.8,3517.92,3461,66613.8,28454.4,-72.98,25.6443
12443.5,11317,72059.6,4029.12,3921,67343.1,19531.4,27.06,25.6443
12903.7,11816,71568.7,7278.48,6748,70688,11549.5,4.92,25.6464
20432.6,15114,88598.2,16570.1,13674,79416.2,26257.7,23.78,25.6464
20282.2,18011,73800.3,9127.44,8491,70448.2,35078.4,82.82,25.6464
11044.5,10029,72171.8,3282.48,3257,66048.7,15945.1,-6.56,25.6485
10353.9,8320,81557,10352.2,9524,71234.7,26137.4,86.1,25.6495
14277.1,13089,71484.9,4633.2,4465,68004.8,19724.4,-22.14,25.6506
11359.4,9716,76620.7,6925.68,6400,70919,21585.6,120.54,25.6516
11747.2,10404,73997,6125.76,5796,69264.6,10211.8,86.92,25.6516
11468.2,10728,70057.6,6108.48,5916,67668.3,7772.4,35.26,25.6527
12615.7,11681,70780,4101.12,4021,66841.8,23320.1,13.12,25.6538
13719,12536,71720.7,5764.32,5532,68288.2,11405.5,7.38,25.6569
13027.8,11372,75078.5,10988.6,10188,70686.3,12348,-50.84,25.658
12905,12420,68095,4356.72,4416,64656.3,11210.4,31.16,25.659
25739.5,20708,81459.6,16389.4,11620,92434.9,35051.8,274.7,25.6611
13148.2,11916,72312.7,7967.52,7372,70830.1,22149.4,93.48,25.6685
15616.6,13529,75648.8,8816.4,8125,71112.8,18174.2,65.6,25.6717
8755.84,8694,66002.2,3370.32,3446,64096.7,48127,50.84,25.6759
6887.04,6601,68375.9,2563.2,2573,65286.4,11255,-17.22,25.6759
9091.2,8792,67766.3,3215.52,3196,65936.3,6996.24,106.6,25.677
20119.7,17944,73482.1,10874.2,9836,72453.1,16971.1,-50.02,25.678
10884.5,9957,71640.6,6760.08,6277,70579.7,52171.2,-36.9,25.6801
13639,13077,68352.7,5206.32,4901,69618.7,26448.5,74.62,25.6822
13833,12757,71063.5,8876.16,7685,75694,29944.8,274.7,25.6833
18555.5,17045,71343.8,18217.4,16529,72230.5,16503.1,69.7,25.6833
7913.6,8221,63085.5,3239.28,3033,69993.2,24412.3,-18.86,25.6844
7817.6,8200,62479.8,2914.56,2904,65774.3,8484.48,59.04,25.6854
11347.8,11712,63498.3,5780.16,5904,64161.3,9004.32,36.9,25.6854
10805.8,11056,64052.7,6627.6,6468,67153.1,10851.1,-8.2,25.6875
9280.64,8762,69415.2,6422.4,5834,72145.8,13082.4,10.66,25.6896
16508.8,14948,72379,12790.8,11408,73479.8,38565.4,82.82,25.6907
24878.7,17149,95075.6,25119.4,19453,84625.6,46021.7,152.52,25.6917
6910.08,7166,63195.5,2891.52,2874,65935.5,7866,-22.96,25.6917
13312,13812,63163.6,5795.28,5776,65754.8,8002.08,-0.82,25.6949
14762.2,14637,66096.8,8746.56,8253,69455.3,24010.6,85.28,25.6949
29454.1,24124,80015.9,19193.8,16248,77417.7,61351.9,186.14,25.696
16890.9,17421,63541.7,9990.72,9865,66371.2,20188.1,56.58,25.697
13209.6,12540,69035.4,12479.8,11320,72250.3,9074.88,56.58,25.6991
14011.5,14540,63154,4930.56,5048,64011.3,19354.3,12.3,25.7002
13914.2,13817,65997.2,8130.24,8025,66395.5,6966,-33.62,25.7012
10076.8,9956,66331.2,6009.12,5424,72605.8,13621.7,64.78,25.7023
6794.24,6785,65625.3,4139.28,3925,69113.9,49878.7,3.28,25.7034
14983.7,14552,67480.1,9595.44,9324,67443.9,9127.44,13.94,25.7034
10633,10108,68939.6,8159.04,7420,72063.5,14572.1,-11.48,25.7044
10210.6,10109,66194.4,4110.48,4009,67194.9,9910.8,13.12,25.7076
9406.08,9285,66390.6,3678.48,3601,66946.1,27914.4,82.82,25.7107
13377.3,13168,66577.6,5907.6,5892,65709.5,11136.2,4.1,25.7118
6211.84,6226,65387,8971.92,8534,68899,11473.2,2286.98,25.7118
7612.8,7661,65123.7,2436.48,2489,64153.1,4946.4,18.86,25.7139
5885.44,5632,68485.1,2074.32,1876,72464.1,13956.5,32.8,25.7192
22769.3,19801,75360.2,15079.7,13305,74277.5,49644.7,141.04,25.7192
12142.1,11636,68386.3,5423.04,5296,67108.1,11636.6,61.5,25.7213
5823.36,5529,69025.1,2520.72,2473,66800.6,24577.2,-0.82,25.7245
15683.8,15222,67524.4,8985.6,8674,67890.3,8425.44,9.84,25.7276
13196.2,11265,76770.8,9390.96,8533,72125.4,14062.3,71.34,25.7297
7089.92,6927,67077.4,3184.56,3215,64915.5,15131.5,59.04,25.735
8763.52,8477,67751.1,5426.64,4989,71284.9,9106.56,1.64,25.7361
7132.16,7281,64196.3,1830.96,1941,61820.6,6176.16,24.6,25.7382
8355.84,8032,68178.3,6153.12,5796,69574,12594.2,73.8,25.7382
7552,7694,64326.5,2435.76,2602,61349,18559.4,-2.46,25.7382
18455.7,17117,70661.4,11613.6,11577,65743.2,16009.9,-9.84,25.7392
12727,12140,68705.1,4530.24,4460,66568.1,9555.84,96.76,25.7392
15212.8,13941,71514.7,11080.1,10673,68035.6,5929.92,94.3,25.7392
8857.6,8741,66410.2,3506.4,3637,63182.7,23092.6,25.42,25.7413
12964.5,12680,67006.3,7947.36,7484,69593.6,29093,140.22,25.7413
12473.6,11829,69107.3,8716.32,8321,68649.5,6364.08,-91.02,25.7435
14336.6,13787,68148.7,3952.8,3883,66714.1,10407.6,-32.8,25.7435
11381.8,10713,69627.1,9522.72,8973,69551,9889.92,119.72,25.7466
11997.4,11584,67875,5068.08,4884,68006.1,12040.6,28.7,25.7477
11313.3,10300,71983.2,6170.4,5740,70450.1,21638.2,19.68,25.7487
15231.4,14839,67268.8,5678.64,5607,66373.4,8519.04,70.52,25.7508
15559,15583,65435.2,9069.84,9019,65905.4,21885.8,89.38,25.753
10259.2,10553,63711.5,4054.32,4153,63978.8,7738.56,70.52,25.753
20609.9,17949,75251.6,15439.7,13577,74527.1,14852.9,36.08,25.754
11971.8,11932,65754.8,4989.6,5064,64573.2,7791.12,65.6,25.7614
11302.4,10417,71106.3,11164.3,10529,69490.4,16752.2,-24.6,25.7635
8796.16,8840,65211,3424.32,3464,64785.3,10571,-18.04,25.7635
14149.8,13937,66536.5,5479.92,4917,73038.9,12435.1,82,25.7667
9888.64,8776,73844.8,8517.6,7832,71272.9,11962.8,-15.58,25.7667
15173.1,15129,65727.1,5852.16,5833,65751.3,16079,81.18,25.7667
17293.4,17033,66538.1,6022.08,5981,65986.1,13047.1,2.46,25.7667
19955.8,16584,78860.7,14672.2,12828,74957.5,11725.2,92.66,25.7677
12922.2,12837,65971.2,5870.88,5589,68841.3,17344.8,25.42,25.7698
10305.9,9844,68611.2,8470.08,7872,70515.1,14692.3,40.18,25.7698
15372.2,15287,65901.1,7209.36,6679,70740,9821.52,124.64,25.7698
8513.28,8033,69454.3,7458.48,6929,70543.9,5960.16,26.24,25.7698
13722.2,13656,65853.9,11059.2,10876,66639.9,10241.3,140.22,25.7719
22384,21428,68459.9,12565.4,12340,66733.3,21533.8,74.62,25.773
13383,12852,68243.9,7506,7284,67533.4,15536.2,-0.82,25.7772
9095.04,9140,65213.6,3566.88,3728,62703.6,7268.4,-8.2,25.7783
13278.1,12465,69810.9,15125.8,14177,69921.8,14016.2,10.66,25.7846
5949.44,5749,67820.9,3006.72,2293,85934.8,6500.16,89.38,25.7878
15773.4,13751,75174.8,12458.9,11315,72161.3,12199.7,20.5,25.7888
6496,6300,67574.9,2597.04,2584,65866.7,9850.32,-76.26,25.7899
11649.3,11505,66357.9,3954.24,3841,67468.1,7032.24,-32.8,25.7909
7712.64,7522,67197,3605.76,3634,65026.7,43719.8,-24.6,25.7909
5958.4,6016,64908.5,2020.32,2100,63049.4,13471.2,5.74,25.7909
9658.24,9188,68890.1,5791.68,5588,67924.8,17216.6,41,25.7941
13200.6,13017,66460.6,5296.32,5353,64842.1,17290.8,79.54,25.7983
16609.3,16236,67042.7,6562.8,6492,66250.7,17426.9,-2.46,25.7983
10698.2,10240,68468.7,9133.92,7268,82361.1,10323.4,141.04,25.8015
11554.6,11009,68783.7,9254.16,7905,76721.1,9907.92,137.76,25.8047
12508.2,11669,70248.9,8273.52,7509,72208.5,45306,-32.8,25.8078
7933.44,7997,65015.1,3391.92,3385,65670,7692.48,-28.7,25.8078
14897.9,14269,68424.6,5883.84,5693,67732.9,19203.8,-13.94,25.8089
6092.8,6140,65032.2,948.24,1000,62143.9,21396.2,0.82,25.8099
5316.48,5388,64666.1,2587.68,2552,66452.3,15007,22.96,25.811
18236.2,15631,76458.6,10480.3,9227,74437.9,31036.3,59.86,25.812
7028.48,7238,63638.9,2714.4,2786,63851.7,14037.8,40.18,25.8131
5187.2,5105,66591.2,3638.16,3605,66138.8,22111.2,90.2,25.8131
20021.8,18481,70999.7,13855.7,13009,69801.4,13511.5,65.6,25.8142
12491.5,12132,67478.1,4471.92,4452,65829.2,17575.2,11.48,25.8173
14101.1,13476,68576.1,4086,4000,66945,19023.1,-24.6,25.8173
12266.2,12431,64667.4,3576.96,3739,62695.8,21075.1,96.76,25.8184
17740.8,16927,68686.8,9012.96,8623,68499.8,21248.6,62.32,25.8205
11337,11404,65150.7,4499.28,4552,64777,9884.16,49.2,25.8237
20617.6,13680,98771.6,127161,90832,91747.9,30188.9,3412.84,25.8237
10289.3,10453,64509.5,3525.84,3605,64096.9,29903.8,104.14,25.8247
9600.64,9376,67106.2,6724.08,6228,70756.2,12571.2,31.98,25.8268
15297.3,14516,69063.3,7068.96,6336,73117.3,5362.56,41,25.8268
9770.88,10093,63444.4,4251.6,4329,64364.3,17264.9,14.76,25.8268
13212.8,13349,64867.3,11379.6,10917,68313,6394.32,45.1,25.83
9099.52,9061,65814.6,9096.48,5973,99807,10069.9,171.38,25.831
8219.52,8384,64250.3,4448.88,3908,74606.4,10867,74.62,25.8332
10519,10949,62962.4,5434.56,5457,65266.5,10714.3,-3.28,25.8342
11205.8,10437,70363.2,6920.64,6453,70285.3,21910.3,63.96,25.8342
10224,10428,64253.9,5322.24,5212,66922.2,8812.08,-14.76,25.8353
14489,14661,64767,5465.52,5541,64643.3,15735.6,39.36,25.8405
16499.2,14445,74855.8,12715.2,11373,73270.3,19743.8,121.36,25.8405
10473.6,11064,62038.8,3458.16,3308,68510.9,7593.84,91.02,25.8405
10231.7,10168,65946.4,5128.56,4332,77586.6,12488.4,33.62,25.8416
18108.8,17485,67874.1,10033.9,9517,69095.6,36998.6,57.4,25.8416
9316.48,9490,64337.7,3699.36,3606,67232.7,31388.4,113.16,25.8416
7960.96,7917,65899.9,5433.12,5209,68355.7,9505.44,-21.32,25.8416
11835.5,11839,65516.7,4668.48,4715,64889.4,18231.1,-8.2,25.8437
10373.1,10033,67757.7,9359.28,8421,72838.1,15719,70.52,25.849
7452.8,7464,65437.7,2813.04,2732,67480,11982.2,31.98,25.8511
14105,12888,71724.3,11774.2,10476,73657.1,27391,4.92,25.8511
10325.8,10413,64986.9,5368.32,5305,66318.2,6865.2,21.32,25.8522
9063.68,8104,73296.8,6310.8,5836,70867.8,58795.9,-67.24,25.8543
11458.6,11253,66733.2,5673.6,5537,67152.8,14025.6,22.14,25.8553
12341.8,12223,66172.8,7814.88,7551,67826.3,15817.7,-62.32,25.8553
9692.16,9728,65294.6,3670.56,3744,64250.5,20720.2,-9.02,25.8574
12825,12237,68684.9,6835.68,6665,67214.3,5601.6,46.74,25.8574
9075.2,8788,67677.8,3250.08,3168,67234,6127.2,-12.3,25.8595
14960,14105,69508.6,11100.2,10557,68908.3,11101.7,-63.96,25.8606
17472.6,16312,70199.1,10520.6,9656,71404.4,11062.1,-58.22,25.8606
11556.5,11313,66946.5,8205.84,7861,68410.9,6423.12,-8.2,25.8638
13004.2,12099,70438.9,10226.9,9175,73049.5,45291.6,18.86,25.8648
11062.4,10923,66372.4,4914,4207,76549.5,9485.28,-2.46,25.8659
15468.2,14909,67993.9,8084.88,7533,70337.3,26147.5,-62.32,25.868
13310.1,11621,75061.5,49623.1,38481,84511.9,33650.6,3283.28,25.869
13936,12568,72669.5,12854.9,11656,72276.7,10420.6,4.1,25.869
7782.4,7713,66125.7,3135.6,3025,67932.1,9010.8,46.74,25.8711
17034.2,16391,68107.9,8244.72,7863,68717.5,25462.1,-100.86,25.8722
11761.9,11957,64466.8,6702.48,6501,67567.1,11130.5,70.52,25.8733
8562.56,7292,76955,30264.5,26860,73842.6,14204.2,3020.88,25.8764
23107.2,20595,73530.1,9071.28,7907,75186,41703.1,46.74,25.8775
8293.76,7285,74610.8,7607.52,6769,73654.4,15919.2,21.32,25.8785
7714.56,7412,68211.2,4670.64,4736,64631.6,10167.8,31.98,25.8796
8257.28,7808,69307,5868.72,5524,69625.7,17122.3,39.36,25.8806
11771.5,11427,67511.9,4987.44,4663,70095.8,19037.5,70.52,25.8806
10904.3,10349,69052.6,6472.8,6153,68942.2,7298.64,88.56,25.8817
9208.32,7985,75576.3,7840.8,7057,72814.9,20977.9,25.42,25.8828
9105.28,8545,69833.1,14611,12961,73878.9,6866.64,9843.28,25.8828
9387.52,7738,79506.4,10041.8,8650,76081.2,42200.6,101.68,25.8828
11957.8,11241,69714.8,6418.08,6125,68671.9,21879.4,93.48,25.8859
13819.5,13701,66102.9,4869.36,4901,65112.9,14003.3,27.06,25.8859
12991.4,12149,70080,7074.72,6485,71495.6,14082.5,46.74,25.887
6320.64,6245,66329.8,2835.36,2737,67891.2,17843.8,77.9,25.8891
9436.8,9117,67834.8,3669.84,3625,66346.7,19951.2,-18.04,25.8901
13828.5,13201,68651.1,5317.2,5185,67207,15235.9,46.74,25.8901
5671.68,5757,64564.7,2208.24,2249,64348.3,6333.84,-8.2,25.8923
13175,12545,68827.4,6775.92,6545,67848.2,9049.68,17.22,25.8923
8413.44,8132,67804.1,3972.24,4000,65081.2,9147.6,-46.74,25.8954
16052.5,14752,71313.4,10005.1,9268,70748.3,30273.1,96.76,25.8965
10579.2,10340,67052.1,7552.8,6880,71944.8,13032.7,74.62,25.8975
9938.56,9132,71324.3,6220.8,5976,68220.6,15463.4,-12.3,25.8986
10806.4,10285,68858.4,4512.96,4525,65361.6,10545.1,129.56,25.8996
11023.4,9941,72671.5,7571.52,6865,72280.7,14042.9,107.42,25.9018
9444.48,8996,68803.2,4184.64,4180,65608.8,24935.8,27.06,25.9028
7285.12,7568,63086.4,2887.2,2976,63580.5,21903.1,-18.86,25.9102
11254.4,10885,67760.1,3558.96,3413,68338.7,24461.3,41.82,25.9134
12617,12329,67066.7,5351.04,5261,66657.6,7242.48,70.52,25.9144
18433.3,16857,71664.2,12454.6,11433,71391.8,5532.48,100.04,25.9144
9456.64,9193,67415.5,5522.4,5129,70562.7,10355,-3.28,25.9144
11220.5,10836,67861.3,6139.44,5840,68896.3,17778.2,40.18,25.9165
9102.08,9135,65299.8,3463.92,3471,65402.3,6511.68,49.2,25.9176
8084.48,8197,64636.4,2184.48,2081,68794.9,7194.96,-15.58,25.9176
9340.8,8720,70201.7,7175.52,6800,69155.1,15204.2,23.78,25.9186
10007.7,9836,66679.9,5299.2,5036,68961.1,18001.4,106.6,25.9186
10939.5,10807,66339.6,4628.88,4423,68586.5,8917.2,-48.38,25.9197
6218.24,6390,63774.4,2143.44,2146,65457.8,14533.9,12.3,25.9197
10731.5,10758,65374.7,6188.4,5970,67933.5,8329.68,11.48,25.9197
15408,14732,68543.2,6498,6236,68289.4,26838.7,-41.82,25.9218
16502.4,16351,66142.8,7764.48,7739,65751.8,27405.4,13.94,25.9229
15296.6,13226,75796.2,12870.7,11518,73232.8,9214.56,67.24,25.9229
13317.1,12693,68758.4,10207.4,9393,71218.5,24875.3,124.64,25.925
16165.8,14896,71122.4,13922.6,12784,71373.1,42575.8,61.5,25.925
14044.8,13746,66960.6,5160.24,5046,67019.7,16419.6,62.32,25.926
6837.76,6940,64570.5,2539.44,2540,65521.6,16018.6,30.34,25.926
19335,16801,75420.6,15870.2,14629,71096.6,45727.2,79.54,25.9281
11050.2,11193,64700.1,4417.92,4381,66088.3,8736.48,43.46,25.9292
7823.36,7872,65131.1,2946.24,2880,67043.3,12472.6,12.3,25.9292
13744,13103,68742,6389.28,6159,67986.3,8337.6,42.64,25.9302
7406.08,7581,64023.9,3361.68,3353,65705.7,6656.4,-17.22,25.9324
9370.88,9489,64720.2,2564.64,2641,63641.1,17941.7,102.5,25.9387
9146.24,8429,71112.6,6513.84,6061,70432.4,10262.2,0,25.9408
12478.7,10808,75666.7,8666.64,8104,70086,9416.88,79.54,25.945
8275.84,8173,66360.6,3865.68,3977,63701.6,7626.96,-55.76,25.9471
12426.9,11977,67997.7,5144.4,5161,65325.2,9277.2,31.98,25.9492
12953.6,11930,71159,9610.56,9022,69811.3,9332.64,-45.1,25.9492
11022.7,8631,83696.5,10993,9719,74126.4,52015.7,-7.38,25.9545
10311,9676,69837.2,6238.8,6056,67514.2,10144.8,98.4,25.9545
5554.56,5220,69736.3,1815.84,1876,63434.4,8755.2,-58.22,25.9556
10593.3,8504,81637,6518.16,5900,72402.4,25137.4,101.68,25.9556
12628.5,11617,71242.1,10075,9313,70897.9,15397.2,72.16,25.9587
10572.8,9730,71212.6,6940.08,6742,67461.4,6939.36,30.34,25.9619
5841.92,5520,69358,3198.24,3268,64137,8812.8,-37.72,25.964
8869.12,8397,69220.8,3896.64,3833,66624.1,11710.1,73.8,25.9693
15989.8,15156,69141.3,7572.24,7328,67720.3,10637.3,62.32,25.9693
9710.08,9349,68067.2,1983.6,1921,67671.6,8303.04,369,25.9703
13057.3,12005,71280.5,7066.8,6613,70033.2,29826.7,40.18,25.9714
11475.8,10780,69766.3,6562.08,6060,70965.8,18330.5,142.68,25.9714
10878.1,9596,74292,7582.32,6920,71808.5,24340.3,-39.36,25.9735
13061.8,12644,67701.3,11025.4,10516,68710.4,6337.44,142.68,25.9767
12620.2,12284,67329.4,4222.8,4156,66589.4,17205.1,45.1,25.9777
11742.1,11656,66020,5107.68,4956,67541.8,8287.2,99.22,25.9788
21770.2,20003,71326,12991,12711,66979.4,12605,106.6,25.9809
9160.96,8889,67541.1,5446.08,5369,66476.9,19021,21.32,25.9872
9000.32,8753,67387.8,3857.76,3269,77339.3,8190,-94.3,25.9883
15139.2,14561,68138.4,5284.8,5121,67632.2,19761.8,63.14,25.9893
9982.08,9537,68594.5,7096.32,6737,69031.4,8270.64,-5.74,25.9893
8989.44,8937,65920.5,3389.04,3501,63440.2,14516.6,57.4,25.9904
12355.8,10639,76111.7,9264.24,8491,71504.1,10933.9,-27.06,25.9925
8347.52,7873,69486,7600.32,7249,68712.2,28338.5,31.98,25.9936
5381.12,5560,63427.5,2114.64,2152,64398.3,10667.5,53.3,25.9957
10762.9,10396,67848.8,7388.64,7404,65400,8917.2,45.1,25.9957
12019.2,12081,65200.8,5693.76,5569,67004.2,12286.1,-1.64,25.9978
11744.6,11339,67880.5,4704.48,4495,68590.2,16135.9,25.42,25.9988
8005.12,7904,66374.4,2870.64,2948,63816.2,27209.5,34.44,26.002
13380.5,13521,64854.9,15701,14881,69147.5,15558.5,369,26.0031
8120.32,8129,65466,2944.08,2965,65073.6,23943.6,23.78,26.0062
8140.16,8043,66327.7,2990.16,2955,66315.8,33629.8,0.82,26.0073
13660.8,12768,70118.6,9640.08,9232,68432.9,5212.08,5.74,26.0083
8330.88,8056,67772.2,3743.28,3676,66735.5,5217.84,9.84,26.0083
14928.6,14562,67186,8323.92,8274,65931.4,13749.1,20.5,26.0094
11349.8,10600,70171.5,9036.72,8380,70671.9,12523,77.9,26.0136
14286.7,13204,70909.9,10503.4,9540,72153.9,24567.8,70.52,26.0221
14636.8,14745,65055.1,6022.08,6109,64603.5,17353.4,-26.24,26.0231
6497.92,6892,61788.7,3119.76,3240,63103.9,12484.1,105.78,26.0242
8000,7265,72166.3,5963.76,5473,71412.6,13818.2,-4.1,26.0252
12356.5,11996,67505.4,7639.92,7272,68851.7,11012.4,-4.92,26.0263
15756.8,15505,66600.3,8909.28,8773,66554,7499.52,22.96,26.0273
8421.76,7472,73866.2,6792.48,6180,72031.1,14186.9,93.48,26.0294
12372.5,11628,69731.9,7434,7164,68006,22505,-45.92,26.0337
13408,12102,72608.4,9956.16,9314,70054.4,39258,48.38,26.0368
7006.08,7029,65322.3,2247.12,2325,63340.8,18653,17.22,26.0389
12037.8,11969,65912.5,6364.08,6437,64793.6,8480.16,14.76,26.0389
11108.5,10885,66881.5,4789.44,4661,67341.9,20455.2,60.68,26.04
12557.4,11961,68804,6518.16,6265,68184.2,9996.48,22.96,26.0421
8788.48,8124,70896.3,7313.76,7036,68123.2,11513.5,27.06,26.0453
10354.6,10429,65068.2,3291.84,3449,62549.7,16511.8,77.08,26.0463
12002.6,11584,67904,4294.08,4260,66060.3,10751,86.1,26.0463
10890.2,10849,65785.1,4117.68,4065,66385.3,22164.5,-41,26.0474
14252.2,13297,70243.6,7660.8,7409,67763.3,10504.1,204.18,26.0495
11319,10873,68224.5,4009.68,4045,64963.8,5551.92,-24.6,26.0495
7912.96,7628,67984.2,3971.52,3912,66533.1,19147.7,118.9,26.0516
6137.6,5845,68816.7,2304,2341,64500.2,6676.56,40.18,26.0516
14706.6,13736,70166.6,8141.76,8088,65971.6,21000.2,-97.58,26.0527
10170.9,9719,68583.1,5080.32,4999,66602.1,25994.9,14.76,26.0527
12537,11757,69883.7,9804.24,9325,68904.1,23883.8,6.56,26.0537
7364.48,7144,67558.6,3382.56,3368,65819.3,17333.3,-36.9,26.0558
6756.48,6713,65960.5,3401.28,3433,64930.5,10349.3,80.36,26.0569
14042.9,13913,66147.8,4776.48,4909,63766.8,22544.6,36.08,26.059
10442.2,9841,69540,4755.6,4593,67856.1,28026.7,-65.6,26.0611
11754.9,11336,67957.6,7607.52,7688,64850,17660.9,36.08,26.0632
13647.4,12104,73892.4,11631.6,10348,73665.3,8828.64,53.3,26.0643
14071.7,12693,72654.4,9426.96,9029,68424.5,30122.6,36.9,26.0653
18115.2,16545,71755.7,12035.5,10929,72171.3,22464.7,38.54,26.0685
12853.8,12407,67895.9,6118.56,6119,65531.3,17888.4,18.04,26.0695
9878.4,9105,71102.8,9974.88,9365,69803.9,15863,4.92,26.0727
10502.4,10052,68472.5,4454.64,4400,66349.8,5372.64,95.94,26.0738
13979.5,13475,67989.8,6493.68,6387,66630.6,45465.8,58.22,26.0738
11054.7,10013,72354.2,7984.08,7081,73894.2,14513,9.02,26.0759
14757.1,14584,66313.9,4833.36,5016,63149.7,6110.64,-37.72,26.0769
10867.8,9788,72766.1,9441.36,8968,68995.2,33540.5,47.56,26.0812
12004.5,11369,69199.2,3697.92,3677,65908.9,16830,-0.82,26.0854
11418.2,10953,68319.7,5256.72,5309,64890.6,7248.96,-17.22,26.0854
15443.8,15034,67322.6,5279.76,5402,64053,19131.8,33.62,26.0854
9557.76,9027,69389.3,3816.72,3591,69655.4,22687.2,95.12,26.0854
16282.9,13060,81708.6,14397.8,12116,77878.6,19014.5,64.78,26.0896
8472.96,8216,67585.7,5171.04,4984,67995.4,22979.5,-10.66,26.0907
9838.08,9561,67435.3,2576.88,2557,66045.5,12668.4,45.92,26.0917
7228.8,7176,66018.2,3083.04,3064,65943.3,10737.4,-4.92,26.0917
10084.5,9060,72946.6,7403.04,6704,72369.6,46015.9,3.28,26.0928
17340.2,16716,67983.1,7569.36,7432,66747.3,7702.56,-22.14,26.0928
17602.6,14904,77402.1,10172.2,8604,77480.6,93243.6,150.06,26.0938
13306.2,13100,66567.8,7694.64,7640,66004.7,22470.5,13.94,26.0949
8342.4,8184,66804.4,4168.08,4060,67280.6,8028,-35.26,26.0949
7520.64,7240,68076.3,2798.64,2748,66743.7,7521.12,54.94,26.098
12039.7,10644,74129.3,8489.52,7776,71549.5,13496.4,12.3,26.1002
9748.48,9317,68571,6332.4,6069,68380.3,18215.3,10.66,26.1012
12891.5,12576,67180.2,7943.76,7584,68644.8,6941.52,160.72,26.1012
12231,11556,69364.3,10065.6,9264,71206.7,13765.7,18.04,26.1033
12376.3,12024,67456.3,5532.48,4984,72748.1,10618.6,42.64,26.1097
6450.56,6408,65971.3,2360.16,1736,89098.8,18699.8,81.18,26.1118
23655.7,17873,86739.7,18352.1,15013,80112,32762.2,150.06,26.1128
9529.6,8296,75281.1,7758.72,6984,72805.8,15629.8,63.96,26.1128
6581.12,6445,66920.1,3006.72,2893,68112.1,5564.88,-49.2,26.1234
8193.28,8069,66545.4,3192.48,3093,67643.8,20675.5,25.42,26.1244
10483.8,9772,70310,8063.28,5612,94161.6,14861.5,141.04,26.1244
4910.72,5337,60301.5,2163.6,2281,62163,11196,-99.22,26.1265
9608.32,8943,70411.6,6271.2,5819,70628.9,25850.9,17.22,26.1265
8472.32,8580,64713.5,3964.32,3940,65940.5,6381.36,32.8,26.1276
21849.6,14982,95577,21006,15830,86964.6,46886.4,144.32,26.1276
11119.4,11168,65250.6,4602.24,4512,66846.7,5731.2,17.22,26.1308
7754.88,7906,64283.3,3199.68,3142,66739.1,11034,18.04,26.1308
12568.3,11609,70951.6,10435.7,9597,71263.2,11862,-46.74,26.1329
10112,10129,65426,7072.56,6833,67833.7,13402.1,99.22,26.1371
4883.2,5152,62116.7,2882.16,2880,65585.2,9105.12,49.2,26.1381
12210.6,11773,67971.7,6785.28,6637,67000.2,15789.6,-4.92,26.1392
13827.8,12965,69897.5,6825.6,6261,71445.9,23753.5,97.58,26.1403
15287.7,15230,65784.2,7256.88,7210,65962.1,6058.8,152.52,26.1413
21213.4,19865,69984.6,15284.9,13817,72498.4,7582.32,82,26.1413
12851.8,12320,68365.1,7527.6,6832,72208.5,12262.3,133.66,26.1424
6372.48,6645,62848.3,2900.16,2945,64538.2,36161.3,41.82,26.1434
13928.3,13103,69663.9,10165,9583,69515.9,13111.9,124.64,26.1455
16583,16477,65957.8,6240.24,6265,65277,19257.8,29.52,26.1455
22444.8,20361,72243.1,7266.24,6557,72624.7,19111,-30.34,26.1466
5491.84,5556,64779.2,2419.2,2448,64765,5285.52,44.28,26.1466
5749.76,5691,66212.7,3022.56,3035,65267.4,16822.1,-105.78,26.1476
14878.1,14450,67477.5,5015.52,5014,65555.9,5363.28,-91.84,26.1519
53064.3,37305,93221.4,37833.1,26189,94674.5,95976.7,82,26.1529
9564.16,9364,66936.9,3823.2,3792,66075.2,11255,77.9,26.154
11178.9,10961,66838.7,4289.04,4149,67748,8488.8,-18.86,26.155
10249,10152,66161.9,4621.68,4540,66715.1,19576.1,45.92,26.1561
8291.2,8257,65807.4,3400.56,3169,70324.7,12407,81.18,26.1571
12467.8,12268,66603.5,5651.28,5516,67143.3,10172.9,-167.28,26.1593
11024,10972,65846.6,4060.8,4028,66069.7,8168.4,41.82,26.1614
15818.9,14488,71556.2,15715.4,14632,70388.7,27632.2,106.6,26.1624
17436.8,16913,67565.7,4443.84,4321,67399.1,19845.4,102.5,26.1624
8043.52,8217,64152.4,3236.4,3289,64487.9,19832.4,23.78,26.1666
11448.3,10776,69624.8,8875.44,8156,71316.9,21685,4.92,26.1677
6464.64,6305,67195.3,2705.04,2693,65829,7460.64,-10.66,26.1677
13301.8,13464,64746.3,5060.16,5208,63675.6,6626.88,-50.02,26.1687
14985,14208,69119.8,11332.1,10900,68133.9,36603.4,145.96,26.1687
8074.88,7997,66174.2,4076.64,4105,65083.2,5899.68,-0.82,26.1698
14314.9,13840,67784.7,8341.2,7136,76604.4,12883,61.5,26.1719
13173.1,7617,113340,29414.9,12193,158102,7742.16,1015.98,26.174
8685.44,8244,69045.2,3729.6,3392,72058.7,12833.3,96.76,26.1751
14947.2,14343,68296.7,7332.48,7091,67767.8,35074.1,9.02,26.1772
10567,9860,70235.4,7505.28,7172,68581.4,29341.4,62.32,26.1793
12253.4,11739,68408,6227.28,5919,68949.3,11551.7,-5.74,26.1793
6574.08,6768,63658.2,2344.32,2352,65322,17715.6,25.42,26.1793
11578.2,10749,70591.8,4791.6,4393,71482.4,7509.6,72.98,26.1793
12307.8,11829,68188.9,5649.84,5489,67456.4,8629.2,-7.38,26.1867
14993.3,9924,99012.5,195175,148724,86004.8,34629.1,4521.48,26.1877
20197.1,18253,72516.2,15153.8,12841,77339.9,19086.5,112.34,26.192
17702.4,16525,70205.4,12854.2,11837,71167.6,54711.4,-63.14,26.1941
12155.5,12152,65555,6879.6,6748,66814.1,17762.4,86.1,26.1962
15632,13112,78131.4,57940.6,47096,80626.6,44364.2,287,26.2015
11460.5,10108,74304.9,11335,10728,69243.8,40390.6,-27.06,26.2036
29011.2,21321,89174,25517.5,19709,84850.4,23415.8,72.98,26.2057
7002.24,6916,66353.2,5638.32,5444,67875.3,14710.3,9.84,26.2057
7863.04,8217,62712.9,3422.88,3545,63278.4,17557.9,29.52,26.2078
11611.5,11436,66541.8,6792.48,6584,67611.2,20226.2,54.12,26.2089
11595.5,11001,69077.7,6548.4,6409,66961.5,18375.1,-13.94,26.211
6199.68,6188,65659.7,3214.8,3196,65921.5,30838.3,77.08,26.212
11658.9,10347,73845.2,5502.96,4331,83269.9,29638.8,20.5,26.2152
9355.52,9287,66019.5,3450.24,3427,65980.4,38939,-16.4,26.2173
12841.6,12331,68249.7,6555.6,6383,67308.1,9585.36,9.84,26.2183
13034.2,12653,67510.6,5201.28,5181,65792.5,7273.44,84.46,26.2183
11447.7,10520,71315.1,8897.04,8600,67799.6,29577.6,-52.48,26.2183
10979.8,10580,68012.7,4429.44,4276,67887.7,10575.4,-28.7,26.2194
14001.9,11992,76520.2,9025.2,8200,72131.2,15225.1,19.68,26.2226
13635.8,13304,67170.7,7247.52,7196,66005.2,15616.8,-33.62,26.2236
13607,13573,65700.4,7035.84,6945,66393.2,6987.6,40.18,26.23
9552,8801,71128.3,7738.56,6869,73832.3,18117.4,60.68,26.231
10511.4,10405,66205.9,4369.68,4177,68559.1,11252.2,37.72,26.231
8044.8,8244,63952.4,4241.52,4160,66820.3,9919.44,16.4,26.2342
15679.4,9695,105989,70056,16171,262143,11793.6,1566.2,26.2363
8608.64,8493,66428.3,5760.72,4729,79833.9,16531.2,141.86,26.2384
13649.3,13045,68571.8,6307.2,5697,72555.5,5823.36,-34.44,26.2395
7856.64,8148,63192.5,3234.24,3296,64308,7963.92,75.44,26.2405
7923.2,8197,63346.9,2661.12,2705,64472.9,5456.88,-75.44,26.2437
7630.72,7581,65965.8,3468.24,3405,66753.2,12787.9,34.44,26.2437
15404.2,14649,68914.4,5019.84,4617,71254.1,23496.5,14.76,26.249
5842.56,6096,62811.4,2762.64,2784,65033.2,5955.84,-59.04,26.2563
13209.6,12869,67270.5,10180.1,9505,70190.6,17137.4,33.62,26.2574
6864.64,7117,63212.2,3173.04,3165,65702.5,8979.84,-44.28,26.2627
6193.92,6270,64740.8,2273.04,2238,66562.1,22088.2,3.28,26.2637
9594.24,8504,73937.9,9067.68,7996,74319.6,13480.6,56.58,26.2669
9300.48,9001,67716.5,6953.04,6525,69835.2,37000.1,96.76,26.2669
19359.4,18661,67988.6,10550.2,10049,68804.4,16027.2,-38.54,26.268
25657,18425,91259.4,50230.8,42845,76833.4,43998.5,784.74,26.269
12334.1,12350,65451.5,6341.04,6174,67309.1,8353.44,73.8,26.2701
14364.8,14405,65353.1,4862.16,4817,66150.4,29937.6,-4.1,26.2711
10479.4,10665,64395.2,3281.04,3261,65938.7,26115.1,39.36,26.2722
11175.7,11308,64769.1,4566.96,4536,65983.3,12407,-36.08,26.2732
11063,10062,72056,9270,8126,74762.3,54076.3,31.98,26.2732
6794.24,6800,65480.5,4965.84,4644,70077.8,10221.1,28.7,26.2743
11485.4,11374,66178.1,3674.88,3610,66713.8,7816.32,109.06,26.2774
11801,10472,73852.9,7803.36,7244,70596.5,36859,31.98,26.2774
11768.3,11384,67748.5,3731.76,3676,66530.1,12875,-65.6,26.2817
12906.9,12373,68363.8,5756.4,5217,72312,8776.8,123,26.2817
6976.64,6636,68900.1,2646.72,2568,67545,13523.8,-39.36,26.2817
14305.9,12416,75511.7,11487.6,10176,73983,23282.6,1.64,26.2827
19321,16255,77897.2,13050,10831,78962.7,21018.2,116.44,26.2838
6048.64,6276,63161.8,2468.16,2580,62695.1,9780.48,-52.48,26.2848
6064,6047,65720.2,2338.56,2223,68942.8,12764.9,-1.64,26.2848
9706.24,9573,66448.1,3687.12,3621,66732.7,14830.6,55.76,26.2869
13449.6,12145,72575.8,7019.28,6325,72729.7,11024.6,116.44,26.2891
12293.8,11565,69665.7,5913.36,5613,69042.9,22498.6,54.12,26.2891
16012.8,14663,71568.9,7650,7180,69826,18437,-36.9,26.2912
11113.6,9833,74071.1,9111.6,8281,72109.4,15997.7,-36.9,26.2922
11056.6,10181,71172.6,8087.76,7845,67564,17453.5,112.34,26.2933
11397.8,9760,76533.2,8926.56,7844,74580.7,21680.6,116.44,26.2943
8412.8,7449,74015.5,8573.76,7949,70686.9,21426.5,86.92,26.2986
20950.4,18501,74212.5,8979.12,8149,72212,40350.2,-2.46,26.3017
6749.44,6217,71148.7,4649.76,4233,71988.3,7049.52,13.94,26.3038
7812.48,7072,72398,6318.72,5860,70666.1,10835.3,72.98,26.3049
16567.7,15501,70045.8,7273.44,6777,70336.8,16357.7,41.82,26.3059
9191.04,8908,67618.3,3769.92,3644,67800.6,17398.8,-67.24,26.3059
10661.1,9741,71726.4,6199.2,5501,73854,19020.2,-9.02,26.307
16736.6,16124,68026.1,7667.28,7404,67866.4,14806.1,-18.86,26.307
8194.56,7981,67289.6,3306.24,3293,65799.5,5836.32,31.16,26.307
10890.9,9921,71942.8,8802,8257,69861.7,31212.7,11.48,26.3102
11088,11048,65773.3,3953.52,3944,65694.2,31057.9,61.5,26.3102
7398.4,7481,64812.4,2247.12,2313,63669.4,10365.8,-13.12,26.3123
8549.12,8292,67568.2,3615.84,3552,66713.9,5905.44,21.32,26.3123
19535.4,18789,68139.3,25973.3,23941,71099.2,16646.4,3137.32,26.3154
8661.76,8226,69007.7,7319.52,6022,79656.6,5842.8,45.1,26.3154
28968.3,21948,86498.4,11821,9244,83805.6,10765.4,9.02,26.3165
8055.04,7796,67713.6,3784.32,3652,67910.5,8755.2,56.58,26.3207
10929.9,10674,67107.3,4513.68,4470,66176.4,29736,36.9,26.3207
7086.08,6809,68202.9,5114.88,4893,68507.8,12025.4,2.46,26.3218
13011.2,12301,69319.7,4934.16,4537,71272.9,5208.48,42.64,26.3228
14205.4,13288,70060.8,5141.52,4952,68044.2,11051.3,66.42,26.326
15284.5,14364,69735.7,6480.72,6236,68107.8,24853.7,44.28,26.327
12141.4,11890,66921.9,3176.64,2934,70955.8,27731.5,214.02,26.3281
8938.24,8788,66656.4,4067.28,4080,65331.7,22930.6,76.26,26.3302
9164.16,8748,68653.7,3440.88,3384,66637.6,8794.08,22.14,26.3313
7777.92,7664,66510.1,1339.92,1380,63632.6,33410.2,32.8,26.3313
10874.9,10597,67254.5,4324.32,4321,65586.4,7901.28,-34.44,26.3313
11180.8,10005,73237.9,8058.96,7269,72658.1,21191.8,41,26.3323
11122.6,9296,78413.1,10304.6,9236,73118.8,15688.8,44.28,26.3355
11908.5,11016,70845.5,6413.76,6040,69591.4,11000.2,75.44,26.3376
6293.12,6036,68327.7,2753.28,2756,65471.3,8709.12,42.64,26.3408
18926.7,15349,80811.9,12355.2,10645,76064.9,17989.2,63.96,26.3408
14497.3,13937,68170.6,7092,6977,66616.2,9222.48,78.72,26.3408
11033.6,10445,69229.1,4751.28,4793,64965.6,7428.24,-9.84,26.3439
8518.4,7171,77849.9,7921.44,6807,76265.5,22782.2,59.86,26.345
7262.72,6756,70451.4,2890.08,2852,66411,5837.76,3.28,26.3524
14442.9,13473,70253.7,7143.12,6849,68350.4,19543.7,-6.56,26.3524
11728,10473,73389.3,4985.28,4717,69263.4,35941,11.48,26.3566
11516.2,10989,68679.9,3238.56,3129,67830.7,6775.92,-44.28,26.3577
12704,11806,70520.9,3098.16,2846,71342.6,11739.6,92.66,26.3577
14364.8,12708,74080.2,8370,7300,75142,10495.4,21.32,26.3577
23710.1,17560,88488.8,23730.5,19192,81033.8,39060,93.48,26.3682
8092.8,7944,66763.6,3084.48,3080,65631.3,12769.2,8.2,26.3693
6522.24,5989,71371.1,2615.04,2517,68088.7,8452.08,71.34,26.3724
36151.7,20044,118202,19814.4,12252,105987,47306.9,142.68,26.3745
10074.9,8204,80481.1,8269.92,7484,72418.2,34210.8,115.62,26.3766
11265.9,10576,69811.2,6840.72,6676,67153,7651.44,4.92,26.3777
10663,9913,70494.6,6138,5805,69295.4,24331,-9.84,26.3788
9710.08,9005,70667.4,6902.64,6557,68990.6,6797.52,-54.94,26.3788
7038.08,6476,71224.1,3276.72,3132,68564.2,6799.68,45.1,26.383
9206.4,8621,69986.2,4015.44,3949,66638.6,17529.8,91.02,26.384
13904.6,12297,74103.8,10766.9,9769,72230.4,22826.9,100.04,26.3851
12823.7,11629,72268.7,6094.8,5785,69045.6,7490.88,56.58,26.3851
12954.9,11916,71249.7,4353.84,4264,66916.8,9437.76,-49.2,26.3904
12995.8,11422,74566.2,5078.88,4794,69430.4,11098.8,73.8,26.3935
11781.8,10193,75750.9,5196.96,4993,68213.1,10239.1,72.16,26.3935
15247.4,12976,77007.6,10793.5,9828,71974.4,39605,54.12,26.3956
12499.8,11296,72520.3,5530.32,5380,67367.1,18752.4,30.34,26.3956
11338.2,9724,76415.4,6351.12,6076,68503.5,13846.3,22.96,26.4009
12001.3,10948,71841.1,4978.08,4944,65987.8,17678.2,79.54,26.4009
8309.12,7646,71219.8,3183.84,3166,65905.3,5490.72,14.76,26.403
13196.2,11798,73302.6,7926.48,7698,67481.1,14703.8,-20.5,26.403
15898.2,14658,71081.1,8786.16,8678,66352.8,5152.32,39.36,26.4062
9067.52,8268,71873.4,3027.6,3148,63029.5,17636.4,44.28,26.4062
9816.32,8754,73489,5722.56,4610,81352.2,11767.7,234.52,26.4073
16434.6,15104,71309.3,4179.6,4196,65279.9,6726.24,172.2,26.4073
14448,13260,71407.6,5693.04,5688,65594.1,14981,-22.96,26.4115
11448.3,9900,75785.6,3652.56,3612,66271.9,9047.52,1.64,26.4115
11237.1,9536,77226.9,4196.16,4176,65852.4,32909,-73.8,26.4136
13717.1,11398,78870.4,7889.04,7606,67974.8,11467.4,-54.94,26.4157
9833.6,8081,79749.4,5104.8,4933,67818.4,16476.5,80.36,26.4167
13170.6,11809,73092.2,5747.76,5973,63064.7,9621.36,-66.42,26.4178
20311.7,17796,74800.3,13452.5,12528,70372.1,7654.32,0,26.4178
16901.8,15436,71759.1,7753.68,7752,65550.2,6206.4,97.58,26.4199
12905,11196,75539.4,5957.28,5768,67686.6,9219.6,-82.82,26.4199
12975.4,11433,74377.1,4933.44,4857,66567.4,13903.2,-80.36,26.4199
13406.7,11338,77493.6,8578.08,8314,67617.6,18329,58.22,26.421
7296.64,6213,76966.5,3142.8,3249,63393.8,24240.2,-0.82,26.4231
12334.7,11253,71835.8,3416.4,3489,64172.3,17486.6,13.94,26.4262
26874.2,23369,75366.1,14629,14173,67644.4,14470.6,64.78,26.4294
9773.44,8672,73859.8,3173.76,1808,115042,22147.2,122.18,26.4347
6766.08,5853,75759.8,2322,2409,63169.2,16124.4,-32.8,26.4347
11953.3,11989,65340.7,5084.64,5285,63051.5,11398.3,-40.18,26.441
9457.92,9691,63959.8,3184.56,2991,69777.1,26503.2,8.2,26.4484
12091.5,12096,65511.7,6310.8,6372,64906.6,22195.4,-4.1,26.4516
9105.92,9369,63695.8,3138.48,3101,66328.1,12782.2,56.58,26.4537
18868.5,16957,72923.6,17631.4,15385,75104.9,46509.8,100.04,26.4558
19134.1,18940,66207.6,5824.8,5656,67491.9,31204.1,15.58,26.4558
13973.8,12715,72023.9,9469.44,8767,70787,17220.2,57.4,26.4558
6829.44,7305,61269.6,3539.52,3545,65434.7,17282.2,-8.2,26.4569
11712,11393,67371,6554.16,6321,67953.4,8687.52,19.68,26.4579
6531.84,6810,62859.1,2791.44,2798,65382.4,9754.56,27.06,26.459
7321.6,7692,62380.2,2604.24,2696,63305.4,4808.16,-4.1,26.459
4702.72,5144,59914,2446.56,2536,63224.7,9558,25.42,26.46
16503,10507,102935,104853,61531,111678,37693.4,1907.32,26.4621
7440,7292,66866.1,3214.08,3036,69380.1,8321.04,-45.1,26.4642
13338.9,13438,65052.6,4767.84,4874,64108.6,14374.8,-18.04,26.4642
12539.5,11089,74108.6,11055.6,9825,73744.5,13237.2,62.32,26.4642
13362.6,11865,73807.7,8841.6,8029,72168.8,24576.5,-70.52,26.4653
14195.2,13821,67310.4,5469.12,5465,65585.4,13846.3,115.62,26.4663
12333.4,11957,67599.3,6698.16,6577,66743.3,26372.9,66.42,26.4695
17949.4,14740,79805.6,13330.8,12256,71283.2,17874,20.5,26.4716
6671.36,6535,66903.5,2982.24,2727,71670,10736.6,-57.4,26.4716
13372.8,11562,75800,10527.1,9518,72484.3,16134.5,57.4,26.4727
11365.8,10276,72486,9444.24,8804,70301.9,26208.7,58.22,26.4727
9648.64,9985,63328.3,2358,2485,62186.7,11123.3,38.54,26.4758
8454.4,8289,66843.7,3741.12,2993,81917.2,8416.08,38.54,26.4769
16780.2,15603,70480.3,10454.4,9907,69157.1,36157.7,142.68,26.479
13299.8,12757,68324.7,6192.72,6017,67449.9,16021.4,113.16,26.4801
8513.92,8313,67120,6669.36,6317,69191.6,10464.5,102.5,26.4801
14279,14045,66628.1,7098.48,6557,70948,26711.3,123,26.4811
14972.2,14189,69153.2,7344.72,7081,67976.8,11991.6,55.76,26.4822
7298.56,7451,64195.2,2977.92,3055,63882.5,13339.4,18.04,26.4843
14348.8,14248,65999.6,6472.08,6620,64071.6,19576.1,-0.82,26.4853
9978.24,9490,68907.7,6001.2,5734,68589.9,12215.5,-5.74,26.4864
13386.2,13712,63979,6500.88,6452,66032.5,8104.32,16.4,26.4906
6966.4,7324,62336.2,3788.64,3756,66105.5,9144,57.4,26.4906
11054.7,11081,65380.6,6230.88,5145,79367.7,12795.8,35.26,26.4906
11892.5,12337,63174.6,4506.48,4501,65615.8,8917.92,12.3,26.4917
8339.2,8885,61510.2,2822.4,2917,63410.6,28517,37.72,26.4927
12852.5,12521,67271,5857.92,5641,68056.1,13343.8,25.42,26.4938
15045.1,15228,64749,5388.48,5368,65786,13096.8,64.78,26.4959
5408.64,5916,59915.6,2653.92,2664,65288,7797.6,50.84,26.498
10611.8,10524,66083,8634.96,8092,69933.4,22229.3,-24.6,26.498
10442.2,10581,64676.6,7326.72,7105,67581.1,13127.8,22.14,26.4991
13636.5,14066,63534.8,5919.84,5990,64768.4,8596.8,25.42,26.5012
16727.7,15581,70359.1,14748.5,13437,71932.5,38790.7,104.14,26.5022
7941.76,8452,61579.6,4027.68,3984,66254.5,5528.16,55.76,26.5022
5248,5676,60594.2,2460.24,2412,66846.7,7351.2,13.12,26.5033
11643.5,10956,69648.6,9442.08,8572,72188.1,10697.8,-16.4,26.5054
6986.88,7402,61860.6,3108.24,3102,65667.8,9640.08,103.32,26.5065
9304.32,9573,63696.6,4637.52,4529,67106.3,5503.68,186.14,26.5086
10010.2,10616,61796.4,5136.48,5144,65440.2,10489,15.58,26.5086
4947.2,5505,58895.5,2270.16,2261,65801.5,9806.4,-44.28,26.5096
8504.32,8849,62983.3,4605.84,4465,67603.2,24532.6,62.32,26.5107
9904.64,10045,64620.3,7046.64,6925,66687.2,28152.7,-7.38,26.5117
13952,14120,64756.3,6762.24,6732,65830.4,15187.7,-44.28,26.5117
9053.44,9317,63682.1,5594.4,5329,68799.9,15361.2,85.28,26.517
17160.3,17513,64216.2,6176.88,6217,65113.1,9033.12,103.32,26.5181
47249.3,33625,92090.1,59479.2,43097,90447.8,152495,378.02,26.5181
8172.8,8236,65033.1,2339.28,2376,64523.2,27028.8,3.28,26.5181
9719.04,9465,67295,6521.76,6205,68881.6,28674.7,-20.5,26.5181
9783.04,9609,66723,4273.2,4185,66917.2,6528.96,95.94,26.5202
12060.8,12408,63702.2,3509.28,3660,62837.2,8525.52,60.68,26.5202
10954.9,10056,71394.1,12117.6,11372,69832.8,36022.3,92.66,26.5202
5807.36,6332,60106,3091.68,3116,65024.5,6528.96,-44.28,26.5223
13166.7,11941,72263.1,9240.48,8497,71270.4,23445.4,8.2,26.5233
11820.2,12168,63662.6,4712.4,4620,66846.7,5973.84,16.4,26.5244
6273.92,6641,61913.5,2396.16,2389,65732.4,8294.4,13.94,26.5244
8444.16,8297,66698.4,20979.4,18761,73285.2,16803.4,9735.86,26.5244
10227.8,10205,65682.7,4828.32,4541,69682.6,10141.2,-10.66,26.5276
11009.3,11225,64276.5,3857.76,3929,64347.7,11612.2,54.94,26.5307
8241.92,8212,65774.8,4191.84,4116,66743.6,6724.08,-23.78,26.5307
8259.84,8013,67554.8,5862.24,5485,70043.4,22526.6,10.66,26.5307
7422.72,7529,64610.9,2871.36,2857,65865.4,19882.1,-13.94,26.5328
11065,10748,67468.7,5171.04,4936,68656.7,9145.44,-82.82,26.5392
7068.16,6657,69583.7,4519.44,4037,73367.9,13865,0.82,26.5392
17437.4,16224,70437.6,10822.3,9780,72520.6,10720.1,136.94,26.5402
10823,10400,68201.8,4518.72,4400,67304.3,21029,6.56,26.5455
12290.6,12111,66507.6,4897.44,5035,63745.5,16371.4,54.12,26.5476
19924.5,18791,69489.2,11509.2,10836,69607.5,14155.2,116.44,26.5487
24217,20624,76953.2,18768.2,16528,74418.9,54472.3,133.66,26.5487
19173.1,18737,67061.4,9444.96,9541,64876.3,27686.2,9.02,26.5497
11401,11529,64808.2,6852.24,6061,74091.5,11954.2,111.52,26.5508
13805.4,13576,66643.6,7107.84,7148,65167.8,6075.36,-23.78,26.5518
18180.5,16176,73657,12033.4,10928,72164.9,20378.2,-9.84,26.5529
11709.4,11538,66509.8,5542.56,5574,65166.4,9928.8,-36.9,26.555
8008.32,7737,67834.2,4256.64,4137,67431.3,8502.48,54.94,26.5592
6953.6,6380,71428.1,4769.28,4488,69643.4,13269.6,36.9,26.5624
6222.08,6281,64921.2,2543.76,2637,63218.8,5099.76,19.68,26.5624
12999,12749,66821.3,7480.08,7245,67662.5,22945.7,0,26.5634
8177.92,8276,64759.3,3567.6,3652,64021.4,9277.2,-69.7,26.5645
11406.1,11473,65153.7,5402.16,5345,66236.9,10662.5,53.3,26.5645
21939.8,19788,72662.7,14294.2,13276,70562.1,35621.3,72.98,26.5655
12798.1,11929,70310.6,12068.6,8889,88978.6,28437.8,12.3,26.5655
10330.2,9800,69081.9,3940.56,3832,67392.6,5393.52,-4.1,26.5687
9534.72,9075,68855.9,6809.76,6583,67793.5,15893.3,-18.86,26.5687
12764.8,12551,66652.4,4379.76,4391,65368.2,10549.4,-7.38,26.5698
17272.3,15645,72352.8,14073.8,12761,72278.3,42143,10.66,26.5698
15750.4,15857,65095.4,7174.08,7281,64573.6,31281.1,-17.22,26.574
14381.4,13168,71575.2,9439.2,8676,71301,17042.4,130.38,26.574
7416.96,7516,64672.4,2802.24,2684,68423.1,14060.2,-36.08,26.575
11772.8,11329,68103.3,7534.8,7313,67523.7,29101,93.48,26.5761
7946.88,7097,73384.1,5965.92,5421,72123.7,22328.6,22.96,26.5772
16069.1,15376,68490.2,10601.3,9888,70263.5,8720.64,19.68,26.5772
7776,7192,70857.6,4754.88,4424,70437.6,13327.9,7.38,26.5782
10512,9752,70643.4,7665.12,7240,69384.2,10308.2,143.5,26.5782
9895.04,9604,67522,4252.32,4180,66669.9,5968.08,4.92,26.5814
11308.2,9924,74676.7,10738.1,9856,71401.3,7365.6,73.8,26.5814
13657,12836,69727.5,4973.76,4880,66795.2,6161.76,-9.84,26.5835
27300.5,17910,99897.5,21445.2,12166,115521,27099.4,105.78,26.5856
7060.48,7116,65024.7,2405.52,2540,62066.2,6075.36,2.46,26.5856
10464.6,9864,69526.6,3989.52,3896,67109.1,17653,89.38,26.5877
12704,12461,66814,5025.6,5001,65858.4,11829.6,41.82,26.5888
11627.5,10980,69400.8,4847.04,4752,66846.7,12715.2,0.82,26.5888
13767.7,12457,72431.5,8643.6,7837,72281.1,11150.6,90.2,26.5898
11858.6,10741,72354.8,7008.48,6245,73548.1,7614,13.94,26.5919
5466.24,5451,65719.2,2041.92,2043,65501.4,5606.64,71.34,26.593
5682.56,5377,69260.2,1711.44,1729,64870.4,4924.8,-9.02,26.5962
5895.04,5588,69137,2426.4,2340,67955.8,15012.7,18.04,26.5972
15344.6,14948,67275,10500.5,5584,123238,14030.6,373.92,26.5993
9920,9183,70795.7,6873.84,6431,70048.8,14505.8,36.08,26.6025
8780.16,8556,67253,3331.44,3400,64214.5,12778.6,-3.28,26.6046
12330.2,12037,67132.6,5056.56,5105,64914.1,7686.72,-50.02,26.6046
13619.2,12533,71215.8,5215.68,4805,71137.3,22201.9,12.3,26.6057
8561.28,8460,66320.6,3481.92,3116,73232.1,7290,63.14,26.6057
6734.72,5864,75267.2,6406.56,5884,71356.3,17061.8,74.62,26.6078
8442.88,8061,68640.7,3281.76,3289,65391.7,21620.9,43.46,26.6088
11436.8,10796,69425.9,4530.96,4476,66340.7,24053,-57.4,26.612
14990.7,13393,73354.1,14818.3,13861,70062.3,30762,22.96,26.613
11498.9,10631,70886.1,5325.12,5095,68496,10231.9,43.46,26.6151
12772.5,11905,70311.4,5397.12,5409,65392.1,22029.1,28.7,26.6173
12862.7,11248,74944.1,8058.24,7620,69305.1,17457.1,100.04,26.6183
8459.52,7878,70373.6,2835.36,2786,66697.1,44833,-82,26.6204
7476.48,7011,69887.1,3275.28,3367,63750.7,9431.28,-8.2,26.6225
21036.2,17165,80316.1,10429.2,8953,76341.8,40525.9,48.38,26.6278
8530.56,8301,67348.4,3138.48,3229,63698.8,13441.7,-14.76,26.6289
12446.1,12135,67216,6028.56,6067,65120.8,18765.4,37.72,26.6299
9942.4,8377,77782.6,7164,6477,72487.3,16236,168.92,26.6426
18776.3,17321,71042.4,5875.92,5689,67689.3,12731,-30.34,26.6447
13317.1,12636,69068.6,7657.2,6524,76919.4,20156.4,16.4,26.6468
13106.6,12488,68782.2,6403.68,6284,66784.2,16741.4,77.9,26.6468
12923.5,11036,76744.8,8063.28,7256,72827.3,23453.3,20.5,26.6479
12832,12555,66981.9,4554.72,4463,66882.9,52403,5.74,26.65
17363.8,16392,69421.5,7783.92,7736,65942,22178.9,49.2,26.651
5326.08,5020,69531.9,2226.96,2332,62584.1,8892,-53.3,26.6531
12862.1,11022,76477,6767.28,6302,70374.6,10212.5,-12.3,26.6542
9299.2,9015,67602,3839.04,3767,66789.3,11158.6,-24.6,26.6553
10608.6,9584,72542.6,6413.04,5860,71721,12196.1,77.08,26.6563
14228.5,13905,67060.6,5803.2,5409,70312.2,10151.3,-2.46,26.6584
7877.12,7483,68987.7,1907.28,1899,65821.8,6476.4,-63.14,26.6595
9633.28,9332,67651.8,4980.24,4736,68915.8,33079.7,36.08,26.6616
11598.1,10483,72507.1,5891.76,5587,69110.9,29184.5,99.22,26.6626
14003.2,13673,67118.7,5327.28,5357,65172.4,7110.72,-2.46,26.6658
12754.6,12265,68151.9,6208.56,6073,66998.9,5255.28,-62.32,26.6679
9756.8,9169,69737.3,7101.36,6721,69244.9,20440.8,0.82,26.669
8908.16,7621,76604.8,9895.68,8961,72371.8,13377.6,36.9,26.669
16615,15148,71883,8344.8,7484,73073.9,21814.6,44.28,26.669
9096.32,8400,70968.6,8686.8,8016,71020.2,15876,44.28,26.6711
17045.8,16012,69767.1,9766.08,9548,67032.9,14411.5,52.48,26.6742
12324.5,11921,67754.1,4170.24,4149,65871.5,20999.5,0.82,26.6753
11728.6,11562,66480.5,4461.84,4442,65828.7,18157,62.32,26.6795
6344.32,5786,71859.9,3862.08,3790,66782.4,7745.04,-0.82,26.6837
9712,8645,73624.7,3998.16,3969,66017.5,16059.6,31.98,26.6859
20848,18045,75716,15136.6,13773,72024.2,47257.2,173.02,26.688
18757.8,16660,73788,12628.1,10272,80567.9,15343.2,284.54,26.6932
11603.2,10730,70869.3,3948.48,3902,66316.7,5492.88,78.72,26.6964
16270.1,14583,73117.7,10885.7,10531,67743.2,10199.5,-53.3,26.6996
5861.76,5440,70617,2039.04,2064,64743.5,9527.76,48.38,26.7017
21134.7,18021,76859.5,11108.2,10389,70072.6,51001.2,53.3,26.7059
9805.44,8941,71872.2,5113.44,4845,69167.1,10709.3,14.76,26.7101
19119.4,17085,73339.6,7943.04,7193,72369.7,9243.36,31.98,26.7112
17566.7,16225,70955.5,4536,4545,65406.2,31576.3,61.5,26.7122
13591.7,11941,74595.4,7197.84,6817,69197.3,59170.3,41,26.7122
10030.7,9019,72887.6,5227.2,5023,68200.2,19971.4,65.6,26.7133
14460.8,13330,71095.5,5169.6,5270,64287.5,6986.16,9.02,26.7133
16071,14294,73683.5,12559,11702,70335.3,22423.7,82,26.7143
14878.1,12545,77724.2,12860.6,12117,69558.1,17392.3,120.54,26.7186
11502.1,10160,74192.9,7648.56,7092,70679.1,12957.8,118.08,26.7186
7317.12,6873,69770.8,2487.6,2601,62678.7,7747.2,33.62,26.7207
12710.4,12088,68910.4,25938,8012,212166,10877,160.72,26.7217
10467.8,8308,82573.5,12826.8,9476,88710.1,5110.56,-12.3,26.7238
11957.1,11673,67131.1,3582.72,3737,62830.4,8452.8,-35.26,26.7238
11183.4,11349,64579.5,3156.48,3313,62439.8,21785.8,-38.54,26.7323
11916.2,12276,63615,10503.4,10576,65085.9,11092.3,41.82,26.7333
18517.1,18360,66096.8,5911.92,5560,69684.1,42533.3,43.46,26.7333
7218.56,7528,62842.1,3119.76,3224,63417.1,6425.28,-13.94,26.7355
11117.4,11536,63158.2,5567.04,5428,67214.7,8265.6,-10.66,26.7376
6512.64,7205,59238.4,3158.64,3333,62107.6,9428.4,-49.2,26.7397
10474.2,11292,60789.9,3684.96,3804,63485.2,9325.44,44.28,26.7407
12604.8,13529,61059.1,4852.08,5049,62980,20063.5,27.06,26.7418
8135.68,8908,59854.1,3841.2,3852,65352.3,16529.8,45.92,26.7428
11838.7,11564,67092.9,6298.56,5612,73553.5,13671.4,71.34,26.7439
8648.32,8431,67225.3,6852.24,6380,70386.9,23162.4,23.78,26.745
14178.6,13805,67309.4,12637.4,11321,73156.7,30508.6,117.26,26.7471
7715.84,8376,60370.7,5295.6,5208,66638.3,5341.68,52.48,26.7502
12886.4,13760,61375.2,4889.52,4624,69299.2,8465.04,-73.8,26.7502
5474.56,6480,55367.4,2732.4,2720,65834.8,14083.9,-50.84,26.7513
8311.04,9573,56896.7,5448.96,5377,66413.1,10496.9,-9.02,26.7523
10430.1,11871,57581.1,4926.96,5023,64282.9,5926.32,-70.52,26.7534
11371.5,10903,68352.2,7213.68,6679,70782.4,15277,13.94,26.7544
9322.24,10108,60441.5,7051.68,6828,67682.9,6436.08,43.46,26.7544
6055.04,6840,58015.1,2631.6,2667,64666.1,28956.2,-25.42,26.7587
5194.88,6149,55367,2444.4,2481,64569.2,10361.5,16.4,26.764
13399,13821,63535.2,3767.76,3721,66359.6,31743.4,29.52,26.764
12569.6,12261,67185.5,9213.84,8277,72953.8,18360,-24.6,26.765
9386.24,10089,60971,3855.6,3853,65580.2,9872.64,47.56,26.7682
10558.1,11484,60252,8734.32,8396,68176.8,6017.76,63.14,26.7682
13857.9,14331,63372.6,7107.84,7087,65728.7,5625.36,77.9,26.7713
11084.2,10544,68893.4,4793.04,4308,72914.7,33492.2,-47.56,26.7713
13450.9,13824,63767.1,5217.12,5220,65499.8,10636.6,-70.52,26.7745
8451.84,9105,60834.7,3939.84,3989,64728.3,20946.2,93.48,26.7756
8598.4,8672,64979.8,6858,6368,70578.8,29732.4,43.46,26.7766
5261.44,6052,56975.2,2900.88,2948,64488.5,8084.16,-1.64,26.7787
16931.2,14443,76826.4,15367,10379,97031.4,12650.4,182.04,26.7787
17326.7,15022,75590.7,10047.6,8314,79201.3,26598.2,46.74,26.7787
12189.4,12096,66042.3,10334.9,9524,71115.8,28751.8,57.4,26.7808
7679.36,8448,59573.2,2809.44,2916,63141.1,4955.04,13.12,26.7851
15809.9,15621,66328.6,7002.72,6741,68080.5,8274.96,87.74,26.7872
17207.7,16913,66677.9,9444.96,9125,67834,6740.64,0.82,26.7882
9079.68,9661,61592.6,3151.44,2957,69845.4,16626.2,-60.68,26.7903
17756.2,16719,69601.5,11229.8,10655,69071.7,58317.8,-69.7,26.7903
17971.8,17914,65747.6,6433.2,6142,68643.1,23813.3,-22.14,26.7967
11163.5,11676,62659.5,3489.84,3656,62557.5,12209.8,46.74,26.7967
16275.8,14881,71678.9,10608.5,9605,72382.9,14043.6,104.96,26.8009
11389.4,11642,64114.3,5119.92,5226,64205.7,21047,-4.92,26.8009
8277.76,8161,66473.6,5556.24,5317,68484.8,17514,30.34,26.803
15946.9,15341,68124.3,10021.7,9437,69596.4,27040.3,85.28,26.8041
9165.44,9832,61093,4549.68,4088,72937.3,8896.32,57.4,26.8062
14434.6,13240,71448.9,13887.4,12556,72485,42086.2,91.84,26.8083
11280,11661,63394.7,5063.04,5081,65304.4,19802.9,27.06,26.8093
9281.28,9445,64400,4283.28,4177,67203.5,7911.36,69.7,26.8093
12570.2,12665,65045.7,6380.64,6393,65409.3,11170.1,61.5,26.8125
14160,14045,66072.6,6806.16,6653,67044.7,9870.48,19.68,26.8135
9239.04,9376,64578.7,4305.6,4356,64777.7,7041.6,42.64,26.8157
10069.8,9880,66794.7,6251.76,6200,66083.1,7731.36,23.78,26.8167
14646.4,13798,69565.6,9006.48,8630,68395,6687.36,50.84,26.8209
21342.1,18873,74109.8,16676.6,15193,71935.8,54338.4,81.18,26.8252
9341.44,9660,63374.8,2859.84,2684,69829.5,32127.1,-23.78,26.8252
11591,12013,63234,4497.12,4713,62534.1,8935.92,54.12,26.8283
7080.32,7255,63958.1,3189.6,3235,64616.3,7839.36,-27.06,26.8283
8332.16,8508,64181.5,2785.68,2872,63566.3,12170.2,28.7,26.8283
15268.5,14981,66793.6,4924.8,4821,66947,19357.2,-7.38,26.8294
8133.76,8152,65389.4,3419.28,3464,64689.9,10252.1,-27.06,26.8315
9875.84,9417,68729.2,7892.64,7533,68664.8,10328.4,87.74,26.8325
31611.5,21908,94563.3,25213,18484,89393.9,72768.2,170.56,26.8325
20878.1,17412,78581.8,14965.2,13392,73234.7,31749.8,-30.34,26.8336
16861.4,14388,76802.3,14269,12884,72580.8,20626.6,121.36,26.8347
10462.7,9837,69704.7,6291.36,6333,65105.1,19811.5,-45.1,26.8368
12918.4,12234,69202.3,5679.36,5614,66299,12116.2,21.32,26.8368
12420.5,10924,74513.8,7179.12,6824,68946.5,11697.1,34.44,26.8368
9715.2,9057,70298.7,2755.44,2773,65121,17633.5,144.32,26.8399
17923.8,16080,73050.8,8513.28,8128,68642.5,13454.6,175.48,26.842
9008,8203,71967.4,3157.2,3135,66000.1,9954.72,22.96,26.8463
9434.88,8033,76973,4659.84,4401,69390.4,12188.9,82,26.8473
15648,14781,69380.1,5810.4,5817,65461.6,27504.7,-0.82,26.8494
18439,16153,74810.9,12452.4,10937,74616.5,7609.68,-4.92,26.8494
11993,10844,72479.8,5425.2,5116,69496.9,21340.1,60.68,26.8537
13560.3,13253,67055.7,6633.36,6657,65303.3,8890.56,74.62,26.8547
10372.5,9457,71880.2,3662.64,3573,67180.2,10789.2,82,26.8558
10304,8624,78302.8,7732.8,7008,72314,34633.4,78.72,26.8568
14042.2,12964,70986.8,6745.68,6388,69205.5,23346,-4.1,26.8579
9429.76,7981,77432.5,6338.88,6029,68904.4,46311.1,25.42,26.8579
8631.68,7988,70816.9,5044.32,5040,65592.2,16178.4,70.52,26.861
7295.36,6724,71104.8,2350.8,2372,64950.3,16354.1,35.26,26.8663
14035.2,12712,72357.7,5106.96,5020,66671.3,16503.1,-54.12,26.8695
7664.64,6220,80757.2,6131.52,5628,71399.3,27897.8,91.84,26.8695
10963.2,9913,72479,6922.8,6605,68689.3,14615.3,-38.54,26.8716
18392.3,16956,71087.5,7274.88,7160,66587.5,21372.5,109.06,26.8726
12097.9,11137,71190.6,5853.6,5569,68885.2,32977.4,0.82,26.8737
13722.9,12709,70764.2,3504.96,3445,66676.6,7125.84,6.56,26.8748
15829.1,14576,71170.2,10937.5,10928,65593.1,5266.08,-9.02,26.8758
13229.4,11640,74484.9,5538.96,5324,68182.1,9547.2,-52.48,26.8769
16397.4,14140,75998.8,12206.2,11544,69295.1,12212.6,67.24,26.8779
12937,11464,73956.4,8974.08,5992,98151.8,9437.04,57.4,26.8779
11342.1,10377,71631,4984.56,4857,67257.2,8100,36.9,26.879
13484.2,11928,74086,6541.2,6204,69098,8114.4,54.94,26.8811
10475.5,9380,73190.2,7632.72,7124,70215.9,12391.9,81.18,26.8821
16736,14109,77738.4,7062.48,6333,73084.9,53589.6,109.06,26.8843
11277.4,10457,70677.8,6027.12,6105,64700,5519.52,-28.7,26.8874
15669.1,14405,71287.2,6895.44,6865,65826.6,5088.24,-88.56,26.8885
9930.88,9226,70543,3214.08,3342,63027.5,27226.8,-66.42,26.8895
11683.8,10564,72483.2,4564.08,4452,67185.9,5299.92,82.82,26.8895
19553.9,10992,116583,13647.6,6144,145574,28416.2,286.18,26.8895
15889.9,14714,70773.5,5868.72,5786,66472.9,21167.3,98.4,26.8927
13242.2,12073,71883,4301.28,4221,66782.4,6382.08,-98.4,26.8938
10503.7,9896,69560.3,3075.84,3132,64360.9,38443,-72.16,26.8938
12367.4,11284,71828,5961.6,5460,71556.7,7951.68,97.58,26.898
9889.28,9265,69951.9,3884.4,3841,66276.5,5980.32,1.64,26.899
9543.68,8837,70776.8,3955.68,3861,67143.1,10489.7,-24.6,26.9096
8810.88,8340,69236.2,4172.4,4176,65479.5,8105.76,25.42,26.9106
13030.4,12424,68734.7,5387.76,5436,64954.4,15043,25.42,26.9106
6072.96,5692,69922.3,2878.56,2956,63819.1,5874.48,27.88,26.9149
13265.9,12333,70493.4,5592.96,5433,67465.5,7441.92,51.66,26.9149
15156.5,14461,68687.9,9676.8,9245,68596.9,14387,95.94,26.9159
14010.9,13221,69451.4,8856,7701,75365.1,8738.64,132.02,26.9159
5059.84,5050,65663.7,2391.84,2269,69084,6777.36,59.86,26.9191
6025.6,5925,66648.7,2574.72,2613,64575.9,10458,-4.1,26.9201
11358.1,11358,65536.5,4722.48,4730,65431.8,24081.1,-5.74,26.9201
18546.6,16582,73300.4,14621,13410,71454.5,31924.8,6.56,26.9212
15580.8,14960,68255.6,5382.72,5264,67014.1,22634.6,39.36,26.9222
10400,10028,67967.1,5467.68,5176,69229.1,9075.6,16.4,26.9233
19776.6,17812,72764.5,11172.2,10020,73072.3,37369.4,57.4,26.9233
11435.5,11091,67571.8,8038.08,7683,68564.8,16257.6,28.7,26.9254
15261.4,11776,84933.2,27273.6,26240,68117.5,51137.3,135.3,26.9296
15719.7,13639,75533.8,12646.8,11063,74918.3,23542.6,-2.46,26.9307
13768.3,13367,67503.6,13024.8,11635,73364.3,8775.36,32.8,26.9349
8772.48,8752,65689.4,9022.32,8420,70224.1,30414.2,-22.14,26.9349
15237.8,15564,64162.3,10067,9868,66857.9,6892.56,-5.74,26.9423
11054.1,11213,64607.2,7465.68,6877,71146,14853.6,37.72,26.9423
9303.68,8744,69730.8,6395.04,5836,71813.8,13626,-20.5,26.9465
7864.96,8112,63540.2,6774.48,6452,68811.6,21725.3,-9.02,26.9465
9919.36,9692,67073.4,6125.04,5564,72144.3,12131.3,-126.28,26.9476
6435.84,6781,62200.1,2289.6,2297,65324.9,25413.1,69.7,26.9476
9812.48,10601,60661.3,3602.88,3801,62120.1,24534,8.2,26.9497
24104.3,21981,71866.6,14040,13001,70773.4,33708.2,18.04,26.9518
7481.6,8280,59216.7,3309.84,3336,65022.1,9097.2,63.96,26.956
6961.28,7412,61550.8,3097.44,2960,68579,29612.2,-64.78,26.956
8492.8,7905,70409.1,6960.24,6417,71084,28056.2,50.02,26.9581
9815.04,10364,62064.7,2988.72,3036,64515.4,17666.6,-112.34,26.9592
17654.4,16249,71204.3,15357.6,14105,71356,21496.3,118.9,26.9613
9842.56,9746,66185.3,9870.48,9222,70144.4,11825.3,88.56,26.9623
9352.32,9512,64435.8,4317.84,4280,66115.4,5844.24,-2.46,26.9645
8503.68,9064,61484.7,3330.72,3420,63825.2,10615,-20.5,26.9676
7646.08,8414,59554.7,2430,2538,62747.2,49632.5,-16.4,26.9687
5660.16,6236,59484.3,2631.6,2712,63593.1,10501.9,40.18,26.9718
24225.9,18037,88023,24889,19413,84022.2,55001.5,74.62,26.974
12105.6,11976,66245.2,4464.72,4460,65605.4,9957.6,-52.48,26.9813
7259.52,7186,66206.5,2916.72,2966,64447.1,9074.88,33.62,26.9835
14275.8,12779,73212.4,9965.52,9167,71244.7,45475.2,-24.6,26.9856
13845.8,13157,68966.8,4868.64,4945,64524,23983.2,-9.84,26.9908
32058.2,26309,79857.4,26023,22213,76776.7,71186.4,120.54,26.994
10559.4,10016,69091.3,5184,5088,66772.5,15798.2,13.12,26.9951
8504.96,8228,67742,3634.56,3600,66165.1,15709.7,-36.08,26.9993
12257.9,11871,67672.1,6426,6335,66477.4,13771.4,-47.56,27.0035
11203.2,10855,67638.2,3676.32,3636,66262.7,16387.2,-68.88,27.0046
10188.8,10412,64131.1,3485.52,3576,63877.8,14934.2,75.44,27.0056
8302.72,8621,63116.5,2848.32,2877,64882.7,44230.3,-13.12,27.0056
11239.7,11004,66939.6,7964.64,7628,68428.3,22425.8,13.12,27.0077
13589.1,12397,71838.1,12479,11481,71233,22147.2,-41.82,27.0088
9693.44,9720,65356.9,4033.44,4156,63603.4,16468.6,-63.96,27.0098
10768,10597,66593.5,3304.08,3365,64349.5,42981.8,65.6,27.0098
11710.1,11025,69608.3,4492.8,4369,67393,10146.2,54.12,27.013
10039,9529,69043.8,3436.56,3389,66455.7,15064.6,90.2,27.013
12521.6,11853,69232.7,7153.2,6845,68486.8,11139.1,0.82,27.0141
15377.9,14835,67934.4,5982.48,5971,65662,15888.2,4.1,27.0172
12843.5,12505,67310.1,6033.6,5993,65980,11551,-45.92,27.0172
19331.8,17829,71060.2,9378.72,8949,68683,14156.6,20.5,27.0193
10907.5,10417,68622,5026.32,4833,68157.5,11239.9,-31.16,27.0204
6961.92,6881,66306.7,2761.92,2753,65748.4,10720.8,63.96,27.0214
19464.3,16184,78819.4,16394.4,14652,73329.5,50171,162.36,27.0225
8944.64,8437,69479.2,10268.6,9745,69057.5,21102.5,130.38,27.0225
5669.12,5960,62337.5,2561.04,2684,62533.7,7248.24,-1.64,27.0225
14149.1,13853,66936.9,6071.04,5689,69937,6667.92,-41,27.0236
8360.32,8376,65413.3,6753.6,6664,66417.2,12790.1,36.08,27.0236
7521.92,7760,63525.3,3230.64,3316,63849,30862.8,-35.26,27.0246
10951,11180,64193.9,3849.84,3992,63202.2,9085.68,17.22,27.0257
9665.28,10020,63215.9,4341.6,4256,66854.1,21371.8,46.74,27.0267
7477.12,7629,64231.3,3011.76,2985,66123.5,8957.52,-10.66,27.0331
5425.28,5837,60913.3,2651.04,2717,63945,25872.5,48.38,27.0341
10263.7,10737,62647,4286.16,4421,63537.2,11091.6,-13.12,27.0362
17050.9,16724,66816.9,7130.88,7040,66382,13767.8,-26.24,27.0373
11163.5,10744,68095,8813.52,8172,70680.7,41117.8,17.22,27.0394
11679.4,11533,66367.7,5457.6,5325,67167.9,9794.16,30.34,27.0447
5083.52,5339,62400,2535.12,2523,65850.8,28030.3,-57.4,27.0499
8515.2,8470,65885.7,2347.92,2150,71569,15405.1,32.8,27.0499
10175.4,9781,68178.4,3885.84,3825,66578.4,8894.16,18.86,27.052
15900.2,13721,75944.4,9099.36,8425,70781.7,40621.7,67.24,27.0531
16945.9,15641,71003.6,13585.7,13069,68127,8697.6,47.56,27.0531
13843.8,12637,71794.7,10576.8,9933,69783.7,15273.4,51.66,27.0542
13154.6,13284,64897.4,5399.28,5568,63550.2,13546.1,60.68,27.0542
10177.9,10218,65278.9,9293.04,6746,90280,11675.5,72.16,27.0552
16047.4,14685,71615.9,6989.76,6333,72332.4,33463.4,24.6,27.0573
11239.7,10960,67208.4,4343.04,4292,66315.4,18477.4,-2.46,27.0573
6256,6196,66170.6,4106.88,3536,76116.7,14979.6,925.78,27.0594
13811.2,13908,65079.9,5816.16,5792,65809.4,16454.2,0,27.0594
12416,11920,68263,5032.08,4880,67578.4,13452.5,68.06,27.0605
15381.1,14953,67412.4,6117.12,5901,67936.2,13387,14.76,27.0658
6327.04,6468,64107.7,2679.12,2740,64079.9,5114.16,38.54,27.0689
13372.8,11668,75111.4,8316,7696,70815.7,21929,25.42,27.07
11642.9,10156,75130.7,7968.96,7292,71620.1,54826.6,76.26,27.071
14334.7,13104,71691.1,8529.12,7892,70826.7,18294.5,14.76,27.0732
10016,9786,67076.3,3791.52,3914,63485.2,5176.08,-2.46,27.0753
12007,11745,66998.2,4245.84,4277,65058.5,6622.56,58.22,27.0753
8099.2,7809,67971.5,3488.4,3473,65826.6,9331.2,-4.1,27.0763
17209,15181,74290.6,16870.3,15657,70614.6,14685.1,38.54,27.0774
6188.16,5784,70115.4,13398.5,12904,68047.3,9877.68,591.22,27.0784
16521,15305,70742.7,7269.84,7037,67704.5,11592.7,90.2,27.0805
12016,11328,69516.3,5394.24,5508,64182.4,5231.52,-0.82,27.0816
8204.16,7741,69457.2,5587.92,5289,69239.9,18055.4,-38.54,27.0837
12793.6,12649,66285.2,4753.44,4861,64085.9,15931.4,-1.64,27.0848
12351.4,11657,69439.7,4853.52,4429,71817.6,32531,44.28,27.09
11194.9,9852,74468.9,7474.32,6952,70459.9,19077.1,77.08,27.0922
27576.3,22713,79568.6,22100.4,18713,77399.2,32631.1,125.46,27.0974
15926.4,14181,73602.2,11446.6,10277,72994.2,58451,21.32,27.1048
7704.32,7660,65915.2,2574,2652,63608.5,14438.9,45.1,27.1059
17514.9,13220,86827.2,24059.5,20324,77581.4,43522.6,132.84,27.1101
14706.6,12637,76268.8,8306.64,7577,71846.9,27811.4,79.54,27.1101
7731.2,7853,64519.5,4023.36,4141,63674.2,11288.2,-72.98,27.1122
12542.7,11680,70376.7,6100.56,5536,72219.4,28374.5,51.66,27.1122
13476.5,13309,66360.7,6541.92,6397,67020.7,7257.6,51.66,27.1133
10919.7,10588,67589,6562.8,6232,69014.7,26750.2,-9.02,27.1133
7260.8,7465,63743.3,2520.72,2621,63028.6,16455.6,22.14,27.1164
23027.2,20899,72209.7,17520.5,15991,71804.3,7976.16,-9.84,27.1175
12258.6,11945,67256.3,5430.96,5373,66243,8190.72,-30.34,27.1185
15625.6,14382,71202.8,16467.1,14814,72849.3,38864.9,94.3,27.1185
13831,13412,67583.6,6347.52,6096,68240,23739.1,-90.2,27.1196
14480,12973,73148.9,12150.7,11421,69723.3,30010.3,54.94,27.1228
19476.5,18584,68683.3,10276.6,9816,68610.9,30098.9,9.84,27.1238
9500.16,9240,67381.2,7537.68,7352,67191.2,11503.4,-9.84,27.1238
9585.92,8636,72744.7,7283.52,6712,71116.3,30379.7,0.82,27.1238
18656,14953,81765.5,22718.9,13069,113926,29120.4,124.64,27.1259
13537.3,13068,67889.4,6517.44,6332,67455.3,23479.2,-4.92,27.127
13478.4,13000,67947.7,4872.96,4760,67091.2,13142.9,29.52,27.1291
7283.84,6887,69312.3,4870.8,4659,68515.3,17721.4,18.86,27.1301
17035.5,16450,67868.7,7497.36,7318,67142.3,29360.9,20.5,27.1323
13657,13301,67289.9,6541.2,6241,68688.4,20923.9,59.04,27.1323
8316.8,8297,65692.4,3430.8,3421,65723.8,27977.8,115.62,27.1323
10526.1,10256,67261.8,4971.6,4884,66711.5,21543.8,21.32,27.1344
5399.68,5587,63338.7,2985.12,2979,65670.6,7847.28,-33.62,27.1344
20673.3,19253,70370.5,9519.84,8689,71802.5,38478.2,49.2,27.1365
15398.4,13478,74873.8,14429.5,13062,72397.3,39337.2,9.02,27.1365
14629.8,14405,66558.6,5878.8,5921,65068.9,14320.1,1.64,27.1375
10250.9,9592,70037.7,5636.88,5388,68563.2,11068.6,8.2,27.1386
10802.6,9781,72380.8,8097.12,7393,71777.7,14353.2,107.42,27.1407
7746.56,7589,66896.6,2393.28,2449,64044.9,11801.5,-65.6,27.1449
12173.4,11701,68182.1,7549.2,7281,67950.1,6415.92,-36.08,27.146
11544.3,10731,70503.1,7446.24,4971,98168.7,18398.2,50.02,27.1481
8990.08,8697,67744.5,3364.56,3421,64454.8,12578.4,0.82,27.1502
13020.2,11181,76316,6770.88,6237,71145.8,38433.6,-36.9,27.1513
11509.1,10253,73565,6932.88,6445,70497,31140,-17.22,27.1513
14323.8,13415,69975.9,8339.04,7799,70074,15603.1,60.68,27.1523
9283.84,9209,66068.6,6522.48,5613,76154.9,55291,65.6,27.1523
7860.48,8016,64264.5,2306.16,2468,61238.5,16238.9,-25.42,27.1534
14384.6,14389,65516.1,7205.04,7281,64852.3,15883.2,32.8,27.1565
9796.48,8396,76467.6,6343.2,5868,70843.2,32857.9,18.86,27.1586
11240.3,11199,65777.8,5605.92,5579,65852.2,13586.4,-5.74,27.1607
13532.2,11400,77793.3,9982.08,8956,73044.4,48952.1,-13.12,27.1607
10578.6,10234,67742.5,6881.76,6782,66500,27738,-41,27.165
9739.52,9157,69705.1,6887.52,6501,69432.5,17441.3,-9.84,27.1692
16601,15721,69204.3,5716.08,5593,66978.2,8182.08,21.32,27.1692
7456.64,7121,68625,2997.36,2913,67433.9,7076.16,-46.74,27.1713
11193,11120,65966,5819.04,5876,64900.7,34284.2,2.46,27.1713
8592.64,8408,66975.2,2643.84,2700,64172.9,15192,0.82,27.1724
11886.1,10853,71774.3,8061.12,7365,71730.3,21067.9,-10.66,27.1724
13076.5,11672,73421.9,7994.88,7420,70613.5,12186,-7.38,27.1734
12600.3,12361,66804.8,5124.24,5209,64469.6,8165.52,34.44,27.1745
11797.8,11169,69225.4,5142.96,4961,67939.7,11958.5,107.42,27.1745
16165.1,13688,77396.1,10602.7,9452,73514.6,47371,7.38,27.1808
6508.16,6534,65276.8,2253.6,2310,63935.9,29020.3,-13.94,27.1808
11406.7,11052,67639.4,5330.16,5240,66663.6,10079.3,56.58,27.1819
12814.1,12342,68042.7,5290.56,5110,67851.7,6475.68,14.76,27.1829
14522.2,14168,67174.6,8108.64,7992,66492.5,30761.3,27.06,27.184
12661.1,12116,68484.6,3575.52,3540,66193.6,17141.8,-22.96,27.1882
9633.92,9272,68094.1,2763.36,2796,64770.9,22577.8,88.56,27.1892
10628.5,9901,70351.3,9299.52,8921,68316.7,7998.48,-11.48,27.1892
10047.4,10021,65708.4,4046.4,4005,66213.5,11327.8,41.82,27.1903
7092.48,7341,63317.4,3499.92,3181,72106.5,17516.9,-11.48,27.1914
5923.2,5737,67663,2602.8,2589,65885.3,5240.88,-65.6,27.1924
13254.4,12045,72116.3,8783.28,8169,70464.1,24675.8,27.06,27.1945
10182.4,10019,66604.8,3358.8,3411,64533.1,16476.5,-4.92,27.1945
18729,16385,74911.3,9763.92,8965,71376.3,40158,119.72,27.1956
13180.2,12773,67625.1,6958.08,6721,67847.8,13096.1,64.78,27.1956
12039,11313,69741.9,8827.2,8277,69892.4,13063.7,6.56,27.1977
13386.9,13700,64038.1,5352.48,5524,63501.1,6556.32,36.9,27.1998
13759.4,13500,66795.1,5981.76,5884,66624.9,21175.2,8.2,27.2019
13788.8,13473,67072.1,6614.64,6545,66233.3,36406.1,67.24,27.2051
12547.2,12310,66798.8,3057.12,3058,65517.1,16660.1,-45.92,27.2061
5898.88,6004,64388.6,2766.24,2740,66163.6,24305,-14.76,27.2082
11625.6,11515,66165.5,6091.2,5851,68226.4,18805,-13.94,27.2093
7882.24,8073,63987.4,2824.56,2813,65805.3,8951.76,78.72,27.2114
7834.24,7798,65840.6,2036.16,2086,63970.2,10622.2,6.56,27.2146
6265.6,6905,59467.4,3095.28,3177,63850.3,16585.9,18.04,27.2167
7884.8,7576,68207.3,6593.04,5836,74037.3,20273.8,70.52,27.2188
5941.12,6212,62678.2,2632.32,2640,65345.4,7344.72,31.98,27.2262
9147.52,9000,66610.2,4573.44,4428,67688.6,16800.5,104.96,27.2272
8970.24,8584,68484.8,7147.44,6556,71448.2,14088.2,91.84,27.2272
24808.3,18448,88130.9,21870.7,18480,77560.6,21638.2,11.48,27.2315
6528,5913,72352.3,31696.6,30109,68991.5,37202.4,9745.7,27.2357
14245.1,13521,69045.8,9461.52,9429,65762,7716.96,27.88,27.2367
6272,6496,63276.1,1678.32,1684,65315,8775.36,13.94,27.2388
11342.1,11393,65243.1,5263.92,5234,65910.6,21579.8,78.72,27.242
6111.36,6635,60363.8,1954.8,2059,62219.4,6277.68,-59.04,27.242
14992.6,13153,74702.2,8979.12,8017,73401,21885.8,64.78,27.2431
10445.4,10737,63756.4,4362.48,4337,65921,5855.76,-70.52,27.2431
8841.6,8860,65399.9,5443.92,5260,67827.5,25269.8,-40.18,27.2473
6913.92,6345,71412.2,7452,6761,72234,21834.7,-43.46,27.2494
4555.52,5125,58253.8,1933.92,2049,61855.2,19283,-2.46,27.2505
11505.3,11081,68045.3,7395.84,7037,68877.9,13462.6,69.7,27.2515
6127.36,6320,63538.4,3106.8,3124,65175.2,9692.64,-27.06,27.2557
10385.3,10344,65797.5,4056.48,4104,64777.2,11803.7,15.58,27.2568
6412.16,6692,62795.5,2409.84,2208,71526.9,18962.6,53.3,27.2589
6267.52,6490,63289.4,2724.48,2474,72171.2,11543.8,16.4,27.26
18949.1,17184,72267.8,16418.2,14852,72446.9,40181.8,73.8,27.261
12838.4,12375,67990.1,10202.4,8675,77074.9,7375.68,95.12,27.2642
15512.3,15776,64440.6,3861.36,3920,64555.6,16638.5,-1.64,27.2673
13404.8,13212,66492.4,7570.8,7016,70718.4,22135,38.54,27.2684
15058.6,13045,75651.8,12438,11669,69854.9,9391.68,-31.16,27.2684
9493.12,9229,67411.5,5549.04,5133,70847.8,12290.4,43.46,27.2705
15614.7,13665,74886.7,9046.08,8341,71075.9,39582,-17.22,27.2716
9856,10057,64226.2,4563.36,4461,67039.8,8956.8,132.02,27.2726
16332.8,15944,67134.1,7415.28,7372,65920.8,5144.4,32.8,27.2726
12398.1,11536,70433.5,8652.24,8116,69866.1,22839.8,54.12,27.2747
12362.9,12461,65020,5500.08,5469,65908.4,11484.7,19.68,27.2768
8367.36,8485,64627.4,3698.64,3605,67238.3,15698.2,113.98,27.28
10307.8,7352,91884.5,152698,133544,74935.5,8560.08,2887.22,27.2811
23910.4,18599,84251.4,24495.8,19559,82077.8,48787.9,186.96,27.2832
8848,9061,63995.4,2856.96,2901,64541.1,8516.88,-5.74,27.2842
12014.1,11268,69875.3,9732.96,9232,69092.2,9743.76,96.76,27.2853
9136,9027,66327.3,2776.32,2739,66429,41336.6,-11.48,27.2895
15883.5,14158,73523.3,15282,13978,71649.8,29478.2,95.12,27.2927
9839.36,9808,65745.5,3951.36,3956,65459.1,6156.72,-27.88,27.2927
12689.9,12342,67383.5,6302.88,6102,67693.5,13849.2,34.44,27.2927
11599.4,11885,63960.9,5144.4,5289,63744.3,10298.2,-35.26,27.2948
11080.3,10220,71052.8,8467.2,8088,68608.6,40259.5,102.5,27.2958
8380.16,8476,64795,2827.44,2924,63371.8,15307.2,-14.76,27.299
10908.8,10800,66196.2,6970.32,6736,67815.8,10702.1,18.86,27.3022
18850.6,17436,70852.9,11450.9,10812,69408.5,12612.2,-29.52,27.3022
13892.5,13183,69063,8895.6,8700,67009.4,9426.96,-12.3,27.3043
13905.3,11305,80610,12025.4,10157,77591.7,16340.4,68.06,27.3064
11325.4,10750,69044.1,6175.44,5946,68064.9,14505.8,41.82,27.3074
12423.7,12369,65825.7,3099.6,2529,80322.4,9620.64,104.14,27.3085
22480,21512,68485,10214.6,10200,65630.1,20790.7,26.24,27.3085
10130.6,9756,68052.1,5368.32,5292,66481.1,11286.7,-83.64,27.3095
13910.4,13184,69146.8,5788.08,5780,65627.6,13494.2,10.66,27.3127
14140.2,12839,72177.7,8291.52,7751,70106.2,22918.3,24.6,27.319
8342.4,7827,69851.5,2595.6,2627,64752.7,16756.6,-7.38,27.3212
23576.3,21524,71784.9,12992.4,11984,71050.6,14556.2,63.96,27.3254
16897.3,15023,73712.3,10010.2,9307,70487.4,31077.4,71.34,27.3264
17304.3,15792,71812.1,8228.16,8100,66572.9,28324.8,82,27.3296
10636.2,9472,73590.7,4180.32,4164,65792.9,6264.72,-30.34,27.3307
14296.3,12527,74792.3,5864.4,5836,65854.9,11792.2,27.06,27.3349
11555.8,10039,75438.1,4128.48,4147,65243.3,7416.72,27.88,27.3349
23146.9,20221,75018.7,9307.44,9001,67767.2,14443.9,25.42,27.337
9139.84,7564,79189.4,2923.2,2904,65969.3,19085,-100.86,27.3391
13456,10841,81344.2,9254.16,8393,72260.3,31431.6,68.06,27.3412
10581.1,9573,72437.5,3280.32,3345,64268.8,10108.1,-9.02,27.3454
8304,7628,71343.9,2826,2952,62738.7,8036.64,-45.1,27.3465
17086.7,14659,76389.6,10528.6,10023,68841.6,25411,51.66,27.3465
6757.76,6177,71697.7,7773.12,5461,93283.1,22545.4,160.72,27.3465
16599,15051,72276.6,8723.52,8411,67971.1,15375.6,-38.54,27.3465
12145.9,11069,71912.1,6012.72,5998,65696.8,8082,-4.1,27.3497
9036.8,7476,79218.3,6976.8,6772,67518,14925.6,61.5,27.3507
10787.2,9809,72071.6,5818.32,5569,68470,17123,50.02,27.3528
6973.44,6380,71631.9,3027.6,3000,66138.9,21394.1,40.18,27.3528
14271.4,13200,70855.1,5552.64,5540,65685.5,43521.1,36.08,27.3528
23598.1,17004,90950.6,20607.8,17084,79053.8,19939.7,112.34,27.3549
11015.7,9409,76726.9,6959.52,6661,68473.1,34348.3,-4.92,27.356
8504.96,8548,65206,3084.48,3232,62544.7,21827.5,33.62,27.3581
13189.8,12706,68031.2,5568.48,5654,64544.7,9378,57.4,27.3581
8312.32,7569,71972,5928.48,5681,68390.9,15991.9,-20.5,27.3602
13625,12684,70397.8,6748.56,6460,68463.4,17991.4,27.06,27.3613
12139.5,11811,67358.9,7480.8,7411,66153.3,5932.08,34.44,27.3655
13772.8,13684,65961.3,4618.08,4768,63475.4,21253.7,18.86,27.3655
11537.3,9676,78142.5,7829.28,7324,70057.3,28273.7,-24.6,27.3655
21550.7,17372,81300.3,17591,15096,76367.7,31900.3,91.02,27.3697
17081.6,15067,74298.8,16543.4,15307,70829.8,28599.8,64.78,27.3708
8238.72,7986,67609.9,2908.8,2962,64358.9,6100.56,-64.78,27.3708
13034.9,12468,68515.7,3517.92,3408,67649.8,14519.5,59.04,27.3708
12144,11925,66739.6,3610.08,3781,62573.5,20193.1,-32.8,27.3718
13120,12878,66767.5,4482,4618,63606,14433.1,56.58,27.3729
12133.1,12003,66246.5,4083.84,4215,63496.7,17245.4,-18.86,27.3739
12046.7,11221,70358.6,7904.88,7733,66992.7,5541.12,57.4,27.375
13525.1,13441,65946.2,4421.52,4661,62168.8,15515.3,54.94,27.376
12677.1,11432,72673.9,6729.84,6488,67978.9,18566.6,-23.78,27.3781
13434.2,12987,67792.9,5237.28,5231,65614.7,12191,53.3,27.3803
8278.4,8200,66162.6,3662.64,3788,63367.2,30007.4,-7.38,27.3824
11304.3,10889,68035.6,5701.68,5645,66194,12757.7,-38.54,27.3824
9246.08,8709,69577.6,8820.72,8465,68290,12151.4,-77.08,27.3824
11149.4,10571,69122.1,4226.4,4152,66710.4,16944.5,24.6,27.3887
14614.4,13885,68978.7,5221.44,5129,66717.2,5262.48,-2.46,27.3898
12272,12088,66533.6,4990.32,4840,67571.4,11820.2,-9.84,27.3908
7544.32,7421,66625.1,2845.44,2845,65546.1,8687.52,-27.06,27.3929
10864.6,10528,67631.6,6899.04,6596,68546.9,13703,41,27.394
18173.4,16936,70324.4,8817.84,8440,68469.9,10780.6,-68.88,27.3993
13059.8,12694,67424.7,5114.16,4998,67059.1,9136.8,-19.68,27.3993
14131.2,12431,74499.4,15062.4,14427,68422.4,22016.9,85.28,27.4045
12832,12060,69731.2,5700.96,5512,67782.7,5641.92,-41.82,27.4077
11322.2,11136,66632,5768.64,5780,65407.2,9529.2,27.06,27.4098
16190.7,16008,66284,7338.96,7256,66285.3,18859,83.64,27.4151
9038.72,9241,64101.5,5050.8,5021,65925,8886.96,35.26,27.4151
8390.4,8725,63022.7,2150.64,2101,67084.4,10609.9,-48.38,27.4161
12911.4,12853,65833.6,7071.84,6549,70768.1,19871.3,70.52,27.4172
19538.6,15701,81554,16817,14101,78159.1,25427.5,134.48,27.4225
10001.3,10127,64722.4,4506.48,4379,67443.9,25650.7,-91.02,27.4235
8279.68,8648,62744.8,3983.04,4040,64612,6476.4,-24.6,27.4246
9927.04,10273,63329,4068,4213,63280.4,12187.4,63.96,27.4256
13834.9,14005,64739.9,6681.6,6741,64958.5,5793.12,50.02,27.4267
10753.3,11167,63108,5621.04,5759,63966.1,14563.4,-18.86,27.4277
16681,16172,67598.5,7019.28,6872,66940.6,6691.68,49.2,27.4277
18019.2,17927,65873.1,6580.08,6643,64915.3,7008.48,-60.68,27.4299
16360.3,15080,71100.1,16017.1,15228,68932.1,25852.3,183.68,27.4351
39445.1,31292,82611.4,117972,83212,92912.3,76529.5,8081.92,27.4372
7024,6337,72640.8,6341.76,6097,68166.9,17127.4,31.16,27.4372
17465,14377,79612.1,11470.3,10473,71776.9,66397.7,86.92,27.4383
12468.5,12294,66466.1,5349.6,5430,64565.6,22073.8,-46.74,27.4415
10899.2,9348,76411,8750.16,8244,69559.7,38049.1,10.66,27.4415
9007.36,8066,73184.5,8215.92,7698,69945.3,29476.8,-23.78,27.4436
12496.6,11976,68385.1,7429.68,6860,70978.4,13130.6,-17.22,27.4446
14595.8,14096,67859.9,5268.24,5236,65939.5,22700.9,-43.46,27.4457
11040,10928,66207.7,4549.68,4400,67765.4,15415.2,-1.64,27.4489
6310.4,6209,66606.3,3508.56,2593,88676.1,9591.12,91.84,27.4489
7632,7721,64780.6,3057.84,3181,62998.6,24053.8,80.36,27.4489
5376,5420,65004,2932.56,2984,64406.3,14926.3,-13.12,27.4489
15006.1,13705,71757.6,7708.32,7133,70821.9,55587.6,66.42,27.4499
9927.68,8629,75399.3,7917.84,7105,73033.6,11155.7,45.92,27.451
12993.9,12317,69137.8,7103.52,6765,68815.4,19972.1,91.02,27.452
19521.9,17496,73124.6,14415.1,12428,76014.6,23786.6,66.42,27.4552
12091.5,11808,67109.6,7976.88,7652,68318.5,11013.1,82.82,27.4552
9882.24,9885,65517.7,4773.6,4877,64146.5,13582.1,34.44,27.4583
9610.24,9553,65928.7,4018.32,4049,65039.4,28979.3,21.32,27.4594
12769.3,12054,69424.9,11008.1,10546,68407.5,16032.2,116.44,27.4594
6329.6,6040,68678.3,2964.24,2972,65364.9,14494.3,-59.86,27.4605
10723.8,9333,75302.4,6215.04,5893,69117.4,12826.1,52.48,27.4605
6757.76,6350,69744.3,3394.08,3258,68273.3,10535.8,-77.9,27.4689
11270.4,10506,70304.3,4399.2,4174,69071.9,22875.8,14.76,27.4689
6775.04,6405,69322.3,3650.4,2917,82013.2,7086.96,188.6,27.471
16308.5,15301,69851.2,9290.88,9013,67556.5,7392.24,28.7,27.4731
15633.9,13237,77403.1,10207.4,9473,70617,60714,82.82,27.4742
11856,10261,75723.1,11568.2,10801,70191.3,39123.4,18.86,27.4784
18079.4,16929,69989.3,7258.32,7233,65765.4,18596.2,54.94,27.4784
10955.5,10200,70390.3,4739.76,4604,67468.5,12323.5,-9.02,27.4795
14842.9,13927,69845.8,6014.88,5939,66373.3,4937.76,-13.12,27.4795
18233.6,16429,72734.6,10729.4,10189,69012.1,37514.2,89.38,27.4816
11100.2,11284,64468.3,5826.24,5860,65158.4,21240.7,156.62,27.4826
7315.2,7279,65861.9,2413.44,2492,63470,34323.1,46.74,27.4858
8848.64,7753,74797.4,9122.4,8473,70558.9,12670.6,24354.8,27.4868
18106.9,16544,71727.1,11383.9,10676,69881.7,10291,57.4,27.4879
9585.92,7816,80376.5,7418.16,6764,71874.1,26397.4,41,27.4932
9996.8,9119,71844.5,6956.64,5707,79886.2,11758.3,13.94,27.4942
19137.9,14457,86755.4,16313.8,12905,82846.8,6276.24,150.06,27.4953
18554.2,17123,71013.9,10670.4,10551,66277.6,14803.2,-58.22,27.4974
7093.12,6854,67822.4,2603.52,2658,64192.7,11915.3,-17.22,27.4985
10568.3,10005,69225.9,6654.24,6501,67080.8,9618.48,-31.16,27.4985
18643.2,17913,68207.5,9151.2,9101,65897.5,34021.4,29.52,27.5016
10261.1,10261,65536.8,3884.4,3953,64398.7,8273.52,33.62,27.5037
12903,12804,66042.9,7326,7316,65625.6,8803.44,95.12,27.5048
15720.3,15232,67637,10658.2,10544,66245.6,15943.7,68.06,27.5079
10917.1,9487,75415.2,7771.68,7243,70319.6,15433.9,28.7,27.5132
13694.1,13388,67034.3,4609.44,4348,69476.6,9055.44,13.94,27.5143
6953.6,6973,65353.7,3180.24,3257,63991.5,15240.2,59.86,27.5153
10670.1,9989,70004.4,7379.28,6753,71613.9,17474.4,-22.14,27.5164
11471.4,11233,66926.6,7127.28,6917,67528.3,8185.68,44.28,27.5227
13112.3,12800,67135.1,8028.72,7412,70989,8790.48,-2.46,27.5269
12576.6,12584,65497.7,5763.6,5464,69129.4,6645.6,53.3,27.5269
18750.1,17593,69846.3,6391.44,6189,67679.7,13538.2,-1.64,27.5269
10810.2,10273,68963.3,7875.36,7329,70421.6,6115.68,-17.22,27.528
10769.3,10676,66108.6,6263.28,6160,66634.8,9977.04,62.32,27.5333
12144.6,11321,70304,7308,6637,72161.7,16753.7,16.4,27.5354
6950.4,6437,70763,5518.08,5093,71005.9,30086.6,14.76,27.5364
12406.4,12245,66399.8,10374.5,9589,70904.4,8333.28,-39.36,27.5364
5159.68,5836,57941.2,2392.56,2540,61731.8,11838.2,-15.58,27.5417
10428.2,10776,63420.6,5077.44,4956,67141.9,5703.84,31.16,27.5417
8557.44,8847,63391,3934.08,3899,66125.6,20921,13.12,27.5428
12926.1,13289,63746.2,6135.84,6093,65996.8,14981,119.72,27.5428
12137.6,12385,64226.9,6663.6,6757,64630.1,5990.4,92.66,27.5438
7136,7500,62355.3,2880.72,2892,65280.4,10786.3,-40.18,27.5459
7038.08,7584,60818.5,3965.04,3892,66765.9,8408.88,-7.38,27.5502
7733.76,8252,61420.2,3488.4,3656,62531.7,6990.48,52.48,27.5512
17922.6,15244,77051.5,11023.2,9948,72619.3,37062.7,-2.46,27.5512
4680.96,5024,61061.2,2184.48,2240,63911.6,7229.52,21.32,27.5512
7870.72,8155,63251.4,3149.28,3151,65500.2,14289.8,27.06,27.5523
10390.4,9480,71829.7,19246.3,8300,151967,16857.4,1220.16,27.5533
15436.8,8569,118061,6836.4,3305,135561,24205.7,124.64,27.5533
15119.4,14881,66585.7,14573.5,14049,67982.8,41410.1,78.72,27.5554
20645.8,19400,69744.4,12991,12072,70524.8,47589.1,71.34,27.5554
20584.3,19100,70629,16090.6,14796,71270,21406.3,13.12,27.5575
8832,9254,62547.4,3399.84,3510,63479.2,10797.8,88.56,27.5575
12583,12697,64947.8,6582.96,6521,66158.7,14328.7,-8.2,27.5597
11131.5,11080,65840.7,5247.36,4936,69670,31929.8,35.26,27.5597
10569.6,10648,65053.5,5106.24,5196,64403.9,13205.5,75.44,27.5607
12425.6,11637,69977.2,9808.56,9313,69023.3,73353.6,53.3,27.5618
9109.76,9285,64299.1,4824,4737,66739.6,15606,-39.36,27.5639
11830.4,11689,66328.8,5749.2,4281,88012,6855.12,-40.18,27.5649
14279,14249,65674.2,4869.36,4841,65919.9,21425,124.64,27.566
10188.8,9641,69259.7,7176.24,6777,69396.8,23554.1,27.88,27.5692
12309.8,12853,62766.1,4946.4,5029,64459.6,18700.6,-19.68,27.5692
6939.52,6868,66218.5,2512.8,2468,66725.6,16063.2,-4.92,27.5755
7066.24,6940,66728.1,2563.92,2568,65431.9,9301.68,32.8,27.5787
8320.64,8025,67950.3,4128.48,3993,67759.6,35568,72.16,27.5787
17682.6,15674,73934.2,13747,12222,73713,40860.7,73.8,27.5808
5850.24,6053,63340.7,2455.92,2533,63541.7,10411.2,-52.48,27.5818
9831.04,9589,67190.2,2979.36,2917,66937,14320.1,52.48,27.5829
9941.12,9718,67040.7,7183.44,6630,71006.6,7737.84,35.26,27.5839
6921.6,7076,64106,4274.64,2592,108080,19011.6,51.66,27.5839
5849.6,6236,61475.2,3198.96,3080,68067.2,20866.3,27.88,27.585
11207,10996,66793.8,4010.4,3952,66504.4,10805,17.22,27.5871
13216,12665,68387.2,6787.44,6553,67880.6,9071.28,31.16,27.5882
10370.6,9767,69585.9,9604.8,8807,71472.7,7386.48,91.02,27.5892
15227.5,14116,70696.4,6722.64,6132,71848.5,36609.1,55.76,27.5903
11899.5,11757,66330.4,4402.8,4393,65682.2,7092,68.06,27.5903
7348.48,7100,67829.6,3599.28,3560,66259.1,5420.88,-28.7,27.5924
13520,13385,66197,4986,5113,63908.2,4762.08,-38.54,27.5945
7325.44,7357,65254.9,2679.12,2733,64244,10209.6,15.58,27.5966
25417.6,23745,70152.4,10769.8,10001,70573.6,48421.4,111.52,27.5977
18530.6,16472,73726.3,13338.7,12188,71723.5,35550,22.14,27.6008
15251.8,15020,66547.6,7936.56,7928,65606.8,12247.2,-2.46,27.6019
16943.4,15388,72160.1,9164.88,7996,75116.3,25982.6,-13.12,27.6029
5420.8,5616,63258.1,2916,2496,76563.7,8426.88,149.24,27.604
12899.8,12953,65267,7835.04,7865,65286.4,27908.6,-27.88,27.605
7570.56,7440,66686.1,3635.28,3648,65307.5,8534.88,-15.58,27.605
8940.16,9219,63553.8,3008.16,3095,63697.2,7201.44,18.86,27.605
11834.2,11581,66969.1,4734.72,4765,65119.5,16155.4,86.1,27.6071
9207.68,8757,68908.8,3381.84,3345,66257.8,10929.6,-23.78,27.6071
13622.4,13308,67084.3,7805.52,4876,104910,7120.08,6.56,27.6082
12405.1,11820,68780.2,6099.84,5900,67755.8,13538.2,68.88,27.6082
8457.6,8304,66748.2,7871.04,7584,68016.4,21240.7,-28.7,27.6114
9320.96,9009,67805.4,6347.52,5909,70399.6,24621.1,9.02,27.6124
5383.68,5549,63583.5,2082.96,2137,63878.7,6701.04,-36.08,27.6135
13166.1,13101,65861.6,2898,2989,63540.8,7706.16,4.1,27.6135
11639.7,11983,63658.4,7089.12,7003,66341.9,22847,7.38,27.6188
5946.24,6501,59943.5,3253.68,3381,63068.1,28342.8,46.74,27.6251
11461.1,11507,65274.7,3722.4,3651,66817.6,20759,41.82,27.6251
14012.8,13388,68594.5,9685.44,9208,68934.1,16583.8,72.16,27.6283
9773.44,9969,64250.4,4703.04,4421,69716.9,5662.08,-7.38,27.6283
6552.96,6743,63689,2514.96,2583,63809.7,25493.8,-34.44,27.6293
19977.6,17829,73433.8,8963.28,8289,70867.1,80614.8,129.56,27.6293
8123.52,8429,63160.9,3702.24,3753,64649.6,7539.84,14.76,27.6304
13582.7,13442,66222.1,6208.56,6038,67387.3,24456.2,160.72,27.6314
11127.7,10977,66435.6,9344.88,8485,72177.5,13987.4,46.74,27.6325
11296,10856,68192.2,4587.84,4460,67414.5,12143.5,4.92,27.6346
12485.1,11735,69725.2,8678.88,8035,70787.7,18316.1,30.34,27.6346
11047.7,9605,75379.6,7097.04,6149,75640.2,11644.6,63.96,27.6356
9916.8,9877,65800.1,6594.48,6517,66315.2,10923.8,-60.68,27.6356
28985.6,20709,91728.2,31039.2,24181,84123.3,89999.3,282.08,27.6356
11123.8,10685,68227.6,6260.4,5933,69152.5,22533.8,73.8,27.6367
9543.68,9676,64639.8,4584.24,4588,65482.3,25385.8,152.52,27.6378
8647.04,8536,66388.5,3782.88,3688,67222,22859.3,105.78,27.6399
7939.2,7868,66129,4716.72,4604,67140.5,11663.3,19.68,27.6409
11511,10876,69362.6,8370.72,7612,72068.3,12692.2,114.8,27.642
9027.84,9130,64802.7,3071.52,3134,64229.5,12680.6,-39.36,27.6451
10055,10100,65244.3,4016.16,4100,64195.9,12602.9,34.44,27.6451
14384,13729,68662.7,7213.68,6949,68032.2,11341.4,22.14,27.6451
5500.8,5716,63068.7,2015.28,2032,64996.8,8064,-9.84,27.6483
18825.6,15523,79479.1,12286.8,10983,73315.8,63931.7,0.82,27.6494
21881.6,16013,89554.3,20684.2,17373,78026.7,32019.8,90.2,27.6494
12557.4,12042,68341.2,7613.28,7390,67516.1,26009.3,95.94,27.6515
8913.28,8837,66101.7,3576.24,3505,66868,5319.36,-49.2,27.6546
7677.44,7777,64697,3346.56,3317,66120,8181.36,14.76,27.6557
11521.3,11523,65526.2,5066.64,4931,67338.8,9792,33.62,27.6589
11273,11460,64466.4,2987.28,3028,64654.7,10110.2,72.98,27.6589
11859.8,11265,68996.6,5715.36,5329,70287.5,8278.56,0,27.6599
11943.7,11505,68034.9,5825.52,5765,66224,19971.4,41,27.662
14833.9,13985,69514.2,4199.04,4113,66907,23002.6,31.98,27.6641
20579.8,19706,68442.1,10260.7,10174,66094.6,9363.6,45.92,27.6641
7863.68,7186,71716.4,3483.36,3430,66555.5,9617.76,103.32,27.6652
8868.48,8252,70432,2549.52,2524,66198.6,30862.1,41,27.6662
9518.72,8105,76967.2,6238.08,5821,70231.7,7993.44,-10.66,27.6694
7582.72,6845,72599.1,2397.6,2429,64688.8,9906.48,76.26,27.6705
11576.3,10028,75654.7,6546.96,5000,85812.3,16221.6,19.68,27.6736
13582.1,12748,69823.9,5016.96,5132,64066.9,4975.2,22.96,27.6747
10378.9,9432,72115.2,3936.24,3992,64620.6,9857.52,57.4,27.6757
9116.16,8115,73621.3,2815.2,2851,64713.1,19097.3,12.3,27.6768
13607.7,12068,73897.3,7338.24,7152,67242.6,29691.4,33.62,27.6789
17319,15549,72996.4,10374.5,9677,70259.6,23339.5,91.84,27.6821
13093.1,12365,69395.1,6152.4,6025,66921.8,19347.1,111.52,27.6831
10889.6,10361,68879.5,3108.96,3129,65116.3,14051.5,27.88,27.6831
11015.7,10457,69037.3,7297.2,6825,70070.2,15255.4,-4.1,27.6852
10026.9,10372,63355.3,4541.76,4560,65273.9,6529.68,50.02,27.6852
11364.5,11609,64155.6,5294.88,5449,63682.4,15079,4.92,27.6863
6389.12,6669,62785.6,3518.64,3641,63333.6,14880.2,13.12,27.6874
12609.9,12464,66303.3,6993.36,6868,66732.2,5207.76,41.82,27.6884
6570.24,6920,62223.6,1742.4,1816,62879.9,7675.2,-38.54,27.6884
14079.4,14000,65907.5,5616.72,5552,66300,19147.7,69.7,27.6905
13827.2,14287,63426.8,10979.3,10683,67353.6,19230.5,-20.5,27.6926
4514.56,5065,58413.9,1773.36,1821,63821.5,18084.2,19.68,27.6937
10589.4,10844,63997.6,6168.96,6024,67113,12829,77.08,27.6937
17107.8,15617,71792.2,17666.6,15793,73311,39283.9,143.5,27.6969
17463.7,17001,67319.6,8767.44,8265,69520,4944.96,92.66,27.6969
6536.96,7369,58136.3,2880,2989,63146.1,6982.56,-21.32,27.7
8986.88,9381,62782.7,6997.68,6673,68724.7,15238.8,77.9,27.7032
7936,8005,64971.1,6114.24,5845,68554.8,9625.68,14.76,27.7042
10672,10376,67405.6,9344.88,8968,68290.2,31369.7,31.98,27.7042
7712.64,7401,68295.6,170582,153129,73005.7,22959.4,3795.78,27.7063
5941.76,6572,59251.2,2449.44,2392,67109.7,7584.48,1.64,27.7095
12195.8,12555,63661.2,5168.88,5103,66382.1,20214.7,42.64,27.7106
8165.76,8592,62284.8,3285.36,2884,74656.5,13327.9,4.92,27.7127
11534.1,10793,70035.9,9270.72,8281,73368.7,22751.3,50.84,27.7148
11209.6,11432,64261.1,6668.64,6312,69238.9,13821.8,33.62,27.7169
7000.96,7424,61801.6,2973.6,2996,65046,9026.64,18.86,27.718
11097.6,11417,63702.6,6400.8,6089,68891.9,6999.12,131.2,27.719
11659.5,11951,63937.6,5364.72,5295,66398.9,10422,105.78,27.719
6142.72,6997,57534.6,2864.16,2961,63392.6,16215.1,6.56,27.7201
36320.6,29208,81495.1,32806.1,27132,79241.5,58957.9,69.7,27.7222
4921.6,5773,55870.8,2009.52,2077,63406.8,14453.3,5.74,27.7243
10314.2,10842,62345.9,6805.44,6734,66231.3,23695.9,44.28,27.7285
20800.6,19708,69169.4,13595,12808,69563.1,23992.6,99.22,27.7359
12741.1,12177,68572.1,8155.44,7777,68725.1,33077.5,118.9,27.7412
7854.08,7970,64582.8,3319.92,3078,70686.9,6657.84,45.1,27.7422
7453.44,7830,62384.2,2896.56,2914,65143.8,13762.1,-56.58,27.7422
10412.8,10761,63415.4,4286.88,4397,63894.7,5545.44,-73.8,27.7433
7493.12,7333,66967,1769.04,1793,64660.2,10900.1,-42.64,27.7507
10590.1,10652,65155,3960.72,4104,63248,11843.3,-51.66,27.7507
15499.5,14764,68800.9,8804.16,8280,69684.7,16653.6,2.46,27.7517
9959.68,9784,66712.8,3083.76,3228,62607.6,24103.4,-52.48,27.7549
15397.8,14116,71486.8,7830,7700,66642.5,16922.2,-54.12,27.7559
13312,12510,69737.4,6789.6,6542,68016.4,6516,6.56,27.757
18583.7,16390,74307.5,15121.4,14118,70194,35600.4,-50.02,27.757
12147.2,11528,69056.1,7649.28,7480,67019.1,6919.92,95.12,27.7665
7671.04,7377,68148.2,5237.28,5297,64797.1,6995.52,22.96,27.7686
16060.2,14272,73747.1,12798.7,11552,72608.8,43178.4,24.6,27.7739
12192,11545,69208.7,3921.12,3897,65941.6,35924.4,10.66,27.7749
12393.6,12017,67589.8,4650.48,4709,64721.6,5874.48,0.82,27.776
6069.12,5961,66724.7,9858.24,9277,69642.1,7783.2,1914.7,27.7771
7592.32,7756,64153,2521.44,2572,64247.7,11137.7,-9.84,27.7802
9214.08,8960,67394.4,4096.8,4064,66064.9,15613.2,41,27.7844
8449.92,8312,66623.4,3189.6,3228,64756.4,7239.6,22.14,27.7866
12204.2,11817,67683.1,3743.28,3693,66428.3,5112.72,14.76,27.7897
6370.56,6439,64839.4,5042.88,2915,113376,7491.6,271.42,27.7897
13636.5,13241,67493.4,5906.16,5881,65816.4,20797.2,-14.76,27.7908
6593.92,6781,63727.9,3607.2,3661,64572.9,32155.2,-21.32,27.7929
11848.3,11213,69249.2,6192.72,5929,68451,11211.8,88.56,27.7971
6568.96,6656,64679,2683.44,2448,71839,17226,18.86,27.8003
11113,10028,72626.5,7264.8,6700,71060.6,21813.1,27.06,27.8003
15687,14402,71383.5,8090.64,7570,70043.4,30850.6,-34.44,27.8003
12671.4,12197,68084.8,6929.28,6533,69511.3,48616.6,-22.96,27.8013
10119,9830,67463,4279.68,4214,66557.5,6050.88,-35.26,27.8013
9489.92,9339,66595.1,4597.92,4495,67036.6,9056.88,43.46,27.8013
11895,10948,71205.1,7161.12,6692,70130.2,23759.3,33.62,27.8034
9022.08,8628,68529.3,7600.32,7156,69605.2,6852.96,35.26,27.8077
14669.4,14168,67855.5,6644.88,6760,64420,38157.1,-43.46,27.8108
12088.3,11721,67589.8,4458.96,4493,65039.5,6282,-59.86,27.8172
10435.2,9844,69471.9,3293.28,3312,65165.6,21019,-44.28,27.8193
11253.8,9985,73863.4,6094.8,5893,67780.2,15277.7,19.68,27.8193
10659.8,10389,67244.5,3983.04,4053,64404.8,7056.72,52.48,27.8224
13159.7,11968,72061.6,10421.3,9920,68847.7,27940.3,-5.74,27.8235
8736,8706,65761.8,3543.84,3686,63008.4,10523.5,62.32,27.8235
12209.3,11437,69961.3,6183.36,6045,67036,12757.7,75.44,27.8277
8490.88,8304,67010.9,3083.04,3072,65771.5,14619.6,85.28,27.8298
13882.9,13361,68095.8,6095.52,6245,63967.3,13319.3,9.02,27.8319
12635.5,12683,65290.7,5388.48,5563,63480,10247,-37.72,27.8351
15075.2,14972,65987.7,6526.8,6760,63275.2,15840,23.78,27.8362
15799.7,15185,68188.9,8110.8,7637,69601.9,8489.52,3.28,27.8372
5959.04,5889,66315.4,2593.44,2689,63207,8417.52,-21.32,27.8383
11963.5,11365,68987.3,4653.36,4081,74727.4,5011.92,-49.2,27.8435
6524.8,6539,65393.7,2610.72,2719,62926.1,39924.7,-62.32,27.8446
14965.1,15004,65366.2,5441.04,5656,63045.3,24897.6,-68.06,27.8467
6353.92,6946,59949.7,3024,3126,63397.6,27493.2,99.22,27.8509
10937.6,11425,62740.2,4330.8,4437,63967.4,18019.4,25.42,27.852
13559,13731,64715.3,5150.16,5367,62888.2,5434.56,9.84,27.8551
14137.6,11728,79000.8,14709.6,12356,78019.5,16424.6,166.46,27.8583
17786.9,15954,73065.1,14945,13842,70758.4,13510.8,18.86,27.8615
5557.12,5785,62954.4,2688.48,2717,64848.1,7332.48,-25.42,27.8615
10577.9,10512,65947,5101.2,4832,69187.1,8344.8,-1.64,27.8625
16604.8,16284,66827.1,8285.04,7708,70442.2,21091,73.8,27.8636
15482.9,15364,66043.1,6822.72,6672,67016.5,18501.8,92.66,27.872
12936.3,12661,66961.1,11067.1,7809,92879.3,12073.7,239.44,27.872
9290.88,8570,71048.7,7614,7070,70578.7,8690.4,-18.86,27.872
27168,20841,85431.7,20782.8,17293,78761.4,15590.9,-58.22,27.872
9429.76,9813,62976.5,5670,5557,66868.7,14627.5,-26.24,27.8731
8092.8,8664,61215.3,3180.96,3148,66222.2,4790.16,-53.3,27.8741
8356.48,8809,62169.4,3243.6,3321,64008.6,4831.2,18.86,27.8763
11676.8,11505,66514.6,9632.88,9089,69457.6,14600.9,113.16,27.8763
6673.92,7005,62438.5,6083.28,5913,67423.3,18514.1,151.7,27.8763
12973.4,13017,65316.7,6273.36,6237,65918.1,9073.44,63.14,27.8773
6852.48,7228,62131.2,2190.24,2348,61132.7,15651.4,5.74,27.8815
7513.6,7921,62165.3,3019.68,3185,62134.3,11638.1,22.14,27.8826
33824,21773,101809,240824,163513,96522.3,57903.1,18286,27.8836
10795.5,11141,63503.7,5035.68,5009,65885.1,8464.32,89.38,27.8847
13836.8,13656,66403.7,11218.3,10892,67499.4,7522.56,95.12,27.8847
8916.48,9004,64899,4821.12,4536,69655.4,30481.2,-9.84,27.8868
9851.52,10203,63278.4,5914.8,6123,63307.6,12025.4,10.66,27.8879
15646.7,15513,66100.9,7909.2,8013,64687.1,41083.2,-33.62,27.8889
9715.2,8933,71274.5,6876,6625,68019,15438.2,-43.46,27.89
9013.76,9144,64602.6,3079.44,3128,64518.6,22939.2,25.42,27.89
11227.5,11261,65341.2,5734.8,5737,65510.9,9093.6,9.02,27.891
13174.4,13657,63220.1,7585.2,7629,65159.7,16936.6,61.5,27.8921
14684.8,14400,66832.2,9972,10164,64298,10819.4,54.94,27.8942
11697.9,12141,63144.3,6021.36,5757,68545.4,6603.12,30.34,27.8963
7724.16,7108,71217,7436.88,6724,72484.1,10763.3,135.3,27.8995
11721.6,11932,64380.4,5915.52,5932,65353.9,16389.4,5.74,27.9016
12213.1,11102,72095,10016.6,9422,69672.1,11781.4,52.48,27.9016
12463.4,12294,66438.8,6428.16,6470,65112.2,5078.88,60.68,27.9026
14389.1,13400,70373.5,12160.8,11752,67815.7,5007.6,111.52,27.9058
13461.1,13281,66424.8,4481.28,4613,63664.7,14341.7,86.1,27.9079
9301.12,9043,67406.6,5533.92,4231,85717.6,8004.96,22.14,27.9111
8760.96,8704,65964.9,2893.68,2996,63297.8,17647.2,-26.24,27.9121
12807,12489,67204.9,5466.24,5289,67732.2,13685,12.3,27.9142
6110.08,6157,65036.6,2689.2,2781,63372.7,17103.6,38.54,27.9142
9912.32,9892,65670.6,5083.92,5088,65483.5,10146.2,36.9,27.9195
7973.12,7405,70564,6939.36,6525,69697.8,11154.2,53.3,27.9206
11028.5,10946,66029.8,5858.64,5830,65857.9,9992.88,82,27.9216
11125.1,10741,67879.7,3289.68,3349,64375.2,37375.9,47.56,27.9237
11198.1,10996,66740.4,3461.76,3556,63799.2,22901.8,76.26,27.9248
32135.7,27552,76438.9,18275.8,16512,72536.4,36141.1,145.96,27.9301
12282.2,11754,68481.3,5664.96,5534,67086.9,9058.32,65.6,27.9322
9100.8,9371,63646.4,3698.64,3839,63139.9,5088.24,-4.92,27.9322
15879.7,15753,66063,9778.32,9625,66580,22770,167.28,27.9322
10772.5,10947,64491.2,3857.76,3939,64184.4,13681.4,8.2,27.9354
10009,9729,67421.9,5916.96,5781,67077.3,18056.2,-36.9,27.9354
18924.2,16724,74157.7,14608.8,13280,72093.6,13905.4,82,27.9396
13279.4,12365,70382.2,10027.4,9277,70837.4,19799.3,41,27.9417
13946.9,14248,64150.9,4577.76,4776,62815.8,20373.8,34.44,27.9449
21569.3,20604,68606.3,11084.4,10908,66595.8,6920.64,74.62,27.9459
5117.44,5157,65033.3,2171.52,2229,63846,7274.16,41.82,27.9459
20423.7,16584,80709.5,13687.9,12072,74308.5,6476.4,132.02,27.947
11635.8,11416,66798,5071.68,5068,65583.6,13159.4,82,27.948
7780.48,7881,64700.1,2355.12,2349,65706.7,15671.5,4.92,27.9501
9555.2,9384,66731.6,2154.24,2136,66095.6,7218.72,32.8,27.9522
14925.4,14409,67884.9,7410.96,7017,69215.4,10928.9,0.82,27.9533
7448.32,7453,65494.9,3108.96,3133,65033.1,10895.8,-2.46,27.9543
7446.4,7800,62565,3239.28,3356,63256.7,10108.1,-20.5,27.9543
14844.8,14288,68089.9,8982,8612,68351.6,10966.3,56.58,27.9554
14513.3,13989,67992.2,8982,8705,67621.4,14170.3,-4.92,27.9554
13423.4,13581,64775.3,5893.92,6137,62940.2,9325.44,77.08,27.9565
16247,15100,70514.3,10453,9756,70217.8,23329.4,31.98,27.9575
11576.3,10961,69215,4834.08,4785,66208.2,13933.4,49.2,27.9607
13352.3,11804,74132.3,8822.88,8136,71068.9,25424.6,87.74,27.9607
16571.5,15249,71219.8,8259.12,7941,68161.4,29799.4,63.14,27.9628
9975.68,9372,69757.4,5753.52,5468,68958.1,12525.1,63.14,27.9628
6031.36,5961,66309.6,2218.32,2269,64072.2,11512.8,78.72,27.9628
10846.7,9836,72270.3,8340.48,8168,66919.9,14716.1,24.6,27.9628
12348.2,12300,65792.6,4341.6,4572,62233.4,24741.4,-31.16,27.9638
20167,17575,75201.5,11048.4,9939,72851.2,53845.9,15.58,27.9649
6469.76,6371,66551.9,2255.76,2359,62667.9,13046.4,-51.66,27.9691
19617.3,15438,83277.5,20801.5,18090,75359.2,5803.2,114.8,27.9712
12405.1,11577,70223.9,7855.92,7609,67662.7,13313.5,2.46,27.9744
11434.9,10843,69113.4,5873.04,5791,66464.4,4841.28,18.04,27.9744
19267.2,15291,82577.7,15398.6,12799,78847.2,50194.1,57.4,27.9755
13614.1,13577,65715,4489.2,4713,62424,9993.6,-56.58,27.9755
10609.9,10161,68431.4,7994.88,7941,65980.7,8254.8,31.16,27.9765
13017.6,12216,69836.4,7557.12,7320,67658.9,10396.1,24.6,27.9765
12937.6,12516,67743.6,9706.32,9300,68399.3,13362.5,-19.68,27.9818
12712.3,12108,68807,7246.8,7272,65308.9,9983.52,130.38,27.9839
11721.6,11485,66886.1,6285.6,6233,66089.1,10008,55.76,27.985
11440.6,11075,67699.7,5826.96,5779,66079.9,5598.72,70.52,27.986
9096.32,8732,68270.3,4016.16,4092,64321.4,11574.7,-5.74,27.9871
16750.1,15221,72119.7,10338.5,9889,68514.8,16610.4,18.86,27.9881
16214.4,15674,67795.5,6626.16,6522,66582.6,30175.9,-64.78,27.9881
6828.8,6579,68024.4,1672.56,1731,63323.4,17382.2,5.74,27.9902
7825.92,7356,69722.6,3002.4,3112,63227.9,5451.84,41.82,27.9955
14055.7,13692,67276.7,4060.8,4188,63545.5,6024.24,-1.64,27.9987
10225.9,9534,70292.2,8407.44,8330,66145.3,7770.24,-43.46,27.9997
15155.2,14849,66887.4,6810.48,7013,63643.5,17151.8,46.74,28.0018
12840.3,12596,66807.2,5030.64,5088,64797.2,15194.2,9.02,28.0082
10446.1,10341,66201.9,5906.16,6101,63443.1,5706,78.72,28.0082
13068.8,12602,67963.6,7418.88,7182,67697.5,20543.8,121.36,28.0082
10033.3,9901,66411.6,4204.08,4205,65521.7,11776.3,58.22,28.0082
25302.4,15179,109244,27511.2,16360,110206,19661,847.06,28.0156
12992.6,13260,64214.6,7837.2,8012,64106.2,16430.4,-47.56,28.0177
13094.4,12480,68762.4,8617.68,8212,68773.5,10231.2,54.94,28.0198
12527.4,12513,65611.2,5196.24,5317,64047.6,13509.4,44.28,28.0198
11880.3,12041,64661.5,6832.8,7001,63961.5,7847.28,-14.76,28.0335
8452.48,8499,65177.3,3653.28,3751,63828.7,9981.36,31.16,28.0335
4918.4,5104,63152.9,2389.68,2576,60795.8,13485.6,4.1,28.0388
12272.6,11251,71487,5762.16,5667,66636.5,26568,14.76,28.0409
10315.5,9917,68169.6,6675.12,6553,66757.3,8778.24,9.02,28.0409
11797.1,10721,72114.2,8174.16,7777,68882.8,14350.3,0.82,28.0419
12346.2,11941,67760.1,7135.2,7189,65045.6,15258.2,4.1,28.0441
7168,7137,65820.7,3998.16,4145,63214.3,15827.8,14.76,28.0472
7930.24,8200,63380,1842.48,2024,59658.5,24461.3,50.84,28.0493
8701.44,8495,67128.6,6203.52,6031,67410.7,14731.9,-9.84,28.0504
10623.4,10360,67202,6857.28,6684,67235,10442.9,6.56,28.0557
6446.72,6365,66377.4,2468.88,2285,70809.9,6824.16,66.42,28.0557
13204.5,12416,69697.9,6770.16,6692,66301.4,8898.48,46.74,28.0578
10123.5,9652,68737.6,5846.4,5844,65562.9,6235.92,6.56,28.0599
9237.12,8821,68627.6,5098.32,5073,65863.1,5613.84,27.88,28.0599
13856,12752,71209.8,6451.92,6256,67588.4,5727.6,63.96,28.062
13062.4,11893,71979.9,8375.76,8213,66834.8,20057.8,80.36,28.062
16835.8,15876,69498.2,5443.92,5280,67570.6,16535.5,-17.22,28.063
13135.4,11636,73980.7,6935.76,6432,70668.8,10011.6,12.3,28.063
10307.8,7280,92793.2,17949.6,13536,86904.9,25084.8,1386.62,28.0673
6031.36,6309,62652,2676.96,2785,62993.6,7184.88,17.22,28.0673
13676.2,13296,67409.8,13597.9,13088,68089.3,21087.4,2.46,28.0683
11780.5,11791,65477.5,6109.2,6107,65559.6,7303.68,52.48,28.0715
9070.08,8589,69206.8,7333.2,6937,69279,28752.5,68.88,28.0768
12691.8,11264,73843.4,9691.2,8820,72009.4,6068.88,13.12,28.0778
9403.52,9413,65470,5962.32,5793,67451.5,8726.4,100.86,28.0778
9972.48,10520,62125.1,4582.8,4856,61848.9,5955.12,-36.9,28.0789
11442.6,11433,65590.8,6225.84,6269,65084.8,9121.68,-84.46,28.082
12483.2,12497,65463.6,4583.52,4645,64668.6,9569.52,-76.26,28.0831
9764.48,8765,73009.1,6904.8,6381,70915.7,26144.6,60.68,28.0863
13995.5,13854,66205.5,4802.4,4702,66935.4,30686.4,93.48,28.0863
54761.6,47053,76272.6,56517.8,43193,85753.6,30741.8,11303.7,28.0863
10846.7,11040,64388.6,4255.2,4084,68283.3,14041.4,44.28,28.0873
7987.84,8341,62761.2,6103.44,5937,67373.3,14590.1,-15.58,28.0884
8547.84,7606,73651.2,76741.9,62710,80200.3,8566.56,2345.2,28.0894
12083.2,11940,66322,10586.2,10032,69156.2,14555.5,83.64,28.0905
13436.2,13916,63276.2,8437.68,8284,66751.8,8484.48,21.32,28.0915
8395.52,8575,64164.3,4930.56,4895,66012.1,6821.28,-9.84,28.0915
7474.56,7876,62195.6,2545.92,2592,64370.9,16833.6,-41.82,28.0915
7125.76,8005,58337.8,3366.72,3317,66518.4,14306.4,10.66,28.0968
10323.8,10265,65911.7,5666.4,4845,76646.7,13149.4,36.08,28.0968
14521,15168,62740.3,3638.16,3764,63345,11613.6,68.88,28.0979
16410.2,15854,67835.3,10642.3,9678,72066,9306,166.46,28.0989
13571.2,13764,64618,6685.92,6388,68592.4,12788.6,54.12,28.1
8993.92,9137,64509.7,7763.76,7397,68785.4,18529.2,72.16,28.101
6808.96,7325,60919,4137.84,4077,66514,7894.08,22.96,28.1042
12110.1,12813,61940.7,6414.48,6573,63955.5,11561,31.16,28.1053
8525.44,8936,62525,6455.52,6428,65816.6,30116.9,72.98,28.1053
16613.8,15725,69240,14774.4,13693,70711.7,26926.6,-64.78,28.1074
8912.64,9104,64158.5,3747.6,3760,65319.9,14207.8,54.12,28.1105
10234.2,10296,65142.9,7984.8,7740,67608.8,27011.5,67.24,28.1116
5585.28,5869,62367.8,2040.48,2141,62459.1,21598.6,-68.06,28.1126
11005.4,11464,62914.6,3310.56,3464,62633,40780.8,-35.26,28.1137
17199.4,16660,67657.7,7620.48,7376,67708.2,33469.2,25.42,28.1148
7648.64,7744,64729,3348,3344,65614.4,7867.44,29.52,28.1158
11328,11556,64243,5582.88,5552,65900.5,28247,-2.46,28.1169
15234.6,14268,69975.6,10512,9832,70068.6,38002.3,-13.94,28.1169
9493.76,9333,66664.9,8681.04,8529,66704.3,14113.4,27.88,28.1211
6848.64,7412,60554.8,3391.2,3504,63426.3,16522.6,6.56,28.1211
9512.32,9868,63173.8,5884.56,5944,64880.6,15913.4,15.58,28.1211
17459.2,17289,66181.2,7791.84,7705,66274.6,46134,18.04,28.1221
13687.7,13525,66324.3,5843.52,5685,67363.4,5774.4,75.44,28.1221
5377.92,5908,59656,2469.6,2500,64739.1,22135.7,-18.04,28.1274
13007.4,13272,64229.2,5373.36,5340,65945.4,7102.8,74.62,28.1274
12605.4,13202,62574.6,5536.8,5702,63637.3,22329.4,-8.2,28.1295
8947.2,9273,63233.4,7230.96,5945,79712.1,18656.6,153.34,28.1306
8182.4,8796,60964.3,3224.88,3340,63277.2,11900.2,18.86,28.1316
7179.52,7382,63738.4,2841.84,2834,65717.3,20103.8,-71.34,28.1369
10485.1,10269,66915.3,5177.52,5037,67364.3,30305.5,-11.48,28.139
7145.6,7117,65799.4,2070,2109,64324.1,7376.4,66.42,28.1401
12728.3,12745,65450.2,4718.88,4777,64738.7,6950.88,-8.2,28.1422
5941.76,5996,64943.2,2375.28,2344,66410.6,6733.44,32.8,28.1422
7127.68,7188,64986,2856.24,2848,65725.6,10749.6,46.74,28.1443
13333.1,12960,67422.8,6801.84,6528,68285.1,10678.3,126.28,28.1443
9185.92,9340,64454.9,3278.16,3340,64322.6,13783,-28.7,28.1443
7799.04,7645,66856.5,3213.36,3181,66202.7,13063.7,-11.48,28.1464
9970.56,9726,67183.9,3960,3934,65969.1,38602.8,45.92,28.1464
10458.9,9972,68735.8,6760.08,6548,67658.6,26325.4,-15.58,28.1559
15927.7,13653,76454.7,11422.1,10529,71094.8,29752.6,123,28.157
17052.8,15685,71251,7916.4,7425,69873.3,36319,64.78,28.1601
9921.28,9981,65143.9,3223.44,3373,62630.1,49250.2,-28.7,28.1633
13537.9,10593,83755.4,17105.8,14741,76049.3,22579.9,54.12,28.1644
9327.36,9356,65335.4,3062.88,3192,62885,6786.72,-14.76,28.1665
19758.7,18564,69753.7,12576.2,11840,69611.2,18172.1,14.76,28.1707
11978.2,11426,68703.5,4919.76,4822,66864.7,5272.56,-26.24,28.1717
6591.36,6331,68231.1,2799.36,2859,64168.9,10453,36.9,28.1749
13600.6,13360,66716.4,4676.4,4708,65096.1,19851.1,-19.68,28.1781
16418.6,15906,67647.9,10234.1,10198,65767.9,20614.3,51.66,28.1802
15689,14276,72022.4,11791.4,11488,67267,15638.4,8.2,28.1812
10058.2,9116,72309.9,4965.84,4748,68542.8,32041.4,42.64,28.1823
12364.8,11820,68556.6,8272.08,7692,70478.3,28483.2,127.1,28.1834
14246.4,13969,66837.4,5068.8,5201,63870.2,6699.6,-27.88,28.1855
10471.7,8893,77169.9,8254.08,7609,71092,17023.7,43.46,28.1876
13371.5,12137,72202,8480.88,7933,70062.1,43169,-14.76,28.1897
6203.52,5763,70545.5,2535.12,2535,65539.1,12502.8,-29.52,28.1897
12641.9,12287,67429.1,4525.92,4635,63993.7,5388.48,-54.12,28.1918
11412.5,10300,72614.4,7573.68,7244,68518.6,41791,-41,28.196
12726.4,12709,65625.7,4937.76,5045,64142.9,8879.04,82.82,28.1992
12495.4,12056,67924.3,6297.84,6076,67928.8,31395.6,82,28.2013
9527.04,8736,71470.3,6949.44,6532,69724.2,12473.3,33.62,28.2013
10270.7,9530,70629.8,8020.08,7530,69801.3,16943,82,28.2023
11875.8,11592,67140.7,4903.92,4392,73174.7,15833.5,32.8,28.2034
14870.4,14803,65834.4,3653.28,3735,64102.1,34798.3,9.02,28.2034
11874.6,11171,69663.5,7408.08,7139,68006.2,9707.04,126.28,28.2055
9209.6,9260,65179.3,4166.64,4124,66213.6,6893.28,123,28.2076
6823.04,6967,64181.8,2473.2,2483,65277.3,33949.4,-27.88,28.2076
15994.2,15776,66442.6,8842.32,8736,66333.6,13569.8,9.84,28.2087
9148.8,8916,67247.2,5173.2,4932,68741.1,9272.16,15.58,28.2087
17133.4,16177,69410.7,9128.88,8641,69236.2,17344.8,44.28,28.2087
12980.5,12921,65837.7,9727.2,9757,65335.8,5644.08,55.76,28.2129
10883.2,10780,66163.4,5257.44,5100,67559.1,8139.6,-4.92,28.214
12143.4,11976,66451.8,4368.24,4332,66084.3,10733,4.92,28.2171
11468.8,11861,63369,7346.16,7301,65941.4,19401.8,-79.54,28.2192
15185.3,15181,65554.5,10848.2,9289,76536.8,24224.4,89.38,28.2213
7440.64,7931,61484,2920.32,2971,64418.1,7250.4,-5.74,28.2287
11962.9,12486,62790.3,5759.28,5654,66756.3,10952.6,15.58,28.2287
11319,11524,64370.4,7031.52,6580,70033.1,10337,111.52,28.2298
9724.16,9351,68151.3,4411.44,4359,66324.4,5273.28,-49.2,28.2351
11749.1,11765,65447.5,5316.48,5489,63476.2,5641.2,14.76,28.2361
9809.92,9469,67895.5,6943.68,6649,68440.5,15274.8,87.74,28.2361
9786.88,9361,68517.6,3283.2,3313,64946.5,23017.7,-44.28,28.2393
9415.68,9021,68403.3,4977.36,4457,73187.4,18429.1,132.02,28.2456
7092.48,7169,64836.5,2579.76,2657,63630.8,13008.2,-48.38,28.2467
13570.6,12392,71768.9,9206.64,8476,71185.3,27709.2,86.92,28.2477
12386.6,12336,65804.6,4032,4064,65020,5546.88,-56.58,28.2498
14151,14101,65768.6,8163.36,7077,75596.2,20861.3,94.3,28.2509
6083.2,6272,63563.2,2411.28,2567,61560.4,36925.9,-76.26,28.2541
10062.7,9011,73185,6400.8,6163,68064.7,30170.2,16.4,28.2551
6513.92,6434,66350.1,3113.28,3122,65353,5068.8,3.28,28.2551
9036.8,9193,64422.5,5592.24,5401,67856.5,11208.2,-4.1,28.2572
15892.5,14696,70871.6,6883.92,6552,68856,21245.8,57.4,28.2678
10057,9376,70295.7,6705.36,4740,92709.4,26416.8,145.14,28.272
14129.3,13482,68682.4,6484.32,6558,64799.7,16269.8,0.82,28.2731
11223.7,9367,78526.2,6030.72,5783,68343.3,39689.3,8.2,28.2741
13335.7,12692,68859.7,4933.44,5028,64303.5,14354.6,25.42,28.2762
6541.44,6260,68482.4,2774.16,2752,66063.7,10422,-26.24,28.2783
6465.92,6485,65343.2,2432.88,2145,74331.6,4899.6,44.28,28.2783
11608.3,10536,72206,8417.52,7160,77046.2,17218.8,143.5,28.2783
8956.8,8556,68606,5170.32,5096,66491.8,4771.44,42.64,28.2804
6956.8,7183,63472.2,2809.44,2939,62647,6417.36,57.4,28.2847
12776.3,13124,63799.8,4875.12,4996,63950.3,16916.4,128.74,28.2857
11895,12124,64298.4,4822.56,4780,66119.5,8106.48,50.02,28.2868
15535.4,14924,68220.7,11401.9,10607,70447.5,12877.2,21.32,28.291
6184.32,6656,60891.8,2769.12,2624,69160.5,7853.76,-38.54,28.292
9201.28,9632,62605.4,4296.96,4324,65126.2,10133.3,5.74,28.292
7681.92,7522,66929.3,6176.88,6098,66383.7,14525.3,10.66,28.2931
9539.84,9667,64673.9,4008.24,3943,66620.4,18968.4,-6.56,28.2952
8416,8481,65033.7,4924.08,4789,67384.5,13189,-36.08,28.3005
17495,16473,69602.1,10717.2,10333,67972.8,39308.4,13.94,28.3015
10194.6,10529,63454.3,3394.8,3573,62267.5,9779.04,-52.48,28.3015
6752,6852,64579.6,2589.84,2608,65079.7,14238,-13.12,28.3037
11447.7,11316,66298.6,5520.96,5396,67053.7,23006.9,13.12,28.3058
17026.6,15593,71561.1,11208.2,10429,70432.8,32237.3,55.76,28.3079
8116.48,8184,64995.3,5388.48,5192,68016.1,35690.4,54.12,28.3089
13619.2,11965,74596.6,10744.6,9805,71816,40255.2,82,28.311
11635.2,12069,63180.4,6333.84,6389,64970.2,14315.8,113.16,28.3153
17133.4,16653,67426.7,8105.04,7805,68055.3,34184.9,74.62,28.3163
6894.08,7122,63438.7,3008.16,3042,64807,10058.4,-30.34,28.3184
9597.44,10028,62722.2,5846.4,6124,62565.3,6106.32,32.8,28.3227
43184,26778,105688,109279,71742,99825.6,162096,9507.9,28.3279
6304.64,5721,72221.8,6826.32,5401,82830.9,15981.8,-4.1,28.3279
7404.8,7696,63056.3,2631.6,2816,61244.5,17254.1,71.34,28.329
11404.8,10912,68495.7,7817.76,7508,68239.8,8500.32,87.74,28.3311
16249.6,15200,70061.4,5981.76,6224,62985.3,7057.44,59.86,28.3374
12622.7,11148,74205.5,5263.92,5212,66188.8,9131.04,21.32,28.3385
8206.08,6537,82269.2,5584.32,5225,70042.9,13487.8,41.82,28.3385
15889.3,12852,81023.9,13371.8,12228,71666.4,29744.6,-33.62,28.3417
16372.5,14932,71858.2,5523.12,5648,64087,9357.12,47.56,28.3417
13161,11756,73368.2,4145.76,4204,64628.1,27414.7,33.62,28.3427
10839,8566,82926.4,7714.8,7430,68048.1,15242.4,7.38,28.3438
13946.9,10760,84946.4,9084.96,8312,71630.4,21800.9,-14.76,28.3438
12003.8,10693,73570,4367.52,4549,62921.5,13813.9,63.14,28.3448
14500.5,12416,76538.6,7751.52,7536,67410.3,15570,0.82,28.3459
17974.4,16292,72303.6,7045.92,7060,65405.3,4855.68,18.86,28.348
19690.9,14595,88418.1,17338.3,14371,79067.9,9727.92,92.66,28.348
6144,5447,73922,2640.96,2599,66594.1,7746.48,94.3,28.349
9406.72,8637,71376.5,3047.04,3101,64395.6,6208.56,29.52,28.3511
13320.3,12051,72438.8,8020.08,7795,67428.4,5700.24,0,28.3511
24938.9,17853,91547.3,23833.4,19229,81228.8,34969,201.72,28.3511
19378.6,17462,72729,12129.1,11666,68137.7,9512.64,46.74,28.3522
15769,14253,72506.5,7646.4,7421,67526.6,16045.2,-36.9,28.3522
12931.2,12212,69395.6,4684.32,4656,65934.6,11548.8,28.7,28.3543
12194.6,11266,70937.6,8578.08,8342,67390.7,9872.64,-17.22,28.3596
9729.92,9589,66499.1,4666.32,4661,65610.8,7915.68,32.8,28.3617
9262.08,9196,66006.9,3786.48,3864,64221.2,11935.4,18.04,28.3628
14594.6,13956,68534.6,5262.48,5268,65467.3,13855.7,-1.64,28.3649
9720.32,9389,67848.6,3132.72,3273,62727.2,6476.4,6.56,28.367
8737.92,8179,70014.5,5286.24,4695,73788.9,10159.9,19.68,28.367
8240.64,8197,65884.9,2978.64,3041,64192.1,10632.2,-91.84,28.3691
6307.2,6288,65736.1,2600.64,2660,64073.5,13343.8,-27.06,28.3701
9950.08,10157,64200.9,2820.96,3033,60954.3,24205,13.94,28.3723
10257.9,10279,65401.6,3660.48,3715,64574.2,17869.7,27.88,28.3765
11600,10664,71288.2,7820.64,7260,70596.9,37535,112.34,28.3786
8183.04,8348,64241,4455.36,4456,65526.6,13637.5,51.66,28.3828
7912.32,7692,67413.1,5021.28,4888,67323,9771.12,-10.66,28.387
10438.4,10267,66630.1,4742.64,4655,66769.9,10489.7,-19.68,28.387
16593.9,15524,70052.8,9410.4,8656,71247.7,49225,104.96,28.3913
5571.84,5626,64905.1,2759.76,2890,62582.6,26056.1,108.24,28.3944
22971.5,16661,90358.4,8298.72,5889,92352.7,56022.5,130.38,28.3955
9617.92,9409,66991.2,4964.4,4913,66221.6,16259,-30.34,28.3976
8965.76,8569,68570.4,5961.6,5917,66030,12354.5,59.86,28.3986
13200.6,12332,70152.2,4587.84,4620,65079.8,13219.2,32.8,28.4018
7715.2,7468,67705.3,2300.4,2408,62607.6,11722.3,3.28,28.4039
13593,11985,74328.6,12461.8,12001,68052.2,7956,65.6,28.4039
10220.2,9817,68227.4,5230.8,5197,65962.2,17804.2,13.12,28.4071
16709.1,14541,75307.7,15022.1,12957,75981.1,32268.2,100.04,28.4081
13015,12376,68920,8703.36,8380,68064.9,9833.76,-20.5,28.4092
10112,9720,68179,3808.8,3868,64533,10638,27.06,28.4102
9079.68,8956,66441,3916.08,3932,65270.7,14431.7,-44.28,28.4134
25118.1,22905,71868.1,16041.6,15229,69032.9,19845.4,116.44,28.4145
6313.6,6605,62644.7,3026.16,3113,63707.8,9150.48,-54.94,28.4219
12403.8,12412,65492.9,3802.32,3836,64960.6,23100.5,48.38,28.4229
8234.88,8585,62863.3,3363.12,3561,61894.3,5780.16,57.4,28.424
8126.72,8365,63669.2,2206.08,2265,63831.2,12784.3,-62.32,28.4292
12608,11730,70441.4,8884.8,8034,72476.3,19879.2,-6.56,28.4314
12033.3,10925,72184.3,11596.3,11101,68460.2,20058.5,106.6,28.4324
11321,11788,62939.5,5558.4,5528,65896.4,11882.2,-24.6,28.4324
11184,11191,65495,4560.48,4675,63930.6,21448.8,-43.46,28.4345
13393.9,11778,74527.4,9048.96,8221,72136.3,31335.1,39.36,28.4366
12048,11669,67664.6,6811.2,6677,66853.2,6843.6,36.9,28.4398
8234.88,7225,74696.4,7265.52,6777,70260.2,32852.9,38.54,28.4409
10101.8,9644,68646.7,8619.84,8364,67540.6,10318.3,80.36,28.4451
12051.8,11805,66906.4,5605.92,5565,66017.9,14014.8,-10.66,28.4482
13513.6,13545,65384.1,4788,4845,64765,12874.3,34.44,28.4493
11929,11575,67540.1,4739.04,4647,66834,19899.4,31.16,28.4493
10375,9980,68130.1,7104.24,6812,68347.5,27640.1,-50.84,28.4546
10784.6,10726,65894.3,4937.76,4962,65215.9,15153.1,33.62,28.4546
10733.4,9789,71858.9,8056.08,7645,69059.9,38644.6,43.46,28.4546
41002.9,29684,90525.7,32168.2,25024,84246,8115.84,227.96,28.4556
5578.88,5440,67209.1,1870.56,1952,62801.8,5665.68,93.48,28.4567
12125.4,12077,65798.9,5860.8,6073,63246.1,11529.4,104.96,28.4577
9360,9077,67579.3,3649.68,3761,63596.2,27437.8,21.32,28.4577
9310.72,8680,70298.1,6148.8,5884,68485.3,52764.5,71.34,28.4588
5701.12,5572,67054.7,2398.32,2436,64522.3,14812.6,-50.84,28.4598
5385.6,5125,68868.4,2376,2433,64000.6,15214.3,-1.64,28.463
11496.3,11418,65985.5,5554.08,5562,65442.7,8013.6,51.66,28.4641
21918.1,20373,70506.2,9738.72,9141,69821.3,33019.2,-14.76,28.4651
10732.2,10417,67518.8,4867.2,4785,66661.8,29597.8,71.34,28.4672
12537,11029,74496.5,8974.08,8289,70952.5,24683,171.38,28.4693
9183.36,9072,66340.5,3672.72,3732,64495,6305.76,-66.42,28.4693
11360,11401,65300.3,5009.04,5225,62827.3,9294.48,100.86,28.4715
8120.96,8013,66419,7117.2,7133,65390.8,13630.3,25.42,28.4746
7594.24,7425,67029.8,3026.88,2929,67726.1,16896.2,-2.46,28.4767
9548.8,9652,64835.3,3380.4,3536,62652.1,10696.3,-41.82,28.4788
9670.4,9373,67615.4,4821.84,4841,65276.6,5274,-22.14,28.4788
7934.08,7835,66364.8,2995.92,3099,63356.1,7460.64,91.02,28.4788
6114.56,5985,66954.7,2784.96,2837,64333.9,9910.08,-71.34,28.4799
10122.2,10090,65745.4,4165.92,4154,65724.1,8115.12,-30.34,28.4841
8967.04,9132,64352.2,3203.28,3288,63847.4,14454,94.3,28.4852
11220.5,9596,76630.4,11636.6,10616,71836.7,37119.6,52.48,28.4862
12456.3,12023,67898,4507.92,4519,65375.3,7416.72,-45.92,28.4926
11893.1,11863,65702.4,6737.04,5411,81596.5,5033.52,174.66,28.4936
14018.6,14200,64698.6,4702.32,4860,63409.7,10204.6,6.56,28.4957
10241.9,9485,70765.9,6406.56,6173,68015.6,33051.6,-7.38,28.501
12375.7,12085,67112.3,4834.8,4869,65075.7,11144.2,98.4,28.5126
10981.8,10572,68076.1,5409.36,5324,66586.8,16161.1,102.5,28.5179
6968.96,6788,67283.1,5580,5632,64930.9,8737.2,5.74,28.5211
14469.1,13914,68150.7,5440.32,5486,64990.3,23173.2,27.88,28.5221
19489.9,18808,67912.1,15086.9,14792,66842.5,11217.6,57.4,28.5232
7882.88,7954,64950,3077.28,3094,65181.8,13330.8,-26.24,28.5242
7626.88,7520,66467.4,2651.76,2708,64174.9,15365.5,-11.48,28.5242
8472.96,7689,72218,8492.4,7705,72233.4,17613.4,52.48,28.5253
16850.6,15533,71095,7625.52,7305,68411.5,21962.9,21.32,28.5253
10574.7,10226,67770.9,4093.92,4182,64155.7,14290.6,29.52,28.5284
14238.1,12877,72463.1,13649.8,12569,71171.2,18993.6,74.62,28.5327
7715.2,7596,66564.4,3060.72,3116,64373.4,16845.8,-18.86,28.5348
12003.2,11516,68308.6,8134.56,7784,68487.5,14811.8,44.28,28.5369
13041.9,13328,64129.3,4767.84,4900,63768.4,30903.8,43.46,28.539
14153,13769,67363.5,6826.32,6733,66444.3,16447,50.84,28.5401
8612.48,8664,65146.3,3567.6,3532,66196.6,12424.3,-54.94,28.5411
15128.3,15056,65850.8,6780.24,6996,63514.8,10941.1,44.28,28.5432
8865.92,8841,65720.7,5182.56,5017,67698.7,11304,96.76,28.5453
9240.32,8701,69598.2,9356.4,8701,70472.5,11764.1,16.4,28.5474
13300.5,13173,66170.2,6755.76,6789,65215.1,12519.4,37.72,28.5474
10505.6,10783,63850,4453.2,2991,97574.4,9255.6,68.88,28.5506
6938.88,7384,61585.4,1682.64,1772,62231.1,5322.96,-31.98,28.5527
8866.56,8689,66875.2,6655.68,6033,72300.1,23068.8,41,28.5527
13602.6,12661,70409.7,9016.56,8405,70304.5,31966.6,164,28.5569
10695,10548,66449.6,6179.76,6016,67319.9,8480.88,-17.22,28.558
17267.2,16978,66652.3,10560.2,10194,67890.5,25653.6,112.34,28.5622
11024.6,10858,66541.8,6521.04,6218,68730,15404.4,88.56,28.5633
10661.8,10823,64559.7,2731.68,2547,70287.9,29837.5,55.76,28.5654
5006.08,5012,65458.6,1874.88,1872,65636.8,6789.6,95.94,28.5675
22963.2,20737,72571.5,15827,14037,73893.4,48471.8,69.7,28.5675
9819.52,9425,68279.3,6042.24,5733,69071,19666.8,-4.1,28.5675
10713,10280,68296.2,5487.12,5308,67747.5,30671.3,16.4,28.5675
10464.6,9851,69618.4,7908.48,7323,70775.7,7653.6,139.4,28.5685
9946.24,9531,68391.2,5865.84,5675,67739.9,16455.6,25.42,28.5749
8898.56,8462,68917,3594.96,3566,66068.2,5798.16,30.34,28.5759
10992.6,10537,68369.9,5577.84,5645,64756.3,10482.5,88.56,28.577
13166.1,12612,68415.2,5196.24,5236,65038.4,10627.9,20.5,28.577
5752.96,5668,66518.4,20800.8,20656,65995.4,7516.8,880.68,28.5791
12046.7,11537,68431.5,6572.88,6353,67804.2,11671.9,63.96,28.5802
9612.16,9828,64096.7,3994.56,4164,62869.2,8386.56,11.48,28.5865
6913.28,6983,64881.7,2460.96,2503,64435.3,10131.1,-22.14,28.5875
7464.32,7541,64869.6,3114.72,3141,64987.7,16030.1,150.06,28.5907
9647.36,9092,69539.1,7246.8,6960,68236.5,12524.4,23.78,28.5907
12228.5,11128,72017,8281.44,7464,72713.4,10140.5,30.34,28.5928
8878.08,8735,66609.5,3313.44,3371,64417,6666.48,16.4,28.5939
10574.1,9840,70425.1,6472.08,6096,69579.1,19787,-8.2,28.5939
14299.5,11888,78830.2,10003.7,9124,71854.6,16252.6,34.44,28.5939
10816.6,9909,71538.9,7110.72,6789,68641.6,24285.6,-0.82,28.5949
14571.5,13916,68623.1,6608.16,6556,66057.4,13498.6,-64.78,28.5981
10297.6,10065,67050.5,2682,2757,63753.2,6736.32,-35.26,28.6013
24623.4,18208,88626.8,27709.9,21408,84828,84343.7,59.86,28.6023
14997.1,14748,66643,5500.8,5548,64978.4,26651.5,-36.9,28.6023
7465.6,7379,66305.1,2942.64,2951,65350.3,17484.5,-91.02,28.6023
8268.8,7989,67831.3,4769.28,4613,67756.3,12746.9,9.02,28.6044
14650.9,14076,68212.6,6566.4,6364,67620.3,7976.16,14.76,28.6065
8522.24,8501,65699.8,3904.56,4005,63892.4,19439.3,22.14,28.6065
14373.1,14233,66181.2,8154.72,8057,66330.9,29592.7,-47.56,28.6118
14746.9,14380,67208,11083,10492,69227.3,21636,-60.68,28.6129
14547.8,11380,83779.2,14078.2,11156,82702.3,23634,10.66,28.6129
8673.92,8661,65633.8,7619.04,7189,69456.3,30690.7,9.02,28.615
5683.2,6052,61542.3,2309.04,2340,64668.9,5433.12,-32.8,28.616
6599.68,7092,60986.6,2504.16,2596,63217.5,5077.44,55.76,28.6171
13882.2,13672,66543.8,7814.16,7208,71047.3,14999.8,135.3,28.6224
12795.5,13121,63910.3,7315.2,7153,67022.1,11481.1,-12.3,28.6234
5361.28,5474,64186.5,2420.64,2406,65934.8,19318.3,21.32,28.6245
9118.08,9189,65030.2,3666.96,3669,65499.6,17938.8,11.48,28.6287
12620.2,12548,65912.9,4437.36,4448,65379.2,10897.9,50.84,28.6308
6865.92,6776,66405.7,2607.12,2616,65313.6,11993,18.86,28.6382
9726.08,9311,68457.6,5822.64,5547,68792.6,20957.8,32.8,28.6393
10700.8,10561,66403.5,3805.92,3957,63033.8,27923.8,-41,28.6456
11218.6,11146,65962.6,5688,5456,68322.7,11851.2,-1.64,28.654
11290.9,11171,66239.3,7820.64,7456,68741.1,22573.4,-45.1,28.6593
9879.04,10401,62247.2,4526.64,4113,72126.9,16000.6,37.72,28.6635
11210.2,11088,66258.5,7371.36,6880,70216.5,10857.6,-20.5,28.6656
10354.6,10597,64036.7,4548.24,4613,64616,5922,72.16,28.6688
10821.8,10793,65710.6,5860.8,5725,67090.6,10455.8,63.14,28.6688
5378.56,5987,58875.8,2620.8,2727,62983.8,9226.8,-9.84,28.6709
14119.7,14430,64126.6,5996.16,5998,65515.9,10534.3,113.98,28.673
13643.5,12852,69572.2,8615.52,8148,69296.4,56584.1,18.86,28.673
12339.2,11644,69448.8,8608.32,8232,68531.9,9380.88,84.46,28.6751
8961.28,9306,63108.4,3413.52,3469,64487.9,5485.68,-100.04,28.6794
12627.8,12140,68169.5,9855.36,8984,71892.4,18043.2,14.76,28.6794
8120.96,7541,70576.2,5942.16,4869,79980.6,11149.9,104.96,28.6804
13189.8,13189,65539.8,6518.88,6645,64292.2,23510.9,2.46,28.6836
14288,13641,68644.4,5568.48,5417,67368.6,5371.2,-31.16,28.6867
13722.2,13172,68273.7,7986.96,7728,67732.1,10439.3,78.72,28.6867
10506.2,8717,78987.8,11027.5,10041,71974.9,32274.7,59.86,28.6889
10430.7,9823,69590.5,6873.12,6699,67239.4,12224.9,24.6,28.692
12987.5,12284,69289.3,5395.68,5308,66618.6,5554.8,50.84,28.6941
12713.6,12085,68944.8,5289.12,5217,66442,12593.5,-30.34,28.6973
12325.1,11506,70201.6,7296.48,7298,65522.4,43484.4,-0.82,28.7015
11321,10915,67973.5,6659.28,6627,65855.2,8341.2,-11.48,28.7068
23454.1,15656,98178.8,69941.5,46744,98059.4,54828,596.96,28.71
8555.52,7964,70403.6,2998.08,3004,65406.9,17691.1,49.2,28.711
13779.8,13431,67238.1,5662.8,5895,62954.6,12191,-33.62,28.711
9008.64,8633,68387.6,3265.92,3389,63155.9,15743.5,69.7,28.7121
8553.6,7437,75375.6,8423.28,8013,68891.6,20548.1,55.76,28.7163
7760.64,7664,66362.4,3130.56,3232,63479.1,23053.7,-84.46,28.7163
12458.9,11901,68608.1,6811.92,6745,66186.2,19316.9,28.7,28.7173
18729.6,15632,78522.5,10311.8,9412,71801.6,32975.3,75.44,28.7184
15951.4,15286,68388.6,7410.24,7398,65644.4,15289.2,0.82,28.7195
14067.8,12932,71292.1,11689.9,11280,67917.6,22739,73.8,28.7237
10996.5,9711,74211.2,5311.44,4943,70420.9,14791.7,-15.58,28.7237
6223.36,5969,68328.7,2445.12,2581,62085.8,11964.2,-12.3,28.7258
13577.6,13409,66360,5436,4081,87295.7,17522.6,43.46,28.7279
11276.8,11080,66700,5842.08,5848,65469.7,10522.1,-13.94,28.7321
9840.64,8836,72987.3,6019.2,5664,69645.9,50767.2,-79.54,28.7332
17584,16855,68370.5,8686.8,8147,69878.3,28967,86.1,28.7363
13643.5,12940,69099.1,5942.88,5772,67476.2,31953.6,36.08,28.7374
13510.4,13345,66348.3,4411.44,4469,64691.9,18149,176.3,28.7395
13962.9,13609,67240.2,5801.04,5517,68910.1,30298.3,42.64,28.7448
10013.4,9565,68608.6,7032.24,6713,68652.6,22196.9,-45.92,28.7448
8372.48,6520,84156.3,10072.8,7672,86044.2,8973.36,629.76,28.7458
9724.16,9288,68613.5,5480.64,5180,69339.6,10940.4,46.74,28.7469
13384.3,13433,65298.5,7223.04,6957,68042.1,9579.6,88.56,28.7469
11359.4,11489,64796.5,4780.08,4817,65033.7,9455.04,40.18,28.7479
5019.52,5049,65153.4,1787.76,1885,62155.3,14744.9,-34.44,28.7532
6037.76,6155,64287.7,2415.6,2479,63859.9,5113.44,36.08,28.7553
8613.12,9048,62386.1,3462.48,3208,70734.8,6516.72,-7.38,28.7574
9124.48,9348,63969,4714.56,4816,64155.6,8946.72,26.24,28.7574
11550.1,11685,64779.3,4717.44,4753,65045.7,8448.48,-35.26,28.7606
7511.04,7875,62507.1,3519.36,3635,63451.1,15169.7,53.3,28.7606
10526.1,10581,65195.8,4281.12,4273,65660.5,4766.4,49.2,28.7617
13459.2,13669,64530.1,4236.48,4277,64915.1,14843.5,-22.14,28.7617
8023.04,8405,62557.8,3648.24,3681,64952.8,8004.24,-18.04,28.7627
15091.8,15165,65219.8,7440.48,6825,71446.1,26970.5,47.56,28.7638
9799.68,9357,68636.5,7111.44,6733,69219.6,38905.2,88.56,28.7648
9984.64,9960,65698.1,5376.96,5340,65989.6,16242.5,-1.64,28.7659
7455.36,8024,60891.6,2720.16,2904,61387.2,11151.4,39.36,28.768
6965.12,7714,59173.7,2608.56,2770,61716.5,21314.9,89.38,28.768
11692.2,11596,66079.5,7691.04,7868,64062,13134.2,-23.78,28.7712
4759.68,5184,60171.8,1602.72,1668,62971.1,16527.6,9.02,28.7722
10301.4,10365,65134.1,4144.32,4205,64590.3,5980.32,94.3,28.7754
12167,11773,67729.5,6829.92,6525,68598.6,80653,-15.58,28.7754
11155.2,10853,67360.8,16677.4,5953,183599,5950.8,156.62,28.7775
6223.36,6213,65645.3,2381.76,2421,64473.8,10199.5,-35.26,28.7807
6997.12,6689,68554.8,2487.6,2481,65710.3,5155.2,26.24,28.7859
15890.6,13778,75584.5,6402.96,5910,71002.4,49507.9,-15.58,28.787
11847.7,10012,77551.9,9372.96,8536,71961.8,46451.5,123,28.787
5819.52,5896,64685.9,2638.8,2760,62658.1,27791.3,0.82,28.788
16103.7,13685,77118.8,16020,14805,70914.4,35391.6,46.74,28.7976
9123.2,8965,66692.5,3296.16,3233,66816.3,28146.2,76.26,28.8049
13394.6,12176,72094.8,11268,10496,70356.3,22648.3,28.7,28.806
8467.84,8513,65188.3,3528.72,3685,62756.6,22418.6,-14.76,28.807
14373.8,13612,69203.6,9408.96,9112,67671.8,15373.4,7.38,28.8113
8473.6,8032,69139.2,3078.72,3076,65594,8566.56,18.04,28.8113
13345.9,12701,68863.7,5293.44,5321,65196.6,13039.9,25.42,28.8144
13665.9,13120,68262.9,5790.24,5664,66996.7,30907.4,2.46,28.8155
14439.7,13577,69700.1,8627.04,8621,65581.9,27654.5,59.86,28.8176
13114.9,12252,70151.6,6551.28,6344,67677.3,10544.4,47.56,28.8239
12505,11872,69030.1,7418.88,7028,69181,11222.6,6.56,28.826
7829.76,7576,67731.1,4021.92,3916,67308.6,13760.6,68.88,28.8292
7438.72,7368,66165,2944.08,3000,64314.4,20471,2.46,28.8303
11854.1,11347,68464.7,4652.64,4647,65615.5,15309.4,59.04,28.8313
7228.16,6967,67992.6,2231.28,2231,65544.2,16362.7,36.08,28.8345
9079.68,8901,66851.6,3319.92,3349,64966.9,10000.8,-36.08,28.8345
14775.7,13476,71856.6,11601.4,10452,72742.7,9300.96,104.96,28.8355
10378.9,9971,68216.9,3695.76,3635,66631.5,7002.72,65.6,28.8429
12572.8,11024,74743.4,9666.72,8896,71213.8,38755.4,28.7,28.8514
25863,20165,84054.6,26146.1,21285,80503.2,24726.2,151.7,28.8514
12247,10423,77004.9,7889.76,7367,70186.4,14546.9,4.92,28.8524
7878.4,8116,63617.4,3080.88,3188,63333.9,14712.5,68.88,28.8545
8475.52,8697,63867,5211.36,5197,65717.1,11198.2,106.6,28.8556
12371.8,12232,66285.2,4929.84,4684,68975.7,20356.6,-48.38,28.8556
28727,22929,82108,16897,14197,77999.5,52678.8,127.92,28.8566
9098.24,9297,64134.9,3650.4,3717,64361.7,6030,63.14,28.8566
6195.84,6369,63754.2,2770.56,2837,64001.2,8642.88,4.92,28.8566
6716.16,6839,64358.9,2260.08,2295,64538.8,13137.1,40.18,28.8588
9269.76,7894,76957.6,6921.36,6246,72622.2,39511.4,95.12,28.8598
10161.9,9928,67080.1,7339.68,6924,69470.4,23735.5,-44.28,28.8683
12578.6,11969,68873.6,8905.68,8321,70140.9,26736.5,-41.82,28.8693
13284.5,13184,66035.5,7436.16,7152,68139.9,9280.8,45.1,28.8714
20374.4,18716,71343.1,14476.3,13672,69391.5,29120.4,4.1,28.8725
23539.8,20626,74794.3,17615.5,15602,73993.8,26436.2,57.4,28.8735
14932.5,13859,70612.2,12589.2,11591,71179.9,12033.4,54.12,28.8756
12348.8,12532,64578,4523.76,4448,66652.2,20632.3,-72.16,28.8778
6679.68,7000,62537.1,2552.4,2584,64734.6,17854.6,-45.92,28.8778
31317.1,26858,76416.7,22963,20122,74788.8,66108.2,127.1,28.8788
12748.2,12432,67202.7,7739.28,7488,67735.2,12814.6,-2.46,28.8788
6190.08,6613,61344.8,2470.32,2501,64732.1,16748.6,-44.28,28.8809
26239.4,22329,77013,19017.4,16061,77599.3,50040.7,42.64,28.883
7407.36,7585,64001.2,3233.52,3253,65143.6,10293.1,43.46,28.883
12048,12553,62899.5,5540.4,5773,62895.5,6118.56,-6.56,28.8851
12370.6,12170,66616,4720.32,4682,66072.4,9961.2,-41,28.8851
9988.48,9988,65539.1,3883.68,3876,65665.9,20237.8,-25.42,28.8851
5747.84,6381,59033.1,2892.96,3001,63176.6,12368.9,-61.5,28.8862
8039.68,8176,64443.3,3098.16,3104,65412.7,13025.5,58.22,28.8894
9427.2,9728,63509.6,6427.44,6128,68738.4,14341.7,79.54,28.8957
12374.4,12628,64219.9,5200.56,5168,65948.9,8152.56,145.96,28.8967
11456,11612,64655.6,5383.44,5132,68746.9,16127.3,80.36,28.8978
10684.2,10601,66050.1,7822.8,7341,69837.2,19658.2,15.58,28.8989
8808.32,8200,70397.8,5774.4,5480,69056.8,19282.3,9.02,28.902
11313.9,11021,67277.8,6032.16,5769,68525.5,27668.2,89.38,28.902
5673.6,5969,62292.7,2565.36,2641,63659,8549.28,-57.4,28.9031
15383,15545,64853.2,4945.68,5133,63144.4,22586.4,119.72,28.9041
10003.8,9866,66451.6,2818.08,2846,64893.1,21827.5,32.8,28.9052
15136.6,14113,70289.4,8761.68,8581,66915.9,60874.6,23.78,28.9073
12316.2,11820,68287,8135.28,7756,68740.8,26336.2,41.82,28.9115
9953.28,9516,68547.5,5906.16,5900,65604.4,8184.24,79.54,28.9147
7637.76,7692,65073.9,2889.36,3016,62784.2,6715.44,-79.54,28.9179
5598.08,5532,66318.8,2323.44,2444,62303.2,30170.9,-18.04,28.92
12589.4,11984,68846.9,6579.36,6400,67372.7,7036.56,32.8,28.921
11256.3,10833,68096.9,6213.6,6213,65542.3,11631.6,95.12,28.9263
12389.1,12187,66622.9,5093.28,5035,66294.6,17640,-21.32,28.9295
12207.4,11847,67529.5,7901.28,7411,69871.6,13020.5,-0.82,28.9305
8200.96,8451,63597,3567.6,3623,64533.9,9802.8,80.36,28.9305
8977.92,8657,67965.5,5232.96,4949,69296.3,14304.2,49.2,28.9305
12158.7,10968,72650.8,7780.32,7160,71213.8,32938.6,37.72,28.9316
30120.3,21900,90135.4,30061.4,23320,84481.4,100832,118.9,28.9326
12958.7,12669,67034.7,4649.04,4573,66625.7,22110.5,119.72,28.9337
11881,11837,65779.4,5306.4,5405,64340.5,6624,88.56,28.9337
13329.9,12419,70343,7811.28,7303,70097.2,32683,-8.2,28.9337
13289,13282,65570.3,6883.2,7042,64058.1,13420.8,-1.64,28.9347
13642.9,12941,69090.5,6172.56,5577,72534.5,32425.2,57.4,28.9347
12858.9,11765,71629.4,6646.32,6645,65549,27012.2,-21.32,28.9442
10640,9736,71621.1,3816.72,3832,65274.7,20729.5,67.24,28.9442
17470.7,15880,72100.8,8025.84,7628,68954,7277.04,81.18,28.9453
11998.7,11244,69934.9,3183.12,3224,64705,20238.5,28.7,28.9453
14217.6,13524,68897.1,5317.92,5488,63505,8642.16,40.18,28.9485
14067.8,12352,74639.7,8675.28,8384,67812.9,4793.76,-33.62,28.9506
11534.1,10692,70697.5,5118.48,5136,65312.4,11203.9,-49.2,28.9516
8936.96,8572,68326.3,3240.72,3372,62984.5,7916.4,77.08,28.9516
10837.1,9536,74477.9,6477.84,6224,68208.8,12055.7,-3.28,28.9537
16163.2,14744,71844.2,6788.16,6828,65153.6,5588.64,-29.52,28.9558
9792,8508,75426.5,6001.2,5836,67391.1,19293.1,80.36,28.958
10578.6,10235,67735.9,4121.28,4331,62362.6,14623.2,7.38,28.958
16127.4,13804,76566.4,11391.8,10540,70832.6,34232.4,38.54,28.9601
17072,15870,70499.7,6048.72,5866,67577.4,7344.72,58.22,28.9601
8073.6,7828,67592.2,2631.6,2772,62216.6,7477.2,4.92,28.9643
28046.7,19620,93683.5,24997,19616,83513.5,42282,164,28.9643
6868.48,6826,65943.9,3299.04,3466,62379.1,19502.6,-48.38,28.9664
9036.16,8448,70098.7,8889.12,8528,68311.1,6989.04,99.22,28.9664
9614.08,9480,66462.9,3404.16,3592,62108.9,23219.3,-27.06,28.9717
6516.48,6185,69048.4,2720.88,2797,63752.4,27962.6,-22.14,28.9727
11562.9,10577,71644.6,8133.12,7861,67804.6,30430.8,24.6,28.9759
9359.36,8501,72153.3,7896.24,7541,68623.3,5850,32.8,28.977
15281.3,14464,69239.1,7424.64,7232,67281.7,4851.36,127.1,28.9801
10703.4,10553,66469.8,4409.28,4553,63467.3,11925.4,136.12,28.9801
7350.4,7581,63542.5,2984.4,3069,63729.4,5219.28,-25.42,28.9822
9604.48,8364,75255.8,7670.16,7020,71605.6,21154.3,74.62,28.9822
7257.6,7285,65289.5,3286.08,3349,64304.7,11517.8,18.86,28.9843
9801.6,9737,65970.8,3042,3081,64706.4,18207.4,6.56,28.9865
6695.04,7229,60695.3,3062.88,3133,64069.2,33577.2,-22.96,28.9917
11054.1,11464,63192.6,1525.68,1612,62026.7,7863.12,-7.38,28.9928
11614.7,10619,71681.2,9829.44,8968,71831.2,38036.9,41,28.9938
20656.6,17832,75917.1,17830.8,15164,77061.4,46869.8,132.84,28.9949
7941.12,8488,61313.5,5614.56,5676,64826.6,19565.3,-60.68,28.9949
10190.7,8505,78525.5,8271.36,7117,76165.8,17689,113.98,29.0065
13280,13408,64910.4,4283.28,4496,62435.3,22176,34.44,29.0076
8876.8,8837,65831.2,4930.56,5025,64304.3,7240.32,82,29.0097
11401,10822,69042.1,8856,8486,68393.5,8814.24,45.92,29.0149
5605.76,5585,65779.6,3443.04,3153,71564.6,19590.5,146.78,29.0149
10820.5,10333,68627.8,5150.88,4909,68765.1,14072.4,53.3,29.0181
14512.6,13125,72464.8,10251.4,9237,72732.8,25615.4,176.3,29.0202
5665.92,5692,65235.7,5236.56,2044,167898,11669.8,57.4,29.0266
12635.5,12296,67345.6,4903.2,4812,66778.1,4860,13.94,29.0287
12050.6,11917,66270.5,5587.2,5433,67396.1,9316.8,95.12,29.0297
10812.2,10513,67400.9,3997.44,4001,65477.7,23671.4,14.76,29.0318
7121.28,6693,69729.6,5966.64,4789,81651.7,9275.04,83.64,29.0329
12538.9,11601,70834.2,5048.64,4805,68859,20875,-36.9,29.0339
11724.2,11485,66900.7,3357.36,3389,64924.2,4847.76,27.06,29.0382
13791.4,12956,69761.5,8065.44,7752,68185.9,18513.4,119.72,29.0392
14249,13517,69084.8,3240.72,3257,65208.4,6447.6,44.28,29.0424
8680.96,8572,66369,3021.12,2988,66262.4,20301.8,0.82,29.0434
15202.6,14925,66754.8,5554.08,5677,64117,35156.9,36.08,29.0445
12716.8,12677,65741.8,5216.4,5461,62600.6,14310.7,7.38,29.0455
12471.7,11877,68817.4,8851.68,8561,67761.2,11348.6,27.88,29.0487
7311.36,7708,62163.6,2477.52,2652,61224.3,41551.9,-9.84,29.0508
20239.4,18693,70957.4,11892.2,10977,71000.3,37777,138.58,29.0508
12129.9,12428,63964.1,7333.2,7148,67234,17128.1,36.08,29.0582
11550.1,12185,62121.1,5073.12,5277,63004,27180,0,29.0614
9701.76,10396,61159.5,6305.04,6236,66261.6,7974,-6.56,29.0656
14721.3,14260,67655.9,9997.92,9396,69734.3,23191.2,9.84,29.0667
9816.32,10345,62186.8,4752.72,4733,65809.1,34802.6,-9.84,29.0709
5505.28,6301,57259.8,2836.08,2889,64335.5,6883.2,18.86,29.074
10555.5,10839,63822,4565.52,4563,65572.2,11452.3,30.34,29.0772
14119.7,11881,77884.6,11772,9773,78940.9,28422,67.24,29.0772
7541.76,8301,59541.8,5122.08,5273,63660.3,12137.8,50.84,29.0783
11862.4,12053,64499.6,6858.72,6737,66720.1,25719.8,101.68,29.0783
10977.3,10768,66809.7,5352.48,5024,69820.9,20641.7,0.82,29.0814
9898.24,9399,69017,8759.52,8215,69880,10328.4,-48.38,29.0825
16156.2,14892,71099.3,10663.9,9800,71313.3,9808.56,35.26,29.0888
5945.6,5901,66031.3,2189.52,2189,65551.6,7705.44,96.76,29.0888
8247.68,8041,67220.5,5531.04,5309,68276.9,9670.32,-8.2,29.0899
11924.5,11612,67299.6,7571.52,7336,67640,6533.28,55.76,29.0973
12304.6,12022,67076.8,7670.88,7382,68100.6,17212.3,59.04,29.0973
7521.28,8028,61399.4,8962.56,3228,181961,9085.68,132.84,29.1004
11313.9,11097,66817.1,8264.16,7885,68687.4,7656.48,89.38,29.1025
7369.6,7412,65161.1,3026.16,3012,65844.1,7786.8,-23.78,29.1036
12758.4,11783,70961.1,13641.8,12359,72338.5,13362.5,41,29.1068
8369.92,8733,62811.3,3324.96,3481,62598.3,11941.9,-67.24,29.1099
10723.2,10504,66903.6,8948.88,8328,70421.9,10866.2,31.16,29.112
8633.6,8769,64524.1,2669.04,2721,64284.5,12134.9,-91.02,29.1163
13096.3,11506,74594.2,10679.8,9650,72529.4,36322.6,43.46,29.1173
5105.92,5365,62371.2,2269.44,2293,64862.6,13244.4,9.84,29.1215
10025,10053,65353.2,5790.96,5633,67373.8,6192.72,-34.44,29.1215
15674.9,14693,69915.5,13568.4,12993,68438.3,18159.1,72.98,29.1226
6355.2,6597,63133.9,2162.88,2261,62692,6744.96,19.68,29.1247
13170.6,13273,65030.2,4962.96,5145,63217.2,9313.2,109.06,29.1268
7071.36,7276,63692.8,2307.6,2344,64518.3,15551.3,-21.32,29.1279
11111.7,11169,65199.7,8817.84,8065,71653.6,11949.1,130.38,29.13
9566.72,9547,65671.4,6055.2,5919,67044,9994.32,37.72,29.1321
11680.6,11513,66490.3,6492.96,6253,68051,10278,-47.56,29.1331
15049,13536,72861.2,11976.5,10724,73190.1,56998.1,38.54,29.1342
9548.16,9573,65366,5584.32,5713,64059.9,14427.4,10.66,29.1384
10490.9,9544,72038,8586.72,7944,70838.3,12599.3,55.76,29.1405
16247.7,15729,67697.1,8506.08,8517,65452,11145.6,1.64,29.1405
11023.4,10630,67961.1,4112.64,4118,65450.7,15870.2,-72.98,29.1447
5599.36,5628,65202.5,2192.4,2284,62907.7,9338.4,-49.2,29.1447
16096,14946,70578.6,21386.2,20514,68322.3,38176.6,2646.14,29.1458
12798.1,11917,70381.4,9873.36,9305,69539,24999.8,30.34,29.149
6838.4,6920,64763.2,3084.48,3116,64873.1,8721.36,53.3,29.1521
10295,10040,67200.8,5260.32,5212,66143.6,18513.4,31.98,29.1637
5396.48,5457,64809.2,3094.56,2929,69240.4,5593.68,-13.12,29.1648
8839.04,8660,66890.9,4149.36,4144,65620.8,7228.8,-4.1,29.1669
5045.76,5032,65715.2,2141.28,2168,64728.3,9431.28,98.4,29.1669
5283.84,5215,66401.1,2322.72,2347,64858,9973.44,52.48,29.168
12688,12820,64861.2,6657.12,6704,65077.7,6351.84,-107.42,29.1701
10186.2,10056,66384.8,4737.6,4760,65227.6,6151.68,12.3,29.1743
10663,10225,68343.6,5972.4,5761,67940.9,34529,-84.46,29.1764
11731.8,11803,65140.9,4892.4,4875,65769.9,19560.2,-13.12,29.1775
4852.48,5256,60504.6,2057.76,2188,61635,7642.08,186.14,29.1785
11152.6,10930,66870.9,6106.32,5826,68689.3,30244.3,387.86,29.1796
13264,13096,66376.7,9976.32,9752,67043.5,24831.4,-7.38,29.1838
11481.6,11520,65317.5,4936.32,4976,65013.4,28198.8,-33.62,29.1849
12779.5,12412,67476.5,5070.96,5144,64605.4,6155.28,-27.88,29.187
13830.4,13960,64927.6,6575.04,6764,63705.2,6180.48,-20.5,29.1901
11767,11635,66279.7,7390.08,7139,67840.9,16150.3,75.44,29.1933
8429.44,8342,66222.9,3355.2,3334,65952.7,13221.4,-1.64,29.1975
14019.2,13776,66693,5780.88,5796,65365,4766.4,145.14,29.1996
14853.1,14557,66869.1,9268.56,8845,68674.3,11835.4,-9.84,29.2007
8294.4,8116,66976.6,3807.36,3712,67219.6,11195.3,-23.78,29.2017
8487.68,8813,63116.8,3956.4,3949,65658.8,27274.3,-19.68,29.2049
9473.92,9608,64621.4,5338.8,5436,64364.2,7271.28,53.3,29.206
9533.44,9508,65711.4,2677.68,2784,63033.2,8327.52,86.1,29.207
9673.6,9044,70098.3,5814.72,5572,68390.8,18542.9,0.82,29.2102
12332.2,11709,69023.9,5804.64,5469,69558,41973.1,50.02,29.2123
17090.6,16253,68913.3,4621.68,4601,65830.6,22016.2,47.56,29.2144
21252.5,18656,74657.1,13797.4,12464,72546.8,28831,17.22,29.2155
12530.6,11241,73054.2,6353.28,5981,69615.2,17475.1,17.22,29.2176
18724.5,17885,68612.1,9511.92,9485,65722,5026.32,46.74,29.2186
10473,9773,70229.8,6714,6541,67269.3,29294.6,-2.46,29.2186
10411.5,9828,69427.1,7216.56,7008,67486.4,13524.5,-63.14,29.2186
12290.6,11541,69792.4,8922.96,8613,67894.5,20497.7,-27.88,29.2218
12858.9,12309,68463.7,5679.36,5457,68206.5,15510.2,-97.58,29.2218
14266.9,13784,67831.9,5237.28,5208,65904.5,24844.3,-109.88,29.2228
9356.16,8848,69299.9,6122.88,5844,68663.4,22641.8,97.58,29.2239
6333.44,6824,60824.8,4290.48,3260,86251.8,4950.72,91.84,29.2271
9727.36,9764,65290.1,3713.04,3744,64994.1,6715.44,-35.26,29.2313
10660.5,10650,65600.5,5382,4746,74318.3,19967,33.62,29.2313
5604.48,5768,63678.1,2154.24,2172,65000.1,14959.4,44.28,29.2313
12200.3,11917,67094.1,4414.32,4361,66337.3,25479.4,10.66,29.2366
6993.28,7124,64333.5,4389.84,4372,65803.4,8935.2,63.96,29.2418
9501.44,8170,76216.2,7613.28,7018,71094.9,12422.2,5.74,29.2418
9552.64,9529,65698.6,3537.36,3561,65100.9,9309.6,-16.4,29.2439
10561.3,10393,66597.1,6366.96,6125,68124.9,25678.1,97.58,29.2439
9441.28,9690,63853.9,4212.72,4202,65703.2,15061.7,32.8,29.245
11775.4,11879,64964.2,5024.88,4919,66946.6,10422,71.34,29.2461
10382.1,10907,62382,4335.12,4415,64350.3,8015.04,9.84,29.2461
9186.56,8329,72283.6,7873.92,7085,72833.5,14806.8,159.08,29.2471
12563.2,12988,63392.5,4206.24,4284,64346.4,21416.4,-45.1,29.2545
11397.8,11240,66455.8,7684.56,6920,72776.8,12096,-15.58,29.2566
6384.64,6876,60852.8,2215.44,2232,65049.8,8491.68,15.58,29.2577
19510.4,17901,71428.1,19702.1,18249,70754.3,38289.6,32.8,29.2577
5861.76,5873,65410.6,2373.12,2485,62585.4,8632.8,45.92,29.2629
8316.8,8040,67792.3,3115.44,3164,64530.2,10529.3,13.94,29.2629
6004.48,5928,66381.5,2385.36,2488,62832.4,12106.8,-1.64,29.264
14692.5,14248,67580.5,5606.64,5772,63658.5,14158.1,30.34,29.264
12252.8,11004,72973.4,6921.36,6764,67060.7,42157.4,-61.5,29.2672
12877.4,11365,74257.4,10113.1,9861,67211.6,26095,57.4,29.2672
10787.8,10052,70333.5,6323.76,6160,67278.2,16065.4,13.12,29.2735
11671,11219,68176.6,3442.32,3491,64622.1,20156.4,44.28,29.2756
12608.6,12492,66147.9,6970.32,5660,80707.9,8883.36,113.98,29.2809
9168,9113,65931.5,3654,3821,62671.7,13405,13.12,29.284
8991.36,8824,66779,2741.76,2844,63180,25727,-65.6,29.2862
10769.9,9897,71316.3,8834.4,8589,67408.5,22099.7,163.18,29.2862
9658.24,8525,74247.8,6102,5785,69127.2,27655.9,130.38,29.2883
13073.3,11460,74761.8,11399.8,10352,72169.1,31074.5,64.78,29.2893
9088,9152,65077.7,3102.48,3280,61989.1,5777.28,21.32,29.2914
9582.72,9232,68025.7,4184.64,4004,68492.7,9953.28,-50.02,29.2914
13436.2,13364,65889.9,7521.12,7424,66393.3,13939.2,44.28,29.2935
11113,10985,66299.4,6471.36,4905,86464.2,12261.6,136.12,29.2946
11706.9,11665,65771.3,4495.68,4481,65750.7,6879.6,35.26,29.2978
15674.9,15681,65510.4,6024.96,6161,64088.9,5893.2,17.22,29.2988
7827.84,8224,62379.1,3942.72,4148,62292.7,15252.5,36.9,29.2999
11745.9,11356,67786.3,9103.68,8520,70025.7,42456.2,2.46,29.3009
7597.44,8093,61523,3169.44,3309,62772,40302,45.1,29.3009
7007.36,7469,61485.4,3075.12,3129,64407.5,14739.8,-41.82,29.303
9448.32,9789,63255.2,4127.76,4173,64825.5,12037,47.56,29.3052
13938.6,14278,63978,4800.96,4898,64237.6,22777.9,-20.5,29.3073
8702.72,9245,61691.9,3526.56,3609,64039,21832.6,54.12,29.3083
16019.8,12253,85683.2,16510.3,12365,87506.7,40163,130.38,29.3104
13061.1,13068,65501.5,4724.64,4680,66161.1,12486.2,-85.28,29.3104
10342.4,10752,63039.4,3852,3984,63364.6,8268.48,-45.92,29.3104
8618.24,8656,65250.1,3313.44,3236,67104.3,6470.64,55.76,29.3125
12557.4,12328,66755.7,8580.96,8332,67494.2,8803.44,-45.92,29.3147
10204.2,9306,71861.1,6031.44,5182,76278.8,24703.9,5.74,29.3147
7217.28,7610,62154,2193.84,2334,61600.5,14184.7,22.14,29.3157
6953.6,7345,62043.7,3236.4,3301,64253.5,7459.2,15.58,29.3242
9538.56,9756,64075.3,6359.76,6204,67181.4,9009.36,4.1,29.3242
4613.76,5133,58906.6,2060.64,2089,64646.3,7788.24,-8.2,29.3263
12167.7,12532,63630.8,6117.12,5856,68458.3,28269.4,-4.92,29.3263
12856.3,13004,64791.7,8349.12,6760,80942,17518.3,70.52,29.3284
14506.9,13351,71209.9,10715,9591,73216.6,30311.3,93.48,29.3294
7799.68,8174,62534.8,2945.52,2954,65347.9,8269.92,37.72,29.3315
5578.88,5552,65853.3,3671.28,3556,67660.6,16512.5,-1.64,29.341
10425.6,10501,65065.4,7984.8,7749,67530.2,12352.3,115.62,29.3442
16820.5,15696,70231.1,10143.4,9268,71725.9,28915.2,15.58,29.3474
18786.6,16184,76074.9,87506.6,79592,72052.9,13371.8,1414.5,29.359
5360.64,5417,64854.1,3540.96,2633,88135.3,7391.52,-11.48,29.359
6730.88,7349,60023.8,2714.4,2789,63783.1,7835.76,-40.18,29.36
8831.36,9049,63959.8,4065.84,3994,66714.8,8474.4,-40.18,29.3685
11982.7,11832,66370.8,10200.2,9560,69925,7441.2,120.54,29.3695
13308.8,13261,65772.2,5094.72,5005,66710.8,19454.4,-10.66,29.3716
9273.6,9869,61582.2,5780.88,5913,64071.7,11802.2,63.14,29.3727
6880.64,7496,60156,3555.36,3564,65377.1,17068.3,15.58,29.3738
7801.6,8500,60151.3,2734.56,2740,65405.9,10355.8,13.12,29.3748
8204.16,9008,59687.8,3245.04,3396,62622.8,4808.88,-62.32,29.3748
9909.76,10829,59972.9,2746.8,2905,61967.1,22425.1,-25.42,29.3759
11538.6,11728,64477.4,4775.04,4704,66525.7,31045.7,-18.86,29.3769
25725.4,21060,80054.3,19967.8,17584,74420.3,4834.8,54.12,29.378
12593.9,12613,65436.9,7599.6,7521,66220.9,13308.5,-36.08,29.378
10711,10904,64376.3,4238.64,4216,65887.9,15189.1,-28.7,29.379
46617.6,34648,88176.3,49162.3,37336,86294.8,8415.36,241.9,29.3811
16412.8,15798,68086.4,8792.64,8790,65555.7,10411.2,29.52,29.3843
8618.88,8613,65580.8,3817.44,3861,64796.6,12412.8,-31.98,29.3843
8692.48,8793,64786.8,3350.88,3401,64570.2,11649.6,-4.1,29.3854
8468.48,8473,65501,3085.92,3085,65555.5,42215,-77.9,29.3854
11351,11448,64980.9,6634.08,6648,65398.8,12531.6,-4.92,29.3896
6487.68,6512,65291.2,2980.8,2500,78139.9,9460.08,104.96,29.3938
11253.1,11768,62668.6,3133.44,2984,68818.1,8726.4,102.5,29.3949
7618.56,7636,65386.3,2599.2,2580,66023.7,7575.12,15.58,29.3959
9660.16,9713,65179.5,4055.04,4053,65569,10087.2,56.58,29.398
13619.2,13656,65359.4,5103.36,5256,63632.8,9497.52,-12.3,29.398
14343.7,14141,66475.3,6415.2,6297,66766.2,36821.5,-83.64,29.3991
12958.1,12221,69488.6,6622.56,6089,71278.7,31183.9,4.92,29.4012
11932.8,11500,68002.4,7204.32,6888,68545.6,8242.56,-9.02,29.4033
17294.1,15264,74252.2,12810.2,11600,72373.4,59166,-16.4,29.4075
9880.32,9589,67527,4774.32,4517,69269.4,24744.2,50.84,29.4128
9794.56,9569,67080.8,7346.16,7153,67305.7,13318.6,58.22,29.4128
13824.6,13920,65087,5816.88,6004,63493.5,13408.6,-6.56,29.4191
12833.9,12502,67275.9,4187.52,4130,66448.8,12515,26.24,29.4223
10038.4,9619,68393.4,4549.68,4247,70206.7,8436.96,44.28,29.4286
7896.32,6496,79663.4,56621.5,52496,70686.3,23415.1,361.62,29.4286
8384,8152,67401.1,2668.32,2668,65543.9,27903.6,-40.18,29.4318
10049.3,8465,77801.5,8377.92,7601,72234.6,6438.24,-18.04,29.4318
13372.2,12941,67719.5,4677.12,4681,65481.7,24680.2,-65.6,29.4318
12547.2,11824,69544.4,3967.92,3840,67719.2,6757.2,34.44,29.4339
10423,9045,75520.6,5785.2,5441,69681.8,15371.3,118.9,29.436
16223.4,12757,83343.6,12403.4,10369,78394.4,40354.6,-41,29.4413
8060.16,8025,65823.1,3131.28,3241,63317.4,8036.64,169.74,29.4423
9067.52,8789,67612.8,4726.8,4677,66233.8,12736.1,-41.82,29.4487
16500.5,15221,71045,10063.4,9237,71399.5,28453,69.7,29.4497
15355.5,14449,69647.7,8297.28,7809,69633.8,8792.64,46.74,29.455
9968,9308,70182.9,4878.72,4652,68730,15601.7,31.16,29.4592
5523.2,5121,70683.2,2680.56,2613,67230.5,7143.84,-6.56,29.4624
14277.8,10773,86856.7,17777.5,15121,77049.6,16714.1,93.48,29.473
11842.6,11203,69277.3,16508.9,16103,67187.9,6469.2,2682.22,29.473
10790.4,9069,77975.5,7665.12,6877,73046.6,33030,23.78,29.4761
10965.1,8526,84284.6,9754.56,8938,71523.3,31448.2,59.04,29.4793
7117.44,6222,74967.6,2910.24,2846,67015.3,20385.4,-4.92,29.4793
12783.4,11164,75042.1,9606.24,8664,72663.3,20413.4,5.74,29.4803
20730.9,17733,76615.3,17679.6,17201,67359.5,7156.08,63.96,29.4825
12876.8,11445,73734.7,6438.96,6293,67056.1,4909.68,-22.96,29.4835
12962.6,11376,74676,5626.8,5520,66804,9180.72,-18.86,29.4846
6334.08,5533,75024.5,2527.2,2317,71481.5,16974.7,-54.94,29.4846
16240,14094,75514.7,7773.84,7290,69885.7,21485.5,58.22,29.4856
18087,15061,78703.4,7922.16,7169,72421.1,47391.8,116.44,29.4856
13945,12656,72210.6,5958.72,5908,66098.6,5623.2,63.14,29.4867
13267.8,12083,71962.4,7238.88,7027,67512.1,11300.4,137.76,29.4867
14413.4,13213,71490.1,7049.52,6893,67024.1,39615.8,87.74,29.4867
29549.4,21985,88085.2,21948.5,17573,81853.7,11901.6,105.78,29.4888
13469.4,12145,72682.9,4336.56,4273,66510.8,14333.8,-12.3,29.493
14842.2,13518,71956,6655.68,6554,66552.7,6962.4,-0.82,29.493
50474.9,39189,84409.4,26532,21393,81279,57950.6,127.1,29.4941
19271,17768,71079.9,10895,9768,73097.6,24184.8,1.64,29.4951
27366.4,20937,85661,32653.4,26937,79443.7,71466.5,161.54,29.4972
11568.6,11051,68605.8,3677.76,3711,64949,6038.64,41.82,29.4993
11659.5,11089,68907.8,5793.84,5009,75804.6,11990.9,123.82,29.4993
11722.9,11507,66765.5,5038.56,4983,66266.7,12700.8,-42.64,29.5004
12986.9,12496,68110.4,6611.04,6528,66369.7,8374.32,-31.16,29.5004
15292.8,13704,73134,8825.04,8316,69547.6,19378.1,96.76,29.5036
18481.3,16337,74137.8,13819,13061,69339.2,25444.1,182.86,29.5067
8627.2,8352,67695.4,3551.76,3680,63252.2,11538.7,-22.96,29.5067
8243.84,7858,68753.9,2720.16,2726,65395.6,14286.2,95.94,29.5088
10713,10392,67560.1,5539.68,4956,73254.3,15065.3,-10.66,29.5099
14599.7,13644,70126.4,8050.32,8200,64339.7,26011.4,29.52,29.5109
10889,10241,69682.5,6220.8,6113,66691.7,8028,19.68,29.5131
23955.8,20119,78034.2,18748.1,16871,72827.6,34247.5,40.18,29.5141
5442.56,5312,67146.8,2252.88,2352,62774.1,12831.8,9.02,29.5141
26093.4,16424,104120,69528.2,28716,158678,56846.2,1392.36,29.5162
10890.9,10337,69047.6,3576.24,3589,65303,30245,-32.8,29.5173
5719.68,5602,66912.7,2462.4,2518,64088.9,8147.52,-33.62,29.5204
9323.52,9449,64665.7,3749.76,3901,62995.2,17755.9,97.58,29.5215
25673.6,20976,80212.9,17213.8,14832,76059.9,14250.2,56.58,29.5257
12129.3,12277,64747.5,6910.56,6997,64726.4,5546.88,40.18,29.5268
9875.84,10285,62928.8,5214.24,5341,63980.6,8943.12,-48.38,29.5299
13948.8,12612,72482.4,12501.4,11648,70337.3,23454.7,77.08,29.531
10964.5,10120,71004.8,8048.16,7548,69878.7,29558.9,32.8,29.531
11951.4,12085,64811.3,5045.04,5073,65174.8,11617.2,47.56,29.531
8377.6,8921,61544,4363.92,4633,61729.7,27785.5,-38.54,29.531
14329,13783,68132,8227.44,8007,67340.3,16493.8,22.96,29.5342
17813.1,15965,73122.5,15873.8,14717,70687.5,10397.5,16.4,29.5352
6897.92,7261,62258.9,4026.24,4189,62989.7,12214.1,-58.22,29.5363
14761,14701,65803.3,9365.04,9405,65257.6,16126.6,3.28,29.5384
11734.4,11640,66067.5,6057.36,6108,64992.7,15935,-69.7,29.5458
6021.12,6184,63809.8,2237.04,2312,63411.2,14917,97.58,29.55
8013.44,8064,65125.1,3088.08,3200,63243.9,11617.9,6.56,29.55
18599,16810,72510.8,13819,12718,71209.3,30220.6,68.88,29.551
13050.9,13197,64810.4,5641.2,5673,65168.6,18231.1,44.28,29.5563
15107.8,13780,71851,8588.88,8244,68277.6,29417,-36.9,29.5574
13475.2,12981,68031,4487.04,4465,65859.5,10669.7,23.78,29.5627
11696,11457,66903.1,4770.72,4965,62971.6,10946.9,33.62,29.5648
10604.8,9418,73794.5,7324.56,7022,68359.8,34519.7,15.58,29.5658
11491.8,11070,68033.4,5813.28,5950,64030.1,16756.6,14.76,29.569
13263.4,12544,69294.3,5273.28,5312,65058.3,6192.72,-18.86,29.569
10374.4,9853,69004,4156.56,4205,64781.1,9346.32,-23.78,29.5711
7472,7152,68468.3,3190.32,3120,67013.1,11471.8,2.46,29.5722
7431.04,7084,68746.6,2717.28,2728,65278.5,22430.9,-15.58,29.5722
9498.88,9245,67335.7,3149.28,3289,62752,25211.5,95.94,29.5722
44151.7,32673,88560.1,31999.7,24737,84777.1,32569.2,301.76,29.5764
13092.5,13209,64957.9,4734,5005,61987.5,17529.1,93.48,29.5764
24582.4,21123,76269.1,16510.3,15495,69830.3,37964.2,36.9,29.5785
13545.6,12870,68976.3,7183.44,7074,66549.9,10161.4,118.08,29.5806
9742.72,9226,69206.5,8532.72,8126,68816.2,7733.52,3.28,29.5806
14837.1,13169,73837.5,10028.2,8593,76481.5,27548.6,-6.56,29.5817
18762.2,16612,74018.9,13711,13152,68321.3,40738.3,40.18,29.5848
9005.44,9043,65263.8,3753.36,3895,63152.8,5824.08,21.32,29.5869
10914.6,10304,69419.3,6162.48,5840,69154.9,26943.1,-71.34,29.588
12935.7,12643,67053.1,5278.32,5347,64694.2,18467.3,-55.76,29.588
14346.9,14248,65990.8,5855.04,5932,64685.8,14899,31.16,29.5933
11155.8,11388,64200,4699.44,4908,62751.1,16470.7,66.42,29.5975
12714.2,11321,73601.3,6836.4,6313,70969.5,23185.4,-8.2,29.6017
5722.88,5664,66217.3,2116.8,2176,63753,8025.84,-36.9,29.6017
40118.4,28907,90953.7,45138.2,32063,92261.5,51972.5,203.36,29.6059
10525.4,10245,67329.9,7454.16,5205,93855.1,15021.4,86.1,29.607
15832.3,15757,65849.3,11715.8,11533,66575,26852.4,36.9,29.6091
13625.6,13369,66793.9,5659.2,5769,64288.7,5698.8,68.88,29.6101
6206.72,6472,62849.8,2334.96,2380,64295.8,7616.16,6.56,29.6133
12432,12437,65509.7,5598.72,5713,64225.1,8024.4,13.94,29.6144
6254.72,6616,61957.3,2473.92,2652,61135.3,26452.8,4.1,29.6154
12491.5,11269,72645.7,9873.36,9233,70081.3,31292.6,72.16,29.6165
13113.6,13160,65304.9,4822.56,4952,63823,11085.1,41.82,29.6165
14389.1,13783,68418,7004.88,6887,66657.7,9722.16,28.7,29.6165
11116.2,10399,70055.6,5981.76,5615,69816.7,15377.8,-35.26,29.6175
6999.04,7100,64604.1,3251.52,3340,63799.9,7855.2,53.3,29.6175
10954.2,11000,65263.4,4097.52,4152,64676.1,20491.9,41.82,29.6196
9858.56,9793,65974.7,3988.08,4037,64741.8,16982.6,50.02,29.6218
11067.5,10556,68711.7,6831.36,6648,67343.6,5944.32,26.24,29.6218
12510.7,12357,66351.3,6568.56,6517,66054.5,8395.92,6.56,29.6228
9975.68,10672,61259.9,3515.76,3684,62543.1,11943.4,13.94,29.6239
6292.48,6760,61003.5,2447.28,2524,63544,21379.7,-18.86,29.6249
10805.8,10981,64490.1,6348.24,6049,68778,13178.9,-9.84,29.6291
9834.24,10356,62234.1,4288.32,4368,64340.5,5567.04,26.24,29.6323
8538.24,9084,61598.6,5552.64,5496,66211.4,11424.2,45.92,29.6334
10917.1,11125,64311.4,9354.96,8981,68264.9,14745.6,61.5,29.6365
9224.96,9201,65706.7,2649.6,2693,64479.8,7188.48,40.18,29.6492
5883.52,5769,66837,2940.48,2809,68603.5,14605.2,13.12,29.6492
13765.8,13480,66925.3,8495.28,8492,65561.3,21836.9,2.46,29.6534
5574.4,5532,66038.3,2201.76,2236,64532.4,8319.6,56.58,29.6566
11285.8,10544,70146.4,4909.68,4784,67257.7,5212.08,27.06,29.6597
13131.5,12373,69553.6,6811.92,6549,68167,28080.7,14.76,29.6619
8558.08,8088,69345,3738.96,3816,64212.9,8367.12,24.6,29.665
10188.2,9625,69370.5,4284,4301,65277,14250.2,13.94,29.665
7646.08,7180,69790.2,2790.72,2904,62979.6,14246.6,68.06,29.6671
12713,11414,72994.3,9388.08,8822,69741.3,20684.9,16.4,29.6692
8968.96,8624,68157.4,5395.68,5444,64954.3,17573.8,-4.92,29.6692
9082.88,8669,68664.9,4140.72,3513,77246.3,5275.44,-61.5,29.6819
7712,6929,72941.8,3058.56,3061,65483.8,40484.2,39.36,29.683
24200.3,20474,77463.7,16141,14762,71657.9,27033.1,91.84,29.683
12057.6,11033,71622.1,3897.36,3917,65207.4,6604.56,31.16,29.6882
10523.5,9296,74189.9,6199.2,5856,69376.8,6345.36,8.2,29.6893
32587.5,25512,83711.8,23785.9,19532,79809.3,29924.6,164.82,29.6893
7503.36,6560,74960.4,2285.28,2336,64113.1,21591.4,0,29.6925
14795.5,12940,74933.5,9202.32,8520,70784.4,11403.4,29.52,29.6935
15321,13677,73413.4,6743.52,6601,66951,6806.16,-120.54,29.6967
8492.16,7261,76648.2,3265.92,3273,65394.2,9258.48,59.04,29.7009
8924.8,7920,73850.5,3038.4,3188,62460.7,18136.1,78.72,29.7009
14059.5,13288,69341.1,5482.08,5592,64247.8,29618.6,85.28,29.7062
12524.8,11552,71054.8,4988.16,5092,64199.5,9019.44,22.96,29.7072
6380.8,5709,73247.9,2393.28,2457,63836.4,6546.24,19.68,29.7083
13851.5,13369,67901.4,4110.48,4269,63102.5,21805.2,50.84,29.7093
14557.4,12344,77287.5,13040.6,12444,68678.2,69084,104.14,29.7104
12120.3,10396,76406.1,6750.72,6280,70448.3,6058.8,88.56,29.7104
11199.4,10109,72604.7,5405.04,5033,70380.4,10651,65.6,29.7115
12126.7,12016,66139.9,5483.52,5620,63944.5,12641.8,53.3,29.7167
13154.6,12368,69703.9,9771.12,9172,69816.8,46602.7,73.8,29.721
8374.4,8657,63396.6,2864.16,2993,62714.9,10680.5,-0.82,29.722
16878.7,17189,64353,4804.56,5041,62462.1,28777.7,-33.62,29.7231
12977.9,13092,64964.9,7875.36,7812,66067.5,8313.84,188.6,29.7241
6944.64,7020,64832.5,3839.04,3884,64777.4,16526.2,-25.42,29.7252
15607,15481,66069.6,6607.44,6557,66040.1,25269.1,18.04,29.7283
9120.64,9148,65340,7806.96,7276,70318.4,18640.1,51.66,29.7304
9739.52,10086,63284.7,6608.88,6386,67823.3,5055.84,150.06,29.7304
10986.2,11677,61659.2,6406.56,6553,64071.5,41443.9,-7.38,29.7368
11906.6,10461,74592.1,10077.1,9257,71342.1,44028.7,48.38,29.7389
13291.5,14117,61703.8,5029.92,5169,63772.7,24280.6,74.62,29.7389
4675.2,5505,55657.4,2561.76,2613,64250.9,6282.72,23.78,29.7421
10006.4,10776,60855.5,4020.48,4120,63953,13865,54.94,29.7421
9092.48,9464,62963.3,7004.16,6860,66913.2,19322.6,29.52,29.7442
13057.3,13881,61647,7252.56,7485,63500.8,8563.68,-9.84,29.7473
6981.12,7204,63508.4,2538.72,2576,64587.6,7322.4,43.46,29.7516
6111.36,6386,62717.5,3853.44,3730,67704.8,7102.8,121.36,29.7526
10316.2,9845,68672.4,6839.28,6497,68988.6,27071.3,64.78,29.7537
20704,16413,82669.7,16652.9,14649,74500.9,55746.7,84.46,29.7537
12938.2,12861,65929.6,8616.24,8461,66738.4,6305.76,92.66,29.7537
10616.3,10208,68157.4,7197.12,6832,69038.4,10880.6,70.52,29.7558
15897.6,15581,66867.7,4783.68,4793,65408.6,13600.8,146.78,29.7558
13249.3,12564,69110.5,9653.76,8880,71246.5,13187.5,65.6,29.7558
7776,7864,64802.6,3427.2,3564,63020.5,14626.1,54.12,29.7568
8961.92,8092,72581.4,5622.48,5420,67984.3,20167.2,26.24,29.7568
6730.88,6808,64793.6,3317.76,3416,63651.3,9660.96,23.78,29.7579
12788.5,12426,67447.8,6203.52,5978,68008.4,13639,40.18,29.76
12928.6,12425,68192.5,4633.2,4441,68372.3,13676.4,70.52,29.7611
6992,6838,67012,2253.6,2326,63496.1,6878.88,-59.86,29.7642
10951.7,10349,69352.5,6720.48,6377,69065.9,6439.68,38.54,29.7674
10699.5,9882,70957.7,8150.4,7710,69279.5,14683.7,9.02,29.7706
15222.4,12320,80975.3,11522.2,10272,73512.1,32091.8,92.66,29.7737
13557.1,12321,72111,10957.7,10305,69686.8,10961.3,-5.74,29.7758
10874.9,8970,79453.3,93075.8,77098,79117.7,13091,2679.76,29.7822
8457.6,9168,60457.8,4569.84,4628,64712.4,10626.5,77.08,29.7853
8257.92,8955,60434.5,3480.48,3547,64306.9,11604.2,84.46,29.7874
10172.2,10196,65382.8,7393.68,6816,71090.4,12561.1,3.28,29.7885
13283.8,13280,65555,7037.28,6992,65960.4,12026.2,-2.46,29.7906
10744.3,10439,67452.8,6109.92,5799,69049.8,15664.3,103.32,29.7938
14743.7,14673,65851.7,4758.48,4789,65118.3,20490.5,60.68,29.7948
11180.8,10760,68099,7304.4,5996,79836.8,33838.6,110.7,29.8012
9116.8,9755,61248.4,3320.64,3471,62697.1,14192.6,-18.04,29.8043
17902.1,11704,100242,19724.4,15036,85970.9,43338.2,168.1,29.8064
10305.9,9698,69644.1,10036.1,9410,69896.3,26743.7,-9.84,29.8075
6232.96,6461,63222.9,3239.28,3133,67759.2,5661.36,-68.06,29.8075
15695.4,15400,66792.9,7102.08,6908,67377.2,4770,52.48,29.8107
10306.6,10453,64617.9,6154.56,6081,66328.8,16809.8,52.48,29.8107
14129.9,14256,64956.4,5086.08,5204,64051,4986,4.1,29.8117
6126.72,6353,63201.8,3243.6,3221,65995.8,25601.8,-51.66,29.8149
11326.1,11173,66433.9,4596.48,4501,66926.2,42114.2,1.64,29.818
14091.5,13872,66573.1,6486.48,6532,65079.3,16319.5,-53.3,29.8212
9225.6,9362,64581.2,12921.1,5458,155148,9448.56,760.96,29.8212
19248,16461,76631.9,8151.84,7245,73739,30829,69.7,29.8212
6287.36,6360,64787.5,2327.04,2392,63756.2,8058.24,14.76,29.8212
10703.4,10557,66444.6,5532.48,5533,65529.8,14328.7,13.94,29.8233
12673.3,12488,66508.3,6701.04,6636,66178.3,7817.76,4.1,29.8233
8254.08,8532,63401.2,2913.12,3040,62800.7,6931.44,-27.88,29.8307
12344.3,12141,66633.5,6482.88,6345,66960.1,38811.6,-18.86,29.8328
6595.84,6572,65773.7,2848.32,2908,64191,5400.72,91.02,29.8328
24297,18344,86803.6,19809.4,16088,80695.3,11265.1,76.26,29.836
8236.8,8056,67006.8,2606.4,2648,64506.4,7671.6,-4.1,29.837
14124.8,12908,71713.9,8872.56,8220,70738.7,40090.3,145.96,29.8391
15767.7,15147,68221.5,9649.44,9391,67339.6,17784,-39.36,29.8413
12967,12769,66552.4,5295.6,5221,66472.4,20537.3,10.66,29.8423
6645.12,6757,64450.9,2484.72,2561,63584,20141.3,22.14,29.8423
11882.2,11133,69946.5,7454.88,7229,67583.8,12308.4,18.86,29.8423
5016.96,5136,64017,2080.8,2164,63016.3,8538.48,15.58,29.8455
13141.1,12597,68366.8,5950.08,5589,69770,14403.6,10.66,29.8465
10766.7,10269,68712.4,3551.76,3549,65587,30953.5,-1.64,29.8465
19033.6,16968,73514,13752,13192,68318,22246.6,106.6,29.8465
5654.4,5324,69603.1,1790.64,1756,66828.8,14259.6,19.68,29.856
27349.8,26332,68069,13600.1,13672,65191.3,6942.96,95.12,29.8581
11925.1,11252,69456.5,5651.28,5444,68031.3,7961.04,40.18,29.8603
7328.64,6882,69789.3,2664,2354,74166.5,6670.08,77.9,29.8613
12771.8,12189,68669.7,5556.96,5305,68648.6,25048.1,0.82,29.8624
22991.4,18318,82255.8,18313.9,15690,76495.9,68632.6,89.38,29.8624
8632.32,8285,68283.4,3353.04,3353,65536.8,20620.1,65.6,29.8634
13827.2,13789,65717.6,4826.16,4669,67742,13447.4,92.66,29.8698
12881.9,12717,66385.9,6816.24,6617,67509.3,13020.5,3.28,29.8708
14559.4,14413,66201.5,4948.56,4889,66334.4,19296,59.86,29.8708
6082.56,6490,61421.7,2773.44,2782,65334.4,9956.88,39.36,29.8708
12797.4,12982,64604.3,4802.4,4790,65705.7,10131.1,63.96,29.8729
7640.96,7905,63347,3558.24,3537,65929.6,11607.8,-32.8,29.874
5963.52,6405,61018.8,2936.16,3029,63527.3,30157.9,75.44,29.8793
13530.2,12254,72361.5,14311.4,12970,72314.2,78601,123,29.8803
5891.84,6173,62551.1,2741.76,2713,66230.7,13356,-72.98,29.8845
9424,8508,72591.8,5821.92,5304,71935.4,12278.9,23.78,29.8845
13377.9,13524,64828.1,5259.6,5348,64452.7,25257.6,73.8,29.8898
8994.56,9137,64514.3,4003.2,3957,66301.2,7104.96,32.8,29.8898
9571.2,9480,66166.5,9371.52,8744,70239.3,9146.16,-4.92,29.8898
15121.3,14981,66149.7,5844.24,5253,72912.3,22159.4,78.72,29.8898
9044.48,9093,65186.3,6917.76,6657,68103.1,19812.2,108.24,29.8993
7304.96,7676,62368.1,2984.4,3020,64763.5,15099.1,-7.38,29.9046
6310.4,6784,60960.8,3371.76,3328,66397.7,14405.8,31.16,29.9046
11114.2,11328,64299.3,5302.08,5364,64779.5,7402.32,-2.46,29.9088
16841,16213,68074.3,10311.8,9957,67871.5,8326.08,-7.38,29.9088
15406.1,15257,66176.4,9640.8,9021,70038.8,15307.2,80.36,29.9099
8430.72,8377,65956.3,2898.72,2937,64681.8,8757.36,-7.38,29.9099
16708.5,13305,82300.4,14228.6,12525,74450.2,28093.7,39.36,29.912
12373.1,11349,71449.9,8748,8417,68113.2,7490.88,39.36,29.913
11601.3,11260,67522.3,4973.04,4940,65974.3,12961.4,1.64,29.913
13409.3,12760,68870.7,9253.44,8972,67591.8,34871.8,36.9,29.9151
7816.32,7773,65901.2,3769.2,3801,64987.7,7963.2,62.32,29.9162
12848.6,12393,67945.5,5100.48,5117,65324.4,12286.8,-4.1,29.9183
13063,12381,69146.2,5096.88,4953,67439.8,9694.8,101.68,29.9194
7445.76,7425,65719.2,3166.56,3125,66407.6,5670.72,-21.32,29.9289
6752.64,7038,62878.8,2617.92,2718,63122.9,12456,100.86,29.9289
9345.28,8625,71009,6445.44,5937,71148.5,48336.5,-88.56,29.932
18083.2,16189,73204.1,14483.5,13241,71685.8,29715.8,72.16,29.932
14097.3,13741,67235.2,9598.32,9597,65545,37203.1,116.44,29.9331
13513,13245,66861.9,8061.84,7945,66499.8,35032.3,-28.7,29.9362
11069.4,10431,69547.2,6672.96,5947,73536.1,30946.3,-20.5,29.9405
10222.1,10049,66664.8,8650.8,8049,70435.9,12830.4,36.9,29.9415
14967.7,14176,69196,9591.84,9200,68327.3,17159.8,59.04,29.9415
10949.1,10811,66373.3,6993.36,6603,69410.4,9576,-57.4,29.9436
11098.9,11057,65784.2,3857.76,3665,68982.9,26614.8,-48.38,29.9531
5447.68,5581,63970.5,2694.24,2717,64987,7499.52,-34.44,29.9542
18496,17764,68236.5,12121.9,11956,66445.5,10976.4,78.72,29.9605
22302.1,20545,71140.9,16570.1,15745,68970.3,25585.9,109.06,29.9605
16210.6,15657,67853.1,9280.8,9113,66742.7,22149.4,98.4,29.9616
6423.68,6128,68698.2,22303.4,21360,68430.6,23489.3,2050,29.9626
6170.24,6425,62937.4,3189.6,3213,65058.7,23616,37.72,29.9626
8494.08,8491,65559.8,5870.16,5519,69705.9,17493.1,189.42,29.9637
17019.5,15572,71628,11818.8,10688,72469.8,24059.5,72.16,29.9637
11855.4,11256,69025.7,8359.2,7960,68822.7,14842.1,42.64,29.9637
6702.72,7048,62325.4,2901.6,2924,65033.9,10777,51.66,29.9647
11849.6,11120,69835.9,8641.44,8132,69641.6,20239.9,-16.4,29.9658
11557.8,10616,71349.8,8482.32,7756,71673.2,38019.6,95.94,29.9668
13423.4,12656,69509.6,8724.96,8340,68561,34321,5.74,29.9679
8803.2,7837,73615.7,5329.44,5113,68310.2,28246.3,19.68,29.969
12110.7,11428,69451.2,8479.44,8352,66536,9372.96,14.76,29.97
13783.7,13184,68516.9,5231.52,5204,65882.6,16924.3,98.4,29.9711
31274.2,28396,72178.8,28047.6,20956,87713.7,19177.9,597.78,29.9753
14414.7,14224,66414.7,5482.8,5476,65617.4,17161.2,76.26,29.9774
6808.32,7004,63705,2679.84,2748,63910.5,65924.6,-11.48,29.9774
15383,14584,69126.6,9371.52,8904,68977.1,19572.5,152.52,29.9785
21942.4,19114,75233.7,18149,16730,71094.8,49818.2,54.12,29.9795
9610.88,9096,69245.7,4229.28,4268,64941.5,20759,57.4,29.9879
13369.6,12469,70269.5,9411.84,8949,68925.5,22107.6,-24.6,29.9879
10112.6,9512,69674.3,5677.2,5592,66534.5,22867.9,86.92,29.989
11352.3,10956,67906.7,2409.84,2476,63784.8,6539.04,-45.1,29.9911
12859.5,12436,67767.9,7464.96,7316,66870.4,27738.7,160.72,29.9996
14076.2,13268,69527.8,7846.56,7392,69566,22444.6,88.56,30.0017
10710.4,9980,70332.3,8214.48,7992,67360.4,5031.36,35.26,30.0027
11217.3,11448,64215.2,6479.28,6680,63566.8,15956.6,-7.38,30.0038
13641.6,13986,63922.2,2553.84,2662,62873.2,5981.04,-79.54,30.0048
14053.8,13524,68103.2,8644.32,8484,66774.4,29412,96.76,30.008
7486.08,7409,66217.8,4757.04,4657,66943.8,9932.4,-37.72,30.0091
11851.5,11912,65203.3,4010.4,4076,64481.3,8092.08,-26.24,30.0091
11504,11996,62848.1,4216.32,4428,62403.1,4979.52,14.76,30.0101
14191.4,14536,63982.2,5556.24,5784,62955.4,5723.28,181.22,30.0122
7039.36,7201,64064.9,2652.48,2693,64549.9,14514.5,18.04,30.0133
12608,11909,69382.6,10256.4,9445,71166.1,30438,138.58,30.0154
11446.4,11261,66615,5792.4,5609,67678.9,11721.6,9.84,30.0164
7422.08,7740,62844.1,2818.8,2940,62834.3,7290.72,65.6,30.0186
13697.9,13023,68932.4,8370.72,8043,68206.3,5176.8,48.38,30.0238
8186.88,8060,66567.7,2759.76,2796,64686.6,10051.9,26.24,30.0259
8141.44,8085,65993.5,2859.84,2929,63988.6,14344.6,7.38,30.027
10449.3,10484,65319,5615.28,5792,63536.4,8588.88,13.94,30.027
13785.6,13300,67928.8,6578.64,6240,69092.6,10684.1,87.74,30.028
12674.6,12380,67095.3,6814.8,6888,64839.5,7313.04,109.88,30.0302
9415.68,9156,67394.7,3803.76,3312,75266.7,21166.6,51.66,30.0344
11363.8,9845,75646.6,6966,6453,70746,15580.8,87.74,30.0375
26623.4,22704,76849.4,15865.9,14368,72368.4,77473.4,69.7,30.0397
15724.2,13243,77814.6,15992.6,14527,72148,59058.7,150.88,30.0428
14849.9,13825,70394.5,8465.76,8229,67421.6,23893.9,6.56,30.0449
18184.3,17109,69655,7777.44,7765,65641,14004,-2.46,30.0449
14088.3,13720,67295.3,5738.4,5628,66821.6,19373,27.06,30.0449
9864.96,9376,68953.7,3968.64,3972,65480.6,16747.2,36.08,30.0492
10417.9,9681,70524.6,5418,5301,66982.5,10705,59.86,30.0502
19953.3,16955,77125.2,9606.96,8715,72243.5,38450.9,62.32,30.0523
10981.1,10608,67841.1,3362.4,3364,65504.8,8501.04,-0.82,30.0544
7500.8,7149,68761,2958.48,2905,66742.5,15326.6,2.46,30.0544
5982.72,5884,66635.5,1719.36,1756,64168.6,13839.8,-3.28,30.0565
16025,15860,66217.6,6759.36,6944,63793.4,11949.8,45.1,30.0565
9840.64,9061,71174.9,6151.68,5665,71166.2,21086.6,79.54,30.0576
17208.3,16125,69938.9,8272.08,7865,68928,22399.9,85.28,30.0576
13977.6,13613,67291.3,6591.6,6365,67869.1,6283.44,9.02,30.0608
7048.96,7037,65647.4,4477.68,4541,64622.2,9776.88,49.2,30.0629
14585,13162,72621.2,9314.64,8410,72585.5,19116,143.5,30.065
5104,5406,61874.9,2550.96,2682,62334,8418.96,93.48,30.0671
18474.9,17324,69889.7,17572.3,16408,70186.5,15324.5,63.96,30.0682
8465.28,8409,65974.6,2020.32,2041,64872,18146.2,-10.66,30.0692
10007,9982,65700.4,4788.72,4942,63503.4,9717.84,-22.14,30.0713
7367.04,7120,67809.9,2995.2,3040,64570.2,24590.2,25.42,30.0724
13690.9,12424,72218.7,7452.72,6812,71700.2,61892.6,13.12,30.0755
24682.2,23419,69071.1,12502.1,12411,66016.9,21568.3,16.4,30.0787
16857,16061,68783.9,7941.6,8061,64565.3,11659,28.7,30.0808
9816.32,9684,66431.5,6741.36,6672,66217.3,15520.3,-9.02,30.0829
9111.04,9539,62595.8,3504.24,3635,63178.5,7909.2,-4.92,30.084
13803.5,13412,67449.1,5404.32,5296,66876.4,6393.6,-4.1,30.0861
7373.44,7476,64636.9,3002.4,2884,68226.5,7086.24,13.12,30.0871
13291.5,12997,67021.1,6927.84,6677,67998,9656.64,28.7,30.0871
46330.9,32176,94366.6,38666.9,27620,91747.8,17069.8,221.4,30.0903
11930.2,12101,64611.2,9545.76,9233,67756,15533.3,0,30.0914
10679,11141,62818.6,4107.6,4145,64944.7,5456.16,39.36,30.0935
5786.88,6269,60495.9,2727.36,2809,63631.3,6091.2,-82.82,30.0945
8371.2,8907,61593.7,2660.4,2799,62290.8,7312.32,92.66,30.0966
8189.44,8597,62429.1,3294,3313,65160.2,16777.4,0.82,30.0966
6975.36,7462,61262,3419.28,3446,65027.8,11347.2,54.94,30.0977
12505,11908,68821.4,10537.2,10228,67517.2,19003,-11.48,30.0988
5374.08,5920,59492.5,2874.96,2992,62972.4,5932.08,-27.88,30.0998
11494.4,11907,63265.1,2380.32,2451,63646.1,16582.3,-26.24,30.0998
7528.96,7370,66949.5,2377.44,2458,63388.1,12732.5,-66.42,30.1146
10663,10989,63592,3780.72,3993,62051.9,9640.08,-14.76,30.1167
10212.5,10289,65048.6,3664.08,3745,64119.9,6808.32,11.48,30.1178
10465.3,10184,67346.1,5385.6,5272,66948.2,29126.9,71.34,30.1199
7635.2,7752,64548.6,3515.04,3624,63565.6,42593.8,40.18,30.1209
11061.1,9196,78827.9,9504,8524,73070.6,19712.9,179.58,30.122
13307.5,12900,67606.3,7899.84,7488,69140.5,8735.04,7.38,30.122
13481.6,13245,66706.7,9897.84,9657,67170.4,21209.8,27.88,30.122
10108.2,9128,72573.2,6676.56,6412,68240,13963.7,8.2,30.1251
16386.6,15093,71152.8,6965.28,6565,69531.9,21348,65.6,30.1262
13155.8,11397,75649.8,9292.32,8369,72766.3,29793.6,54.12,30.1262
16154.9,15301,69193.3,7109.28,5873,79331.5,17074.8,35.26,30.1304
14471,13275,71440.6,7534.08,7199,68586.4,41561.3,134.48,30.1325
6631.68,6532,66536.1,2390.4,2484,63066.5,7354.8,20.5,30.1336
12223.4,11830,67715.1,4640.4,4770,63755.4,16362,86.1,30.1357
5859.84,5485,70014.7,2458.08,2493,64618,8412.48,5.74,30.1378
20808.3,19272,70760.4,9262.08,8968,67685.1,27492.5,-36.9,30.1378
26602.2,22705,76785,19327.7,17685,71623.3,40503.6,59.86,30.1389
7469.44,7553,64811,3374.64,3493,63315.3,26978.4,-20.5,30.1462
6414.08,6378,65906.7,2474.64,2538,63899.9,10501.9,-28.7,30.1473
10046.7,9585,68692.9,5295.6,4917,70582.2,7858.08,-5.74,30.1505
8904.96,8730,66849.4,5901.12,5758,67165,7557.84,-54.12,30.1515
5137.28,5209,64633.7,2191.68,2301,62422.4,15967.4,-11.48,30.1515
8318.72,8093,67363.9,5047.2,4873,67878.8,6014.88,41,30.1547
12414.1,12024,67662.1,8434.08,8188,67505.6,14937.8,-13.94,30.1568
13306.9,13218,65976.7,5561.28,5650,64506.9,16941.6,46.74,30.1568
10251.5,9412,71381.6,6142.32,5908,68135.3,24195.6,7.38,30.1579
9801.6,9713,66133.8,2982.96,3045,64200.8,26023,4.1,30.1589
11942.4,12114,64607.7,7102.8,7190,64741.2,9403.92,151.7,30.1695
6291.2,6535,63091.1,2795.04,2695,67968.7,12817.4,-63.96,30.1695
12114.6,12372,64172.3,4485.6,4512,65152.6,23464.8,78.72,30.1716
10041.6,10724,61365.7,4460.4,4080,71646.3,17485.2,125.46,30.1737
9128.96,7912,75616.2,10553,9400,73574.9,17218.1,8.2,30.1737
10427.5,10280,66476.5,6813.36,6924,64488.8,11623,99.22,30.1758
19089.9,16389,76336.4,12397,10657,76236,43382.9,-9.02,30.1769
10820.5,10556,67178,4993.92,5016,65247.5,11543.8,-62.32,30.1779
9775.36,10013,63980.6,4379.04,4301,66725.1,23254.6,34.44,30.1853
21269.8,19663,70891.3,61168.3,50907,78746.1,28026.7,7657.98,30.1853
8746.88,8852,64757.7,4867.92,4960,64319.4,10923.8,33.62,30.1863
8766.72,8456,67944.1,9372.96,8856,69361.6,10087.2,-38.54,30.1895
10424.3,10033,68092.1,4771.44,4485,69721.5,5644.8,-24.6,30.1906
9400.96,9501,64845.9,3173.76,3241,64176.4,6719.04,34.44,30.1916
13091.8,12376,69326.7,10178.6,9672,68968.9,13536,71.34,30.1927
13447,13349,66017.3,3953.52,4085,63426.7,10684.1,71.34,30.1937
11891.8,11568,67370.6,6581.52,6676,64608.5,14449,26.24,30.1969
11025.3,11109,65042.1,4586.4,4785,62816,10537.9,141.86,30.199
12456.3,12380,65940,3565.44,3644,64123.1,8681.76,16.4,30.199
12093.4,11765,67365.5,5765.76,5733,65910.5,12224.9,0,30.2011
13671,12329,72669.7,8034.48,7497,70234.5,18392.4,78.72,30.2022
15075.2,14051,70313,8067.6,7827,67550.6,12001,103.32,30.2032
17763.8,15224,76469.5,8306.64,7516,72430,21217,38.54,30.2043
9859.84,9768,66152.2,5476.32,5464,65683.8,5523.12,54.12,30.2043
17504,15212,75410.3,16328.2,14684,72874,38831,164,30.2075
9701.76,9417,67517.7,6587.28,6109,70666.9,13156.6,97.58,30.2085
15714.6,15197,67767.9,9018,8825,66969.3,17997.8,21.32,30.2096
19168,15793,79541.2,13420.1,11669,75370.5,36228.2,63.14,30.2117
13761.9,13344,67588.5,6885.36,6724,67108.7,5872.32,96.76,30.2127
8996.48,9376,62883.2,3150.72,3264,63261.5,17723.5,-61.5,30.2138
16055,16032,65630.2,6778.08,6772,65594.8,14382,90.2,30.2138
5066.24,5401,61474,1515.6,1513,65648.6,10172.9,16.4,30.2148
13070.7,13409,63882.7,4945.68,4997,64862.9,8340.48,104.14,30.2159
8821.12,9169,63049.5,3265.2,3157,67782.1,30097.4,78.72,30.2159
13285.8,13197,65976.8,7038,7005,65844.7,11033.3,38.54,30.218
21902.1,16551,86724.4,18836.6,15207,81178.3,9375.12,117.26,30.2191
13728,13058,68898.6,6835.68,6454,69411.7,7423.2,68.06,30.2191
13553.9,13296,66807.3,5808.96,5744,66277.2,7961.04,-14.76,30.2191
7477.12,7628,64239.7,2855.52,2888,64799,11855.5,39.36,30.2201
6003.2,6245,62998.5,2818.08,2837,65098.9,16832.2,-1.64,30.2212
12769.3,12153,68859.3,15462.7,11497,88141.7,24896.2,120.54,30.2275
10645.1,10628,65641.6,4057.2,4240,62710.5,6534.72,42.64,30.2275
10865.9,10832,65741.2,3087.36,3216,62914.6,30636,-7.38,30.2296
20134.4,18178,72589.3,11224.8,10358,71020.3,23791,40.18,30.2328
9649.28,9231,68505.6,4235.04,4219,65785.2,12337.9,1.64,30.2328
7468.16,7306,66990.6,3126.24,3146,65124.4,5536.8,60.68,30.2338
6543.36,6464,66340.6,2750.4,2816,64009.3,9991.44,29.52,30.236
6598.4,6142,70405.9,2607.84,2654,64396.2,7453.44,18.86,30.2381
28665,25664,73199.3,14760,13620,71021.4,51685.2,41.82,30.2381
10597.8,10404,66756.5,5109.12,3696,90592.9,13540.3,188.6,30.2391
13898.9,12565,72493.2,7796.16,7121,71749.6,31554,105.78,30.2391
10028.2,9729,67551.2,2669.04,2741,63815.5,20853.4,27.06,30.2423
8455.68,6365,87062.3,21822.5,10585,135112,5351.76,707.66,30.2444
8684.8,8260,68906.4,3770.64,3760,65721.5,7835.76,-5.74,30.2486
8076.16,7844,67475.7,3830.4,3876,64765,27601.2,12.3,30.2486
12821.1,12292,68357.1,6926.4,6816,66597.5,16713.4,6.56,30.2497
8554.88,8581,65336.5,4154.4,4149,65621.3,16465.7,24.6,30.2592
11169.9,11184,65453.5,5814,6020,63293.4,10856.2,23.78,30.2592
22636.2,21665,68473.7,12135.6,11825,67257.4,17232.5,86.92,30.2602
23487.4,11603,132661,18703.4,9683,126588,24341.8,-34.44,30.2623
14298.2,13876,67530.2,6689.52,6596,66465.2,10730.9,128.74,30.2655
7896.96,7596,68132.6,2036.88,2056,64926.5,4838.4,43.46,30.2666
8555.52,8105,69178.8,5843.52,5593,68471.5,4888.08,54.94,30.2687
11857.9,11869,65474.8,5055.12,4733,69996.3,12901,26.24,30.2708
13594.2,13496,66013,9090.72,8828,67486.4,11104.6,60.68,30.2729
8743.04,9127,62779,3972.24,3959,65755.2,11841.1,-24.6,30.2761
12667.5,12637,65694.3,4729.68,4605,67310.4,36255.6,-40.18,30.2782
7993.6,8332,62874.3,5203.44,4968,68641.8,9972,9.84,30.2792
15297.9,14973,66958.2,10368,9961,68213.8,16225.9,-40.18,30.2813
11751,11364,67768.1,6794.64,6660,66860.9,31941.4,25.42,30.2834
13914.2,14232,64072.8,4846.32,5020,63268.6,16924.3,110.7,30.2866
10382.7,10164,66946.3,4592.88,4528,66475,6332.4,-7.38,30.2929
11866.9,10736,72439.3,10707.1,9972,70367.2,17084.2,8.2,30.2972
10746.2,10453,67374.5,5294.88,5073,68402.4,14441.8,-83.64,30.2972
10430.7,10312,66290.5,6665.04,5612,77833.2,9497.52,113.16,30.2982
8326.4,7836,69637.4,6922.08,6380,71104.3,11136.2,113.98,30.3077
17182.1,16917,66562.9,6758.64,6645,66656.8,15383.5,140.22,30.3077
7955.2,8135,64087.5,3188.88,3127,66832.9,12142.1,-4.1,30.3098
13536.6,13199,67212.5,5435.28,5279,67476.1,25709,56.58,30.3109
8584.32,9125,61652.8,2939.04,2821,68278.3,19671.1,46.74,30.313
10692.5,10482,66852,6532.56,6102,70160.3,17174.2,6.56,30.3151
6234.88,6961,58699.8,2417.04,2465,64260.9,8852.4,86.1,30.3193
18010.9,15797,74720.6,13879.4,12133,74969.3,18613.4,83.64,30.3214
11115.5,11883,61303.3,4867.2,5003,63757.1,18249.8,21.32,30.3214
10229.8,10593,63288.7,3325.68,3409,63934.2,16466.4,20.5,30.3246
9600.64,8784,71628.8,6912,6324,71629.5,11602.8,58.22,30.3257
14204.2,13768,67612.1,6238.08,5848,69907.5,4929.84,3.28,30.3267
14785.3,14989,64645.3,8100,7917,67050.9,20605.7,-45.92,30.3278
5712.64,5408,69227.7,3196.08,3140,66706.5,34082.6,48.38,30.3341
9672.32,9696,65375.9,3780,3860,64177.7,10640.2,11.48,30.3341
10671.4,10117,69127,4896,4757,67451,7990.56,83.64,30.3373
12617.6,12208,67734.8,4638.96,4660,65240.1,13171,-25.42,30.3404
12646.4,11919,69535.6,11351.5,10719,69403.2,14583.6,129.56,30.3436
8021.76,7861,66876.2,2344.32,2453,62632.4,8776.8,-52.48,30.3446
17263.4,16657,67921.7,4265.28,4357,64156.4,19037.5,111.52,30.3457
12200.3,11548,69238,4652.64,4648,65601.4,9457.92,-40.18,30.3468
9157.76,8840,67891.7,2877.84,2828,66691,34786.8,82.82,30.3489
10410.9,10540,64733.2,2718.72,2872,62038.3,4817.52,-52.48,30.3552
12714.2,12108,68817.4,22782.2,21004,71084.4,7542.72,79.54,30.3563
18480,18129,66804.9,9108.72,9249,64542,18485.3,37.72,30.3563
11233.9,11329,64986,3854.88,3925,64365.2,14448.2,10.66,30.3605
11105.9,11377,63974.5,4291.2,4273,65815.1,11689.9,140.22,30.3636
27409.3,25696,69905.6,13942.8,13328,68559.1,18451.4,123,30.3679
9736.96,10250,62255.7,3623.04,3710,63999.9,9951.84,50.02,30.37
8074.88,8489,62339,2989.44,3037,64509.7,20364.5,58.22,30.371
9658.24,10272,61620.2,4298.4,4436,63503.1,8173.44,-17.22,30.3721
14378.2,13439,70116.3,9842.4,8363,77129.2,37602.7,82,30.3721
12069.8,11252,70299,6518.88,5940,71922.8,7012.08,64.78,30.3731
8663.04,8895,63827,2892.24,2943,64405.7,12070.1,14.76,30.3774
13370.2,13138,66694.5,7752.96,6786,74874.5,22361,51.66,30.3795
7707.52,8018,62998.3,3848.4,3878,65035.8,12286.8,1.64,30.3795
11909.8,11650,66997.3,9816.48,9282,69309.7,20078.6,-19.68,30.3795
11340.8,10969,67757.4,5811.84,5709,66716.5,14816.2,-72.98,30.3869
5856.64,6108,62839,1717.2,1816,61970.5,11479.7,0.82,30.39
7450.88,7662,63730.2,3203.28,3374,62220,11356.6,-67.24,30.39
12300.2,11845,68054.3,4596.48,4321,69714.2,26321.8,-21.32,30.3964
9161.6,9289,64637.2,6229.44,5981,68258.3,7700.4,-33.62,30.3974
5997.44,6161,63796.2,2808.72,2737,67253.3,8526.24,5.74,30.4006
12425,12260,66417.8,5399.28,5264,67220.2,61763.8,-86.1,30.4006
9610.24,9345,67396.1,4672.8,4565,67083.6,7425.36,-27.06,30.4016
9549.44,9365,66826.7,3769.2,3701,66743.7,18365,-31.16,30.4048
9311.36,9353,65244.2,2805.12,2889,63633.2,8154.72,33.62,30.4069
10622.1,9889,70394.2,9013.68,7905,74727.5,23737.7,173.84,30.408
10630.4,9231,75471.1,8950.32,8315,70543.4,14017,6.56,30.4101
6326.4,6070,68304.3,3021.12,3046,65000.7,5906.88,-10.66,30.4122
9238.4,8485,71355.1,7506.72,7057,69712.4,10273,28.7,30.4122
12318.1,11944,67588.6,4630.32,4604,65910.7,15700.3,-27.88,30.4185
11466.9,11405,65891.6,3935.52,4077,63261.8,6420.24,5.74,30.4196
20181.8,19033,69491.5,12016.1,11757,66980.2,8292.96,135.3,30.4206
9032.32,9029,65560.1,6935.76,6949,65411.1,11142.7,-23.78,30.4259
22460.2,17683,83240.9,16368.5,13443,79798,6852.24,6.56,30.427
14281.6,13580,68921.9,3438,3484,64670.7,6343.2,68.88,30.4291
9511.68,9601,64926.3,3448.08,3601,62752.9,13917.6,-39.36,30.4301
11213.4,10544,69696.9,4704.48,4624,66676.6,8767.44,19.68,30.4407
14759,14216,68039.4,9120.24,8120,73608.9,20119,52.48,30.4428
14654.7,13926,68965.4,7596,7506,66321.8,30574.8,31.16,30.4428
6254.08,6034,67926.3,2337.12,2402,63765.8,13042.1,6.56,30.4438
13837.4,13025,69623.8,6339.6,6293,66021.3,31739.8,174.66,30.4449
15937.3,14585,71612.3,8547.84,8221,68141.5,16666.6,58.22,30.4449
8327.68,7956,68597.6,3035.52,3044,65353.4,7678.8,19.68,30.446
16281.6,15341,69554.2,8078.4,8041,65840.8,18535.7,59.86,30.4481
13592.3,11601,76785.3,9209.52,8433,71570.6,15838.6,41.82,30.4491
23049.6,20256,74574.4,12220.6,10400,77008.3,22133.5,127.1,30.4512
11878.4,11849,65698.6,2478.24,2653,61219,9381.6,-78.72,30.4523
9279.36,8765,69381.9,4133.52,4185,64729.8,8694,-11.48,30.4523
13607.7,13865,64319.7,4669.2,4829,63367.3,24341,105.78,30.4618
17613.4,12024,96000.9,45030.2,11884,248326,42643.4,1083.22,30.4618
10620.2,10497,66304.9,4543.2,4565,65223,5448.96,-86.1,30.4628
7804.8,8036,63650.5,4842.72,4912,64611.7,5772.24,20.5,30.4628
9895.04,9978,64991.1,4466.16,4650,62945,9442.8,-4.1,30.4639
15221.8,14541,68604.2,8656.56,8265,68640.8,8991.36,10.66,30.466
8596.48,8380,67229,4470.48,4456,65749,6048,-64.78,30.466
17565.4,16837,68371.4,9547.92,9105,68724,22401.4,50.84,30.4671
10311.7,10185,66351.1,6523.2,6377,67038.5,22276.1,45.92,30.4692
13430.4,12413,70907.5,10219,9321,71849.6,8988.48,22.96,30.4755
12857.6,12844,65605.4,5668.56,5720,64946.6,16781,34.44,30.4766
11660.8,11728,65160.5,6928.56,6676,68015.3,10013.8,-22.14,30.4776
12033.3,11858,66504.7,6671.52,6566,66589.2,24558.5,9.02,30.4797
10789.8,10805,65443.6,6247.44,6129,66802.5,19189.4,31.98,30.4808
16033.9,15204,69113.3,10064.9,9252,71294,18227.5,13.94,30.4829
6268.8,6300,65211.4,2521.44,2508,65887.2,5724,-28.7,30.4829
16566.4,15893,68312.8,11666.9,10773,70973.8,26596.1,20.5,30.4829
20557.4,20140,66894.4,9630.72,8828,71495.1,10158.5,15.58,30.485
10960.6,10309,69678.6,10135.4,9617,69069,26251.9,41.82,30.4871
11911.7,12248,63736.4,3574.08,3624,64633.3,11036.9,-39.36,30.4903
15386.9,15161,66512.4,7911.36,7837,66157.8,9810.72,-53.3,30.4945
10652.8,10434,66910.3,4478.4,4354,67408.5,8977.68,3.28,30.4977
9043.2,9005,65814,3235.68,3305,64161.4,22078.1,9.84,30.5008
7692.8,7952,63399.8,3692.16,3492,69292.5,6399.36,-58.22,30.5051
13293.4,12440,70032.1,11588.4,10600,71646.9,20141.3,40.18,30.5082
10641.9,10757,64834.9,4954.32,4865,66739.2,13893.8,-99.22,30.5124
12041.6,11707,67409.1,5294.16,5192,66825.5,10378.8,40.18,30.5146
9318.4,8724,70001.2,5099.04,4752,70322.1,15029.3,-8.2,30.5156
11642.2,11293,67562.7,5073.12,5117,64974,14123.5,27.88,30.5198
10844.8,10108,70313.1,7377.12,6776,71349.9,15181.2,36.9,30.5251
9349.12,8632,70980.5,5443.92,5164,69088.5,24595.2,31.98,30.5262
15132.2,14665,67623.7,7081.92,7161,64812.3,19984.3,35.26,30.5262
6401.28,6266,66950.9,4381.2,3054,94016.5,21289.7,124.64,30.5272
6449.28,6266,67452.9,2968.56,3130,62155.8,30063.6,-4.1,30.5272
15968.6,14104,74200.3,10581.8,10140,68391.7,21810.2,19.68,30.5272
8403.84,7917,69566,2957.76,2989,64851,11864.2,-45.1,30.5283
22826.9,17536,85309.2,23386.3,20288,75544.5,7256.88,218.12,30.5304
11006.1,10578,68188.2,4667.04,4690,65215.2,5123.52,6.56,30.5335
16145.3,14696,71999,14042.9,12940,71121.7,18000.7,33.62,30.5335
13793.3,12087,74787.5,11203.9,10451,70257.4,18828,61.5,30.5335
5614.08,5489,67029.4,2270.88,2341,63573,11520,4.92,30.5346
5303.04,5496,63235.1,2931.12,2956,64984.4,5017.68,16.4,30.5409
13873.3,13648,66617.8,3727.44,3680,66380.8,19118.2,-49.2,30.542
14857.6,14889,65397.8,5962.32,5097,76662.1,14728.3,17.22,30.543
13129,13157,65396.3,4870.08,4801,66479,18591.1,-37.72,30.5452
21565.4,16884,83707.2,24638.4,20100,80333.5,65826.7,124.64,30.5473
13545,14021,63310.9,7403.04,7557,64200.8,10231.9,11.48,30.5494
19706.9,17320,74567.6,14509.4,13180,72146.5,15169.7,100.04,30.5494
11248,11464,64301.2,4989.6,5100,64117.3,15680.2,-86.92,30.5504
5845.12,6148,62307.4,2823.84,2688,68847.9,15152.4,-1.64,30.5536
10217,10412,64308.4,4065.84,4040,65955.2,4948.56,-17.22,30.5557
6755.2,6972,63498.1,3518.64,3292,70047.9,25369.9,109.06,30.5568
8436.48,8217,67286.5,4359.6,4237,67432.3,17275.7,38.54,30.561
9670.4,9641,65735.8,3309.84,3305,65632,15040.8,54.12,30.562
10470.4,10065,68175.7,4456.08,4113,71002.6,13741.2,-23.78,30.5684
9927.04,10144,64134.3,3717.36,3776,64518.2,11291.8,-12.3,30.5694
14702.7,14467,66603.8,5117.76,5203,64462.3,9512.64,36.08,30.5694
9167.36,8849,67893.8,3823.2,3857,64961.7,12863.5,-30.34,30.5694
15461.8,14111,71809.4,5945.04,5455,71423.3,29223.4,113.98,30.5705
32788.5,23140,92862,26345.5,20128,85780,56806.6,122.18,30.5726
7182.72,7175,65606.5,2751.84,2839,63524,11584.1,-26.24,30.5758
9761.92,8513,75150.6,5238.72,4885,70281.4,33722.6,-22.96,30.5779
12538.9,11985,68564.7,4734,4677,66334.7,13788.7,82,30.581
12563.2,11592,71026.7,9018.72,8380,70531.1,17701.9,115.62,30.5831
14273.3,13649,68533.5,5360.4,5153,68173.7,11039.8,77.9,30.5842
15673,14624,70236.8,8891.28,8720,66823.3,5315.76,49.2,30.5853
11241.6,9733,75694,6414.48,6117,68723.1,15007,13.94,30.5853
9988.48,9833,66572.3,3669.84,3833,62746.3,10281.6,43.46,30.5853
14982.4,14371,68324.2,7170.48,7303,64346.8,5040,101.68,30.5863
9007.36,8828,66867.5,5124.24,4920,68256.5,34947.4,28.7,30.5937
9813.12,9464,67953.6,7066.08,6696,69158.1,25107.8,-45.1,30.5948
7210.88,7261,65083.6,2921.76,2957,64755,22916.2,-18.86,30.6
10272.6,9540,70568.9,7620.48,7172,69634.1,28679.8,42.64,30.6032
8369.92,7676,71460.5,6457.68,6012,70394.3,11065,65.6,30.6095
15943,15025,69540.3,11081.5,10529,68975.1,15842.2,11.48,30.6138
20617,17070,79153.7,14530.3,13066,72880.7,63216.7,141.86,30.6148
12683.5,12583,66059.5,7897.68,7827,66127.8,11895.8,-0.82,30.6169
14452.5,13754,68864.2,5315.76,5178,67279.6,14490,-10.66,30.618
12895.4,12633,66897,6924.24,6969,65115.1,17118,77.08,30.6211
15526.4,15228,66820.2,6540.48,6396,67016.4,13263.1,58.22,30.6211
14163.2,13472,68898.4,4885.92,4708,68012.7,15523.2,48.38,30.6222
14811.5,14628,66358.2,6710.4,6788,64786.8,27318.2,62.32,30.6233
14013.4,13664,67212,5500.8,5472,65880.9,20345,77.9,30.6233
16186.9,12793,82922.2,15287,12665,79104,28551.6,-18.86,30.6254
5404.16,5467,64782.7,2607.84,2719,62856.7,5387.04,-66.42,30.6285
12663.7,12549,66134.9,5684.4,5825,63954.1,12576.2,8.2,30.6296
6254.08,5981,68528.2,2446.56,2505,64007.1,7795.44,41,30.6327
8092.8,8001,66287.9,3359.52,3525,62459.4,26266.3,53.3,30.6327
14174.7,13536,68628.4,6591.6,6432,67162.2,21897.4,22.96,30.6359
15404.2,14952,67517.9,7571.52,7308,67899.2,8077.68,53.3,30.638
8442.24,8405,65826.4,3854.16,3873,65217.2,11697.1,-16.4,30.638
10057,9989,65981.9,3466.08,3473,65405.4,23609.5,-29.52,30.6401
8727.68,8736,65473.6,2241.36,2288,64200.1,8638.56,10.66,30.6412
9832.32,9504,67800,4866.48,4820,66168,6133.68,-13.94,30.6422
12180.5,11541,69167.3,8028,7777,67651.2,7329.6,15.58,30.6444
9400.32,9424,65371.3,12229.2,8272,96887.4,18812.2,157.44,30.6444
14414.7,14027,67347.5,10314.7,10207,66227.6,14709.6,33.62,30.6454
11491.2,11624,64787.3,5644.08,5788,63906.4,9675.36,34.44,30.6475
14021.1,13736,66896.3,5803.92,5564,68361.9,34791.1,33.62,30.6496
13840,13764,65897.9,6731.28,6596,66880.1,29209,-13.12,30.6507
11335.7,11017,67431.7,7392.96,7177,67508,36757.4,-3.28,30.6549
8881.92,8751,66516.5,3849.84,3807,66273.5,15180.5,80.36,30.656
10492.2,9301,73929.1,9704.16,8629,73701.7,13753.4,49.2,30.6581
9254.4,9577,63328.4,2898.72,3097,61340.2,5672.16,-56.58,30.6612
12967,12292,69135,9149.04,8224,72907.5,8686.8,50.84,30.6634
9642.88,8684,72772.4,6601.68,6252,69201.5,24695.3,102.5,30.6634
8065.92,8568,61695.6,2082.96,2236,61050.5,9187.2,-6.56,30.6665
9766.4,9048,70739.5,10445,9516,71934.2,11522.9,65.6,30.6718
10215.7,9724,68849.7,4463.28,4184,69910.5,34632.7,105.78,30.6718
10405.8,9852,69219.6,7913.52,7484,69297.2,10897.9,22.14,30.6729
8563.2,9189,61072.8,3245.04,3381,62900.6,6726.96,-52.48,30.6739
12644.5,12925,64113.6,4566.24,4569,65496.4,15590.2,108.24,30.675
10435.8,10288,66477.8,3905.28,3892,65759.6,5589.36,63.14,30.676
10309.1,10208,66185.2,4402.8,4420,65281,10561.7,36.9,30.6771
11813.1,11817,65514.5,4266,4269,65489.9,9064.08,50.02,30.6792
13503.4,12809,69088.6,9762.48,9149,69930.5,24789.6,-35.26,30.6813
11132.8,10602,68817.1,8544.24,8090,69215.7,10234.8,-72.16,30.6834
17199.4,16065,70163.5,10103.8,9925,66716.4,6960.96,51.66,30.6834
9266.56,9449,64270.6,3319.92,3453,63010.2,6199.92,23.78,30.6866
18400,17204,70092,8068.32,7828,67548,14269,136.12,30.6866
9434.88,8852,69851.4,8802,8448,68282.2,5397.12,-22.96,30.6897
14230.4,13712,68013.7,7638.48,7556,66251.4,12281.8,-45.1,30.6908
11404.2,10796,69227.8,7706.88,7340,68811.7,32482.8,-13.94,30.694
17137.3,16040,70019.2,10704.2,10140,69182.8,17872.6,35.26,30.6961
6915.84,7044,64343.6,3586.32,2976,78976.2,7919.28,-45.92,30.6961
13971.2,13812,66291.4,7550.64,7696,64298.2,7475.04,86.92,30.6971
8575.36,7965,70558,7042.32,6537,70602,10545.1,-20.5,30.6982
10544.6,9515,72627.8,7657.92,7291,68834.1,16833.6,95.12,30.6992
7050.24,7168,64459.3,2880,2900,65084,11527.2,80.36,30.7003
10417.9,9113,74920.3,7884.72,7513,68778.5,37864.1,-39.36,30.7003
11668.5,11445,66815.7,5715.36,5681,65932.4,18311,2.46,30.7003
10943.4,11025,65050.7,6071.76,6213,64046.2,17328.2,25.42,30.7024
11036.2,10444,69251.8,7192.08,7052,66837.8,14877.4,2.46,30.7024
5998.08,6132,64104.7,2139.12,2228,62921.6,6768,62.32,30.7108
12865.9,12852,65607,6726.96,6692,65878.4,12723.8,34.44,30.7108
12343,11809,68499.8,9072.72,8657,68683.1,27183.6,143.5,30.713
6104.32,6429,62226.3,2832.48,2889,64253.9,6183.36,34.44,30.7151
12277.8,12737,63173.1,4670.64,4917,62252.4,21710.9,109.06,30.7172
6966.4,7433,61422,2254.32,2413,61226.3,15543.4,67.24,30.7172
11166.7,10479,69837,9650.88,9071,69725.5,25830.7,23.78,30.7214
15966.7,15357,68138,8442.72,8221,67303.5,9719.28,21.32,30.7225
17395.8,15724,72504.1,12214.8,11176,71627.5,34735.7,192.7,30.7225
7252.48,7537,63062,6064.56,5073,78345.6,16025.8,3.28,30.7309
10931.2,11116,64446.5,3995.28,4076,64238.1,11530.8,11.48,30.7319
11433.6,11313,66234.6,5328.72,5333,65483.4,5166.72,-12.3,30.7393
14121.6,13729,67410.1,7999.2,7697,68109.1,4942.8,13.94,30.7425
11350.4,11117,66911.9,6379.2,6237,67030.2,9732.24,48.38,30.7436
6371.2,6599,63273.7,2673.36,2791,62773.7,25452.7,-27.88,30.7457
9123.84,9205,64958.2,6422.4,6257,67268.4,19091.5,65.6,30.7478
10841,10668,66598.5,10345.7,10076,67290,11301.8,95.12,30.7488
9379.2,8608,71407.4,4318.56,3476,81421.5,9560.16,54.94,30.7488
5050.24,5172,63993.1,2252.16,2228,66246.7,29545.9,-18.86,30.7499
14844.2,14044,69269.9,7548.48,7100,69675.7,22953.6,49.2,30.752
10214.4,10017,66827.5,4014,4065,64713.8,32913.4,29.52,30.7541
11277.4,11416,64740.6,6330.96,6552,63325.1,5693.76,-16.4,30.7541
7766.4,7819,65095.1,3053.52,3179,62949.2,5245.2,3.28,30.7541
10199,10152,65839.7,4618.8,4552,66497.7,11656.1,86.1,30.7562
12736,11657,71602.2,6819.84,6221,71844.6,12178.8,123.82,30.7562
9313.92,9368,65157.7,4876.56,4908,65116.2,7912.8,18.86,30.7573
12544.6,11465,71707.4,10821.6,10141,69934.4,16441.9,-48.38,30.7573
9569.28,9776,64150.2,3349.44,3520,62360.5,9617.04,-27.88,30.7573
9964.16,9616,67908.8,3687.12,3668,65877.6,26444.9,17.22,30.7604
11475.8,10684,70393.2,6413.76,6072,69224.7,6023.52,66.42,30.7615
10775,10253,68872.8,9023.76,8765,67470.8,23972.4,-29.52,30.7615
11210.9,10650,68987.4,6724.8,6554,67243.9,22609.4,-96.76,30.7657
17911,17420,67383.3,5607.36,5640,65156.7,9840.96,-10.66,30.7668
12696.3,11604,71705.1,10583.3,9732,71268.6,12689.3,4.1,30.7668
11948.8,10948,71526.9,7422.48,7280,66818.6,23089.7,35.26,30.7678
4944,5157,62829.2,7428.24,6177,78811.3,34038,3343.14,30.7678
14531.8,13945,68293.9,10147.7,9929,66979.4,24728.4,39.36,30.7689
22944.6,15314,98191.2,19913,15074,86574.3,94571.3,92.66,30.7699
6412.16,6316,66533.8,2818.8,2860,64591.9,19155.6,-14.76,30.771
9381.12,8765,70142.7,7289.28,7005,68195.6,18038.9,36.9,30.772
9073.92,8498,69977.5,6369.84,6166,67702.5,14621,38.54,30.7731
12841.6,12547,67074.8,4760.64,4871,64051.2,10279.4,99.22,30.7752
7463.04,6988,69991.1,3412.08,3400,65768.9,13940.6,74.62,30.7794
11576.3,10720,70771,6610.32,6276,69027.1,9660.96,-31.98,30.7794
6590.08,6152,70202.8,2445.84,2552,62809.8,13891.7,-16.4,30.7805
9368.96,8232,74587.5,9424.8,8876,69588.1,5573.52,15.58,30.7837
15193.6,14056,70840,11837.5,11240,69019.9,24580.1,113.16,30.7868
21673,20111,70626,16030.1,14971,70172.2,29408.4,76.26,30.7879
6204.16,6047,67239.3,2592,2667,63693,18864.7,-62.32,30.7921
10357.8,10331,65705.8,4704.48,4895,62985.3,11522.9,7.38,30.7953
8235.52,8118,66484.7,3496.32,3570,64183.4,6150.96,6.56,30.7974
10026.9,9340,70355.6,6675.84,6124,71441.5,21734.6,129.56,30.8079
6926.08,6761,67136.2,3047.04,2889,69121.1,11315.5,-36.9,30.81
15671.7,15105,67994.6,7617.6,7541,66201.7,22006.1,59.86,30.8122
12145.9,11725,67888.7,4642.56,4573,66532.9,6652.8,42.64,30.8132
11480.3,11017,68292.1,4772.16,4745,65911.1,23999.8,-40.18,30.8174
35579.5,28092,83003.7,17241.8,14460,78143.9,77061.6,54.12,30.8195
7473.92,7738,63299.4,3243.6,3370,63077.9,27857.5,-8.2,30.8269
10128,10491,63268.4,4812.48,5035,62639.7,15446.2,-50.02,30.829
5310.08,5608,62054.5,2580.48,2712,62357.8,16058.2,105.78,30.829
19776,15417,84065.6,15036.5,12573,78376.7,28834.6,167.28,30.8322
13159.7,12717,67817.3,6197.76,6073,66882.3,12049.9,-12.3,30.8322
14105,13873,66631.8,8069.04,7013,75404.6,8542.08,79.54,30.8333
11822.7,11788,65729,4940.64,4972,65122.6,42699.6,77.08,30.8343
9808,8864,72515.5,7577.28,7204,68931.8,21633.8,121.36,30.8385
15771.5,15392,67151.9,5136.48,5168,65136.3,13867.9,-47.56,30.8449
6917.12,6968,65057.5,3469.68,3624,62745.3,16474.3,16.4,30.847
16270.7,15296,69712.2,6539.76,6512,65815.4,39052.8,-25.42,30.8491
14152.3,13992,66286.9,5855.76,5964,64346.6,19943.3,-51.66,30.8523
11116.2,10888,66909.3,9882,9676,66931.3,12839,51.66,30.8554
9678.08,9163,69220,4533.12,4443,66865.3,9636.48,37.72,30.8596
11024,10076,71702,8527.68,8076,69201.4,16516.1,-9.84,30.8607
17592.3,17300,66643.4,6782.4,6720,66144.6,18157.7,-96.76,30.8607
6005.76,5864,67120.3,2603.52,2600,65624.7,11635.9,31.16,30.8628
11441.3,11418,65669.6,6083.28,6142,64909.5,26280.7,36.08,30.8639
5880.96,6000,64235.8,2942.64,3060,63022.5,7897.68,-27.06,30.8649
12741.1,11781,70877,8803.44,8517,67740.1,22633.9,89.38,30.866
9095.68,8023,74298.2,163603,147047,72914.9,6397.2,2783.08,30.8681
12567,12000,68632.8,4809.6,4660,67639.9,34827.1,-0.82,30.8744
5987.2,5972,65702.8,2607.84,2644,64639.7,9809.28,7.38,30.8744
11372.2,10632,70098.4,7658.64,7228,69440.6,35458.6,91.84,30.8776
10820.5,10515,67439.9,6272.64,6131,67050,11347.2,-2.46,30.8818
11000.3,11185,64453.9,4764.24,4961,62936.8,5206.32,-58.22,30.8829
10385.9,10173,66907.7,6103.44,5849,68386.9,9956.88,14.76,30.8839
11388.2,10744,69465.2,5654.16,5512,67226.2,12446.6,23.78,30.885
7271.68,7253,65704.8,3151.44,3217,64200.4,26254.8,8.2,30.886
17559,17548,65577.2,7406.64,7628,63634.2,15120,31.16,30.8902
7130.24,6913,67595.5,2687.76,2725,64640.4,23549.8,104.14,30.8955
9545.6,9572,65355.3,4919.04,4880,66060.3,19569.6,79.54,30.8987
8796.8,8881,64914.7,3034.8,3137,63400.9,22539.6,42.64,30.8997
9181.44,8380,71803.7,8402.4,8028,68592.4,22583.5,123,30.9019
10060.8,9736,67722.3,6017.76,5848,67438.4,23662.8,-18.86,30.904
9084.16,8845,67308,4623.12,4185,72396.8,11818.1,84.46,30.905
17892.5,14309,81948.5,8086.32,6437,82328,14692.3,144.32,30.9082
7690.24,7539,66850.7,2839.68,2871,64821.1,9337.68,-46.74,30.9082
9384.32,8304,74062,8060.4,7088,74526.9,8863.92,68.06,30.9103
10136.3,9893,67147.9,7810.56,7413,69050.7,6567.12,12.3,30.9177
9162.88,9001,66714.6,3684.24,3725,64818.9,7420.32,8060.6,30.9198
9704.32,8972,70885.2,9825.84,9420,68359.5,11107.4,24.6,30.9219
7724.16,7988,63371.4,2506.32,2624,62596.9,7094.88,-29.52,30.9272
8950.4,8804,66625.8,2689.2,2740,64321,11965.7,-10.66,30.9282
9210.24,9327,64715.6,3486.96,3643,62728.9,6289.2,-35.26,30.9293
12560,12017,68497.3,4638.24,4517,67295,39655.4,-11.48,30.9303
13205.8,12265,70562.8,9337.68,8733,70073.8,22718.2,4.92,30.9314
6434.56,6401,65879.6,2351.52,2433,63341.2,5682.24,27.06,30.9325
11296.6,10921,67790.2,6192.72,6061,66960.3,17981.3,4.1,30.9325
15231.4,14159,70499.5,8391.6,8047,68342.5,29750.4,93.48,30.9325
11700.5,11361,67494.3,6329.52,6177,67154.2,23207,-30.34,30.9388
6093.44,6157,64859.5,2587.68,2601,65200.4,12199.7,31.16,30.9398
6245.12,6610,61918.3,2921.76,3026,63278.4,26526.2,6.56,30.9409
8624.64,7893,71610.8,8099.28,7621,69648.9,21570.5,22.96,30.9409
12269.4,12314,65298.8,7269.12,7054,67534.6,9262.08,-17.22,30.943
11878.4,11588,67178.4,6732,6576,67090.7,23314.3,-50.02,30.9493
10274.6,10164,66248.9,4797.36,4628,67934.3,23784.5,-13.12,30.9525
17349.1,16360,69498.3,11507,10799,69832.9,29163.6,-5.74,30.9546
11905.3,11728,66526.6,6664.32,6580,66375.8,8437.68,-36.9,30.9557
7435.52,7701,63276.8,4328.64,4453,63705.8,7400.88,-71.34,30.9567
13080.3,13332,64298.8,4919.76,5092,63319.2,7605.36,38.54,30.9578
12031.4,11932,66081.7,5083.92,5016,66423.4,18527,36.08,30.9631
9079.04,8436,70531.5,6146.64,5764,69886.6,34708.3,41.82,30.9673
8853.76,8920,65049.3,4180.32,4092,66950.5,12732.5,-29.52,30.9673
14708.5,12791,75360.4,11463.1,10515,71445.3,18445,55.76,30.9704
9685.12,9680,65570.7,5595.84,5632,65115.2,38460.2,-13.94,30.9726
52366.7,32208,106554,40382.6,26932,98266.6,49317.1,200.9,30.9778
24546.6,13245,121456,13768.6,8029,112385,25438.3,97.58,30.9842
10791,10904,64857.1,4020.48,4156,63399,11789.3,125.46,30.9842
8433.28,8240,67073.2,4028.4,3924,67279.6,17635,41.82,30.9852
6135.68,6009,66917.6,2169.36,2205,64476.7,7123.68,20.5,30.9852
9801.6,9432,68104.1,4330.8,4156,68292.4,9401.04,2.46,30.9873
10187.5,10197,65475.1,5313.6,5201,66954.8,23235.1,36.08,30.9884
16195.8,15220,69737.9,8076.24,7780,68031.4,6804,59.04,30.9916
10729.6,10120,69483.7,8896.32,8408,69342.2,9404.64,22.96,30.9989
9469.44,9652,64296.4,2765.52,2832,63997.6,18777.6,-33.62,31.0021
12283.5,12036,66883.7,4324.32,4148,68321.8,14690.2,-40.18,31.0042
10030.7,8799,74710,6104.88,5663,70649.7,30463.2,7.38,31.0063
11252.5,11225,65696.4,4345.2,4285,66456.7,45436.3,80.36,31.0074
17290.9,16064,70541.3,15086.2,14036,70439.3,25900.6,24.6,31.0106
12275.2,12121,66369.7,9477.36,9149,67888.1,8141.76,92.66,31.0137
6213.12,6841,59521,3614.4,3705,63933.4,6980.4,54.12,31.0137
13078.4,12348,69412.5,10617.1,10424,66750.2,19592.6,0.82,31.019
6451.84,6813,62061.9,2296.08,2333,64498.9,6869.52,2.46,31.0201
9513.6,9976,62498.3,3530.16,3676,62936,8023.68,74.62,31.0222
12455,12812,63710.1,6579.36,6780,63596.6,5400,63.96,31.0264
5477.12,5577,64362.3,2783.52,2445,74609.7,5181.84,114.8,31.0295
18218.9,17799,67082,11520.7,11267,67011.8,10953.4,68.88,31.0317
13881,13892,65483.9,5323.68,5332,65433.7,26125.9,-114.8,31.0317
12470.4,12084,67631.6,6361.92,5268,79144.8,7892.64,227.14,31.0317
15592.3,14497,70487.6,10110.2,9377,70660.6,26056.1,27.88,31.0338
12803.2,12537,66927.5,9833.04,9225,69855.6,15556.3,4.1,31.0359
9112.96,9639,61959.4,3030.48,3187,62317.4,10399,2.46,31.0359
10446.1,10849,63102.1,4590.72,4789,62822.6,21494.2,56.58,31.0412
8904.32,9048,64495.3,3594.96,2664,88438.2,23739.1,26.24,31.0443
7935.36,7884,65962.9,6096.24,5324,75041.9,10643,216.48,31.0443
15459.2,14264,71027.3,14891,13340,73155.9,39543.1,140.22,31.0464
5795.84,5949,63848.7,3049.92,3117,64125.6,25693.9,-16.4,31.0496
12559.4,12468,66016.2,4308.48,4320,65361.2,8330.4,40.18,31.0496
6368.64,6395,65265.9,2635.2,2763,62504.7,43630.6,10.66,31.0496
13086.7,12461,68826.8,11908.8,11389,68527.1,20996.6,106.6,31.0517
17735.7,17059,68135.6,8236.08,7955,67851.6,54670.3,-31.16,31.0517
8633.6,8679,65193.2,4200.48,4215,65310.2,27002.9,54.12,31.0549
5973.76,6226,62880.9,2424.96,2502,63518.1,6022.08,9.02,31.058
8611.84,8765,64390.8,2985.12,3033,64501.4,16864.6,4.92,31.058
8378.88,8353,65739,3140.64,3141,65528.5,18640.8,-14.76,31.0612
12990.1,12968,65647.6,5056.56,5020,66013.3,20613.6,-98.4,31.0623
12554.9,12733,64619.2,4373.28,4525,63338.6,20243.5,12.3,31.0633
6229.76,6488,62927.5,2691.36,2748,64185.2,6127.2,-52.48,31.0633
13646.7,13465,66420.5,6751.44,6809,64982,7201.44,52.48,31.0654
10591.4,9708,71499.3,7638.48,6968,71842.1,13117.7,3.28,31.0665
7610.24,7717,64629.3,3635.28,3569,66753.1,17320.3,73.8,31.0665
8800,8264,69786.6,8011.44,7736,67869.4,23461.9,25.42,31.0675
10449.3,9941,68886.8,6041.52,5889,67233.3,42162.5,19.68,31.0686
5639.68,5906,62580.8,2103.12,2261,60959.8,7512.48,-10.66,31.0718
11975,11828,66350.7,4401.36,4372,65976.1,9318.96,-52.48,31.0728
10081.9,10441,63282.1,3735.36,3917,62496.9,15968.2,45.1,31.077
8583.04,8619,65262.6,5746.32,5711,65941.3,21225.6,-30.34,31.0802
9957.76,9885,66018.4,6878.16,6537,68956.3,7467.84,71.34,31.0823
9440,9487,65211.3,3924,3867,66502,8413.2,-9.02,31.0844
9880.96,9920,65278.1,5845.68,5792,66143.4,16933,13.94,31.0908
9977.6,9993,65435,7178.4,7181,65512.3,7392.24,76.26,31.0929
11782.4,12208,63251.3,3528.72,3600,64238.4,13562.6,-25.42,31.096
6359.04,6436,64752.3,2884.32,2868,65908.9,17395.2,-9.02,31.096
9368.32,9468,64846,5062.32,5144,64495.4,10524.2,-20.5,31.0981
17894.4,11505,101932,8176.32,4181,128162,31377.6,109.06,31.0992
14547.2,14881,64065.9,8105.04,8277,64174.5,37468.1,-20.5,31.0992
6032,6264,63108.7,2769.84,2792,65015.9,16376.4,-7.38,31.1055
16527.4,13997,77383.5,15901.9,14925,69825.7,118120,93.48,31.1066
10752,10444,67468.7,4804.56,4732,66540.9,29389,0.82,31.1076
10040.3,9546,68929.6,7478.64,6922,70806.1,36696.2,6.56,31.1129
13631.4,11865,75292.4,7233.12,6569,72161.6,27439.9,20.5,31.1129
9194.88,9581,62894.9,3413.52,3549,63034.2,9992.88,-25.42,31.1161
5901.44,6054,63884.5,2378.16,2358,66096.3,13381.9,89.38,31.1182
7411.2,7922,61310.3,2416.32,2562,61809.5,14872.3,91.84,31.1193
10126.7,10268,64634.3,3890.88,3276,77836.6,22362.5,68.88,31.1214
8639.36,8941,63325,5095.44,5197,64255.3,17681.8,106.6,31.1245
8833.92,8916,64932.7,3337.92,3376,64796.8,10532.2,6.56,31.1287
9186.56,8633,69738.3,6549.12,6217,69037,14602.3,45.92,31.133
10585,9845,70461.8,8730.72,8385,68238.1,19012.3,148.42,31.1361
12341.8,11760,68778,7051.68,6852,67445.9,20633.8,28.7,31.1372
11443.8,11299,66376.1,4975.92,5219,62483.6,15202.8,-13.12,31.1425
29319,21504,89353.3,24816.2,19748,82355.5,49522.3,127.1,31.1446
6183.04,6016,67355.7,2504.88,2544,64528.2,6483.6,-49.2,31.1456
17916.8,15997,73401,10274.4,9677,69581.8,55054.1,36.9,31.1499
11566.7,10890,69608.5,8450.64,8142,68020.3,29088,47.56,31.1499
10326.4,9588,70583.1,9172.8,8720,68939.1,17239,4.1,31.1499
14013.4,12817,71653.6,9306.72,8901,68523.2,8473.68,-41.82,31.152
7482.24,7375,66489,2580.48,2619,64572.1,8093.52,31.16,31.1551
15110.4,14716,67292.4,8485.2,8572,64872.4,15127.9,-14.76,31.1551
15100.8,13904,71177.1,11785.7,10752,71836.5,6876,88.56,31.1572
15139.2,14276,69498.6,6034.32,5428,72856.5,33863,-6.56,31.1604
11988.5,11460,68558.2,4363.92,4212,67899.8,26577.4,44.28,31.1604
16474.2,13701,78801.2,13207,11841,73096.1,44561.5,-22.96,31.1615
12027.5,10780,73120.2,8953.92,8552,68616,15334.6,-37.72,31.1636
9403.52,8773,70246.1,6529.68,6277,68174.1,7079.76,-13.12,31.1646
6640.64,6316,68904.5,2504.16,2460,66712.5,14688.7,42.64,31.1657
11177.6,10709,68403.7,5729.76,5473,68610.6,29040.5,109.06,31.1657
10138.9,10085,65886.1,3780.72,3909,63385.3,22602.2,56.58,31.1667
12139.5,11657,68248.7,8449.92,8441,65605.3,9697.68,36.9,31.1678
11902.7,11165,69866.2,6228.72,6121,66689.3,16250.4,123.82,31.1678
17193.6,16846,66888.3,6392.88,6586,63614.3,24220.8,22.96,31.1688
11431.7,10549,71019.7,7623.36,7285,68579.9,18632.2,39.36,31.1699
19950.7,18753,69721.7,9975.6,9793,66758,29845.4,59.86,31.1731
7018.24,6580,69900.8,2492.64,2500,65343.1,31513.7,-24.6,31.1752
9347.84,8684,70545.8,3007.44,3036,64919.5,8444.16,-31.98,31.1794
13753.6,12526,71958.8,9124.56,8350,71615.2,19465.9,21.32,31.1805
8947.84,8233,71226.2,5723.28,5673,66116.9,17146.1,46.74,31.1805
6396.8,6056,69224,2759.04,2712,66672.7,10085,-22.14,31.1847
13733.8,12805,70289.4,5747.04,5637,66815.3,20339.3,12.3,31.1857
9768.96,9025,70938.4,5361.12,5073,69258.1,9667.44,68.88,31.1857
14713.6,13737,70195.1,7748.64,7449,68172.2,24749.3,-14.76,31.1868
19754.9,16817,76984.9,15837.8,14117,73524.7,41844.2,130.38,31.1878
6814.72,6529,68404,2554.56,2609,64168.5,17385.1,0.82,31.1878
6463.36,6356,66643,2917.44,2240,85356,29821,69.7,31.1889
16601.6,13276,81952.6,16821.4,14024,78608.4,35580.2,108.24,31.1889
10360.3,9913,68493.3,7215.84,6973,67818.3,10698.5,-27.88,31.191
6793.6,6652,66931.1,3324.24,3372,64607.8,6602.4,77.9,31.191
12089,11833,66953.6,3211.2,3257,64614.4,12952.1,32.8,31.191
9061.12,8753,67843,4721.04,4497,68801,16692.5,46.74,31.1921
9687.68,9244,68681.5,4731.84,4652,66660.8,10435.7,20.5,31.1931
27833,21536,84698.2,24619,21488,75085.1,35830.8,86.1,31.1942
10842.9,10193,69714.4,4878,4661,68587.1,20608.6,101.68,31.1952
9198.08,8749,68899.9,3669.84,3689,65195.6,23427.4,77.08,31.1952
5786.24,5750,65949,2500.56,2598,63078,9566.64,67.24,31.1952
10218.9,8561,78227.4,6930,6385,71129.9,21336.5,13.94,31.1963
11088.6,10616,68453.8,5860.8,5688,67527,8639.28,-85.28,31.2005
21521.9,16303,86515.4,19507,16219,78821.6,10545.8,262.4,31.2026
11604.5,11192,67951.3,6361.92,6184,67421.5,10066.3,72.16,31.2058
8218.88,8180,65847.5,3230.64,3348,63238.7,11545.2,42.64,31.209
9616.64,9241,68200,4245.84,4189,66425.3,6580.8,6.56,31.2132
28164.5,23545,78394,15636.2,14237,71977,31508.6,114.8,31.2132
9724.16,8456,75364.5,6418.8,5932,70914.1,15870.2,60.68,31.2153
13420.2,13271,66272.6,1934.64,2051,61817.9,21091.7,144.32,31.2174
11483.5,10990,68479,3948.48,3918,66045.8,9259.92,145.14,31.2185
10933.1,10509,68180.9,6491.52,6301,67517.6,18867.6,30.34,31.2206
12746.2,12558,66518.4,4976.64,5034,64789.3,6392.16,-64.78,31.2206
15347.2,13664,73609,8977.68,7968,73840.5,17556.5,75.44,31.2206
9546.24,8517,73455.7,9150.48,8865,67646.5,42251,122.18,31.2237
5545.6,5511,65947.5,2279.52,2375,62901.3,18373,-39.36,31.2248
15542.4,14269,71384.6,9804.96,8989,71484.9,21793.7,76.26,31.2248
16346.2,15008,71379.7,9937.44,9428,69077.2,35812.8,-79.54,31.2279
10943.4,9553,75074.2,8344.08,7493,72979.8,12512.2,63.14,31.2301
7232.64,6996,67752.8,2705.76,2692,65871,23698.8,-5.74,31.2301
12134.4,12113,65651.8,5503.68,5649,63850.1,21630.2,-20.5,31.2322
11427.8,11012,68010.8,6489.36,6176,68861.2,19505.5,-0.82,31.2332
7372.16,7505,64376,2689.2,2705,65153.2,8413.2,25.42,31.2343
5762.56,5888,64139.8,2379.6,2420,64441.9,6534.72,-18.86,31.2353
11989.8,12188,64470,5356.8,5532,63460.5,23118.5,37.72,31.2364
8890.24,8918,65332,2561.04,2598,64603.7,7105.68,112.34,31.2396
6843.52,6885,65141.2,2636.64,2625,65826.6,15935,-9.02,31.2417
8148.48,8365,63839.7,3389.76,3517,63165,15156.7,56.58,31.2438
16957.4,16771,66264.5,6593.76,6727,64238,12479.8,46.74,31.2448
17816.3,17149,68086.2,6379.92,5881,71095.8,40374.7,-29.52,31.2501
4645.12,5083,59890.3,2710.08,2667,66594.6,24586.6,25.42,31.2533
11353.6,11276,65987,8611.92,8056,70058.4,17282.2,29.52,31.2533
11377.3,12176,61237,7465.68,7568,64649.9,9471.6,0.82,31.2543
9203.84,9455,63795.1,5780.88,5583,67858.8,5168.88,112.34,31.2543
6675.2,7445,58759.7,2552.4,2597,64410.5,10530,63.14,31.2564
5342.72,5804,60327.4,2658.24,2760,63119.7,6559.2,29.52,31.2596
6366.72,6592,63296.3,2579.76,2480,68172.2,5576.4,-22.14,31.2607
17702.4,17250,67254.8,11049.8,10658,67945.4,19419.1,25.42,31.2638
10686.1,11105,63063.8,4004.64,4149,63255.8,7120.8,87.74,31.2638
15315.2,14881,67448.2,7502.4,7445,66041.3,34008.5,158.26,31.2638
9203.84,8881,67918.4,6247.44,6001,68227.3,8067.6,-4.92,31.2649
4862.72,5028,63381.7,3483.36,3456,66054.8,64790.6,262143,31.2691
8004.48,7641,68653.5,3973.68,3833,67941.3,7927.92,58.22,31.2733
5820.16,5771,66094.3,2919.6,3087,61982.2,9910.8,36.9,31.2744
10110.1,9819,67478.8,3870.72,3823,66354,10517,4.1,31.2765
6110.72,5799,69058.8,1951.92,1975,64770.1,10667.5,35.26,31.2786
12364.8,11089,73076,7197.12,6945,67915.1,17407.4,56.58,31.2828
17379.8,15868,71780,10370.2,9484,71659.5,54179.3,103.32,31.2839
8910.72,8368,69786.4,5289.84,5348,64823.3,6418.08,109.88,31.2839
6842.24,6438,69651,3417.12,3538,63296.9,7202.16,-22.96,31.287
14293.8,13345,70195.3,5610.96,5557,66172.4,6264.72,57.4,31.287
9374.72,8718,70472.8,3364.56,3322,66375.6,7320.24,27.88,31.2881
12403.2,10742,75670.8,7014.96,6514,70576.1,50460.5,119.72,31.2881
23127,18952,79973.3,14729,12892,74874.5,21789.4,54.94,31.2892
11849,10856,71530.3,6679.44,6520,67138.6,24557.8,-23.78,31.2892
14042.2,13057,70481.1,7461.36,7013,69725.9,6145.2,-6.56,31.2902
7546.24,6833,72376.8,4590,4321,69615.9,15914.9,-64.78,31.2934
10112.6,9833,67399.8,2501.28,2573,63709.2,5685.12,21.32,31.2944
11488.6,10910,69011.9,24065.3,22922,68804.7,6706.8,1175.06,31.2987
9180.16,8579,70128.3,4574.88,4375,68530.1,15519.6,12.3,31.3008
9026.56,8325,71058.8,3212.64,3249,64802.6,9353.52,0.82,31.3029
8809.6,8276,69761.5,3571.92,3456,67734.2,33097,68.88,31.3039
15898.9,14616,71288.2,8156.88,7848,68115.4,38640.2,27.88,31.305
9461.12,9049,68520.7,4510.8,3177,93050,9339.84,31.98,31.3071
14689.9,13721,70163.9,5518.8,5437,66522,8978.4,-17.22,31.3082
6712.96,6294,69898.4,2770.56,2710,67000.5,5932.8,13.94,31.3103
8616.96,8236,68567.4,3057.12,3064,65388.8,11666.2,0,31.3103
16351.4,15260,70223,13510.1,11320,78215.3,7374.24,64.78,31.3124
8141.44,8008,66628,2345.76,2440,63004.8,6886.8,14.76,31.3124
9486.72,9219,67439.2,2856.96,2947,63533.7,22110.5,3.28,31.3187
14774.4,12420,77959.3,10491.1,9728,70677,65954.2,91.02,31.3187
10281,9324,72262.2,7757.28,7260,70024.9,16581.6,9.02,31.3229
11610.2,10832,70244.5,4448.16,4320,67480.2,9905.04,-42.64,31.3229
12307.2,11777,68486.4,4731.12,4661,66521.9,17715.6,79.54,31.324
6040.96,5909,66999.6,2343.6,2273,67571.6,14661.4,54.12,31.325
9606.4,9224,68252.9,5422.32,5052,70339.9,11663.3,83.64,31.325
9390.08,8259,74511.2,7552.8,6983,70883.6,16105.7,-17.22,31.325
9946.24,8868,73504.4,8402.4,7760,70961.3,14930.6,29.52,31.3261
10274.6,9773,68899.4,6564.24,6297,68317.3,14207,-54.12,31.3261
7870.72,7136,72283.6,4438.8,4116,70675.7,10270.1,-4.1,31.3271
14874.9,14452,67453.6,6699.6,6272,70004,13329.4,155.8,31.3293
9358.72,8827,69483.8,6940.8,6731,67578.7,10797.1,71.34,31.3345
9696.64,9389,67683.4,3764.88,3693,66811.6,10425.6,100.04,31.3345
11203.2,10797,68001.6,4845.6,4797,66200,8561.52,-0.82,31.3356
20497.3,16651,80674.4,13340.2,11851,73771.1,63435.6,105.78,31.3356
11890.6,11629,67010,6680.88,6749,64874.5,23138.6,-91.02,31.3366
10430.7,9408,72660.3,4383.36,4080,70408.8,25262.6,-47.56,31.3377
8375.04,8301,66120.5,2874.24,2873,65564.3,30961.4,-68.06,31.3409
9658.88,9705,65224.6,3617.28,3709,63915.4,14705.3,-15.58,31.3409
11169.3,11318,64674.8,7007.76,7190,63874.9,10811.5,-46.74,31.343
10367.4,10124,67111.3,6346.08,6380,65187.6,14047.9,-37.72,31.344
11104.6,10933,66564.9,7554.24,7409,66820.7,13119.1,3.28,31.3451
12437.1,12489,65263.8,4600.8,4745,63544.4,11260.8,82.82,31.3451
19648.6,15247,84455.5,17031.6,14623,76330.6,10649.5,144.32,31.3461
17481,16708,68567.9,10890,10464,68204,33858.7,30.34,31.3483
19651.2,18145,70976.1,14166,13521,68662.3,6654.24,30.34,31.3514
15592.3,15809,64637.8,8057.52,8261,63921.8,7467.84,120.54,31.3525
9879.68,10320,62739.8,6696.72,6944,63202.2,6745.68,-47.56,31.3535
8407.04,8128,67785.9,6297.84,6068,68018.3,19177.2,63.96,31.3567
14032.6,13356,68856.2,8644.32,8232,68818.5,9056.16,14.76,31.362
22137,20363,71245.3,10579,9723,71305.4,35877.6,20.5,31.3662
8774.4,8548,67271.8,7612.56,7248,68832.3,15060.2,28.7,31.3683
11817.6,11965,64728.6,6199.2,6329,64191.9,8948.16,-30.34,31.3694
9228.16,9041,66892.7,5739.84,5585,67352.9,7848,-55.76,31.3736
18230.4,17624,67790.9,10321.2,9916,68214,6572.88,69.7,31.3746
13897,14117,64514.5,5379.84,5345,65963.2,4954.32,124.64,31.3757
16535,13925,77819.8,14676.5,12657,75992.6,33979.7,86.92,31.3778
12497.3,12437,65853.6,5585.04,5557,65866.7,22606.6,-2.46,31.3778
13111.7,13022,65987.3,4986.72,5082,64307.3,28107.4,25.42,31.3789
12549.1,11501,71508.5,7206.48,6681,70690.6,26106.5,55.76,31.3789
17397.8,16369,69654.8,9450.72,9233,67081.4,6679.44,58.22,31.3789
7157.12,7180,65327.2,3209.76,3272,64289.4,37259.3,-52.48,31.3799
11399,11549,64685,4619.52,4089,74038.9,24742.8,31.98,31.3831
11769,11853,65071.3,4046.4,4221,62825.1,39089.5,38.54,31.3841
10685.4,9928,70536,7242.48,7036,67459.2,38918.9,54.94,31.3852
13597.4,12853,69331.8,6682.32,6629,66063.1,22466.9,22.96,31.3862
11823.4,12113,63968.9,6281.28,6497,63360,50270.4,-18.04,31.3873
8810.24,9049,63806.8,2805.12,2969,61918.6,17030.9,49.2,31.3884
7502.08,7734,63570.8,3306.96,3462,62601.1,8460,-21.32,31.3894
9797.12,9479,67735.4,3881.52,3895,65309.2,28611.4,-4.92,31.3926
11490.6,10120,74411.6,8016.48,7324,71732.4,8298,25.42,31.3936
13405.4,13409,65518.6,4696.56,4837,63633.2,22360.3,53.3,31.3936
10469.8,10028,68423,4037.76,3992,66287.2,39501.4,0.82,31.3989
5620.48,5692,64712.5,2764.08,2924,61951.7,7795.44,19.68,31.4
7234.56,7177,66061.6,2064.96,1833,73829.4,7043.04,88.56,31.4021
8232.96,8197,65823.5,3233.52,3285,64509,8444.88,41.82,31.4021
20145.9,17754,74365.4,16118.6,14686,71929.1,27822.2,69.7,31.4031
12441,12285,66368,6048,5933,66806.3,13893.8,19.68,31.4031
8483.84,8776,63354.3,2430,2316,68761.9,19032.5,77.08,31.4084
9632,9788,64491.5,3961.44,4220,61520.6,15438.2,76.26,31.4137
9387.52,9041,68047.8,3844.08,3861,65248.8,6174.72,48.38,31.4147
7513.6,7080,69549.6,2055.6,2140,62951.3,12479,43.46,31.4158
14946.6,14372,68156,7184.88,7104,66282.1,7398.72,177.94,31.4179
22624.6,19128,77516.1,15757.9,14104,73221.1,40854.2,82.82,31.4242
15527,14541,69980.1,8125.2,8057,66090.7,60480.7,27.06,31.4263
16592.6,15824,68719.4,8295.12,7840,69340.4,14173.2,31.98,31.4274
6186.88,5816,69715.2,7873.92,4888,105570,14502.2,410.82,31.4285
15280,15081,66400.8,6426,6253,67349.2,9862.56,99.22,31.4295
6052.48,6173,64256.5,2315.52,2381,63733.7,5239.44,-41,31.4348
13803.5,13500,67009.4,7165.44,7100,66140,13841.3,40.18,31.4348
8780.16,8416,68371.7,6609.6,6320,68539,8662.32,62.32,31.4348
30951,19684,103049,15894,11792,88333.6,57713.8,154.16,31.4348
7020.16,6769,67967.7,3833.28,3829,65609.3,19152.7,-56.58,31.4401
7329.92,6884,69781.2,5688,5456,68322.7,7752.96,-5.74,31.4443
11413.8,11882,62953.4,4538.88,4714,63101.4,6634.08,62.32,31.4453
16430.1,15642,68837.9,10776.2,10462,67504.5,9433.44,26.24,31.4453
13871.4,13473,67473.7,6368.4,6177,67566.7,7274.88,38.54,31.4485
16938.9,14308,77586.4,9257.76,7972,76105.9,55099.4,9.02,31.4485
19185.3,17788,70684,11017.4,10264,70346.7,31505,5.74,31.4496
12095.4,11765,67376.2,4687.2,4625,66417.4,7364.16,13.94,31.4496
8467.84,8928,62158.2,3589.92,3780,62240.5,5560.56,-50.02,31.4538
10038.4,10136,64904.9,5001.84,5016,65351,8295.84,-27.06,31.4538
13128.3,13084,65758,5464.8,5496,65164,15148.8,29.52,31.457
7312,7765,61712.7,2716.56,2709,65718.9,11772,87.74,31.4612
14399.4,11985,78738.1,18540.7,14997,81021.9,30199,209.92,31.4633
5676.8,6017,61830.6,1437.84,1473,63971.7,15019.9,11.48,31.4643
13571.8,12669,70206.3,10723,10397,67590.6,26564.4,-9.84,31.4675
14437.1,14533,65103.6,7608.96,7681,64921.3,15564.2,-3.28,31.4686
15875.8,16297,63842.4,34508.2,31913,70865.4,15231.6,2866.72,31.4717
12398.7,12407,65492.3,6009.84,5271,74722.2,38795,163.18,31.4728
10474.2,10252,66956.7,8503.92,8140,68466,19638.7,34.44,31.476
12528,12056,68101.8,7999.2,7576,69196.9,32215.7,6.56,31.477
17603.8,16940,68104.2,6326.64,6040,68646.1,24518.2,-26.24,31.4812
10213.8,9969,67145,8580.24,8193,68633.5,7458.48,-7.38,31.4897
9041.28,8784,67455.5,6814.08,6516,68534,17803.4,-56.58,31.4918
9739.52,9592,66543.9,4856.4,4092,77778.4,14019.8,43.46,31.4949
11543.7,11166,67752.7,6749.28,6494,68112.2,30096.7,31.16,31.4971
12818.6,12037,69791.2,9705.6,9061,70198.2,12901,72.98,31.4992
12099.8,10425,76064.8,8148.96,7453,71655.8,25736.4,-14.76,31.5002
7650.56,7792,64346.4,3349.44,3408,64409.9,16886.9,31.98,31.5013
9920.64,9341,69602.7,4609.44,4461,67716.7,8097.12,104.14,31.5034
9805.44,9090,70694.1,5307.12,5126,67851.6,41379.1,36.9,31.5108
13824,13052,69412.3,5458.32,5308,67391.9,6415.2,-45.92,31.5118
11884.8,10785,72219,8190,7957,67455.1,15852.2,46.74,31.5139
12015.4,11932,65993.9,6048.72,5996,66112.2,7637.76,45.1,31.515
17180.8,16805,67001.5,6700.32,6821,64376.5,6240.96,95.94,31.5161
10142.1,9896,67165.7,3281.76,3260,65973.4,9574.56,-6.56,31.5182
16545.9,16125,67246.7,9604.8,8153,77206,10572.5,115.62,31.5203
13103.4,12669,67782.9,6565.68,6253,68813.1,20828.2,11.48,31.5234
10443.5,10492,65233.2,5483.52,5336,67347.8,25204.3,-116.44,31.5266
6924.8,7357,61686,3313.44,3337,65073.3,44605.4,-51.66,31.5287
9000.32,8784,67149.9,6647.76,6352,68587.5,13601.5,27.06,31.534
9502.08,9792,63595.6,3993.12,4064,64393,8992.8,29.52,31.5361
15081.6,14789,66832.6,6023.52,5925,66625.7,22656.2,119.72,31.5393
10202.2,9757,68526.6,6343.92,6089,68279.7,21140.6,139.4,31.5414
13964.2,12423,73666.2,10115.3,9143,72505.2,14266.8,0.82,31.5456
9551.36,8888,70427.3,7606.08,7004,71169.6,37479.6,2.46,31.5477
14820.5,13601,71412,7277.04,6817,69958.7,20941.9,54.12,31.5509
14495.4,14033,67695.3,6282,6161,66823.1,12430.8,2.46,31.5509
17269.8,12706,89075.3,16296.5,13462,79334.9,62282.9,8.2,31.554
14636.8,14325,66962.5,5572.08,5685,64234.3,13033.4,-2.46,31.554
12573.4,12168,67719.7,5376.24,5468,64436.2,48703,229.6,31.5562
9729.92,8457,75400.3,6669.36,6349,68842.8,11914.6,136.12,31.5583
10927.4,10788,66382.6,4819.68,4836,65314.8,12245.8,82,31.5614
10282.2,9181,73396.9,9274.32,8745,69502.8,19772.6,22.96,31.5614
11615.4,11279,67490.4,3962.88,3995,65009.1,16747.2,-76.26,31.5625
7624.96,7232,69097,3065.04,3008,66778.7,7604.64,19.68,31.5625
5210.88,5057,67530.2,2153.52,2133,66166.5,15120,17.22,31.5646
15554.6,14997,67972.5,4794.48,4737,66331.2,12345.1,28.7,31.5657
12709.8,9502,87660.2,13711.7,11402,78811.5,17238.2,15.58,31.5657
10498.6,10498,65539.5,4743.36,4786,64952.1,16008.5,39.36,31.5667
7829.76,7752,66193.4,4068,3660,72841.7,26840.9,100.86,31.5678
11802.2,10733,72064.8,8441.28,7977,69350.4,37032.5,49.2,31.5709
16966.4,15957,69681.6,9548.64,9505,65836.9,6110.64,-54.12,31.573
10484.5,9695,70872.7,5380.56,5339,66046.2,11113.9,13.94,31.5751
13319,12779,68305.5,4836.24,4923,64381,6651.36,2.46,31.5762
